v,223.76039123535156, 5.098454475402832, 0.4275301992893219
v,223.76039123535156, 5.777046203613281, 0.4275302290916443
v,223.76039123535156, 5.777046203613281, 1.138708472251892
v,162.23599243164062, 5.098463535308838, 1.138708472251892
v,177.61676025390625, 5.098459720611572, 1.138708472251892
v,177.61676025390625, 5.777050495147705, 1.138708472251892
v,162.23556518554688, 5.098461627960205, 0.4275301992893219
v,177.61676025390625, 5.098459720611572, 0.4275301992893219
v,177.61676025390625, 5.098459720611572, 1.138708472251892
v,223.7603759765625, -5.098456382751465, 0.4275301992893219
v,223.7603759765625, -5.098456382751465, 1.138708472251892
v,223.7603759765625, -5.777052402496338, 1.138708472251892
v,162.23556518554688, -5.7770490646362305, 0.4275302290916443
v,177.6167755126953, -5.777050971984863, 0.4275302290916443
v,177.6167755126953, -5.777050971984863, 1.138708472251892
v,223.7603759765625, -5.098456382751465, 0.4275301992893219
v,208.37916564941406, -5.098455905914307, 0.4275301992893219
v,208.37916564941406, -5.098455905914307, 1.138708472251892
v,223.76004028320312, -5.0984344482421875, 1.138708472251892
v,208.37916564941406, -5.098455905914307, 1.138708472251892
v,208.37916564941406, -5.777046203613281, 1.138708472251892
v,223.76039123535156, 5.777046203613281, 0.4275302290916443
v,208.37918090820312, 5.777047634124756, 0.4275302290916443
v,208.37918090820312, 5.777047634124756, 1.138708472251892
v,223.84048461914062, 8.642673492431641e-07, 0.4275301992893219
v,223.76039123535156, 5.098454475402832, -0.20261189341545105
v,223.76039123535156, 5.098454475402832, 0.4275301992893219
v,223.7603759765625, -5.098456382751465, 0.4275301992893219
v,223.84048461914062, 8.642673492431641e-07, -0.20261189341545105
v,223.84048461914062, 8.642673492431641e-07, 0.4275301992893219
v,177.6167755126953, -5.777050971984863, -0.20261183381080627
v,162.23556518554688, -5.7770490646362305, -0.20261183381080627
v,162.23556518554688, -5.098458290100098, -0.20261189341545105
v,208.4592742919922, 2.294778823852539e-06, -0.20261189341545105
v,223.7603759765625, -5.098456382751465, -0.20261189341545105
v,208.37916564941406, -5.098455905914307, -0.20261189341545105
v,208.4592742919922, 2.294778823852539e-06, -0.20261189341545105
v,223.76039123535156, 5.098454475402832, -0.20261189341545105
v,223.84048461914062, 8.642673492431641e-07, -0.20261189341545105
v,208.37918090820312, 5.777047634124756, -0.20261183381080627
v,223.76039123535156, 5.777046203613281, -0.20261183381080627
v,223.76039123535156, 5.098454475402832, -0.20261189341545105
v,162.23556518554688, 5.7770562171936035, 0.4275302290916443
v,177.61676025390625, 5.777050495147705, 0.4275302290916443
v,177.61676025390625, 5.777050495147705, -0.20261183381080627
v,223.76039123535156, 5.098454475402832, 0.4275301992893219
v,223.76039123535156, 5.098454475402832, -0.20261189341545105
v,223.76039123535156, 5.777046203613281, -0.20261183381080627
v,223.7603759765625, -5.098456382751465, 0.4275301992893219
v,223.7603759765625, -5.777052402496338, 0.4275302290916443
v,223.7603759765625, -5.777052402496338, -0.20261183381080627
v,223.7603759765625, -5.777052402496338, 0.4275302290916443
v,208.37916564941406, -5.777046203613281, 0.4275302290916443
v,208.37916564941406, -5.777046203613281, -0.20261183381080627
v,177.6167755126953, -5.098459720611572, 0.4275301992893219
v,162.31565856933594, 2.771615982055664e-06, 0.4275301992893219
v,162.23556518554688, -5.098458290100098, 0.4275301992893219
v,177.61676025390625, 5.098459720611572, 0.4275301992893219
v,162.31565856933594, 2.771615982055664e-06, 0.4275301992893219
v,177.6968536376953, 5.155801773071289e-06, 0.4275301992893219
v,208.37918090820312, 5.098456382751465, 0.4275301992893219
v,193.07806396484375, 3.7550926208496094e-06, 0.4275301992893219
v,208.4592742919922, 2.294778823852539e-06, 0.4275301992893219
v,208.37916564941406, -5.098455905914307, 0.4275301992893219
v,193.07806396484375, 3.7550926208496094e-06, 0.4275301992893219
v,192.99795532226562, -5.098453998565674, 0.4275301992893219
v,192.99795532226562, -5.098453998565674, 0.4275301992893219
v,177.6167755126953, -5.098459720611572, 0.4275301992893219
v,177.6167755126953, -5.098459720611572, 1.138708472251892
v,192.99795532226562, -5.098453998565674, 1.138708472251892
v,177.6167755126953, -5.098459720611572, 1.138708472251892
v,177.6167755126953, -5.777050971984863, 1.138708472251892
v,192.9979705810547, 5.098458290100098, 0.4275301992893219
v,208.37918090820312, 5.098456382751465, 0.4275301992893219
v,208.37918090820312, 5.098456382751465, 1.138708472251892
v,192.9979705810547, 5.098458290100098, 1.138708472251892
v,208.37918090820312, 5.098456382751465, 1.138708472251892
v,208.37918090820312, 5.777047634124756, 1.138708472251892
v,192.9979705810547, 5.7770490646362305, 0.4275302290916443
v,177.61676025390625, 5.777050495147705, 0.4275302290916443
v,177.61676025390625, 5.777050495147705, 1.138708472251892
v,192.9979705810547, 5.7770490646362305, 0.4275302290916443
v,208.37918090820312, 5.777047634124756, 0.4275302290916443
v,208.37918090820312, 5.777047634124756, -0.20261183381080627
v,177.61676025390625, 5.777050495147705, -0.20261183381080627
v,192.9979705810547, 5.7770490646362305, -0.20261183381080627
v,192.9979705810547, 5.098458290100098, -0.20261189341545105
v,177.6968536376953, 5.155801773071289e-06, -0.20261189341545105
v,192.9979705810547, 5.098458290100098, -0.20261189341545105
v,193.07806396484375, 3.7550926208496094e-06, -0.20261189341545105
v,177.6968536376953, 5.155801773071289e-06, -0.20261189341545105
v,192.99795532226562, -5.098453998565674, -0.20261189341545105
v,177.6167755126953, -5.098459720611572, -0.20261189341545105
v,192.99795532226562, -5.777044773101807, 0.4275302290916443
v,177.6167755126953, -5.777050971984863, 0.4275302290916443
v,177.6167755126953, -5.777050971984863, -0.20261183381080627
v,208.37916564941406, -5.777046203613281, -0.20261183381080627
v,192.99795532226562, -5.777044773101807, -0.20261183381080627
v,192.99795532226562, -5.098453998565674, -0.20261189341545105
v,192.99795532226562, -5.777044773101807, 0.4275302290916443
v,208.37916564941406, -5.777046203613281, 0.4275302290916443
v,208.37916564941406, -5.777046203613281, 1.138708472251892
v,192.9979705810547, 5.098458290100098, 0.4275301992893219
v,177.6968536376953, 5.155801773071289e-06, 0.4275301992893219
v,193.07806396484375, 3.7550926208496094e-06, 0.4275301992893219
v,192.99795532226562, -5.098453998565674, 0.4275301992893219
v,177.6968536376953, 5.155801773071289e-06, 0.4275301992893219
v,177.6167755126953, -5.098459720611572, 0.4275301992893219
v,223.7603759765625, -5.098456382751465, 0.4275301992893219
v,208.4592742919922, 2.294778823852539e-06, 0.4275301992893219
v,208.37916564941406, -5.098455905914307, 0.4275301992893219
v,223.76039123535156, 5.098454475402832, 0.4275301992893219
v,208.4592742919922, 2.294778823852539e-06, 0.4275301992893219
v,223.84048461914062, 8.642673492431641e-07, 0.4275301992893219
v,177.6167755126953, -5.098459720611572, 1.138708472251892
v,162.23602294921875, -5.098458290100098, 1.138708472251892
v,162.23556518554688, -5.7770490646362305, 1.138708472251892
v,177.6167755126953, -5.777050971984863, 0.4275302290916443
v,162.23556518554688, -5.7770490646362305, 0.4275302290916443
v,162.23556518554688, -5.7770490646362305, -0.20261183381080627
v,192.99795532226562, -5.777044773101807, -0.20261183381080627
v,177.6167755126953, -5.777050971984863, -0.20261183381080627
v,177.6167755126953, -5.098459720611572, -0.20261189341545105
v,177.6167755126953, -5.777050971984863, 0.4275302290916443
v,192.99795532226562, -5.777044773101807, 0.4275302290916443
v,192.99795532226562, -5.777044773101807, 1.138708472251892
v,177.61676025390625, 5.098459720611572, 0.4275301992893219
v,192.9979705810547, 5.098458290100098, 0.4275301992893219
v,192.9979705810547, 5.098458290100098, 1.138708472251892
v,177.61676025390625, 5.098459720611572, 1.138708472251892
v,192.9979705810547, 5.098458290100098, 1.138708472251892
v,192.9979705810547, 5.7770490646362305, 1.138708472251892
v,162.23556518554688, 5.7770562171936035, -0.20261183381080627
v,177.61676025390625, 5.777050495147705, -0.20261183381080627
v,177.61676025390625, 5.098459720611572, -0.20261189341545105
v,177.61676025390625, 5.777050495147705, 0.4275302290916443
v,192.9979705810547, 5.7770490646362305, 0.4275302290916443
v,192.9979705810547, 5.7770490646362305, -0.20261183381080627
v,177.61676025390625, 5.777050495147705, 0.4275302290916443
v,162.23556518554688, 5.7770562171936035, 0.4275302290916443
v,162.23556518554688, 5.7770562171936035, 1.138708472251892
v,162.31565856933594, 2.771615982055664e-06, -0.20261189341545105
v,177.61676025390625, 5.098459720611572, -0.20261189341545105
v,177.6968536376953, 5.155801773071289e-06, -0.20261189341545105
v,162.31565856933594, 2.771615982055664e-06, -0.20261189341545105
v,177.6167755126953, -5.098459720611572, -0.20261189341545105
v,162.23556518554688, -5.098458290100098, -0.20261189341545105
v,208.37916564941406, -5.777046203613281, 0.4275302290916443
v,223.7603759765625, -5.777052402496338, 0.4275302290916443
v,223.7603759765625, -5.777052402496338, 1.138708472251892
v,223.7603759765625, -5.777052402496338, -0.20261183381080627
v,208.37916564941406, -5.777046203613281, -0.20261183381080627
v,208.37916564941406, -5.098455905914307, -0.20261189341545105
v,208.37916564941406, -5.777046203613281, 0.4275302290916443
v,192.99795532226562, -5.777044773101807, 0.4275302290916443
v,192.99795532226562, -5.777044773101807, -0.20261183381080627
v,208.37916564941406, -5.098455905914307, 1.138708472251892
v,192.99795532226562, -5.098453998565674, 1.138708472251892
v,192.99795532226562, -5.777044773101807, 1.138708472251892
v,208.37918090820312, 5.098456382751465, 1.138708472251892
v,223.76039123535156, 5.098454475402832, 1.138708472251892
v,223.76039123535156, 5.777046203613281, 1.138708472251892
v,208.37918090820312, 5.098456382751465, 0.4275301992893219
v,223.76039123535156, 5.098454475402832, 0.4275301992893219
v,223.76039123535156, 5.098454475402832, 1.138708472251892
v,208.37918090820312, 5.777047634124756, 0.4275302290916443
v,223.76039123535156, 5.777046203613281, 0.4275302290916443
v,223.76039123535156, 5.777046203613281, -0.20261183381080627
v,192.9979705810547, 5.7770490646362305, -0.20261183381080627
v,208.37918090820312, 5.777047634124756, -0.20261183381080627
v,208.37918090820312, 5.098456382751465, -0.20261189341545105
v,208.37918090820312, 5.777047634124756, 0.4275302290916443
v,192.9979705810547, 5.7770490646362305, 0.4275302290916443
v,192.9979705810547, 5.7770490646362305, 1.138708472251892
v,193.07806396484375, 3.7550926208496094e-06, -0.20261189341545105
v,208.37916564941406, -5.098455905914307, -0.20261189341545105
v,192.99795532226562, -5.098453998565674, -0.20261189341545105
v,193.07806396484375, 3.7550926208496094e-06, -0.20261189341545105
v,208.37918090820312, 5.098456382751465, -0.20261189341545105
v,208.4592742919922, 2.294778823852539e-06, -0.20261189341545105
v,177.6167755126953, -5.098459720611572, 0.4275301992893219
v,162.23556518554688, -5.098458290100098, 0.4275301992893219
v,162.23556518554688, -5.098458290100098, 1.138708472251892
v,208.37916564941406, -5.098455905914307, 0.4275301992893219
v,192.99795532226562, -5.098453998565674, 0.4275301992893219
v,192.99795532226562, -5.098453998565674, 1.138708472251892
v,223.76039123535156, 5.098454475402832, 0.4275301992893219
v,223.76039123535156, 5.777046203613281, 1.138708472251892
v,223.76039123535156, 5.098454475402832, 1.138708472251892
v,162.23599243164062, 5.098463535308838, 1.138708472251892
v,177.61676025390625, 5.777050495147705, 1.138708472251892
v,162.23556518554688, 5.7770562171936035, 1.138708472251892
v,162.23556518554688, 5.098461627960205, 0.4275301992893219
v,177.61676025390625, 5.098459720611572, 1.138708472251892
v,162.23599243164062, 5.098463535308838, 1.138708472251892
v,223.7603759765625, -5.098456382751465, 0.4275301992893219
v,223.7603759765625, -5.777052402496338, 1.138708472251892
v,223.7603759765625, -5.777052402496338, 0.4275302290916443
v,162.23556518554688, -5.7770490646362305, 0.4275302290916443
v,177.6167755126953, -5.777050971984863, 1.138708472251892
v,162.23556518554688, -5.7770490646362305, 1.138708472251892
v,223.7603759765625, -5.098456382751465, 0.4275301992893219
v,208.37916564941406, -5.098455905914307, 1.138708472251892
v,223.7603759765625, -5.098456382751465, 1.138708472251892
v,223.76004028320312, -5.0984344482421875, 1.138708472251892
v,208.37916564941406, -5.777046203613281, 1.138708472251892
v,223.7603759765625, -5.777052402496338, 1.138708472251892
v,223.76039123535156, 5.777046203613281, 0.4275302290916443
v,208.37918090820312, 5.777047634124756, 1.138708472251892
v,223.76039123535156, 5.777046203613281, 1.138708472251892
v,223.84048461914062, 8.642673492431641e-07, 0.4275301992893219
v,223.84048461914062, 8.642673492431641e-07, -0.20261189341545105
v,223.76039123535156, 5.098454475402832, -0.20261189341545105
v,223.7603759765625, -5.098456382751465, 0.4275301992893219
v,223.7603759765625, -5.098456382751465, -0.20261189341545105
v,223.84048461914062, 8.642673492431641e-07, -0.20261189341545105
v,177.6167755126953, -5.777050971984863, -0.20261183381080627
v,162.23556518554688, -5.098458290100098, -0.20261189341545105
v,177.6167755126953, -5.098459720611572, -0.20261189341545105
v,208.4592742919922, 2.294778823852539e-06, -0.20261189341545105
v,223.84048461914062, 8.642673492431641e-07, -0.20261189341545105
v,223.7603759765625, -5.098456382751465, -0.20261189341545105
v,208.4592742919922, 2.294778823852539e-06, -0.20261189341545105
v,208.37918090820312, 5.098456382751465, -0.20261189341545105
v,223.76039123535156, 5.098454475402832, -0.20261189341545105
v,208.37918090820312, 5.777047634124756, -0.20261183381080627
v,223.76039123535156, 5.098454475402832, -0.20261189341545105
v,208.37918090820312, 5.098456382751465, -0.20261189341545105
v,162.23556518554688, 5.7770562171936035, 0.4275302290916443
v,177.61676025390625, 5.777050495147705, -0.20261183381080627
v,162.23556518554688, 5.7770562171936035, -0.20261183381080627
v,223.76039123535156, 5.098454475402832, 0.4275301992893219
v,223.76039123535156, 5.777046203613281, -0.20261183381080627
v,223.76039123535156, 5.777046203613281, 0.4275302290916443
v,223.7603759765625, -5.098456382751465, 0.4275301992893219
v,223.7603759765625, -5.777052402496338, -0.20261183381080627
v,223.7603759765625, -5.098456382751465, -0.20261189341545105
v,223.7603759765625, -5.777052402496338, 0.4275302290916443
v,208.37916564941406, -5.777046203613281, -0.20261183381080627
v,223.7603759765625, -5.777052402496338, -0.20261183381080627
v,177.6167755126953, -5.098459720611572, 0.4275301992893219
v,177.6968536376953, 5.155801773071289e-06, 0.4275301992893219
v,162.31565856933594, 2.771615982055664e-06, 0.4275301992893219
v,177.61676025390625, 5.098459720611572, 0.4275301992893219
v,162.23556518554688, 5.098461627960205, 0.4275301992893219
v,162.31565856933594, 2.771615982055664e-06, 0.4275301992893219
v,208.37918090820312, 5.098456382751465, 0.4275301992893219
v,192.9979705810547, 5.098458290100098, 0.4275301992893219
v,193.07806396484375, 3.7550926208496094e-06, 0.4275301992893219
v,208.37916564941406, -5.098455905914307, 0.4275301992893219
v,208.4592742919922, 2.294778823852539e-06, 0.4275301992893219
v,193.07806396484375, 3.7550926208496094e-06, 0.4275301992893219
v,192.99795532226562, -5.098453998565674, 0.4275301992893219
v,177.6167755126953, -5.098459720611572, 1.138708472251892
v,192.99795532226562, -5.098453998565674, 1.138708472251892
v,192.99795532226562, -5.098453998565674, 1.138708472251892
v,177.6167755126953, -5.777050971984863, 1.138708472251892
v,192.99795532226562, -5.777044773101807, 1.138708472251892
v,192.9979705810547, 5.098458290100098, 0.4275301992893219
v,208.37918090820312, 5.098456382751465, 1.138708472251892
v,192.9979705810547, 5.098458290100098, 1.138708472251892
v,192.9979705810547, 5.098458290100098, 1.138708472251892
v,208.37918090820312, 5.777047634124756, 1.138708472251892
v,192.9979705810547, 5.7770490646362305, 1.138708472251892
v,192.9979705810547, 5.7770490646362305, 0.4275302290916443
v,177.61676025390625, 5.777050495147705, 1.138708472251892
v,192.9979705810547, 5.7770490646362305, 1.138708472251892
v,192.9979705810547, 5.7770490646362305, 0.4275302290916443
v,208.37918090820312, 5.777047634124756, -0.20261183381080627
v,192.9979705810547, 5.7770490646362305, -0.20261183381080627
v,177.61676025390625, 5.777050495147705, -0.20261183381080627
v,192.9979705810547, 5.098458290100098, -0.20261189341545105
v,177.61676025390625, 5.098459720611572, -0.20261189341545105
v,177.6968536376953, 5.155801773071289e-06, -0.20261189341545105
v,177.61676025390625, 5.098459720611572, -0.20261189341545105
v,192.9979705810547, 5.098458290100098, -0.20261189341545105
v,177.6968536376953, 5.155801773071289e-06, -0.20261189341545105
v,193.07806396484375, 3.7550926208496094e-06, -0.20261189341545105
v,192.99795532226562, -5.098453998565674, -0.20261189341545105
v,192.99795532226562, -5.777044773101807, 0.4275302290916443
v,177.6167755126953, -5.777050971984863, -0.20261183381080627
v,192.99795532226562, -5.777044773101807, -0.20261183381080627
v,208.37916564941406, -5.777046203613281, -0.20261183381080627
v,192.99795532226562, -5.098453998565674, -0.20261189341545105
v,208.37916564941406, -5.098455905914307, -0.20261189341545105
v,192.99795532226562, -5.777044773101807, 0.4275302290916443
v,208.37916564941406, -5.777046203613281, 1.138708472251892
v,192.99795532226562, -5.777044773101807, 1.138708472251892
v,192.9979705810547, 5.098458290100098, 0.4275301992893219
v,177.61676025390625, 5.098459720611572, 0.4275301992893219
v,177.6968536376953, 5.155801773071289e-06, 0.4275301992893219
v,192.99795532226562, -5.098453998565674, 0.4275301992893219
v,193.07806396484375, 3.7550926208496094e-06, 0.4275301992893219
v,177.6968536376953, 5.155801773071289e-06, 0.4275301992893219
v,223.7603759765625, -5.098456382751465, 0.4275301992893219
v,223.84048461914062, 8.642673492431641e-07, 0.4275301992893219
v,208.4592742919922, 2.294778823852539e-06, 0.4275301992893219
v,223.76039123535156, 5.098454475402832, 0.4275301992893219
v,208.37918090820312, 5.098456382751465, 0.4275301992893219
v,208.4592742919922, 2.294778823852539e-06, 0.4275301992893219
v,177.6167755126953, -5.098459720611572, 1.138708472251892
v,162.23556518554688, -5.7770490646362305, 1.138708472251892
v,177.6167755126953, -5.777050971984863, 1.138708472251892
v,177.6167755126953, -5.777050971984863, 0.4275302290916443
v,162.23556518554688, -5.7770490646362305, -0.20261183381080627
v,177.6167755126953, -5.777050971984863, -0.20261183381080627
v,192.99795532226562, -5.777044773101807, -0.20261183381080627
v,177.6167755126953, -5.098459720611572, -0.20261189341545105
v,192.99795532226562, -5.098453998565674, -0.20261189341545105
v,177.6167755126953, -5.777050971984863, 0.4275302290916443
v,192.99795532226562, -5.777044773101807, 1.138708472251892
v,177.6167755126953, -5.777050971984863, 1.138708472251892
v,177.61676025390625, 5.098459720611572, 0.4275301992893219
v,192.9979705810547, 5.098458290100098, 1.138708472251892
v,177.61676025390625, 5.098459720611572, 1.138708472251892
v,177.61676025390625, 5.098459720611572, 1.138708472251892
v,192.9979705810547, 5.7770490646362305, 1.138708472251892
v,177.61676025390625, 5.777050495147705, 1.138708472251892
v,162.23556518554688, 5.7770562171936035, -0.20261183381080627
v,177.61676025390625, 5.098459720611572, -0.20261189341545105
v,162.23556518554688, 5.098461627960205, -0.20261189341545105
v,177.61676025390625, 5.777050495147705, 0.4275302290916443
v,192.9979705810547, 5.7770490646362305, -0.20261183381080627
v,177.61676025390625, 5.777050495147705, -0.20261183381080627
v,177.61676025390625, 5.777050495147705, 0.4275302290916443
v,162.23556518554688, 5.7770562171936035, 1.138708472251892
v,177.61676025390625, 5.777050495147705, 1.138708472251892
v,162.31565856933594, 2.771615982055664e-06, -0.20261189341545105
v,162.23556518554688, 5.098461627960205, -0.20261189341545105
v,177.61676025390625, 5.098459720611572, -0.20261189341545105
v,162.31565856933594, 2.771615982055664e-06, -0.20261189341545105
v,177.6968536376953, 5.155801773071289e-06, -0.20261189341545105
v,177.6167755126953, -5.098459720611572, -0.20261189341545105
v,208.37916564941406, -5.777046203613281, 0.4275302290916443
v,223.7603759765625, -5.777052402496338, 1.138708472251892
v,208.37916564941406, -5.777046203613281, 1.138708472251892
v,223.7603759765625, -5.777052402496338, -0.20261183381080627
v,208.37916564941406, -5.098455905914307, -0.20261189341545105
v,223.7603759765625, -5.098456382751465, -0.20261189341545105
v,208.37916564941406, -5.777046203613281, 0.4275302290916443
v,192.99795532226562, -5.777044773101807, -0.20261183381080627
v,208.37916564941406, -5.777046203613281, -0.20261183381080627
v,208.37916564941406, -5.098455905914307, 1.138708472251892
v,192.99795532226562, -5.777044773101807, 1.138708472251892
v,208.37916564941406, -5.777046203613281, 1.138708472251892
v,208.37918090820312, 5.098456382751465, 1.138708472251892
v,223.76039123535156, 5.777046203613281, 1.138708472251892
v,208.37918090820312, 5.777047634124756, 1.138708472251892
v,208.37918090820312, 5.098456382751465, 0.4275301992893219
v,223.76039123535156, 5.098454475402832, 1.138708472251892
v,208.37918090820312, 5.098456382751465, 1.138708472251892
v,208.37918090820312, 5.777047634124756, 0.4275302290916443
v,223.76039123535156, 5.777046203613281, -0.20261183381080627
v,208.37918090820312, 5.777047634124756, -0.20261183381080627
v,192.9979705810547, 5.7770490646362305, -0.20261183381080627
v,208.37918090820312, 5.098456382751465, -0.20261189341545105
v,192.9979705810547, 5.098458290100098, -0.20261189341545105
v,208.37918090820312, 5.777047634124756, 0.4275302290916443
v,192.9979705810547, 5.7770490646362305, 1.138708472251892
v,208.37918090820312, 5.777047634124756, 1.138708472251892
v,193.07806396484375, 3.7550926208496094e-06, -0.20261189341545105
v,208.4592742919922, 2.294778823852539e-06, -0.20261189341545105
v,208.37916564941406, -5.098455905914307, -0.20261189341545105
v,193.07806396484375, 3.7550926208496094e-06, -0.20261189341545105
v,192.9979705810547, 5.098458290100098, -0.20261189341545105
v,208.37918090820312, 5.098456382751465, -0.20261189341545105
v,177.6167755126953, -5.098459720611572, 0.4275301992893219
v,162.23556518554688, -5.098458290100098, 1.138708472251892
v,177.6167755126953, -5.098459720611572, 1.138708472251892
v,208.37916564941406, -5.098455905914307, 0.4275301992893219
v,192.99795532226562, -5.098453998565674, 1.138708472251892
v,208.37916564941406, -5.098455905914307, 1.138708472251892
n,0.006160836201161146, -4.6566128730773926e-09, 0.0
n,0.006160836201161146, -4.6566128730773926e-09, 0.0
n,0.006160836201161146, -4.6566128730773926e-09, 0.0
n,0.0, 0.0, 0.0061608352698385715
n,0.0, 0.0, 0.0061608352698385715
n,0.0, 0.0, 0.0061608352698385715
n,-6.984919309616089e-10, -0.0061608352698385715, 0.0
n,-6.984919309616089e-10, -0.0061608352698385715, 0.0
n,-6.984919309616089e-10, -0.0061608352698385715, 0.0
n,0.006160835735499859, -2.0954757928848267e-08, 0.0
n,0.006160835735499859, -2.0954757928848267e-08, 0.0
n,0.006160835735499859, -2.0954757928848267e-08, 0.0
n,-6.984919309616089e-10, -0.006160836201161146, 0.0
n,-6.984919309616089e-10, -0.006160836201161146, 0.0
n,-6.984919309616089e-10, -0.006160836201161146, 0.0
n,6.984919309616089e-10, 0.0061608352698385715, 0.0
n,6.984919309616089e-10, 0.0061608352698385715, 0.0
n,6.984919309616089e-10, 0.0061608352698385715, 0.0
n,0.0, 0.0, 0.0061608352698385715
n,0.0, 0.0, 0.0061608352698385715
n,0.0, 0.0, 0.0061608352698385715
n,6.984919309616089e-10, 0.006160836201161146, 0.0
n,6.984919309616089e-10, 0.006160836201161146, 0.0
n,6.984919309616089e-10, 0.006160836201161146, 0.0
n,0.006160075776278973, 9.676441550254822e-05, 0.0
n,0.006160075776278973, 9.676441550254822e-05, 0.0
n,0.006160075776278973, 9.676441550254822e-05, 0.0
n,0.006160075776278973, -9.678304195404053e-05, 0.0
n,0.006160075776278973, -9.678304195404053e-05, 0.0
n,0.006160075776278973, -9.678304195404053e-05, 0.0
n,-4.163336342344337e-17, -3.431090134231596e-10, -0.0061608352698385715
n,-4.163336342344337e-17, -3.431090134231596e-10, -0.0061608352698385715
n,-4.163336342344337e-17, -3.431090134231596e-10, -0.0061608352698385715
n,0.0, 0.0, -0.0061608352698385715
n,0.0, 0.0, -0.0061608352698385715
n,0.0, 0.0, -0.0061608352698385715
n,0.0, 0.0, -0.0061608352698385715
n,0.0, 0.0, -0.0061608352698385715
n,0.0, 0.0, -0.0061608352698385715
n,4.163336342344337e-17, 3.431090134231596e-10, -0.0061608352698385715
n,4.163336342344337e-17, 3.431090134231596e-10, -0.0061608352698385715
n,4.163336342344337e-17, 3.431090134231596e-10, -0.0061608352698385715
n,2.561137080192566e-09, 0.006160835735499859, 0.0
n,2.561137080192566e-09, 0.006160835735499859, 0.0
n,2.561137080192566e-09, 0.006160835735499859, 0.0
n,0.006160836201161146, -4.190951585769653e-09, 0.0
n,0.006160836201161146, -4.190951585769653e-09, 0.0
n,0.006160836201161146, -4.190951585769653e-09, 0.0
n,0.006160835735499859, -2.0954757928848267e-08, 0.0
n,0.006160835735499859, -2.0954757928848267e-08, 0.0
n,0.006160835735499859, -2.0954757928848267e-08, 0.0
n,-2.561137080192566e-09, -0.006160835735499859, 0.0
n,-2.561137080192566e-09, -0.006160835735499859, 0.0
n,-2.561137080192566e-09, -0.006160835735499859, 0.0
n,0.0, 0.0, 0.0061608352698385715
n,0.0, 0.0, 0.0061608352698385715
n,0.0, 0.0, 0.0061608352698385715
n,0.0, 0.0, 0.0061608352698385715
n,0.0, 0.0, 0.0061608352698385715
n,0.0, 0.0, 0.0061608352698385715
n,0.0, 0.0, 0.0061608352698385715
n,0.0, 0.0, 0.0061608352698385715
n,0.0, 0.0, 0.0061608352698385715
n,0.0, 0.0, 0.0061608352698385715
n,0.0, 0.0, 0.0061608352698385715
n,0.0, 0.0, 0.0061608352698385715
n,-2.3283064365386963e-09, 0.006160835735499859, 0.0
n,-2.3283064365386963e-09, 0.006160835735499859, 0.0
n,-2.3283064365386963e-09, 0.006160835735499859, 0.0
n,0.0, 0.0, 0.0061608352698385715
n,0.0, 0.0, 0.0061608352698385715
n,0.0, 0.0, 0.0061608352698385715
n,-6.984919309616089e-10, -0.0061608352698385715, 0.0
n,-6.984919309616089e-10, -0.0061608352698385715, 0.0
n,-6.984919309616089e-10, -0.0061608352698385715, 0.0
n,0.0, 0.0, 0.0061608352698385715
n,0.0, 0.0, 0.0061608352698385715
n,0.0, 0.0, 0.0061608352698385715
n,6.984919309616089e-10, 0.006160836201161146, 0.0
n,6.984919309616089e-10, 0.006160836201161146, 0.0
n,6.984919309616089e-10, 0.006160836201161146, 0.0
n,6.984919309616089e-10, 0.006160836201161146, 0.0
n,6.984919309616089e-10, 0.006160836201161146, 0.0
n,6.984919309616089e-10, 0.006160836201161146, 0.0
n,4.163336342344337e-17, 3.431090134231596e-10, -0.0061608352698385715
n,4.163336342344337e-17, 3.431090134231596e-10, -0.0061608352698385715
n,4.163336342344337e-17, 3.431090134231596e-10, -0.0061608352698385715
n,0.0, 0.0, -0.0061608352698385715
n,0.0, 0.0, -0.0061608352698385715
n,0.0, 0.0, -0.0061608352698385715
n,0.0, 0.0, -0.0061608352698385715
n,0.0, 0.0, -0.0061608352698385715
n,0.0, 0.0, -0.0061608352698385715
n,2.3283064365386963e-09, -0.006160836201161146, 0.0
n,2.3283064365386963e-09, -0.006160836201161146, 0.0
n,2.3283064365386963e-09, -0.006160836201161146, 0.0
n,-4.163336342344337e-17, -3.431090134231596e-10, -0.0061608352698385715
n,-4.163336342344337e-17, -3.431090134231596e-10, -0.0061608352698385715
n,-4.163336342344337e-17, -3.431090134231596e-10, -0.0061608352698385715
n,-6.984919309616089e-10, -0.006160836201161146, 0.0
n,-6.984919309616089e-10, -0.006160836201161146, 0.0
n,-6.984919309616089e-10, -0.006160836201161146, 0.0
n,0.0, 0.0, 0.0061608352698385715
n,0.0, 0.0, 0.0061608352698385715
n,0.0, 0.0, 0.0061608352698385715
n,0.0, 0.0, 0.0061608352698385715
n,0.0, 0.0, 0.0061608352698385715
n,0.0, 0.0, 0.0061608352698385715
n,0.0, 0.0, 0.0061608352698385715
n,0.0, 0.0, 0.0061608352698385715
n,0.0, 0.0, 0.0061608352698385715
n,0.0, 0.0, 0.0061608352698385715
n,0.0, 0.0, 0.0061608352698385715
n,0.0, 0.0, 0.0061608352698385715
n,0.0, 0.0, 0.0061608352698385715
n,0.0, 0.0, 0.0061608352698385715
n,0.0, 0.0, 0.0061608352698385715
n,-6.984919309616089e-10, -0.006160836201161146, 0.0
n,-6.984919309616089e-10, -0.006160836201161146, 0.0
n,-6.984919309616089e-10, -0.006160836201161146, 0.0
n,1.249000902703301e-16, -3.431090134231596e-10, -0.0061608352698385715
n,1.249000902703301e-16, -3.431090134231596e-10, -0.0061608352698385715
n,1.249000902703301e-16, -3.431090134231596e-10, -0.0061608352698385715
n,2.3283064365386963e-09, -0.006160835735499859, 0.0
n,2.3283064365386963e-09, -0.006160835735499859, 0.0
n,2.3283064365386963e-09, -0.006160835735499859, 0.0
n,-6.984919309616089e-10, -0.0061608352698385715, 0.0
n,-6.984919309616089e-10, -0.0061608352698385715, 0.0
n,-6.984919309616089e-10, -0.0061608352698385715, 0.0
n,0.0, 0.0, 0.0061608352698385715
n,0.0, 0.0, 0.0061608352698385715
n,0.0, 0.0, 0.0061608352698385715
n,1.3877787807814457e-16, 3.431090134231596e-10, -0.0061608352698385715
n,1.3877787807814457e-16, 3.431090134231596e-10, -0.0061608352698385715
n,1.3877787807814457e-16, 3.431090134231596e-10, -0.0061608352698385715
n,6.984919309616089e-10, 0.006160836201161146, 0.0
n,6.984919309616089e-10, 0.006160836201161146, 0.0
n,6.984919309616089e-10, 0.006160836201161146, 0.0
n,2.3283064365386963e-09, 0.0061608352698385715, 0.0
n,2.3283064365386963e-09, 0.0061608352698385715, 0.0
n,2.3283064365386963e-09, 0.0061608352698385715, 0.0
n,0.0, 0.0, -0.0061608352698385715
n,0.0, 0.0, -0.0061608352698385715
n,0.0, 0.0, -0.0061608352698385715
n,0.0, 0.0, -0.0061608352698385715
n,0.0, 0.0, -0.0061608352698385715
n,0.0, 0.0, -0.0061608352698385715
n,-2.3283064365386963e-09, -0.0061608352698385715, 0.0
n,-2.3283064365386963e-09, -0.0061608352698385715, 0.0
n,-2.3283064365386963e-09, -0.0061608352698385715, 0.0
n,-1.3877787807814457e-16, -3.431090134231596e-10, -0.0061608352698385715
n,-1.3877787807814457e-16, -3.431090134231596e-10, -0.0061608352698385715
n,-1.3877787807814457e-16, -3.431090134231596e-10, -0.0061608352698385715
n,-6.984919309616089e-10, -0.006160836201161146, 0.0
n,-6.984919309616089e-10, -0.006160836201161146, 0.0
n,-6.984919309616089e-10, -0.006160836201161146, 0.0
n,0.0, 0.0, 0.0061608352698385715
n,0.0, 0.0, 0.0061608352698385715
n,0.0, 0.0, 0.0061608352698385715
n,0.0, 0.0, 0.0061608352698385715
n,0.0, 0.0, 0.0061608352698385715
n,0.0, 0.0, 0.0061608352698385715
n,-6.984919309616089e-10, -0.0061608352698385715, 0.0
n,-6.984919309616089e-10, -0.0061608352698385715, 0.0
n,-6.984919309616089e-10, -0.0061608352698385715, 0.0
n,6.984919309616089e-10, 0.006160836201161146, 0.0
n,6.984919309616089e-10, 0.006160836201161146, 0.0
n,6.984919309616089e-10, 0.006160836201161146, 0.0
n,4.163336342344337e-17, 3.431090134231596e-10, -0.0061608352698385715
n,4.163336342344337e-17, 3.431090134231596e-10, -0.0061608352698385715
n,4.163336342344337e-17, 3.431090134231596e-10, -0.0061608352698385715
n,6.984919309616089e-10, 0.006160836201161146, 0.0
n,6.984919309616089e-10, 0.006160836201161146, 0.0
n,6.984919309616089e-10, 0.006160836201161146, 0.0
n,0.0, 0.0, -0.0061608352698385715
n,0.0, 0.0, -0.0061608352698385715
n,0.0, 0.0, -0.0061608352698385715
n,0.0, 0.0, -0.0061608352698385715
n,0.0, 0.0, -0.0061608352698385715
n,0.0, 0.0, -0.0061608352698385715
n,6.984919309616089e-10, 0.0061608352698385715, 0.0
n,6.984919309616089e-10, 0.0061608352698385715, 0.0
n,6.984919309616089e-10, 0.0061608352698385715, 0.0
n,6.984919309616089e-10, 0.0061608352698385715, 0.0
n,6.984919309616089e-10, 0.0061608352698385715, 0.0
n,6.984919309616089e-10, 0.0061608352698385715, 0.0
n,0.006160835735499859, -4.423782229423523e-09, 0.0
n,0.006160835735499859, -4.423782229423523e-09, 0.0
n,0.006160835735499859, -4.423782229423523e-09, 0.0
n,0.0, 0.0, 0.0061608352698385715
n,0.0, 0.0, 0.0061608352698385715
n,0.0, 0.0, 0.0061608352698385715
n,-1.6298145055770874e-09, -0.006160835735499859, 2.0729803651420298e-08
n,-1.6298145055770874e-09, -0.006160835735499859, 2.0729803651420298e-08
n,-1.6298145055770874e-09, -0.006160835735499859, 2.0729803651420298e-08
n,0.006160835735499859, -2.1187588572502136e-08, 0.0
n,0.006160835735499859, -2.1187588572502136e-08, 0.0
n,0.006160835735499859, -2.1187588572502136e-08, 0.0
n,-6.984919309616089e-10, -0.006160836201161146, 0.0
n,-6.984919309616089e-10, -0.006160836201161146, 0.0
n,-6.984919309616089e-10, -0.006160836201161146, 0.0
n,6.984919309616089e-10, 0.0061608352698385715, 0.0
n,6.984919309616089e-10, 0.0061608352698385715, 0.0
n,6.984919309616089e-10, 0.0061608352698385715, 0.0
n,0.0, 0.0, 0.0061608352698385715
n,0.0, 0.0, 0.0061608352698385715
n,0.0, 0.0, 0.0061608352698385715
n,6.984919309616089e-10, 0.006160836201161146, 0.0
n,6.984919309616089e-10, 0.006160836201161146, 0.0
n,6.984919309616089e-10, 0.006160836201161146, 0.0
n,0.006160075776278973, 9.676441550254822e-05, 0.0
n,0.006160075776278973, 9.676441550254822e-05, 0.0
n,0.006160075776278973, 9.676441550254822e-05, 0.0
n,0.006160075776278973, -9.678304195404053e-05, 0.0
n,0.006160075776278973, -9.678304195404053e-05, 0.0
n,0.006160075776278973, -9.678304195404053e-05, 0.0
n,-4.163336342344337e-17, -3.431090411787352e-10, -0.0061608352698385715
n,-4.163336342344337e-17, -3.431090411787352e-10, -0.0061608352698385715
n,-4.163336342344337e-17, -3.431090411787352e-10, -0.0061608352698385715
n,0.0, 0.0, -0.0061608352698385715
n,0.0, 0.0, -0.0061608352698385715
n,0.0, 0.0, -0.0061608352698385715
n,0.0, 0.0, -0.0061608352698385715
n,0.0, 0.0, -0.0061608352698385715
n,0.0, 0.0, -0.0061608352698385715
n,4.163336342344337e-17, 3.431090411787352e-10, -0.0061608352698385715
n,4.163336342344337e-17, 3.431090411787352e-10, -0.0061608352698385715
n,4.163336342344337e-17, 3.431090411787352e-10, -0.0061608352698385715
n,2.561137080192566e-09, 0.006160835735499859, 0.0
n,2.561137080192566e-09, 0.006160835735499859, 0.0
n,2.561137080192566e-09, 0.006160835735499859, 0.0
n,0.006160836201161146, -4.190951585769653e-09, 0.0
n,0.006160836201161146, -4.190951585769653e-09, 0.0
n,0.006160836201161146, -4.190951585769653e-09, 0.0
n,0.006160835735499859, -2.0954757928848267e-08, 0.0
n,0.006160835735499859, -2.0954757928848267e-08, 0.0
n,0.006160835735499859, -2.0954757928848267e-08, 0.0
n,-2.561137080192566e-09, -0.006160835735499859, 0.0
n,-2.561137080192566e-09, -0.006160835735499859, 0.0
n,-2.561137080192566e-09, -0.006160835735499859, 0.0
n,0.0, 0.0, 0.0061608352698385715
n,0.0, 0.0, 0.0061608352698385715
n,0.0, 0.0, 0.0061608352698385715
n,0.0, 0.0, 0.0061608352698385715
n,0.0, 0.0, 0.0061608352698385715
n,0.0, 0.0, 0.0061608352698385715
n,0.0, 0.0, 0.0061608352698385715
n,0.0, 0.0, 0.0061608352698385715
n,0.0, 0.0, 0.0061608352698385715
n,0.0, 0.0, 0.0061608352698385715
n,0.0, 0.0, 0.0061608352698385715
n,0.0, 0.0, 0.0061608352698385715
n,-2.3283064365386963e-09, 0.006160835735499859, 0.0
n,-2.3283064365386963e-09, 0.006160835735499859, 0.0
n,-2.3283064365386963e-09, 0.006160835735499859, 0.0
n,0.0, 0.0, 0.0061608352698385715
n,0.0, 0.0, 0.0061608352698385715
n,0.0, 0.0, 0.0061608352698385715
n,-6.984919309616089e-10, -0.0061608352698385715, 0.0
n,-6.984919309616089e-10, -0.0061608352698385715, 0.0
n,-6.984919309616089e-10, -0.0061608352698385715, 0.0
n,0.0, 0.0, 0.0061608352698385715
n,0.0, 0.0, 0.0061608352698385715
n,0.0, 0.0, 0.0061608352698385715
n,6.984919309616089e-10, 0.006160836201161146, 0.0
n,6.984919309616089e-10, 0.006160836201161146, 0.0
n,6.984919309616089e-10, 0.006160836201161146, 0.0
n,6.984919309616089e-10, 0.006160836201161146, 0.0
n,6.984919309616089e-10, 0.006160836201161146, 0.0
n,6.984919309616089e-10, 0.006160836201161146, 0.0
n,4.163336342344337e-17, 3.431090411787352e-10, -0.0061608352698385715
n,4.163336342344337e-17, 3.431090411787352e-10, -0.0061608352698385715
n,4.163336342344337e-17, 3.431090411787352e-10, -0.0061608352698385715
n,0.0, 0.0, -0.0061608352698385715
n,0.0, 0.0, -0.0061608352698385715
n,0.0, 0.0, -0.0061608352698385715
n,0.0, 0.0, -0.0061608352698385715
n,0.0, 0.0, -0.0061608352698385715
n,0.0, 0.0, -0.0061608352698385715
n,2.3283064365386963e-09, -0.006160836201161146, 0.0
n,2.3283064365386963e-09, -0.006160836201161146, 0.0
n,2.3283064365386963e-09, -0.006160836201161146, 0.0
n,-4.163336342344337e-17, -3.431090411787352e-10, -0.0061608352698385715
n,-4.163336342344337e-17, -3.431090411787352e-10, -0.0061608352698385715
n,-4.163336342344337e-17, -3.431090411787352e-10, -0.0061608352698385715
n,-6.984919309616089e-10, -0.006160836201161146, 0.0
n,-6.984919309616089e-10, -0.006160836201161146, 0.0
n,-6.984919309616089e-10, -0.006160836201161146, 0.0
n,0.0, 0.0, 0.0061608352698385715
n,0.0, 0.0, 0.0061608352698385715
n,0.0, 0.0, 0.0061608352698385715
n,0.0, 0.0, 0.0061608352698385715
n,0.0, 0.0, 0.0061608352698385715
n,0.0, 0.0, 0.0061608352698385715
n,0.0, 0.0, 0.0061608352698385715
n,0.0, 0.0, 0.0061608352698385715
n,0.0, 0.0, 0.0061608352698385715
n,0.0, 0.0, 0.0061608352698385715
n,0.0, 0.0, 0.0061608352698385715
n,0.0, 0.0, 0.0061608352698385715
n,0.0, 0.0, 0.0061608352698385715
n,0.0, 0.0, 0.0061608352698385715
n,0.0, 0.0, 0.0061608352698385715
n,-6.984919309616089e-10, -0.006160836201161146, 0.0
n,-6.984919309616089e-10, -0.006160836201161146, 0.0
n,-6.984919309616089e-10, -0.006160836201161146, 0.0
n,1.249000902703301e-16, -3.431090411787352e-10, -0.0061608352698385715
n,1.249000902703301e-16, -3.431090411787352e-10, -0.0061608352698385715
n,1.249000902703301e-16, -3.431090411787352e-10, -0.0061608352698385715
n,2.3283064365386963e-09, -0.006160835735499859, 0.0
n,2.3283064365386963e-09, -0.006160835735499859, 0.0
n,2.3283064365386963e-09, -0.006160835735499859, 0.0
n,-6.984919309616089e-10, -0.0061608352698385715, 0.0
n,-6.984919309616089e-10, -0.0061608352698385715, 0.0
n,-6.984919309616089e-10, -0.0061608352698385715, 0.0
n,0.0, 0.0, 0.0061608352698385715
n,0.0, 0.0, 0.0061608352698385715
n,0.0, 0.0, 0.0061608352698385715
n,2.7755575615628914e-17, 3.4310682073268595e-10, -0.0061608352698385715
n,2.7755575615628914e-17, 3.4310682073268595e-10, -0.0061608352698385715
n,2.7755575615628914e-17, 3.4310682073268595e-10, -0.0061608352698385715
n,6.984919309616089e-10, 0.006160836201161146, 0.0
n,6.984919309616089e-10, 0.006160836201161146, 0.0
n,6.984919309616089e-10, 0.006160836201161146, 0.0
n,2.3283064365386963e-09, 0.0061608352698385715, 0.0
n,2.3283064365386963e-09, 0.0061608352698385715, 0.0
n,2.3283064365386963e-09, 0.0061608352698385715, 0.0
n,0.0, 0.0, -0.0061608352698385715
n,0.0, 0.0, -0.0061608352698385715
n,0.0, 0.0, -0.0061608352698385715
n,0.0, 0.0, -0.0061608352698385715
n,0.0, 0.0, -0.0061608352698385715
n,0.0, 0.0, -0.0061608352698385715
n,-2.3283064365386963e-09, -0.0061608352698385715, 0.0
n,-2.3283064365386963e-09, -0.0061608352698385715, 0.0
n,-2.3283064365386963e-09, -0.0061608352698385715, 0.0
n,-2.7755575615628914e-17, -3.4310682073268595e-10, -0.0061608352698385715
n,-2.7755575615628914e-17, -3.4310682073268595e-10, -0.0061608352698385715
n,-2.7755575615628914e-17, -3.4310682073268595e-10, -0.0061608352698385715
n,-6.984919309616089e-10, -0.006160836201161146, 0.0
n,-6.984919309616089e-10, -0.006160836201161146, 0.0
n,-6.984919309616089e-10, -0.006160836201161146, 0.0
n,0.0, 0.0, 0.0061608352698385715
n,0.0, 0.0, 0.0061608352698385715
n,0.0, 0.0, 0.0061608352698385715
n,0.0, 0.0, 0.0061608352698385715
n,0.0, 0.0, 0.0061608352698385715
n,0.0, 0.0, 0.0061608352698385715
n,-6.984919309616089e-10, -0.0061608352698385715, 0.0
n,-6.984919309616089e-10, -0.0061608352698385715, 0.0
n,-6.984919309616089e-10, -0.0061608352698385715, 0.0
n,6.984919309616089e-10, 0.006160836201161146, 0.0
n,6.984919309616089e-10, 0.006160836201161146, 0.0
n,6.984919309616089e-10, 0.006160836201161146, 0.0
n,4.163336342344337e-17, 3.431090411787352e-10, -0.0061608352698385715
n,4.163336342344337e-17, 3.431090411787352e-10, -0.0061608352698385715
n,4.163336342344337e-17, 3.431090411787352e-10, -0.0061608352698385715
n,6.984919309616089e-10, 0.006160836201161146, 0.0
n,6.984919309616089e-10, 0.006160836201161146, 0.0
n,6.984919309616089e-10, 0.006160836201161146, 0.0
n,0.0, 0.0, -0.0061608352698385715
n,0.0, 0.0, -0.0061608352698385715
n,0.0, 0.0, -0.0061608352698385715
n,0.0, 0.0, -0.0061608352698385715
n,0.0, 0.0, -0.0061608352698385715
n,0.0, 0.0, -0.0061608352698385715
n,6.984919309616089e-10, 0.0061608352698385715, 0.0
n,6.984919309616089e-10, 0.0061608352698385715, 0.0
n,6.984919309616089e-10, 0.0061608352698385715, 0.0
n,6.984919309616089e-10, 0.0061608352698385715, 0.0
n,6.984919309616089e-10, 0.0061608352698385715, 0.0
n,6.984919309616089e-10, 0.0061608352698385715, 0.0
u,0.8839552402496338, 0.5014106035232544, 0
u,0.9049791097640991, 0.4966878294944763, 0
u,0.9272567629814148, 0.5015833377838135, 0
u,0.7725591659545898, 0.9919077306985855, 0
u,0.7725600004196167, 0.03838378190994263, 0
u,0.9619000554084778, 0.03838515281677246, 0
u,0.48802313208580017, 0.9751653522253036, 0
u,0.48802223801612854, 0.04036146402359009, 0
u,0.6825647354125977, 0.04036146402359009, 0
u,0.055770087987184525, 0.4922372102737427, 0
u,0.08163147419691086, 0.492237389087677, 0
u,0.08163147419691086, 0.49771976470947266, 0
u,0.39001601934432983, 0.9355087131261826, 0
u,0.3909449875354767, 0.03440284729003906, 0
u,0.5784740447998047, 0.03441286087036133, 0
u,0.4037437438964844, 0.9869382102042437, 0
u,0.40373432636260986, 0.020914077758789062, 0
u,0.6047720313072205, 0.020914077758789062, 0
u,0.6947934627532959, 0.05792206525802612, 0
u,0.6947908997535706, 0.9881167858839035, 0
u,0.5100798606872559, 0.9881167858839035, 0
u,0.9300941824913025, 0.9949909802526236, 0
u,0.9300944209098816, 0.870688259601593, 0
u,0.9559630155563354, 0.8706884384155273, 0
u,0.4544697105884552, 0.9949909802526236, 0
u,0.2693743407726288, 0.989258473739028, 0
u,0.26901763677597046, 0.9943503495305777, 0
u,0.2682305574417114, 0.99434376321733, 0
u,0.08241888135671616, 0.9898994322866201, 0
u,0.08277880400419235, 0.9949911292642355, 0
u,0.0325726754963398, 0.8706534504890442, 0
u,0.03244437649846077, 0.994988476857543, 0
u,0.007754643447697163, 0.9949872251600027, 0
u,0.08241885155439377, 0.8655965924263, 0
u,0.26787060499191284, 0.9892518874257803, 0
u,0.2678704261779785, 0.8649491667747498, 0
u,0.45466241240501404, 0.8649995923042297, 0
u,0.2693743407726288, 0.989258473739028, 0
u,0.4548262357711792, 0.9898991044610739, 0
u,0.8505880832672119, 0.8804294243454933, 0
u,0.8505293130874634, 0.9874851461499929, 0
u,0.8290594220161438, 0.9898882266134024, 0
u,0.8763145208358765, 0.49651986360549927, 0
u,0.8763227462768555, 0.6244955956935883, 0
u,0.8527244925498962, 0.6244956254959106, 0
u,0.8484817147254944, 0.9949910398572683, 0
u,0.8290594220161438, 0.9898882266134024, 0
u,0.8505293130874634, 0.9874851461499929, 0
u,0.031085986644029617, 0.49168217182159424, 0
u,0.05577026680111885, 0.49771976470947266, 0
u,0.033023733645677567, 0.5003089308738708, 0
u,0.4938342571258545, 0.031124472618103027, 0
u,0.49378159642219543, 0.9852225854992867, 0
u,0.3178086280822754, 0.985217995941639, 0
u,0.996362566947937, 0.947641134262085, 0
u,0.012407959438860416, 0.5368204712867737, 0
u,0.01355815026909113, 0.9513718485832214, 0
u,0.9945593476295471, 0.10584652423858643, 0
u,0.010239832103252411, 0.5428626537322998, 0
u,0.994934618473053, 0.5423862934112549, 0
u,0.9727979898452759, 0.10604751110076904, 0
u,0.009181030094623566, 0.5416977405548096, 0
u,0.9782943725585938, 0.555110514163971, 0
u,0.9921953678131104, 0.9521278776228428, 0
u,0.010122062638401985, 0.5371777415275574, 0
u,0.015763886272907257, 0.9482176303863525, 0
u,0.41421177983283997, 0.9804730750620365, 0
u,0.4141988754272461, 0.044073641300201416, 0
u,0.609069287776947, 0.04407292604446411, 0
u,0.7024223208427429, 0.019748032093048096, 0
u,0.7024177312850952, 0.9772081729024649, 0
u,0.5122921466827393, 0.9772081729024649, 0
u,0.4350581467151642, 0.9746550098061562, 0
u,0.4379033148288727, 0.02614736557006836, 0
u,0.6492050886154175, 0.026468992233276367, 0
u,0.6303461194038391, 0.016373872756958008, 0
u,0.6130611300468445, 0.9943220391869545, 0
u,0.4349442422389984, 0.9942441359162331, 0
u,0.930094301700592, 0.7463855147361755, 0
u,0.9300942420959473, 0.6220827698707581, 0
u,0.9559628963470459, 0.6220826208591461, 0
u,0.8763302564620972, 0.7524711787700653, 0
u,0.8758686780929565, 0.8804651275277138, 0
u,0.8505880832672119, 0.8804294243454933, 0
u,0.8527244925498962, 0.6244956254959106, 0
u,0.8527294397354126, 0.7524715065956116, 0
u,0.827319860458374, 0.7524713575839996, 0
u,0.4553264081478119, 0.5556768774986267, 0
u,0.2692132294178009, 0.7342458665370941, 0
u,0.45390936732292175, 0.7244827747344971, 0
u,0.08241861313581467, 0.6169909238815308, 0
u,0.2678702175617218, 0.7406462728977203, 0
u,0.26787039637565613, 0.6163435578346252, 0
u,0.4912513494491577, 0.007700502872467041, 0
u,0.49023330211639404, 0.9940775036811829, 0
u,0.3083527982234955, 0.9940685331821442, 0
u,0.03284372761845589, 0.6219860911369324, 0
u,0.0327010340988636, 0.7463187575340271, 0
u,0.008011658675968647, 0.7463175058364868, 0
u,0.49110692739486694, 0.9650526829063892, 0
u,0.4921201467514038, 0.039053916931152344, 0
u,0.6847777962684631, 0.03906106948852539, 0
u,0.9762786030769348, 0.10565882921218872, 0
u,0.0026525347493588924, 0.538502424955368, 0
u,0.9807764887809753, 0.5550824105739594, 0
u,0.9956607818603516, 0.9498852230608463, 0
u,0.013802530243992805, 0.5368195176124573, 0
u,0.015729010105133057, 0.9509032666683197, 0
u,0.990676999092102, 0.9521081894636154, 0
u,0.014697372913360596, 0.5434372425079346, 0
u,0.011929221451282501, 0.9438803978264332, 0
u,0.9713683128356934, 0.10914218425750732, 0
u,0.007117510307580233, 0.5408448874950409, 0
u,0.9809576869010925, 0.5574611723423004, 0
u,0.7467916011810303, 0.025548100471496582, 0
u,0.746788740158081, 0.9837783873081207, 0
u,0.5565102100372314, 0.9837783873081207, 0
u,0.6164986491203308, 0.01812279224395752, 0
u,0.6154956221580505, 0.991176575422287, 0
u,0.4360717535018921, 0.9911667704582214, 0
u,0.0327010340988636, 0.7463187575340271, 0
u,0.0325726754963398, 0.8706534504890442, 0
u,0.007883151061832905, 0.8706521987915039, 0
u,0.49023330211639404, 0.9940775036811829, 0
u,0.4912513494491577, 0.007700502872467041, 0
u,0.6965258121490479, 0.007710456848144531, 0
u,0.4480881989002228, 0.9733867943286896, 0
u,0.448089063167572, 0.05694019794464111, 0
u,0.6388354301452637, 0.05693387985229492, 0
u,0.4500868320465088, 0.9826302286237478, 0
u,0.45011210441589355, 0.028002917766571045, 0
u,0.6396515369415283, 0.028009533882141113, 0
u,0.8527164459228516, 0.49651992321014404, 0
u,0.8527244925498962, 0.6244956254959106, 0
u,0.8273119926452637, 0.6244956254959106, 0
u,0.8763227462768555, 0.6244955956935883, 0
u,0.8763302564620972, 0.7524711787700653, 0
u,0.8527294397354126, 0.7524715065956116, 0
u,0.9300942420959473, 0.6220827698707581, 0
u,0.9300944209098816, 0.49778008460998535, 0
u,0.9559628963470459, 0.49778008460998535, 0
u,0.45733073353767395, 0.4162585139274597, 0
u,0.27027153968811035, 0.5763955116271973, 0
u,0.4553264081478119, 0.5556768774986267, 0
u,0.08241858333349228, 0.49268823862075806, 0
u,0.26787039637565613, 0.6163435578346252, 0
u,0.26787054538726807, 0.49204105138778687, 0
u,0.49378159642219543, 0.9852225854992867, 0
u,0.4938342571258545, 0.031124472618103027, 0
u,0.6923916935920715, 0.031124472618103027, 0
u,0.033023733645677567, 0.5003089308738708, 0
u,0.03284372761845589, 0.6219860911369324, 0
u,0.008141775615513325, 0.6219834387302399, 0
u,0.4921201467514038, 0.039053916931152344, 0
u,0.49110692739486694, 0.9650526829063892, 0
u,0.32035815715789795, 0.965043444186449, 0
u,0.5680956244468689, 0.005893349647521973, 0
u,0.5680918097496033, 0.9983788803219795, 0
u,0.37101247906684875, 0.9983788803219795, 0
u,0.4045225977897644, 0.9842348694801331, 0
u,0.40135782957077026, 0.0523686408996582, 0
u,0.5894957184791565, 0.024857521057128906, 0
u,0.3688383400440216, 0.9946637041866779, 0
u,0.4262222945690155, 0.01910710334777832, 0
u,0.6200671195983887, 0.04839223623275757, 0
u,0.8758686780929565, 0.8804651275277138, 0
u,0.8701042532920837, 0.9897917862981558, 0
u,0.8505293130874634, 0.9874851461499929, 0
u,0.8527294397354126, 0.7524715065956116, 0
u,0.8505880832672119, 0.8804294243454933, 0
u,0.8273037672042847, 0.8804182186722755, 0
u,0.9300944209098816, 0.870688259601593, 0
u,0.930094301700592, 0.7463855147361755, 0
u,0.9559624195098877, 0.7463855147361755, 0
u,0.08241846412420273, 0.7412938177585602, 0
u,0.2678704261779785, 0.8649491667747498, 0
u,0.2678702175617218, 0.7406462728977203, 0
u,0.45390936732292175, 0.7244827747344971, 0
u,0.269284725189209, 0.8649557828903198, 0
u,0.45466241240501404, 0.8649995923042297, 0
u,0.3968236744403839, 0.8889382556080818, 0
u,0.3968120813369751, 0.04564189910888672, 0
u,0.5723068118095398, 0.04564189910888672, 0
u,0.4276374578475952, 0.9797762483358383, 0
u,0.4276283383369446, 0.030543148517608643, 0
u,0.6251698136329651, 0.030541539192199707, 0
u,0.8839552402496338, 0.5014106035232544, 0
u,0.9272567629814148, 0.5015833377838135, 0
u,0.9057574272155762, 0.5047043561935425, 0
u,0.7725591659545898, 0.9919077306985855, 0
u,0.9619000554084778, 0.03838515281677246, 0
u,0.9619036316871643, 0.9919077306985855, 0
u,0.48802313208580017, 0.9751653522253036, 0
u,0.6825647354125977, 0.04036146402359009, 0
u,0.6825639009475708, 0.9751653522253036, 0
u,0.055770087987184525, 0.4922372102737427, 0
u,0.08163147419691086, 0.49771976470947266, 0
u,0.05577026680111885, 0.49771976470947266, 0
u,0.39001601934432983, 0.9355087131261826, 0
u,0.5784740447998047, 0.03441286087036133, 0
u,0.5775440335273743, 0.9355178028345108, 0
u,0.4037437438964844, 0.9869382102042437, 0
u,0.6047720313072205, 0.020914077758789062, 0
u,0.6047831773757935, 0.9869396705180407, 0
u,0.6947934627532959, 0.05792206525802612, 0
u,0.5100798606872559, 0.9881167858839035, 0
u,0.5100806951522827, 0.05792206525802612, 0
u,0.9300941824913025, 0.9949909802526236, 0
u,0.9559630155563354, 0.8706884384155273, 0
u,0.9559627771377563, 0.9949911292642355, 0
u,0.4544697105884552, 0.9949909802526236, 0
u,0.4548262357711792, 0.9898991044610739, 0
u,0.2693743407726288, 0.989258473739028, 0
u,0.2682305574417114, 0.99434376321733, 0
u,0.26787060499191284, 0.9892518874257803, 0
u,0.08241888135671616, 0.9898994322866201, 0
u,0.0325726754963398, 0.8706534504890442, 0
u,0.007754643447697163, 0.9949872251600027, 0
u,0.007883151061832905, 0.8706521987915039, 0
u,0.08241885155439377, 0.8655965924263, 0
u,0.08241888135671616, 0.9898994322866201, 0
u,0.26787060499191284, 0.9892518874257803, 0
u,0.45466241240501404, 0.8649995923042297, 0
u,0.269284725189209, 0.8649557828903198, 0
u,0.2693743407726288, 0.989258473739028, 0
u,0.8505880832672119, 0.8804294243454933, 0
u,0.8290594220161438, 0.9898882266134024, 0
u,0.8273037672042847, 0.8804182186722755, 0
u,0.8763145208358765, 0.49651986360549927, 0
u,0.8527244925498962, 0.6244956254959106, 0
u,0.8527164459228516, 0.49651992321014404, 0
u,0.8484817147254944, 0.9949910398572683, 0
u,0.8505293130874634, 0.9874851461499929, 0
u,0.8701042532920837, 0.9897917862981558, 0
u,0.031085986644029617, 0.49168217182159424, 0
u,0.033023733645677567, 0.5003089308738708, 0
u,0.008545984514057636, 0.49751949310302734, 0
u,0.4938342571258545, 0.031124472618103027, 0
u,0.3178086280822754, 0.985217995941639, 0
u,0.31919065117836, 0.05100369453430176, 0
u,0.996362566947937, 0.947641134262085, 0
u,0.9916520714759827, 0.5331540107727051, 0
u,0.012407959438860416, 0.5368204712867737, 0
u,0.9945593476295471, 0.10584652423858643, 0
u,0.011723332107067108, 0.10537540912628174, 0
u,0.010239832103252411, 0.5428626537322998, 0
u,0.9727979898452759, 0.10604751110076904, 0
u,0.0005253637209534645, 0.1048399806022644, 0
u,0.009181030094623566, 0.5416977405548096, 0
u,0.9921953678131104, 0.9521278776228428, 0
u,0.9876623749732971, 0.5355238914489746, 0
u,0.010122062638401985, 0.5371777415275574, 0
u,0.41421177983283997, 0.9804730750620365, 0
u,0.609069287776947, 0.04407292604446411, 0
u,0.6090824007987976, 0.9804717041552067, 0
u,0.7024223208427429, 0.019748032093048096, 0
u,0.5122921466827393, 0.9772081729024649, 0
u,0.5122976899147034, 0.019748032093048096, 0
u,0.4350581467151642, 0.9746550098061562, 0
u,0.6492050886154175, 0.026468992233276367, 0
u,0.632445752620697, 0.9746483936905861, 0
u,0.6303461194038391, 0.016373872756958008, 0
u,0.4349442422389984, 0.9942441359162331, 0
u,0.43613898754119873, 0.016367077827453613, 0
u,0.930094301700592, 0.7463855147361755, 0
u,0.9559628963470459, 0.6220826208591461, 0
u,0.9559624195098877, 0.7463855147361755, 0
u,0.8763302564620972, 0.7524711787700653, 0
u,0.8505880832672119, 0.8804294243454933, 0
u,0.8527294397354126, 0.7524715065956116, 0
u,0.8527244925498962, 0.6244956254959106, 0
u,0.827319860458374, 0.7524713575839996, 0
u,0.8273119926452637, 0.6244956254959106, 0
u,0.4553264081478119, 0.5556768774986267, 0
u,0.27027153968811035, 0.5763955116271973, 0
u,0.2692132294178009, 0.7342458665370941, 0
u,0.08241861313581467, 0.6169909238815308, 0
u,0.08241846412420273, 0.7412938177585602, 0
u,0.2678702175617218, 0.7406462728977203, 0
u,0.4912513494491577, 0.007700502872467041, 0
u,0.3083527982234955, 0.9940685331821442, 0
u,0.30937108397483826, 0.007690548896789551, 0
u,0.03284372761845589, 0.6219860911369324, 0
u,0.008011658675968647, 0.7463175058364868, 0
u,0.008141775615513325, 0.6219834387302399, 0
u,0.49110692739486694, 0.9650526829063892, 0
u,0.6847777962684631, 0.03906106948852539, 0
u,0.6838181018829346, 0.9650619514286518, 0
u,0.9762786030769348, 0.10565882921218872, 0
u,0.00036079692654311657, 0.10401690006256104, 0
u,0.0026525347493588924, 0.538502424955368, 0
u,0.9956607818603516, 0.9498852230608463, 0
u,0.9885479211807251, 0.5326398015022278, 0
u,0.013802530243992805, 0.5368195176124573, 0
u,0.990676999092102, 0.9521081894636154, 0
u,0.988733172416687, 0.5385938882827759, 0
u,0.014697372913360596, 0.5434372425079346, 0
u,0.9713683128356934, 0.10914218425750732, 0
u,0.003530563786625862, 0.10805964469909668, 0
u,0.007117510307580233, 0.5408448874950409, 0
u,0.7467916011810303, 0.025548100471496582, 0
u,0.5565102100372314, 0.9837783873081207, 0
u,0.5565134286880493, 0.025548100471496582, 0
u,0.6164986491203308, 0.01812279224395752, 0
u,0.4360717535018921, 0.9911667704582214, 0
u,0.43707579374313354, 0.01811397075653076, 0
u,0.0327010340988636, 0.7463187575340271, 0
u,0.007883151061832905, 0.8706521987915039, 0
u,0.008011658675968647, 0.7463175058364868, 0
u,0.49023330211639404, 0.9940775036811829, 0
u,0.6965258121490479, 0.007710456848144531, 0
u,0.6955091953277588, 0.9940883815288544, 0
u,0.4480881989002228, 0.9733867943286896, 0
u,0.6388354301452637, 0.05693387985229492, 0
u,0.6388115882873535, 0.9733867943286896, 0
u,0.4500868320465088, 0.9826302286237478, 0
u,0.6396515369415283, 0.028009533882141113, 0
u,0.6396454572677612, 0.9826315399259329, 0
u,0.8527164459228516, 0.49651992321014404, 0
u,0.8273119926452637, 0.6244956254959106, 0
u,0.8273038864135742, 0.49651992321014404, 0
u,0.8763227462768555, 0.6244955956935883, 0
u,0.8527294397354126, 0.7524715065956116, 0
u,0.8527244925498962, 0.6244956254959106, 0
u,0.9300942420959473, 0.6220827698707581, 0
u,0.9559628963470459, 0.49778008460998535, 0
u,0.9559628963470459, 0.6220826208591461, 0
u,0.45733073353767395, 0.4162585139274597, 0
u,0.27131545543670654, 0.4344913959503174, 0
u,0.27027153968811035, 0.5763955116271973, 0
u,0.08241858333349228, 0.49268823862075806, 0
u,0.08241861313581467, 0.6169909238815308, 0
u,0.26787039637565613, 0.6163435578346252, 0
u,0.49378159642219543, 0.9852225854992867, 0
u,0.6923916935920715, 0.031124472618103027, 0
u,0.6923914551734924, 0.985229916870594, 0
u,0.033023733645677567, 0.5003089308738708, 0
u,0.008141775615513325, 0.6219834387302399, 0
u,0.008545984514057636, 0.49751949310302734, 0
u,0.4921201467514038, 0.039053916931152344, 0
u,0.32035815715789795, 0.965043444186449, 0
u,0.32142090797424316, 0.039049625396728516, 0
u,0.5680956244468689, 0.005893349647521973, 0
u,0.37101247906684875, 0.9983788803219795, 0
u,0.3710153102874756, 0.005893349647521973, 0
u,0.4045225977897644, 0.9842348694801331, 0
u,0.5894957184791565, 0.024857521057128906, 0
u,0.6084378361701965, 0.9841122627258301, 0
u,0.3688383400440216, 0.9946637041866779, 0
u,0.6200671195983887, 0.04839223623275757, 0
u,0.6222987771034241, 0.9950494654476643, 0
u,0.8758686780929565, 0.8804651275277138, 0
u,0.8505293130874634, 0.9874851461499929, 0
u,0.8505880832672119, 0.8804294243454933, 0
u,0.8527294397354126, 0.7524715065956116, 0
u,0.8273037672042847, 0.8804182186722755, 0
u,0.827319860458374, 0.7524713575839996, 0
u,0.9300944209098816, 0.870688259601593, 0
u,0.9559624195098877, 0.7463855147361755, 0
u,0.9559630155563354, 0.8706884384155273, 0
u,0.08241846412420273, 0.7412938177585602, 0
u,0.08241885155439377, 0.8655965924263, 0
u,0.2678704261779785, 0.8649491667747498, 0
u,0.45390936732292175, 0.7244827747344971, 0
u,0.2692132294178009, 0.7342458665370941, 0
u,0.269284725189209, 0.8649557828903198, 0
u,0.3968236744403839, 0.8889382556080818, 0
u,0.5723068118095398, 0.04564189910888672, 0
u,0.5723187327384949, 0.8889376297593117, 0
u,0.4276374578475952, 0.9797762483358383, 0
u,0.6251698136329651, 0.030541539192199707, 0
u,0.625180721282959, 0.9797762483358383, 0
