v,-0.00011400006769690663, 0.001512987189926207, -0.0021692400332540274
v,-0.00011400006769690663, 0.001494533964432776, -0.001947588985785842
v,-0.00011400006769690663, 0.0012363912537693977, -0.0017513250932097435
v,-0.0001140000022132881, 0.0014171377988532186, 0.0007754761609248817
v,-0.00011399998766137287, 0.0014568695332854986, 0.0008806766709312797
v,-0.00011400002404116094, 0.0010173877235502005, 0.0007051458233036101
v,-0.00011399998766137287, 0.0014568695332854986, 0.0008806766709312797
v,-0.00011399998038541526, 0.0013618493685498834, 0.0011841168161481619
v,-0.00011400002404116094, 0.0010173877235502005, 0.0007051458233036101
v,-0.00011399998038541526, 0.0013618493685498834, 0.0011841168161481619
v,-0.00011399996583350003, 0.001172162708826363, 0.0015584463253617287
v,-0.00011400003859307617, 0.0008584567112848163, 0.0008598108543083072
v,-0.00011399996583350003, 0.001172162708826363, 0.0015584463253617287
v,-0.00011399995855754241, 0.0009790871990844607, 0.0018771368777379394
v,-0.00011400004586903378, 0.0001486888068029657, 0.0011623813770711422
v,-0.0001139999512815848, 0.0007403610507026315, 0.00218093185685575
v,-0.00011399994400562719, 0.0008581195725128055, 0.00245058280415833
v,-0.00011399993672966957, 0.00022252005874179304, 0.0023795233573764563
v,-0.00011399996583350003, 0.001172162708826363, 0.0015584463253617287
v,-0.00011400004586903378, 0.0001486888068029657, 0.0011623813770711422
v,-0.00011400003859307617, 0.0008584567112848163, 0.0008598108543083072
v,-0.00011399995855754241, 0.0009790871990844607, 0.0018771368777379394
v,-0.0001139999512815848, 0.0007403610507026315, 0.00218093185685575
v,-0.00011400004586903378, 0.0001486888068029657, 0.0011623813770711422
v,-0.00011400001676520333, 0.0011124077718704939, 0.0005534045631065965
v,-0.0001140000022132881, 0.0014171377988532186, 0.0007754761609248817
v,-0.00011400002404116094, 0.0010173877235502005, 0.0007051458233036101
v,-0.0001139999512815848, 0.0007403610507026315, 0.00218093185685575
v,-0.00011399993672966957, 0.00022252005874179304, 0.0023795233573764563
v,-0.00011400004586903378, 0.0001486888068029657, 0.0011623813770711422
v,-0.00011399993672966957, 0.00022252005874179304, 0.0023795233573764563
v,-0.00011399993672966957, -6.721352110616863e-05, 0.002339791739359498
v,-0.00011400004586903378, 0.0001486888068029657, 0.0011623813770711422
v,-0.00011399993672966957, -6.721352110616863e-05, 0.002339791739359498
v,-0.00011399993672966957, -0.00031388946808874607, 0.002262652385979891
v,-0.00011400004586903378, 0.0001486888068029657, 0.0011623813770711422
v,-0.00011399993672966957, -0.00031388946808874607, 0.002262652385979891
v,-0.00011399994400562719, -0.0005681207403540611, 0.0020938192028552294
v,-0.00011400004586903378, 0.0001486888068029657, 0.0011623813770711422
v,-0.00011399994400562719, -0.0005681207403540611, 0.0020938192028552294
v,-0.0001139999512815848, -0.0007825216744095087, 0.0019102836959064007
v,-0.00011400004586903378, 0.0001486888068029657, 0.0011623813770711422
v,-0.0001139999512815848, -0.0007825216744095087, 0.0019102836959064007
v,-0.00011399995855754241, -0.0009658877970650792, 0.001723359222523868
v,-0.00011399996583350003, -0.0009190704440698028, 0.0016507128020748496
v,-0.00011399996583350003, -0.0009190704440698028, 0.0016507128020748496
v,-0.00011399998038541526, -0.0011026059510186315, 0.0015224273083731532
v,-0.00011399998766137287, -0.0011853239266201854, 0.0013666135491803288
v,-0.00011399998766137287, -0.0011853239266201854, 0.0013666135491803288
v,-0.0001140000022132881, -0.001219405559822917, 0.0011999019188806415
v,-0.00011399996583350003, -0.0009190704440698028, 0.0016507128020748496
v,-0.0001140000022132881, -0.001219405559822917, 0.0011999019188806415
v,-0.00011400001676520333, -0.0012345326831564307, 0.0007379376329481602
v,-0.00011400002404116094, -0.0010595482308417559, 0.0007420525653287768
v,-0.00011400002404116094, -0.0010595482308417559, 0.0007420525653287768
v,-0.00011400003859307617, -0.0012327765580266714, 0.000570709235034883
v,-0.00011400004586903378, -0.0011811763979494572, 0.00014129886403679848
v,-0.0001140000022132881, -0.001219405559822917, 0.0011999019188806415
v,-0.00011400002404116094, -0.0010595482308417559, 0.0007420525653287768
v,-0.00011399996583350003, -0.0009190704440698028, 0.0016507128020748496
v,-0.0001139999512815848, -0.0007825216744095087, 0.0019102836959064007
v,-0.00011399996583350003, -0.0009190704440698028, 0.0016507128020748496
v,-0.00011400004586903378, 0.0001486888068029657, 0.0011623813770711422
v,-0.00011400002404116094, -0.0010595482308417559, 0.0007420525653287768
v,-0.00011400004586903378, -0.0011811763979494572, 0.00014129886403679848
v,-0.00011400006042094901, -0.0007834092248231173, -0.00011844106484204531
v,-0.00011400004586903378, -0.0011811763979494572, 0.00014129886403679848
v,-0.0001140000531449914, -0.001016263384371996, -0.0004885043017566204
v,-0.00011400006042094901, -0.0007834092248231173, -0.00011844106484204531
v,-0.00011400006042094901, -0.0007834092248231173, -0.00011844106484204531
v,-0.00011400006769690663, -0.0007383152842521667, -0.00037338980473577976
v,-0.00011400006042094901, 0.0009380838600918651, -4.462793003767729e-05
v,-0.00011400006769690663, -0.0007383152842521667, -0.00037338980473577976
v,-0.00011400006769690663, -0.000695257680490613, -0.0005271672271192074
v,-0.00011400006769690663, -0.0006275955820456147, -0.0005948295583948493
v,-0.00011399996583350003, -0.0009190704440698028, 0.0016507128020748496
v,-0.00011400002404116094, -0.0010595482308417559, 0.0007420525653287768
v,-0.00011400004586903378, 0.0001486888068029657, 0.0011623813770711422
v,-0.00011400004586903378, 0.0001486888068029657, 0.0011623813770711422
v,-0.00011400002404116094, -0.0010595482308417559, 0.0007420525653287768
v,-0.0001140000531449914, 0.0001867620594566688, 0.0008339816704392433
v,-0.00011400003859307617, 0.0008584567112848163, 0.0008598108543083072
v,-0.00011400002404116094, 0.0010173877235502005, 0.0007051458233036101
v,-0.00011399998038541526, 0.0013618493685498834, 0.0011841168161481619
v,-0.00011400002404116094, -0.0010595482308417559, 0.0007420525653287768
v,-0.00011400006042094901, -0.0007834092248231173, -0.00011844106484204531
v,-0.0001140000531449914, 0.0001867620594566688, 0.0008339816704392433
v,-0.00011400006769690663, -0.0007383152842521667, -0.00037338980473577976
v,-0.00011400006769690663, -0.0006275955820456147, -0.0005948295583948493
v,-0.00011400006042094901, 0.0009380838600918651, -4.462793003767729e-05
v,-0.0001140000531449914, 0.0001867620594566688, 0.0008339816704392433
v,-0.00011400006042094901, -0.0007834092248231173, -0.00011844106484204531
v,-0.00011400006042094901, 0.0009380838600918651, -4.462793003767729e-05
v,-0.00011400006769690663, 0.0010775229893624783, -0.00025036779697984457
v,-0.00011400006042094901, 0.0009380838600918651, -4.462793003767729e-05
v,-0.00011400006769690663, 0.0008179127471521497, -0.0009577444288879633
v,-0.00011400006769690663, -0.0006275955820456147, -0.0005948295583948493
v,-0.00011400006769690663, -0.0006214444292709231, -0.0009577444288879633
v,-0.00011400006769690663, 0.0008179127471521497, -0.0009577444288879633
v,-0.00011400006769690663, -0.000695257680490613, -0.0012777531519532204
v,-0.00011400006769690663, -0.000842883950099349, -0.001302163815125823
v,-0.00011400006769690663, -0.0010520213982090354, -0.0017513250932097435
v,-0.00011400006769690663, 0.0010775229893624783, -0.00025036779697984457
v,-0.00011400006769690663, 0.0010762588353827596, -0.0007855135481804609
v,-0.00011400006769690663, 0.0011451849713921547, -0.0003856919938698411
v,-0.00011400006769690663, 0.0010762588353827596, -0.0007855135481804609
v,-0.00011400006769690663, 0.0010775229893624783, -0.00025036779697984457
v,-0.00011400006769690663, 0.0008179127471521497, -0.0009577444288879633
v,-0.00011400006769690663, -0.0006214444292709231, -0.0009577444288879633
v,-0.00011400006769690663, -0.000695257680490613, -0.0012777531519532204
v,-0.00011400006769690663, 0.0008179127471521497, -0.0009577444288879633
v,-0.00011400006769690663, -0.0006275955820456147, -0.0005948295583948493
v,-0.00011400006769690663, 0.0008179127471521497, -0.0009577444288879633
v,-0.00011400006042094901, 0.0009380838600918651, -4.462793003767729e-05
v,-0.00011400006769690663, 0.0011500720866024494, -0.0006624916568398476
v,-0.00011400006769690663, 0.001175940502434969, -0.000496411812491715
v,-0.00011400006769690663, 0.0011451849713921547, -0.0003856919938698411
v,-0.00011400006769690663, 0.000959387980401516, -0.000908535672351718
v,-0.00011400006769690663, 0.0010762588353827596, -0.0007855135481804609
v,-0.00011400006769690663, 0.0008179127471521497, -0.0009577444288879633
v,-0.00011400006769690663, 0.0010762588353827596, -0.0007855135481804609
v,-0.00011400006769690663, 0.0011500720866024494, -0.0006624916568398476
v,-0.00011400006769690663, 0.0011451849713921547, -0.0003856919938698411
v,-0.00011400006769690663, -0.0010520213982090354, -0.0017513250932097435
v,-0.00011400006769690663, -0.0012796120718121529, -0.001947588985785842
v,-0.00011400006769690663, -0.0012919142609462142, -0.0021692400332540274
v,-0.00011400006769690663, 0.0008179127471521497, -0.0009577444288879633
v,-0.00011400006769690663, -0.000695257680490613, -0.0012777531519532204
v,-0.00011400006769690663, 0.0009163303766399622, -0.0012777531519532204
v,-0.00011400006769690663, -0.000695257680490613, -0.0012777531519532204
v,-0.00011400006769690663, -0.0010520213982090354, -0.0017513250932097435
v,-0.00011400006769690663, 0.0012363912537693977, -0.0017513250932097435
v,-0.00011400006769690663, 0.0009163303766399622, -0.0012777531519532204
v,-0.00011400006769690663, -0.000695257680490613, -0.0012777531519532204
v,-0.00011400006769690663, 0.0012363912537693977, -0.0017513250932097435
v,-0.00011400006769690663, 0.0012363912537693977, -0.0017513250932097435
v,-0.00011400006769690663, 0.0010578057263046503, -0.001302163815125823
v,-0.00011400006769690663, 0.0009163303766399622, -0.0012777531519532204
v,-0.00011400006769690663, -0.0010520213982090354, -0.0017513250932097435
v,-0.00011400006769690663, -0.0012919142609462142, -0.0021692400332540274
v,-0.00011400006769690663, 0.0012363912537693977, -0.0017513250932097435
v,-0.00011400006769690663, -0.0012919142609462142, -0.0021692400332540274
v,-0.00011400006769690663, 0.001512987189926207, -0.0021692400332540274
v,-0.00011400006769690663, 0.0012363912537693977, -0.0017513250932097435
n,671.7391357421875, -4.0088647679237255e-11, -3.637978807091713e-12
n,671.7391357421875, -4.0088647679237255e-11, -3.637978807091713e-12
n,671.7391357421875, -4.0088647679237255e-11, -3.637978807091713e-12
n,671.7391357421875, -2.885076537495479e-05, -6.825481978012249e-05
n,671.7391357421875, -2.885076537495479e-05, -6.825481978012249e-05
n,671.7391357421875, -2.885076537495479e-05, -6.825481978012249e-05
n,671.7391357421875, -4.050689312862232e-05, -3.9071019273251295e-05
n,671.7391357421875, -4.050689312862232e-05, -3.9071019273251295e-05
n,671.7391357421875, -4.050689312862232e-05, -3.9071019273251295e-05
n,671.7391357421875, -5.039917232352309e-05, -4.52518361271359e-05
n,671.7391357421875, -5.039917232352309e-05, -4.52518361271359e-05
n,671.7391357421875, -5.039917232352309e-05, -4.52518361271359e-05
n,671.7391357421875, -3.6293968150857836e-05, -4.22832636104431e-05
n,671.7391357421875, -3.6293968150857836e-05, -4.22832636104431e-05
n,671.7391357421875, -3.6293968150857836e-05, -4.22832636104431e-05
n,671.7391357421875, 5.736680122936377e-06, -1.7132257198682055e-05
n,671.7391357421875, 5.736680122936377e-06, -1.7132257198682055e-05
n,671.7391357421875, 5.736680122936377e-06, -1.7132257198682055e-05
n,671.7391357421875, -3.193713928340003e-05, -5.3541778470389545e-05
n,671.7391357421875, -3.193713928340003e-05, -5.3541778470389545e-05
n,671.7391357421875, -3.193713928340003e-05, -5.3541778470389545e-05
n,671.7391357421875, -3.438945714151487e-05, -4.4495915062725544e-05
n,671.7391357421875, -3.438945714151487e-05, -4.4495915062725544e-05
n,671.7391357421875, -3.438945714151487e-05, -4.4495915062725544e-05
n,671.7391357421875, -4.516658009379171e-05, 2.4482535081915557e-05
n,671.7391357421875, -4.516658009379171e-05, 2.4482535081915557e-05
n,671.7391357421875, -4.516658009379171e-05, 2.4482535081915557e-05
n,671.7391357421875, -1.0155848030990455e-05, -5.857313226442784e-05
n,671.7391357421875, -1.0155848030990455e-05, -5.857313226442784e-05
n,671.7391357421875, -1.0155848030990455e-05, -5.857313226442784e-05
n,671.7391357421875, 1.103910653910134e-05, -5.9858801250811666e-05
n,671.7391357421875, 1.103910653910134e-05, -5.9858801250811666e-05
n,671.7391357421875, 1.103910653910134e-05, -5.9858801250811666e-05
n,671.7391357421875, 1.515789426775882e-05, -5.910353866056539e-05
n,671.7391357421875, 1.515789426775882e-05, -5.910353866056539e-05
n,671.7391357421875, 1.515789426775882e-05, -5.910353866056539e-05
n,671.7391357421875, 2.6523435735725798e-05, -5.432521356851794e-05
n,671.7391357421875, 2.6523435735725798e-05, -5.432521356851794e-05
n,671.7391357421875, 2.6523435735725798e-05, -5.432521356851794e-05
n,671.7391357421875, 2.7478807169245556e-05, -5.3589988965541124e-05
n,671.7391357421875, 2.7478807169245556e-05, -5.3589988965541124e-05
n,671.7391357421875, 2.7478807169245556e-05, -5.3589988965541124e-05
n,671.7391357421875, 3.730405296664685e-05, -6.49903595331125e-05
n,671.7391357421875, 3.730405296664685e-05, -6.49903595331125e-05
n,671.7391357421875, 3.730405296664685e-05, -6.49903595331125e-05
n,671.7391357421875, -6.8169738369761035e-06, -4.776762943947688e-05
n,671.7391357421875, -6.8169738369761035e-06, -4.776762943947688e-05
n,671.7391357421875, -6.8169738369761035e-06, -4.776762943947688e-05
n,671.7391357421875, -5.744723694078857e-06, -4.877252649748698e-05
n,671.7391357421875, -5.744723694078857e-06, -4.877252649748698e-05
n,671.7391357421875, -5.744723694078857e-06, -4.877252649748698e-05
n,671.7391357421875, 4.6216326154535636e-05, -1.9537979824235663e-05
n,671.7391357421875, 4.6216326154535636e-05, -1.9537979824235663e-05
n,671.7391357421875, 4.6216326154535636e-05, -1.9537979824235663e-05
n,671.7391357421875, -2.4756613129284233e-05, -1.803692794055678e-05
n,671.7391357421875, -2.4756613129284233e-05, -1.803692794055678e-05
n,671.7391357421875, -2.4756613129284233e-05, -1.803692794055678e-05
n,671.7391357421875, -1.6669371689204127e-05, -4.149441156187095e-05
n,671.7391357421875, -1.6669371689204127e-05, -4.149441156187095e-05
n,671.7391357421875, -1.6669371689204127e-05, -4.149441156187095e-05
n,671.7391357421875, 2.3960339603945613e-05, -5.797082121716812e-05
n,671.7391357421875, 2.3960339603945613e-05, -5.797082121716812e-05
n,671.7391357421875, 2.3960339603945613e-05, -5.797082121716812e-05
n,671.7391357421875, 7.250714133988367e-06, -2.4517110432498157e-05
n,671.7391357421875, 7.250714133988367e-06, -2.4517110432498157e-05
n,671.7391357421875, 7.250714133988367e-06, -2.4517110432498157e-05
n,671.7391357421875, 2.141921140719205e-05, -2.8194008336868137e-06
n,671.7391357421875, 2.141921140719205e-05, -2.8194008336868137e-06
n,671.7391357421875, 2.141921140719205e-05, -2.8194008336868137e-06
n,671.7391357421875, 4.0540567169955466e-07, -9.454986866330728e-06
n,671.7391357421875, 4.0540567169955466e-07, -9.454986866330728e-06
n,671.7391357421875, 4.0540567169955466e-07, -9.454986866330728e-06
n,671.7391357421875, 1.5718976120737693e-10, 6.912159733474255e-11
n,671.7391357421875, 1.5718976120737693e-10, 6.912159733474255e-11
n,671.7391357421875, 1.5718976120737693e-10, 6.912159733474255e-11
n,671.7391357421875, 2.8315089366515167e-05, -4.844895374844782e-05
n,671.7391357421875, 2.8315089366515167e-05, -4.844895374844782e-05
n,671.7391357421875, 2.8315089366515167e-05, -4.844895374844782e-05
n,671.7391357421875, 1.6421028703916818e-05, -1.4259418094297871e-05
n,671.7391357421875, 1.6421028703916818e-05, -1.4259418094297871e-05
n,671.7391357421875, 1.6421028703916818e-05, -1.4259418094297871e-05
n,671.7391357421875, -6.635872705373913e-05, -2.047914676950313e-05
n,671.7391357421875, -6.635872705373913e-05, -2.047914676950313e-05
n,671.7391357421875, -6.635872705373913e-05, -2.047914676950313e-05
n,671.7391357421875, 1.6948104530456476e-05, -2.140514516213443e-05
n,671.7391357421875, 1.6948104530456476e-05, -2.140514516213443e-05
n,671.7391357421875, 1.6948104530456476e-05, -2.140514516213443e-05
n,671.7391357421875, -1.3194487564760493e-06, -6.597329047508538e-07
n,671.7391357421875, -1.3194487564760493e-06, -6.597329047508538e-07
n,671.7391357421875, -1.3194487564760493e-06, -6.597329047508538e-07
n,671.7391357421875, 1.8567411075309792e-07, -4.330342562752776e-06
n,671.7391357421875, 1.8567411075309792e-07, -4.330342562752776e-06
n,671.7391357421875, 1.8567411075309792e-07, -4.330342562752776e-06
n,671.7391357421875, 1.1299622201477177e-05, -4.147019353695214e-06
n,671.7391357421875, 1.1299622201477177e-05, -4.147019353695214e-06
n,671.7391357421875, 1.1299622201477177e-05, -4.147019353695214e-06
n,671.7391357421875, 4.85436257163796e-12, 3.637978807091713e-12
n,671.7391357421875, 4.85436257163796e-12, 3.637978807091713e-12
n,671.7391357421875, 4.85436257163796e-12, 3.637978807091713e-12
n,671.7391357421875, 8.540213675134467e-11, -7.275957614183426e-11
n,671.7391357421875, 8.540213675134467e-11, -7.275957614183426e-11
n,671.7391357421875, 8.540213675134467e-11, -7.275957614183426e-11
n,671.7391357421875, -5.451636364561807e-11, -7.275957614183426e-12
n,671.7391357421875, -5.451636364561807e-11, -7.275957614183426e-12
n,671.7391357421875, -5.451636364561807e-11, -7.275957614183426e-12
n,671.7391357421875, 0.0, -7.275957614183426e-12
n,671.7391357421875, 0.0, -7.275957614183426e-12
n,671.7391357421875, 0.0, -7.275957614183426e-12
n,671.7391357421875, 5.023509819929162e-12, 7.275957614183426e-12
n,671.7391357421875, 5.023509819929162e-12, 7.275957614183426e-12
n,671.7391357421875, 5.023509819929162e-12, 7.275957614183426e-12
n,671.7391357421875, -6.46449393570947e-07, -2.5748522602953017e-06
n,671.7391357421875, -6.46449393570947e-07, -2.5748522602953017e-06
n,671.7391357421875, -6.46449393570947e-07, -2.5748522602953017e-06
n,671.7391357421875, -1.8140500213092992e-10, -2.9103830456733704e-11
n,671.7391357421875, -1.8140500213092992e-10, -2.9103830456733704e-11
n,671.7391357421875, -1.8140500213092992e-10, -2.9103830456733704e-11
n,671.7391357421875, -2.4819436436618325e-11, 1.8189894035458565e-11
n,671.7391357421875, -2.4819436436618325e-11, 1.8189894035458565e-11
n,671.7391357421875, -2.4819436436618325e-11, 1.8189894035458565e-11
n,671.7391357421875, 5.5006377924771144e-11, -2.3646862246096134e-11
n,671.7391357421875, 5.5006377924771144e-11, -2.3646862246096134e-11
n,671.7391357421875, 5.5006377924771144e-11, -2.3646862246096134e-11
n,671.7391357421875, 6.02176156161427e-11, -1.8189894035458565e-11
n,671.7391357421875, 6.02176156161427e-11, -1.8189894035458565e-11
n,671.7391357421875, 6.02176156161427e-11, -1.8189894035458565e-11
n,671.7391357421875, 2.2044800880582915e-12, 1.8189894035458565e-11
n,671.7391357421875, 2.2044800880582915e-12, 1.8189894035458565e-11
n,671.7391357421875, 2.2044800880582915e-12, 1.8189894035458565e-11
n,671.7391357421875, 1.552479607543067e-12, -7.275957614183426e-12
n,671.7391357421875, 1.552479607543067e-12, -7.275957614183426e-12
n,671.7391357421875, 1.552479607543067e-12, -7.275957614183426e-12
n,671.7391357421875, 2.2044800880582915e-12, -3.637978807091713e-12
n,671.7391357421875, 2.2044800880582915e-12, -3.637978807091713e-12
n,671.7391357421875, 2.2044800880582915e-12, -3.637978807091713e-12
n,671.7391357421875, -3.141552643026735e-11, -2.7284841053187847e-11
n,671.7391357421875, -3.141552643026735e-11, -2.7284841053187847e-11
n,671.7391357421875, -3.141552643026735e-11, -2.7284841053187847e-11
n,671.7391357421875, 1.382539156942475e-12, 1.4551915228366852e-11
n,671.7391357421875, 1.382539156942475e-12, 1.4551915228366852e-11
n,671.7391357421875, 1.382539156942475e-12, 1.4551915228366852e-11
n,671.7391357421875, 0.0, 2.3646862246096134e-11
n,671.7391357421875, 0.0, 2.3646862246096134e-11
n,671.7391357421875, 0.0, 2.3646862246096134e-11
u,0.0, 1.0, 0
u,0.0, 1.0, 0
u,0.0, 1.0, 0
u,0.0, 1.0, 0
u,0.0, 1.0, 0
u,0.0, 1.0, 0
u,0.0, 1.0, 0
u,0.0, 1.0, 0
u,0.0, 1.0, 0
u,0.0, 1.0, 0
u,0.0, 1.0, 0
u,0.0, 1.0, 0
u,0.0, 1.0, 0
u,0.0, 1.0, 0
u,0.0, 1.0, 0
u,0.0, 1.0, 0
u,0.0, 1.0, 0
u,0.0, 1.0, 0
u,0.0, 1.0, 0
u,0.0, 1.0, 0
u,0.0, 1.0, 0
u,0.0, 1.0, 0
u,0.0, 1.0, 0
u,0.0, 1.0, 0
u,0.0, 1.0, 0
u,0.0, 1.0, 0
u,0.0, 1.0, 0
u,0.0, 1.0, 0
u,0.0, 1.0, 0
u,0.0, 1.0, 0
u,0.0, 1.0, 0
u,0.0, 1.0, 0
u,0.0, 1.0, 0
u,0.0, 1.0, 0
u,0.0, 1.0, 0
u,0.0, 1.0, 0
u,0.0, 1.0, 0
u,0.0, 1.0, 0
u,0.0, 1.0, 0
u,0.0, 1.0, 0
u,0.0, 1.0, 0
u,0.0, 1.0, 0
u,0.0, 1.0, 0
u,0.0, 1.0, 0
u,0.0, 1.0, 0
u,0.0, 1.0, 0
u,0.0, 1.0, 0
u,0.0, 1.0, 0
u,0.0, 1.0, 0
u,0.0, 1.0, 0
u,0.0, 1.0, 0
u,0.0, 1.0, 0
u,0.0, 1.0, 0
u,0.0, 1.0, 0
u,0.0, 1.0, 0
u,0.0, 1.0, 0
u,0.0, 1.0, 0
u,0.0, 1.0, 0
u,0.0, 1.0, 0
u,0.0, 1.0, 0
u,0.0, 1.0, 0
u,0.0, 1.0, 0
u,0.0, 1.0, 0
u,0.0, 1.0, 0
u,0.0, 1.0, 0
u,0.0, 1.0, 0
u,0.0, 1.0, 0
u,0.0, 1.0, 0
u,0.0, 1.0, 0
u,0.0, 1.0, 0
u,0.0, 1.0, 0
u,0.0, 1.0, 0
u,0.0, 1.0, 0
u,0.0, 1.0, 0
u,0.0, 1.0, 0
u,0.0, 1.0, 0
u,0.0, 1.0, 0
u,0.0, 1.0, 0
u,0.0, 1.0, 0
u,0.0, 1.0, 0
u,0.0, 1.0, 0
u,0.0, 1.0, 0
u,0.0, 1.0, 0
u,0.0, 1.0, 0
u,0.0, 1.0, 0
u,0.0, 1.0, 0
u,0.0, 1.0, 0
u,0.0, 1.0, 0
u,0.0, 1.0, 0
u,0.0, 1.0, 0
u,0.0, 1.0, 0
u,0.0, 1.0, 0
u,0.0, 1.0, 0
u,0.0, 1.0, 0
u,0.0, 1.0, 0
u,0.0, 1.0, 0
u,0.0, 1.0, 0
u,0.0, 1.0, 0
u,0.0, 1.0, 0
u,0.0, 1.0, 0
u,0.0, 1.0, 0
u,0.0, 1.0, 0
u,0.0, 1.0, 0
u,0.0, 1.0, 0
u,0.0, 1.0, 0
u,0.0, 1.0, 0
u,0.0, 1.0, 0
u,0.0, 1.0, 0
u,0.0, 1.0, 0
u,0.0, 1.0, 0
u,0.0, 1.0, 0
u,0.0, 1.0, 0
u,0.0, 1.0, 0
u,0.0, 1.0, 0
u,0.0, 1.0, 0
u,0.0, 1.0, 0
u,0.0, 1.0, 0
u,0.0, 1.0, 0
u,0.0, 1.0, 0
u,0.0, 1.0, 0
u,0.0, 1.0, 0
u,0.0, 1.0, 0
u,0.0, 1.0, 0
u,0.0, 1.0, 0
u,0.0, 1.0, 0
u,0.0, 1.0, 0
u,0.0, 1.0, 0
u,0.0, 1.0, 0
u,0.0, 1.0, 0
u,0.0, 1.0, 0
u,0.0, 1.0, 0
u,0.0, 1.0, 0
u,0.0, 1.0, 0
u,0.0, 1.0, 0
u,0.0, 1.0, 0
u,0.0, 1.0, 0
u,0.0, 1.0, 0
u,0.0, 1.0, 0
u,0.0, 1.0, 0
u,0.0, 1.0, 0
u,0.0, 1.0, 0
u,0.0, 1.0, 0
u,0.0, 1.0, 0
u,0.0, 1.0, 0
