v,-0.00011400003131711856, 0.00038080886588431895, 0.001912881969474256
v,-0.00011400003131711856, 0.0007298721466213465, 0.0019085073145106435
v,-0.00011400003131711856, 0.0005773119628429413, 0.001173565979115665
v,-0.00011399997310945764, 0.0007318499265238643, 0.002180888783186674
v,-0.00011399997310945764, 0.0011260762112215161, 0.002180888783186674
v,-0.00011400003131711856, 0.0007298721466213465, 0.0019085073145106435
v,-0.00011399997310945764, 0.0011260762112215161, 0.002180888783186674
v,-0.00011400003131711856, 0.001126076327636838, 0.0012565659126266837
v,-0.00011400003131711856, 0.0007298721466213465, 0.0019085073145106435
v,-0.00011400003131711856, 0.001126076327636838, 0.0012565659126266837
v,-0.00011400003131711856, 0.0009770016185939312, 0.0011735657462850213
v,-0.00011400003131711856, 0.0005773119628429413, 0.001173565979115665
v,-0.00011400003131711856, 0.0005798435886390507, 0.0010815659770742059
v,-0.00011400003131711856, 0.000691235763952136, 0.0010515659814700484
v,-0.00011400003131711856, 0.0006937673897482455, 0.0009725659620016813
v,-0.00011400003131711856, 0.0006937673897482455, 0.0009725659620016813
v,-0.00011400003131711856, 0.0008152860682457685, 0.0009635659516789019
v,-0.00011400003131711856, 0.000817817694041878, 0.0007665659068152308
v,-0.00011400003131711856, 0.0006937673897482455, 0.0009725659620016813
v,-0.00011400003131711856, 0.000817817694041878, 0.0007665659068152308
v,-0.00011400003131711856, 0.000691235763952136, 0.0007445659139193594
v,-0.00011400003131711856, 0.0005798435886390507, 0.0010815659770742059
v,-0.00011400003131711856, 0.0006937673897482455, 0.0009725659620016813
v,-0.00011400003131711856, 0.000691235763952136, 0.0007445659139193594
v,-0.00011400003131711856, 0.0009432168444618583, -0.0009744343115016818
v,-0.00011400003131711856, 0.0011070045875385404, -0.0009784343419596553
v,-0.00011400003131711856, 0.0012707923306152225, -0.0015564343193545938
v,-0.00011400003131711856, 0.0005798435886390507, 0.0010815659770742059
v,-0.00011400003131711856, 0.000691235763952136, 0.0007445659139193594
v,-0.00011400003131711856, -0.0004372551338747144, 0.0010815659770742059
v,-0.00011400003131711856, 0.000691235763952136, 0.0007445659139193594
v,-0.00011400003131711856, 0.0009432168444618583, -0.0009744343115016818
v,-0.00011400003131711856, -0.0007959784124977887, -0.0009744343115016818
v,-0.00011400003131711856, -0.0005684953066520393, 0.0007445659139193594
v,-0.00011400003131711856, 0.000691235763952136, 0.0007445659139193594
v,-0.00011400003131711856, -0.0007959784124977887, -0.0009744343115016818
v,-0.00011400003131711856, 0.0012707923306152225, -0.0015564343193545938
v,-0.00011400003131711856, 0.0015794691862538457, -0.0017614344833418727
v,-0.00011400003131711856, 0.0015857687685638666, -0.0020414346363395452
v,-0.00011400003131711856, 0.0015857687685638666, -0.0020414346363395452
v,-0.00011400003131711856, -0.0014128076145425439, -0.0020414346363395452
v,-0.00011400003131711856, 0.0012707923306152225, -0.0015564343193545938
v,-0.00011400003131711856, -0.0014128076145425439, -0.0020414346363395452
v,-0.00011400003131711856, -0.0014128076145425439, -0.0017614344833418727
v,-0.00011400003131711856, -0.001124079106375575, -0.0015564343193545938
v,-0.00011400003131711856, -0.001124079106375575, -0.0015564343193545938
v,-0.00011400003131711856, -0.0009709654259495437, -0.0009784343419596553
v,-0.00011400003131711856, -0.0007959784124977887, -0.0009744343115016818
v,-0.00011400003131711856, -0.0014128076145425439, -0.0020414346363395452
v,-0.00011400003131711856, -0.001124079106375575, -0.0015564343193545938
v,-0.00011400003131711856, 0.0012707923306152225, -0.0015564343193545938
v,-0.00011400003131711856, 0.0012707923306152225, -0.0015564343193545938
v,-0.00011400003131711856, -0.001124079106375575, -0.0015564343193545938
v,-0.00011400003131711856, -0.0007959784124977887, -0.0009744343115016818
v,-0.00011400003131711856, 0.0009432168444618583, -0.0009744343115016818
v,-0.00011400003131711856, 0.0012707923306152225, -0.0015564343193545938
v,-0.00011400003131711856, -0.0007959784124977887, -0.0009744343115016818
v,-0.00011400003131711856, -0.0005684953066520393, 0.0007445659139193594
v,-0.00011400003131711856, -0.0006778621464036405, 0.0007665659068152308
v,-0.00011400003131711856, -0.0005553713417612016, 0.0009725659620016813
v,-0.00011400003131711856, -0.0006778621464036405, 0.0007665659068152308
v,-0.00011400003131711856, -0.0006691128946840763, 0.0009635659516789019
v,-0.00011400003131711856, -0.0005553713417612016, 0.0009725659620016813
v,-0.00011400003131711856, 0.000691235763952136, 0.0007445659139193594
v,-0.00011400003131711856, -0.0005684953066520393, 0.0007445659139193594
v,-0.00011400003131711856, -0.0004372551338747144, 0.0010815659770742059
v,-0.00011400003131711856, -0.0005553713417612016, 0.0009725659620016813
v,-0.00011400003131711856, -0.0005553713417612016, 0.0010515659814700484
v,-0.00011400003131711856, -0.0004372551338747144, 0.0010815659770742059
v,-0.00011400003131711856, -0.00043725507566705346, 0.0011691873660311103
v,-0.00011400003131711856, -0.0008583937888033688, 0.0011735657462850213
v,-0.00011400003131711856, -0.0009883488528430462, 0.0012565659126266837
v,-0.00011400003131711856, -0.0005684953066520393, 0.0007445659139193594
v,-0.00011400003131711856, -0.0005553713417612016, 0.0009725659620016813
v,-0.00011400003131711856, -0.0004372551338747144, 0.0010815659770742059
v,-0.00011400003131711856, -0.00043725507566705346, 0.0011691873660311103
v,-0.00011400003131711856, -0.0009883488528430462, 0.0012565659126266837
v,-0.00011400003131711856, -0.0005898591480217874, 0.0019172566244378686
v,-0.00011400003131711856, -0.0009883488528430462, 0.0012565659126266837
v,-0.00011400003131711856, -0.0009574069990776479, 0.002179737202823162
v,-0.00011400003131711856, -0.0005898591480217874, 0.0019172566244378686
v,-0.00011400003131711856, 0.0005798435886390507, 0.0010815659770742059
v,-0.00011400003131711856, -0.0004372551338747144, 0.0010815659770742059
v,-0.00011400003131711856, 0.0005773119628429413, 0.001173565979115665
v,-0.00011400003131711856, -0.0004372551338747144, 0.0010815659770742059
v,-0.00011400003131711856, -0.00043725507566705346, 0.0011691873660311103
v,-0.00011400003131711856, 0.0005773119628429413, 0.001173565979115665
v,-0.00011400003131711856, -0.0009574069990776479, 0.002179737202823162
v,-0.00011400003131711856, -0.0005846221465617418, 0.0021797369699925184
v,-0.00011400003131711856, -0.0005898591480217874, 0.0019172566244378686
v,-0.00011400003131711856, -0.00025351878139190376, 0.001912881969474256
v,-0.00011400003131711856, -0.0002491441264282912, 0.002175362315028906
v,-0.00011400003131711856, 0.00038080886588431895, 0.001912881969474256
v,-0.00011400003131711856, -0.0002491441264282912, 0.002175362315028906
v,-0.00011400003131711856, 0.00038080886588431895, 0.0021709876600652933
v,-0.00011400003131711856, 0.00038080886588431895, 0.001912881969474256
v,-0.00011400003131711856, -0.00043725507566705346, 0.0011691873660311103
v,-0.00011400003131711856, -0.0005898591480217874, 0.0019172566244378686
v,-0.00011400003131711856, -0.00025351878139190376, 0.001912881969474256
v,-0.00011400003131711856, 0.001126076327636838, 0.0012565659126266837
v,-0.00011400003131711856, 0.0005773119628429413, 0.001173565979115665
v,-0.00011400003131711856, 0.0007298721466213465, 0.0019085073145106435
v,-0.00011400003131711856, 0.0005773119628429413, 0.001173565979115665
v,-0.00011400003131711856, -0.00043725507566705346, 0.0011691873660311103
v,-0.00011400003131711856, 0.00038080886588431895, 0.001912881969474256
v,-0.00011400003131711856, 0.00038080886588431895, 0.001912881969474256
v,-0.00011400003131711856, -0.00043725507566705346, 0.0011691873660311103
v,-0.00011400003131711856, -0.00025351878139190376, 0.001912881969474256
n,-1236.200439453125, 6.285049737597692e-12, -3.2741809263825417e-11
n,-1236.200439453125, 6.285049737597692e-12, -3.2741809263825417e-11
n,-1236.200439453125, 6.285049737597692e-12, -3.2741809263825417e-11
n,-1236.200439453125, -9.848724613625848e-11, 0.00029219192219898105
n,-1236.200439453125, -9.848724613625848e-11, 0.00029219192219898105
n,-1236.200439453125, -9.848724613625848e-11, 0.00029219192219898105
n,-1236.200439453125, 0.0001416809536749497, 8.610374061390758e-05
n,-1236.200439453125, 0.0001416809536749497, 8.610374061390758e-05
n,-1236.200439453125, 0.0001416809536749497, 8.610374061390758e-05
n,-1236.200439453125, 8.73987947985766e-12, -3.41970007866621e-10
n,-1236.200439453125, 8.73987947985766e-12, -3.41970007866621e-10
n,-1236.200439453125, 8.73987947985766e-12, -3.41970007866621e-10
n,-1236.200439453125, 2.4449374816382097e-11, 6.912159733474255e-11
n,-1236.200439453125, 2.4449374816382097e-11, 6.912159733474255e-11
n,-1236.200439453125, 2.4449374816382097e-11, 6.912159733474255e-11
n,-1236.200439453125, -5.632702637647924e-12, -2.1827872842550278e-11
n,-1236.200439453125, -5.632702637647924e-12, -2.1827872842550278e-11
n,-1236.200439453125, -5.632702637647924e-12, -2.1827872842550278e-11
n,-1236.200439453125, 3.975244092235819e-11, 3.637978807091713e-12
n,-1236.200439453125, 3.975244092235819e-11, 3.637978807091713e-12
n,-1236.200439453125, 3.975244092235819e-11, 3.637978807091713e-12
n,-1236.200439453125, -3.7633538646497655e-11, 3.637978807091713e-12
n,-1236.200439453125, -3.7633538646497655e-11, 3.637978807091713e-12
n,-1236.200439453125, -3.7633538646497655e-11, 3.637978807091713e-12
n,-1236.200439453125, 1.874724507577863e-11, 3.2741809263825417e-11
n,-1236.200439453125, 1.874724507577863e-11, 3.2741809263825417e-11
n,-1236.200439453125, 1.874724507577863e-11, 3.2741809263825417e-11
n,-1236.200439453125, 2.724969035139413e-11, 2.546585164964199e-11
n,-1236.200439453125, 2.724969035139413e-11, 2.546585164964199e-11
n,-1236.200439453125, 2.724969035139413e-11, 2.546585164964199e-11
n,-1236.200439453125, 1.6341874034542236e-11, 1.8189894035458565e-11
n,-1236.200439453125, 1.6341874034542236e-11, 1.8189894035458565e-11
n,-1236.200439453125, 1.6341874034542236e-11, 1.8189894035458565e-11
n,-1236.200439453125, 2.2561726792380554e-11, 7.275957614183426e-12
n,-1236.200439453125, 2.2561726792380554e-11, 7.275957614183426e-12
n,-1236.200439453125, 2.2561726792380554e-11, 7.275957614183426e-12
n,-1236.200439453125, -2.5316793800245208e-11, -2.1827872842550278e-11
n,-1236.200439453125, -2.5316793800245208e-11, -2.1827872842550278e-11
n,-1236.200439453125, -2.5316793800245208e-11, -2.1827872842550278e-11
n,-1236.200439453125, 0.0, -1.0913936421275139e-11
n,-1236.200439453125, 0.0, -1.0913936421275139e-11
n,-1236.200439453125, 0.0, -1.0913936421275139e-11
n,-1236.200439453125, 0.0, -2.9103830456733704e-11
n,-1236.200439453125, 0.0, -2.9103830456733704e-11
n,-1236.200439453125, 0.0, -2.9103830456733704e-11
n,-1236.200439453125, 6.555012782571978e-11, -5.4569682106375694e-11
n,-1236.200439453125, 6.555012782571978e-11, -5.4569682106375694e-11
n,-1236.200439453125, 6.555012782571978e-11, -5.4569682106375694e-11
n,-1236.200439453125, 2.966934640677432e-12, -2.1827872842550278e-11
n,-1236.200439453125, 2.966934640677432e-12, -2.1827872842550278e-11
n,-1236.200439453125, 2.966934640677432e-12, -2.1827872842550278e-11
n,-1236.200439453125, 2.966934640677432e-12, -1.4551915228366852e-11
n,-1236.200439453125, 2.966934640677432e-12, -1.4551915228366852e-11
n,-1236.200439453125, 2.966934640677432e-12, -1.4551915228366852e-11
n,-1236.200439453125, 1.703535749963958e-11, 3.2741809263825417e-11
n,-1236.200439453125, 1.703535749963958e-11, 3.2741809263825417e-11
n,-1236.200439453125, 1.703535749963958e-11, 3.2741809263825417e-11
n,-1236.200439453125, -4.5395333325704e-11, 7.275957614183426e-12
n,-1236.200439453125, -4.5395333325704e-11, 7.275957614183426e-12
n,-1236.200439453125, -4.5395333325704e-11, 7.275957614183426e-12
n,-1236.200439453125, -5.932761226734584e-11, 1.8189894035458565e-11
n,-1236.200439453125, -5.932761226734584e-11, 1.8189894035458565e-11
n,-1236.200439453125, -5.932761226734584e-11, 1.8189894035458565e-11
n,-1236.200439453125, 2.256172852710403e-11, 7.275957614183426e-12
n,-1236.200439453125, 2.256172852710403e-11, 7.275957614183426e-12
n,-1236.200439453125, 2.256172852710403e-11, 7.275957614183426e-12
n,-1236.200439453125, -2.2858532774949758e-11, 6.548361852765083e-11
n,-1236.200439453125, -2.2858532774949758e-11, 6.548361852765083e-11
n,-1236.200439453125, -2.2858532774949758e-11, 6.548361852765083e-11
n,-1236.200439453125, -1.154919476026306e-11, -1.0913936421275139e-11
n,-1236.200439453125, -1.154919476026306e-11, -1.0913936421275139e-11
n,-1236.200439453125, -1.154919476026306e-11, -1.0913936421275139e-11
n,-1236.200439453125, 3.874126713876436e-11, 3.637978807091713e-12
n,-1236.200439453125, 3.874126713876436e-11, 3.637978807091713e-12
n,-1236.200439453125, 3.874126713876436e-11, 3.637978807091713e-12
n,-1236.200439453125, -1.0806242185801285e-11, 3.637978807091713e-12
n,-1236.200439453125, -1.0806242185801285e-11, 3.637978807091713e-12
n,-1236.200439453125, -1.0806242185801285e-11, 3.637978807091713e-12
n,-1236.200439453125, -1.654369523318433e-11, 7.275957614183426e-12
n,-1236.200439453125, -1.654369523318433e-11, 7.275957614183426e-12
n,-1236.200439453125, -1.654369523318433e-11, 7.275957614183426e-12
n,-1236.200439453125, 2.7943905869798336e-11, -3.637978807091713e-11
n,-1236.200439453125, 2.7943905869798336e-11, -3.637978807091713e-11
n,-1236.200439453125, 2.7943905869798336e-11, -3.637978807091713e-11
n,-1236.200439453125, 2.9597251732793595e-11, -5.820766091346741e-11
n,-1236.200439453125, 2.9597251732793595e-11, -5.820766091346741e-11
n,-1236.200439453125, 2.9597251732793595e-11, -5.820766091346741e-11
n,-1236.200439453125, -2.7956095771664025e-11, -3.637978807091713e-12
n,-1236.200439453125, -2.7956095771664025e-11, -3.637978807091713e-12
n,-1236.200439453125, -2.7956095771664025e-11, -3.637978807091713e-12
n,-1236.200439453125, 4.315199673282644e-12, 0.0
n,-1236.200439453125, 4.315199673282644e-12, 0.0
n,-1236.200439453125, 4.315199673282644e-12, 0.0
n,-1236.200439453125, 3.728373512701388e-12, 3.637978807091713e-12
n,-1236.200439453125, 3.728373512701388e-12, 3.637978807091713e-12
n,-1236.200439453125, 3.728373512701388e-12, 3.637978807091713e-12
n,-1236.200439453125, -7.605247269622251e-13, 1.0913936421275139e-11
n,-1236.200439453125, -7.605247269622251e-13, 1.0913936421275139e-11
n,-1236.200439453125, -7.605247269622251e-13, 1.0913936421275139e-11
n,-1236.200439453125, -4.046218568531934e-11, -1.8189894035458565e-11
n,-1236.200439453125, -4.046218568531934e-11, -1.8189894035458565e-11
n,-1236.200439453125, -4.046218568531934e-11, -1.8189894035458565e-11
n,-1236.200439453125, 2.9450240857098464e-11, -2.9103830456733704e-11
n,-1236.200439453125, 2.9450240857098464e-11, -2.9103830456733704e-11
n,-1236.200439453125, 2.9450240857098464e-11, -2.9103830456733704e-11
n,-1236.200439453125, 6.0920457047031196e-12, 3.637978807091713e-12
n,-1236.200439453125, 6.0920457047031196e-12, 3.637978807091713e-12
n,-1236.200439453125, 6.0920457047031196e-12, 3.637978807091713e-12
u,0.0, 1.0, 0
u,0.0, 1.0, 0
u,0.0, 1.0, 0
u,0.0, 1.0, 0
u,0.0, 1.0, 0
u,0.0, 1.0, 0
u,0.0, 1.0, 0
u,0.0, 1.0, 0
u,0.0, 1.0, 0
u,0.0, 1.0, 0
u,0.0, 1.0, 0
u,0.0, 1.0, 0
u,0.0, 1.0, 0
u,0.0, 1.0, 0
u,0.0, 1.0, 0
u,0.0, 1.0, 0
u,0.0, 1.0, 0
u,0.0, 1.0, 0
u,0.0, 1.0, 0
u,0.0, 1.0, 0
u,0.0, 1.0, 0
u,0.0, 1.0, 0
u,0.0, 1.0, 0
u,0.0, 1.0, 0
u,0.0, 1.0, 0
u,0.0, 1.0, 0
u,0.0, 1.0, 0
u,0.0, 1.0, 0
u,0.0, 1.0, 0
u,0.0, 1.0, 0
u,0.0, 1.0, 0
u,0.0, 1.0, 0
u,0.0, 1.0, 0
u,0.0, 1.0, 0
u,0.0, 1.0, 0
u,0.0, 1.0, 0
u,0.0, 1.0, 0
u,0.0, 1.0, 0
u,0.0, 1.0, 0
u,0.0, 1.0, 0
u,0.0, 1.0, 0
u,0.0, 1.0, 0
u,0.0, 1.0, 0
u,0.0, 1.0, 0
u,0.0, 1.0, 0
u,0.0, 1.0, 0
u,0.0, 1.0, 0
u,0.0, 1.0, 0
u,0.0, 1.0, 0
u,0.0, 1.0, 0
u,0.0, 1.0, 0
u,0.0, 1.0, 0
u,0.0, 1.0, 0
u,0.0, 1.0, 0
u,0.0, 1.0, 0
u,0.0, 1.0, 0
u,0.0, 1.0, 0
u,0.0, 1.0, 0
u,0.0, 1.0, 0
u,0.0, 1.0, 0
u,0.0, 1.0, 0
u,0.0, 1.0, 0
u,0.0, 1.0, 0
u,0.0, 1.0, 0
u,0.0, 1.0, 0
u,0.0, 1.0, 0
u,0.0, 1.0, 0
u,0.0, 1.0, 0
u,0.0, 1.0, 0
u,0.0, 1.0, 0
u,0.0, 1.0, 0
u,0.0, 1.0, 0
u,0.0, 1.0, 0
u,0.0, 1.0, 0
u,0.0, 1.0, 0
u,0.0, 1.0, 0
u,0.0, 1.0, 0
u,0.0, 1.0, 0
u,0.0, 1.0, 0
u,0.0, 1.0, 0
u,0.0, 1.0, 0
u,0.0, 1.0, 0
u,0.0, 1.0, 0
u,0.0, 1.0, 0
u,0.0, 1.0, 0
u,0.0, 1.0, 0
u,0.0, 1.0, 0
u,0.0, 1.0, 0
u,0.0, 1.0, 0
u,0.0, 1.0, 0
u,0.0, 1.0, 0
u,0.0, 1.0, 0
u,0.0, 1.0, 0
u,0.0, 1.0, 0
u,0.0, 1.0, 0
u,0.0, 1.0, 0
u,0.0, 1.0, 0
u,0.0, 1.0, 0
u,0.0, 1.0, 0
u,0.0, 1.0, 0
u,0.0, 1.0, 0
u,0.0, 1.0, 0
u,0.0, 1.0, 0
u,0.0, 1.0, 0
u,0.0, 1.0, 0
u,0.0, 1.0, 0
u,0.0, 1.0, 0
u,0.0, 1.0, 0
