v,-6.137041985709857e-09, 0.05043890327215195, 0.1567898988723755
v,-1.1591547277589598e-08, -0.0930558443069458, 0.1380796879529953
v,-1.0356020041513148e-08, -0.04033800587058067, 0.16253195703029633
v,-1.7636443416790826e-09, 0.11049585789442062, 0.11679517477750778
v,-1.1591547277589598e-08, -0.0930558443069458, 0.1380796879529953
v,-6.137041985709857e-09, 0.05043890327215195, 0.1567898988723755
v,-1.7636443416790826e-09, 0.11049585789442062, 0.11679517477750778
v,-1.1553384027251923e-08, -0.12055601924657822, 0.10970645397901535
v,-1.1591547277589598e-08, -0.0930558443069458, 0.1380796879529953
v,-5.2262296712513034e-09, 0.018322747200727463, 0.1038367971777916
v,-1.1553384027251923e-08, -0.12055601924657822, 0.10970645397901535
v,-1.7636443416790826e-09, 0.11049585789442062, 0.11679517477750778
v,-7.494342035840873e-09, -0.03562965616583824, 0.10177275538444519
v,-1.1553384027251923e-08, -0.12055601924657822, 0.10970645397901535
v,-5.2262296712513034e-09, 0.018322747200727463, 0.1038367971777916
v,-7.494342035840873e-09, -0.03562965616583824, 0.10177275538444519
v,-1.0724341414913852e-08, -0.14051972329616547, 0.07077647000551224
v,-1.1553384027251923e-08, -0.12055601924657822, 0.10970645397901535
v,2.0825126068046984e-09, 0.14357101917266846, 0.061880528926849365
v,-5.2262296712513034e-09, 0.018322747200727463, 0.1038367971777916
v,-1.7636443416790826e-09, 0.11049585789442062, 0.11679517477750778
v,2.0825126068046984e-09, 0.14357101917266846, 0.061880528926849365
v,-2.7361206633713664e-09, 0.05514287203550339, 0.0836898684501648
v,-5.2262296712513034e-09, 0.018322747200727463, 0.1038367971777916
v,-7.93770649210046e-09, -0.06472676992416382, 0.0828186422586441
v,-1.0724341414913852e-08, -0.14051972329616547, 0.07077647000551224
v,-7.494342035840873e-09, -0.03562965616583824, 0.10177275538444519
v,2.0825126068046984e-09, 0.14357101917266846, 0.061880528926849365
v,-4.381166540667891e-10, 0.07675439864397049, 0.052729181945323944
v,-2.7361206633713664e-09, 0.05514287203550339, 0.0836898684501648
v,-7.366601550984342e-09, -0.0829901471734047, 0.05148991197347641
v,-1.0724341414913852e-08, -0.14051972329616547, 0.07077647000551224
v,-7.93770649210046e-09, -0.06472676992416382, 0.0828186422586441
v,-7.366601550984342e-09, -0.0829901471734047, 0.05148991197347641
v,-9.06077435303132e-09, -0.15216636657714844, 0.021071836352348328
v,-1.0724341414913852e-08, -0.14051972329616547, 0.07077647000551224
v,5.708177930330294e-09, 0.1555442214012146, -0.009091822430491447
v,-4.381166540667891e-10, 0.07675439864397049, 0.052729181945323944
v,2.0825126068046984e-09, 0.14357101917266846, 0.061880528926849365
v,5.708177930330294e-09, 0.1555442214012146, -0.009091822430491447
v,1.3393702813502273e-09, 0.08515873551368713, 0.020469363778829575
v,-4.381166540667891e-10, 0.07675439864397049, 0.052729181945323944
v,-6.205596481123621e-09, -0.08744999021291733, 0.020469363778829575
v,-9.06077435303132e-09, -0.15216636657714844, 0.021071836352348328
v,-7.366601550984342e-09, -0.0829901471734047, 0.05148991197347641
v,5.708177930330294e-09, 0.1555442214012146, -0.009091822430491447
v,-6.205596481123621e-09, -0.08744999021291733, 0.020469363778829575
v,1.3393702813502273e-09, 0.08515873551368713, 0.020469363778829575
v,5.708177930330294e-09, 0.1555442214012146, -0.009091822430491447
v,-9.06077435303132e-09, -0.15216636657714844, 0.021071836352348328
v,-6.205596481123621e-09, -0.08744999021291733, 0.020469363778829575
v,5.708177930330294e-09, 0.1555442214012146, -0.009091822430491447
v,-7.173756255696162e-09, -0.15466046333312988, -0.02459220588207245
v,-9.06077435303132e-09, -0.15216636657714844, 0.021071836352348328
v,3.3758431605690475e-09, 0.08668623864650726, -0.02459220588207245
v,-7.173756255696162e-09, -0.15466046333312988, -0.02459220588207245
v,5.708177930330294e-09, 0.1555442214012146, -0.009091822430491447
v,5.708177930330294e-09, 0.1555442214012146, -0.009091822430491447
v,4.688700094845899e-09, 0.07659498602151871, -0.06471811234951019
v,3.3758431605690475e-09, 0.08668623864650726, -0.02459220588207245
v,8.645717031185995e-09, 0.14078448712825775, -0.09105461835861206
v,4.688700094845899e-09, 0.07659498602151871, -0.06471811234951019
v,5.708177930330294e-09, 0.1555442214012146, -0.009091822430491447
v,8.645717031185995e-09, 0.14078448712825775, -0.09105461835861206
v,5.1349426932745246e-09, 0.04072994738817215, -0.11079200357198715
v,4.688700094845899e-09, 0.07659498602151871, -0.06471811234951019
v,6.204814440025075e-11, -0.08359257876873016, -0.1190602257847786
v,-1.1676046796083028e-09, -0.1475091576576233, -0.15484564006328583
v,-4.084213856003771e-09, -0.14788435399532318, -0.08849658071994781
v,9.429649949765917e-09, 0.10413629561662674, -0.14563709497451782
v,5.1349426932745246e-09, 0.04072994738817215, -0.11079200357198715
v,8.645717031185995e-09, 0.14078448712825775, -0.09105461835861206
v,9.429649949765917e-09, 0.10413629561662674, -0.14563709497451782
v,3.0071343193327493e-09, -0.02627895027399063, -0.1291223168373108
v,5.1349426932745246e-09, 0.04072994738817215, -0.11079200357198715
v,3.0071343193327493e-09, -0.02627895027399063, -0.1291223168373108
v,-1.1676046796083028e-09, -0.1475091576576233, -0.15484564006328583
v,6.204814440025075e-11, -0.08359257876873016, -0.1190602257847786
v,9.429649949765917e-09, 0.10413629561662674, -0.14563709497451782
v,-1.1676046796083028e-09, -0.1475091576576233, -0.15484564006328583
v,3.0071343193327493e-09, -0.02627895027399063, -0.1291223168373108
v,9.091006170081073e-09, 0.06934184581041336, -0.17268428206443787
v,-1.1676046796083028e-09, -0.1475091576576233, -0.15484564006328583
v,9.429649949765917e-09, 0.10413629561662674, -0.14563709497451782
v,9.091006170081073e-09, 0.06934184581041336, -0.17268428206443787
v,3.335694165329528e-09, -0.07591885328292847, -0.1862788051366806
v,-1.1676046796083028e-09, -0.1475091576576233, -0.15484564006328583
v,7.2884134283413005e-09, 0.007253831252455711, -0.19353380799293518
v,3.335694165329528e-09, -0.07591885328292847, -0.1862788051366806
v,9.091006170081073e-09, 0.06934184581041336, -0.17268428206443787
n,-1.3093197345733643, 5.723218166053812e-08, -5.723218166053812e-08
n,-1.3093197345733643, 5.723218166053812e-08, -5.723218166053812e-08
n,-1.3093197345733643, 5.723218166053812e-08, -5.723218166053812e-08
n,-1.3093197345733643, 5.723218166053812e-08, -5.723218166053812e-08
n,-1.3093197345733643, 5.723218166053812e-08, -5.723218166053812e-08
n,-1.3093197345733643, 5.723218166053812e-08, -5.723218166053812e-08
n,-1.3093197345733643, 5.723218166053812e-08, -5.723218166053812e-08
n,-1.3093197345733643, 5.723218166053812e-08, -5.723218166053812e-08
n,-1.3093197345733643, 5.723218166053812e-08, -5.723218166053812e-08
n,-1.3093197345733643, 5.723218166053812e-08, -5.723218166053812e-08
n,-1.3093197345733643, 5.723218166053812e-08, -5.723218166053812e-08
n,-1.3093197345733643, 5.723218166053812e-08, -5.723218166053812e-08
n,-1.3093197345733643, 5.723218166053812e-08, -5.723218166053812e-08
n,-1.3093197345733643, 5.723218166053812e-08, -5.723218166053812e-08
n,-1.3093197345733643, 5.723218166053812e-08, -5.723218166053812e-08
n,-1.3093197345733643, 5.723218166053812e-08, -5.723218166053812e-08
n,-1.3093197345733643, 5.723218166053812e-08, -5.723218166053812e-08
n,-1.3093197345733643, 5.723218166053812e-08, -5.723218166053812e-08
n,-1.3093197345733643, 5.723218166053812e-08, -5.723218166053812e-08
n,-1.3093197345733643, 5.723218166053812e-08, -5.723218166053812e-08
n,-1.3093197345733643, 5.723218166053812e-08, -5.723218166053812e-08
n,-1.3093197345733643, 5.723218166053812e-08, -5.723218166053812e-08
n,-1.3093197345733643, 5.723218166053812e-08, -5.723218166053812e-08
n,-1.3093197345733643, 5.723218166053812e-08, -5.723218166053812e-08
n,-1.3093197345733643, 5.723218166053812e-08, -5.723218166053812e-08
n,-1.3093197345733643, 5.723218166053812e-08, -5.723218166053812e-08
n,-1.3093197345733643, 5.723218166053812e-08, -5.723218166053812e-08
n,-1.3093197345733643, 5.723218166053812e-08, -5.723218166053812e-08
n,-1.3093197345733643, 5.723218166053812e-08, -5.723218166053812e-08
n,-1.3093197345733643, 5.723218166053812e-08, -5.723218166053812e-08
n,-1.3093197345733643, 5.723218166053812e-08, -5.723218166053812e-08
n,-1.3093197345733643, 5.723218166053812e-08, -5.723218166053812e-08
n,-1.3093197345733643, 5.723218166053812e-08, -5.723218166053812e-08
n,-1.3093197345733643, 5.723218166053812e-08, -5.723218166053812e-08
n,-1.3093197345733643, 5.723218166053812e-08, -5.723218166053812e-08
n,-1.3093197345733643, 5.723218166053812e-08, -5.723218166053812e-08
n,-1.3093197345733643, 5.723218166053812e-08, -5.723218166053812e-08
n,-1.3093197345733643, 5.723218166053812e-08, -5.723218166053812e-08
n,-1.3093197345733643, 5.723218166053812e-08, -5.723218166053812e-08
n,-1.3093197345733643, 5.723218166053812e-08, -5.723218166053812e-08
n,-1.3093197345733643, 5.723218166053812e-08, -5.723218166053812e-08
n,-1.3093197345733643, 5.723218166053812e-08, -5.723218166053812e-08
n,-1.3093197345733643, 5.723218166053812e-08, -5.723218166053812e-08
n,-1.3093197345733643, 5.723218166053812e-08, -5.723218166053812e-08
n,-1.3093197345733643, 5.723218166053812e-08, -5.723218166053812e-08
n,-1.3093197345733643, 5.723218166053812e-08, -5.723218166053812e-08
n,-1.3093197345733643, 5.723218166053812e-08, -5.723218166053812e-08
n,-1.3093197345733643, 5.723218166053812e-08, -5.723218166053812e-08
n,-1.3093197345733643, 5.723218166053812e-08, -5.723218166053812e-08
n,-1.3093197345733643, 5.723218166053812e-08, -5.723218166053812e-08
n,-1.3093197345733643, 5.723218166053812e-08, -5.723218166053812e-08
n,-1.3093197345733643, 5.723218166053812e-08, -5.723218166053812e-08
n,-1.3093197345733643, 5.723218166053812e-08, -5.723218166053812e-08
n,-1.3093197345733643, 5.723218166053812e-08, -5.723218166053812e-08
n,-1.3093197345733643, 5.723218166053812e-08, -5.723218166053812e-08
n,-1.3093197345733643, 5.723218166053812e-08, -5.723218166053812e-08
n,-1.3093197345733643, 5.723218166053812e-08, -5.723218166053812e-08
n,-1.3093197345733643, 5.723218166053812e-08, -5.723218166053812e-08
n,-1.3093197345733643, 5.723218166053812e-08, -5.723218166053812e-08
n,-1.3093197345733643, 5.723218166053812e-08, -5.723218166053812e-08
n,-1.3093197345733643, 5.723218166053812e-08, -5.723218166053812e-08
n,-1.3093197345733643, 5.723218166053812e-08, -5.723218166053812e-08
n,-1.3093197345733643, 5.723218166053812e-08, -5.723218166053812e-08
n,-1.3093197345733643, 5.723218166053812e-08, -5.723218166053812e-08
n,-1.3093197345733643, 5.723218166053812e-08, -5.723218166053812e-08
n,-1.3093197345733643, 5.723218166053812e-08, -5.723218166053812e-08
n,-1.3093197345733643, 5.723218166053812e-08, -5.723218166053812e-08
n,-1.3093197345733643, 5.723218166053812e-08, -5.723218166053812e-08
n,-1.3093197345733643, 5.723218166053812e-08, -5.723218166053812e-08
n,-1.3093197345733643, 5.723218166053812e-08, -5.723218166053812e-08
n,-1.3093197345733643, 5.723218166053812e-08, -5.723218166053812e-08
n,-1.3093197345733643, 5.723218166053812e-08, -5.723218166053812e-08
n,-1.3093197345733643, 5.723218166053812e-08, -5.723218166053812e-08
n,-1.3093197345733643, 5.723218166053812e-08, -5.723218166053812e-08
n,-1.3093197345733643, 5.723218166053812e-08, -5.723218166053812e-08
n,-1.3093197345733643, 5.723218166053812e-08, -5.723218166053812e-08
n,-1.3093197345733643, 5.723218166053812e-08, -5.723218166053812e-08
n,-1.3093197345733643, 5.723218166053812e-08, -5.723218166053812e-08
n,-1.3093197345733643, 5.723218166053812e-08, -5.723218166053812e-08
n,-1.3093197345733643, 5.723218166053812e-08, -5.723218166053812e-08
n,-1.3093197345733643, 5.723218166053812e-08, -5.723218166053812e-08
n,-1.3093197345733643, 5.723218166053812e-08, -5.723218166053812e-08
n,-1.3093197345733643, 5.723218166053812e-08, -5.723218166053812e-08
n,-1.3093197345733643, 5.723218166053812e-08, -5.723218166053812e-08
n,-1.3093197345733643, 5.723218166053812e-08, -5.723218166053812e-08
n,-1.3093197345733643, 5.723218166053812e-08, -5.723218166053812e-08
n,-1.3093197345733643, 5.723218166053812e-08, -5.723218166053812e-08
n,-1.3093197345733643, 5.723218166053812e-08, -5.723218166053812e-08
n,-1.3093197345733643, 5.723218166053812e-08, -5.723218166053812e-08
n,-1.3093197345733643, 5.723218166053812e-08, -5.723218166053812e-08
u,0.4034883379936218, 1.0, 0
u,0.3316214382648468, 1.0, 0
u,0.36106058955192566, 1.0, 0
u,0.43858230113983154, 1.0, 0
u,0.3316214382648468, 1.0, 0
u,0.4034883379936218, 1.0, 0
u,0.43858230113983154, 1.0, 0
u,0.31151145696640015, 1.0, 0
u,0.3316214382648468, 1.0, 0
u,0.8557263016700745, 1.0, 0
u,0.31151145696640015, 1.0, 0
u,0.43858230113983154, 1.0, 0
u,0.9038092494010925, 1.0, 0
u,0.31151145696640015, 1.0, 0
u,0.8557263016700745, 1.0, 0
u,0.9038092494010925, 1.0, 0
u,0.2912828326225281, 1.0, 0
u,0.31151145696640015, 1.0, 0
u,0.46897315979003906, 1.0, 0
u,0.8557263016700745, 1.0, 0
u,0.43858230113983154, 1.0, 0
u,0.46897315979003906, 1.0, 0
u,0.816567063331604, 1.0, 0
u,0.8557263016700745, 1.0, 0
u,0.9385194778442383, 1.0, 0
u,0.2912828326225281, 1.0, 0
u,0.9038092494010925, 1.0, 0
u,0.46897315979003906, 1.0, 0
u,0.7820655107498169, 1.0, 0
u,0.816567063331604, 1.0, 0
u,0.9732974171638489, 1.0, 0
u,0.2912828326225281, 1.0, 0
u,0.9385194778442383, 1.0, 0
u,0.9732974171638489, 1.0, 0
u,0.2709290385246277, 1.0, 0
u,0.2912828326225281, 1.0, 0
u,0.49984562397003174, 1.0, 0
u,0.7820655107498169, 1.0, 0
u,0.46897315979003906, 1.0, 0
u,0.49984562397003174, 1.0, 0
u,0.7551020383834839, 1.0, 0
u,0.7820655107498169, 1.0, 0
u,1.0, 1.0, 0
u,0.2709290385246277, 1.0, 0
u,0.9732974171638489, 1.0, 0
u,0.49984562397003174, 1.0, 0
u,1.0, 1.0, 0
u,0.7551020383834839, 1.0, 0
u,0.49984562397003174, 1.0, 0
u,0.2709290385246277, 1.0, 0
u,1.0, 1.0, 0
u,0.49984562397003174, 1.0, 0
u,0.2551020383834839, 1.0, 0
u,0.2709290385246277, 1.0, 0
u,0.2448979616165161, 1.0, 0
u,0.2551020383834839, 1.0, 0
u,0.49984562397003174, 1.0, 0
u,0.49984562397003174, 1.0, 0
u,0.21785466372966766, 1.0, 0
u,0.2448979616165161, 1.0, 0
u,0.536409318447113, 1.0, 0
u,0.21785466372966766, 1.0, 0
u,0.49984562397003174, 1.0, 0
u,0.536409318447113, 1.0, 0
u,0.1738365888595581, 1.0, 0
u,0.21785466372966766, 1.0, 0
u,0.06713586300611496, 1.0, 0
u,0.7429143190383911, 1.0, 0
u,0.001448817434720695, 1.0, 0
u,0.5665286779403687, 1.0, 0
u,0.1738365888595581, 1.0, 0
u,0.536409318447113, 1.0, 0
u,0.5665286779403687, 1.0, 0
u,0.12124092876911163, 1.0, 0
u,0.1738365888595581, 1.0, 0
u,0.12124092876911163, 1.0, 0
u,0.7429143190383911, 1.0, 0
u,0.06713586300611496, 1.0, 0
u,0.5665286779403687, 1.0, 0
u,0.7429143190383911, 1.0, 0
u,0.12124092876911163, 1.0, 0
u,0.5868072509765625, 1.0, 0
u,0.7429143190383911, 1.0, 0
u,0.5665286779403687, 1.0, 0
u,0.5868072509765625, 1.0, 0
u,0.6740139722824097, 1.0, 0
u,0.7429143190383911, 1.0, 0
u,0.6160905361175537, 1.0, 0
u,0.6740139722824097, 1.0, 0
u,0.5868072509765625, 1.0, 0
