v,44.86528015136719, 23.594144821166992, 0.5478118062019348
v,46.16225814819336, 26.00059700012207, 0.5478118062019348
v,44.1864128112793, 25.12358283996582, 0.5478118062019348
v,46.16225814819336, 26.00059700012207, -0.0023810863494873047
v,44.86528015136719, 23.594144821166992, -0.0023810863494873047
v,44.1864128112793, 25.12358283996582, -0.0023810863494873047
v,46.84112548828125, 24.471158981323242, -0.0023810863494873047
v,46.16225814819336, 26.00059700012207, 0.5478118062019348
v,46.84112548828125, 24.471158981323242, 0.5478118062019348
v,44.1864128112793, 25.12358283996582, -0.0023810863494873047
v,44.86528015136719, 23.594144821166992, 0.5478118062019348
v,44.1864128112793, 25.12358283996582, 0.5478118062019348
v,44.86528015136719, 23.594144821166992, -0.0023810863494873047
v,46.84112548828125, 24.471158981323242, 0.5478118062019348
v,44.86528015136719, 23.594144821166992, 0.5478118062019348
v,46.16225814819336, 26.00059700012207, -0.0023810863494873047
v,44.1864128112793, 25.12358283996582, 0.5478118062019348
v,46.16225814819336, 26.00059700012207, 0.5478118062019348
v,45.544151306152344, 22.064706802368164, 0.5478118062019348
v,46.84112548828125, 24.471158981323242, 0.5478118062019348
v,44.86528015136719, 23.594144821166992, 0.5478118062019348
v,46.84112548828125, 24.471158981323242, -0.0023810863494873047
v,45.544151306152344, 22.064706802368164, -0.0023810863494873047
v,44.86528015136719, 23.594144821166992, -0.0023810863494873047
v,47.519996643066406, 22.941720962524414, -0.0023810863494873047
v,46.84112548828125, 24.471158981323242, 0.5478118062019348
v,47.519996643066406, 22.941720962524414, 0.5478118062019348
v,44.86528015136719, 23.594144821166992, -0.0023810863494873047
v,45.544151306152344, 22.064706802368164, 0.5478118062019348
v,44.86528015136719, 23.594144821166992, 0.5478118062019348
v,45.544151306152344, 22.064706802368164, -0.0023810863494873047
v,47.519996643066406, 22.941720962524414, 0.5478118062019348
v,45.544151306152344, 22.064706802368164, 0.5478118062019348
v,46.84112548828125, 24.471158981323242, -0.0023810863494873047
v,44.86528015136719, 23.594144821166992, 0.5478118062019348
v,46.84112548828125, 24.471158981323242, 0.5478118062019348
v,44.1279411315918, 23.266897201538086, 0.40223318338394165
v,44.298133850097656, 24.88190460205078, 0.40223318338394165
v,43.557090759277344, 24.552978515625, 0.40223318338394165
v,44.69879150390625, 21.980815887451172, 0.40223318338394165
v,44.86898422241211, 23.595823287963867, 0.40223318338394165
v,44.1279411315918, 23.266897201538086, 0.40223318338394165
v,44.298133850097656, 24.88190460205078, 0.19954225420951843
v,44.1279411315918, 23.266897201538086, 0.19954225420951843
v,43.557090759277344, 24.552978515625, 0.19954225420951843
v,44.86898422241211, 23.595823287963867, 0.19954225420951843
v,44.69879150390625, 21.980815887451172, 0.19954225420951843
v,44.1279411315918, 23.266897201538086, 0.19954225420951843
v,44.86898422241211, 23.595823287963867, 0.19954225420951843
v,44.298133850097656, 24.88190460205078, 0.40223318338394165
v,44.86898422241211, 23.595823287963867, 0.40223318338394165
v,43.557090759277344, 24.552978515625, 0.19954225420951843
v,44.1279411315918, 23.266897201538086, 0.40223318338394165
v,43.557090759277344, 24.552978515625, 0.40223318338394165
v,44.69879150390625, 21.980815887451172, 0.19954225420951843
v,45.43983459472656, 22.309741973876953, 0.40223318338394165
v,44.69879150390625, 21.980815887451172, 0.40223318338394165
v,44.86898422241211, 23.595823287963867, 0.19954225420951843
v,44.1279411315918, 23.266897201538086, 0.40223318338394165
v,44.86898422241211, 23.595823287963867, 0.40223318338394165
v,44.1279411315918, 23.266897201538086, 0.19954225420951843
v,44.86898422241211, 23.595823287963867, 0.40223318338394165
v,44.1279411315918, 23.266897201538086, 0.40223318338394165
v,44.298133850097656, 24.88190460205078, 0.19954225420951843
v,43.557090759277344, 24.552978515625, 0.40223318338394165
v,44.298133850097656, 24.88190460205078, 0.40223318338394165
v,45.43983459472656, 22.309741973876953, 0.19954225420951843
v,44.86898422241211, 23.595823287963867, 0.40223318338394165
v,45.43983459472656, 22.309741973876953, 0.40223318338394165
v,44.1279411315918, 23.266897201538086, 0.19954225420951843
v,44.69879150390625, 21.980815887451172, 0.40223318338394165
v,44.1279411315918, 23.266897201538086, 0.40223318338394165
v,43.53510665893555, 23.00375747680664, 0.19954225420951843
v,43.705299377441406, 24.618764877319336, 0.19954225420951843
v,42.964256286621094, 24.289838790893555, 0.19954225420951843
v,44.10595703125, 21.717676162719727, 0.19954225420951843
v,44.27614974975586, 23.332683563232422, 0.19954225420951843
v,43.53510665893555, 23.00375747680664, 0.19954225420951843
v,43.705299377441406, 24.618764877319336, -0.003148674964904785
v,43.53510665893555, 23.00375747680664, -0.003148674964904785
v,42.964256286621094, 24.289838790893555, -0.003148674964904785
v,44.27614974975586, 23.332683563232422, -0.003148674964904785
v,44.10595703125, 21.717676162719727, -0.003148674964904785
v,43.53510665893555, 23.00375747680664, -0.003148674964904785
v,44.27614974975586, 23.332683563232422, -0.003148674964904785
v,43.705299377441406, 24.618764877319336, 0.19954225420951843
v,44.27614974975586, 23.332683563232422, 0.19954225420951843
v,42.964256286621094, 24.289838790893555, -0.003148674964904785
v,43.53510665893555, 23.00375747680664, 0.19954225420951843
v,42.964256286621094, 24.289838790893555, 0.19954225420951843
v,44.10595703125, 21.717676162719727, -0.003148674964904785
v,44.84700012207031, 22.046602249145508, 0.19954225420951843
v,44.10595703125, 21.717676162719727, 0.19954225420951843
v,44.27614974975586, 23.332683563232422, -0.003148674964904785
v,43.53510665893555, 23.00375747680664, 0.19954225420951843
v,44.27614974975586, 23.332683563232422, 0.19954225420951843
v,43.53510665893555, 23.00375747680664, -0.003148674964904785
v,44.27614974975586, 23.332683563232422, 0.19954225420951843
v,43.53510665893555, 23.00375747680664, 0.19954225420951843
v,43.705299377441406, 24.618764877319336, -0.003148674964904785
v,42.964256286621094, 24.289838790893555, 0.19954225420951843
v,43.705299377441406, 24.618764877319336, 0.19954225420951843
v,44.84700012207031, 22.046602249145508, -0.003148674964904785
v,44.27614974975586, 23.332683563232422, 0.19954225420951843
v,44.84700012207031, 22.046602249145508, 0.19954225420951843
v,43.53510665893555, 23.00375747680664, -0.003148674964904785
v,44.10595703125, 21.717676162719727, 0.19954225420951843
v,43.53510665893555, 23.00375747680664, 0.19954225420951843
v,44.86528015136719, 23.594144821166992, 0.5478118062019348
v,46.84112548828125, 24.471158981323242, 0.5478118062019348
v,46.16225814819336, 26.00059700012207, 0.5478118062019348
v,46.16225814819336, 26.00059700012207, -0.0023810863494873047
v,46.84112548828125, 24.471158981323242, -0.0023810863494873047
v,44.86528015136719, 23.594144821166992, -0.0023810863494873047
v,46.84112548828125, 24.471158981323242, -0.0023810863494873047
v,46.16225814819336, 26.00059700012207, -0.0023810863494873047
v,46.16225814819336, 26.00059700012207, 0.5478118062019348
v,44.1864128112793, 25.12358283996582, -0.0023810863494873047
v,44.86528015136719, 23.594144821166992, -0.0023810863494873047
v,44.86528015136719, 23.594144821166992, 0.5478118062019348
v,44.86528015136719, 23.594144821166992, -0.0023810863494873047
v,46.84112548828125, 24.471158981323242, -0.0023810863494873047
v,46.84112548828125, 24.471158981323242, 0.5478118062019348
v,46.16225814819336, 26.00059700012207, -0.0023810863494873047
v,44.1864128112793, 25.12358283996582, -0.0023810863494873047
v,44.1864128112793, 25.12358283996582, 0.5478118062019348
v,45.544151306152344, 22.064706802368164, 0.5478118062019348
v,47.519996643066406, 22.941720962524414, 0.5478118062019348
v,46.84112548828125, 24.471158981323242, 0.5478118062019348
v,46.84112548828125, 24.471158981323242, -0.0023810863494873047
v,47.519996643066406, 22.941720962524414, -0.0023810863494873047
v,45.544151306152344, 22.064706802368164, -0.0023810863494873047
v,47.519996643066406, 22.941720962524414, -0.0023810863494873047
v,46.84112548828125, 24.471158981323242, -0.0023810863494873047
v,46.84112548828125, 24.471158981323242, 0.5478118062019348
v,44.86528015136719, 23.594144821166992, -0.0023810863494873047
v,45.544151306152344, 22.064706802368164, -0.0023810863494873047
v,45.544151306152344, 22.064706802368164, 0.5478118062019348
v,45.544151306152344, 22.064706802368164, -0.0023810863494873047
v,47.519996643066406, 22.941720962524414, -0.0023810863494873047
v,47.519996643066406, 22.941720962524414, 0.5478118062019348
v,46.84112548828125, 24.471158981323242, -0.0023810863494873047
v,44.86528015136719, 23.594144821166992, -0.0023810863494873047
v,44.86528015136719, 23.594144821166992, 0.5478118062019348
v,44.1279411315918, 23.266897201538086, 0.40223318338394165
v,44.86898422241211, 23.595823287963867, 0.40223318338394165
v,44.298133850097656, 24.88190460205078, 0.40223318338394165
v,44.69879150390625, 21.980815887451172, 0.40223318338394165
v,45.43983459472656, 22.309741973876953, 0.40223318338394165
v,44.86898422241211, 23.595823287963867, 0.40223318338394165
v,44.298133850097656, 24.88190460205078, 0.19954225420951843
v,44.86898422241211, 23.595823287963867, 0.19954225420951843
v,44.1279411315918, 23.266897201538086, 0.19954225420951843
v,44.86898422241211, 23.595823287963867, 0.19954225420951843
v,45.43983459472656, 22.309741973876953, 0.19954225420951843
v,44.69879150390625, 21.980815887451172, 0.19954225420951843
v,44.86898422241211, 23.595823287963867, 0.19954225420951843
v,44.298133850097656, 24.88190460205078, 0.19954225420951843
v,44.298133850097656, 24.88190460205078, 0.40223318338394165
v,43.557090759277344, 24.552978515625, 0.19954225420951843
v,44.1279411315918, 23.266897201538086, 0.19954225420951843
v,44.1279411315918, 23.266897201538086, 0.40223318338394165
v,44.69879150390625, 21.980815887451172, 0.19954225420951843
v,45.43983459472656, 22.309741973876953, 0.19954225420951843
v,45.43983459472656, 22.309741973876953, 0.40223318338394165
v,44.86898422241211, 23.595823287963867, 0.19954225420951843
v,44.1279411315918, 23.266897201538086, 0.19954225420951843
v,44.1279411315918, 23.266897201538086, 0.40223318338394165
v,44.1279411315918, 23.266897201538086, 0.19954225420951843
v,44.86898422241211, 23.595823287963867, 0.19954225420951843
v,44.86898422241211, 23.595823287963867, 0.40223318338394165
v,44.298133850097656, 24.88190460205078, 0.19954225420951843
v,43.557090759277344, 24.552978515625, 0.19954225420951843
v,43.557090759277344, 24.552978515625, 0.40223318338394165
v,45.43983459472656, 22.309741973876953, 0.19954225420951843
v,44.86898422241211, 23.595823287963867, 0.19954225420951843
v,44.86898422241211, 23.595823287963867, 0.40223318338394165
v,44.1279411315918, 23.266897201538086, 0.19954225420951843
v,44.69879150390625, 21.980815887451172, 0.19954225420951843
v,44.69879150390625, 21.980815887451172, 0.40223318338394165
v,43.53510665893555, 23.00375747680664, 0.19954225420951843
v,44.27614974975586, 23.332683563232422, 0.19954225420951843
v,43.705299377441406, 24.618764877319336, 0.19954225420951843
v,44.10595703125, 21.717676162719727, 0.19954225420951843
v,44.84700012207031, 22.046602249145508, 0.19954225420951843
v,44.27614974975586, 23.332683563232422, 0.19954225420951843
v,43.705299377441406, 24.618764877319336, -0.003148674964904785
v,44.27614974975586, 23.332683563232422, -0.003148674964904785
v,43.53510665893555, 23.00375747680664, -0.003148674964904785
v,44.27614974975586, 23.332683563232422, -0.003148674964904785
v,44.84700012207031, 22.046602249145508, -0.003148674964904785
v,44.10595703125, 21.717676162719727, -0.003148674964904785
v,44.27614974975586, 23.332683563232422, -0.003148674964904785
v,43.705299377441406, 24.618764877319336, -0.003148674964904785
v,43.705299377441406, 24.618764877319336, 0.19954225420951843
v,42.964256286621094, 24.289838790893555, -0.003148674964904785
v,43.53510665893555, 23.00375747680664, -0.003148674964904785
v,43.53510665893555, 23.00375747680664, 0.19954225420951843
v,44.10595703125, 21.717676162719727, -0.003148674964904785
v,44.84700012207031, 22.046602249145508, -0.003148674964904785
v,44.84700012207031, 22.046602249145508, 0.19954225420951843
v,44.27614974975586, 23.332683563232422, -0.003148674964904785
v,43.53510665893555, 23.00375747680664, -0.003148674964904785
v,43.53510665893555, 23.00375747680664, 0.19954225420951843
v,43.53510665893555, 23.00375747680664, -0.003148674964904785
v,44.27614974975586, 23.332683563232422, -0.003148674964904785
v,44.27614974975586, 23.332683563232422, 0.19954225420951843
v,43.705299377441406, 24.618764877319336, -0.003148674964904785
v,42.964256286621094, 24.289838790893555, -0.003148674964904785
v,42.964256286621094, 24.289838790893555, 0.19954225420951843
v,44.84700012207031, 22.046602249145508, -0.003148674964904785
v,44.27614974975586, 23.332683563232422, -0.003148674964904785
v,44.27614974975586, 23.332683563232422, 0.19954225420951843
v,43.53510665893555, 23.00375747680664, -0.003148674964904785
v,44.10595703125, 21.717676162719727, -0.003148674964904785
v,44.10595703125, 21.717676162719727, 0.19954225420951843
n,0.0, 0.0, 1.2334049940109253
n,0.0, 0.0, 1.2334049940109253
n,0.0, 0.0, 1.2334049940109253
n,0.0, 0.0, -1.2334049940109253
n,0.0, 0.0, -1.2334049940109253
n,0.0, 0.0, -1.2334049940109253
n,1.12734055519104, 0.5003908276557922, 0.0
n,1.12734055519104, 0.5003908276557922, 0.0
n,1.12734055519104, 0.5003908276557922, 0.0
n,-1.12734055519104, -0.5003908276557922, 0.0
n,-1.12734055519104, -0.5003908276557922, 0.0
n,-1.12734055519104, -0.5003908276557922, 0.0
n,0.5766255855560303, -1.2990915775299072, 0.0
n,0.5766255855560303, -1.2990915775299072, 0.0
n,0.5766255855560303, -1.2990915775299072, 0.0
n,-0.5766255855560303, 1.2990915775299072, 0.0
n,-0.5766255855560303, 1.2990915775299072, 0.0
n,-0.5766255855560303, 1.2990915775299072, 0.0
n,0.0, 0.0, 1.2334049940109253
n,0.0, 0.0, 1.2334049940109253
n,0.0, 0.0, 1.2334049940109253
n,0.0, 0.0, -1.2334049940109253
n,0.0, 0.0, -1.2334049940109253
n,0.0, 0.0, -1.2334049940109253
n,1.12734055519104, 0.5003908276557922, 0.0
n,1.12734055519104, 0.5003908276557922, 0.0
n,1.12734055519104, 0.5003908276557922, 0.0
n,-1.12734055519104, -0.5003908276557922, 0.0
n,-1.12734055519104, -0.5003908276557922, 0.0
n,-1.12734055519104, -0.5003908276557922, 0.0
n,0.5766255855560303, -1.2990915775299072, 0.0
n,0.5766255855560303, -1.2990915775299072, 0.0
n,0.5766255855560303, -1.2990915775299072, 0.0
n,-0.5766255855560303, 1.2990915775299072, 0.0
n,-0.5766255855560303, 1.2990915775299072, 0.0
n,-0.5766255855560303, 1.2990915775299072, 0.0
n,0.0, 0.0, 1.2334049940109253
n,0.0, 0.0, 1.2334049940109253
n,0.0, 0.0, 1.2334049940109253
n,0.0, 0.0, 1.2334049940109253
n,0.0, 0.0, 1.2334049940109253
n,0.0, 0.0, 1.2334049940109253
n,0.0, 0.0, -1.2334049940109253
n,0.0, 0.0, -1.2334049940109253
n,0.0, 0.0, -1.2334049940109253
n,0.0, 0.0, -1.2334049940109253
n,0.0, 0.0, -1.2334049940109253
n,0.0, 0.0, -1.2334049940109253
n,1.12734055519104, 0.5003908276557922, 0.0
n,1.12734055519104, 0.5003908276557922, 0.0
n,1.12734055519104, 0.5003908276557922, 0.0
n,-1.12734055519104, -0.5003908276557922, 0.0
n,-1.12734055519104, -0.5003908276557922, 0.0
n,-1.12734055519104, -0.5003908276557922, 0.0
n,0.5766255855560303, -1.2990915775299072, 0.0
n,0.5766255855560303, -1.2990915775299072, 0.0
n,0.5766255855560303, -1.2990915775299072, 0.0
n,-0.5766255855560303, 1.2990915775299072, 0.0
n,-0.5766255855560303, 1.2990915775299072, 0.0
n,-0.5766255855560303, 1.2990915775299072, 0.0
n,0.5766255855560303, -1.2990915775299072, 0.0
n,0.5766255855560303, -1.2990915775299072, 0.0
n,0.5766255855560303, -1.2990915775299072, 0.0
n,-0.5766255855560303, 1.2990915775299072, 0.0
n,-0.5766255855560303, 1.2990915775299072, 0.0
n,-0.5766255855560303, 1.2990915775299072, 0.0
n,1.12734055519104, 0.5003907680511475, 0.0
n,1.12734055519104, 0.5003907680511475, 0.0
n,1.12734055519104, 0.5003907680511475, 0.0
n,-1.12734055519104, -0.5003908276557922, 0.0
n,-1.12734055519104, -0.5003908276557922, 0.0
n,-1.12734055519104, -0.5003908276557922, 0.0
n,0.0, 0.0, 1.2334049940109253
n,0.0, 0.0, 1.2334049940109253
n,0.0, 0.0, 1.2334049940109253
n,0.0, 0.0, 1.2334049940109253
n,0.0, 0.0, 1.2334049940109253
n,0.0, 0.0, 1.2334049940109253
n,0.0, 0.0, -1.2334049940109253
n,0.0, 0.0, -1.2334049940109253
n,0.0, 0.0, -1.2334049940109253
n,0.0, 0.0, -1.2334049940109253
n,0.0, 0.0, -1.2334049940109253
n,0.0, 0.0, -1.2334049940109253
n,1.12734055519104, 0.5003908276557922, 0.0
n,1.12734055519104, 0.5003908276557922, 0.0
n,1.12734055519104, 0.5003908276557922, 0.0
n,-1.12734055519104, -0.5003908276557922, 0.0
n,-1.12734055519104, -0.5003908276557922, 0.0
n,-1.12734055519104, -0.5003908276557922, 0.0
n,0.5766255855560303, -1.2990915775299072, 0.0
n,0.5766255855560303, -1.2990915775299072, 0.0
n,0.5766255855560303, -1.2990915775299072, 0.0
n,-0.5766255855560303, 1.2990915775299072, 0.0
n,-0.5766255855560303, 1.2990915775299072, 0.0
n,-0.5766255855560303, 1.2990915775299072, 0.0
n,0.5766255855560303, -1.2990915775299072, 0.0
n,0.5766255855560303, -1.2990915775299072, 0.0
n,0.5766255855560303, -1.2990915775299072, 0.0
n,-0.5766255855560303, 1.2990915775299072, 0.0
n,-0.5766255855560303, 1.2990915775299072, 0.0
n,-0.5766255855560303, 1.2990915775299072, 0.0
n,1.12734055519104, 0.5003908276557922, 0.0
n,1.12734055519104, 0.5003908276557922, 0.0
n,1.12734055519104, 0.5003908276557922, 0.0
n,-1.1273406744003296, -0.5003906488418579, 0.0
n,-1.1273406744003296, -0.5003906488418579, 0.0
n,-1.1273406744003296, -0.5003906488418579, 0.0
n,0.0, 0.0, 1.2334049940109253
n,0.0, 0.0, 1.2334049940109253
n,0.0, 0.0, 1.2334049940109253
n,0.0, 0.0, -1.2334049940109253
n,0.0, 0.0, -1.2334049940109253
n,0.0, 0.0, -1.2334049940109253
n,1.12734055519104, 0.5003908276557922, 0.0
n,1.12734055519104, 0.5003908276557922, 0.0
n,1.12734055519104, 0.5003908276557922, 0.0
n,-1.12734055519104, -0.5003908276557922, 0.0
n,-1.12734055519104, -0.5003908276557922, 0.0
n,-1.12734055519104, -0.5003908276557922, 0.0
n,0.5766255855560303, -1.2990915775299072, 0.0
n,0.5766255855560303, -1.2990915775299072, 0.0
n,0.5766255855560303, -1.2990915775299072, 0.0
n,-0.5766255855560303, 1.2990915775299072, 0.0
n,-0.5766255855560303, 1.2990915775299072, 0.0
n,-0.5766255855560303, 1.2990915775299072, 0.0
n,0.0, 0.0, 1.2334049940109253
n,0.0, 0.0, 1.2334049940109253
n,0.0, 0.0, 1.2334049940109253
n,0.0, 0.0, -1.2334049940109253
n,0.0, 0.0, -1.2334049940109253
n,0.0, 0.0, -1.2334049940109253
n,1.12734055519104, 0.5003908276557922, 0.0
n,1.12734055519104, 0.5003908276557922, 0.0
n,1.12734055519104, 0.5003908276557922, 0.0
n,-1.12734055519104, -0.5003908276557922, 0.0
n,-1.12734055519104, -0.5003908276557922, 0.0
n,-1.12734055519104, -0.5003908276557922, 0.0
n,0.5766255855560303, -1.2990915775299072, 0.0
n,0.5766255855560303, -1.2990915775299072, 0.0
n,0.5766255855560303, -1.2990915775299072, 0.0
n,-0.5766255855560303, 1.2990915775299072, 0.0
n,-0.5766255855560303, 1.2990915775299072, 0.0
n,-0.5766255855560303, 1.2990915775299072, 0.0
n,0.0, 0.0, 1.2334049940109253
n,0.0, 0.0, 1.2334049940109253
n,0.0, 0.0, 1.2334049940109253
n,0.0, 0.0, 1.2334049940109253
n,0.0, 0.0, 1.2334049940109253
n,0.0, 0.0, 1.2334049940109253
n,0.0, 0.0, -1.2334049940109253
n,0.0, 0.0, -1.2334049940109253
n,0.0, 0.0, -1.2334049940109253
n,0.0, 0.0, -1.2334049940109253
n,0.0, 0.0, -1.2334049940109253
n,0.0, 0.0, -1.2334049940109253
n,1.12734055519104, 0.5003908276557922, 0.0
n,1.12734055519104, 0.5003908276557922, 0.0
n,1.12734055519104, 0.5003908276557922, 0.0
n,-1.12734055519104, -0.5003908276557922, 0.0
n,-1.12734055519104, -0.5003908276557922, 0.0
n,-1.12734055519104, -0.5003908276557922, 0.0
n,0.5766255855560303, -1.2990915775299072, 0.0
n,0.5766255855560303, -1.2990915775299072, 0.0
n,0.5766255855560303, -1.2990915775299072, 0.0
n,-0.5766255855560303, 1.2990915775299072, 0.0
n,-0.5766255855560303, 1.2990915775299072, 0.0
n,-0.5766255855560303, 1.2990915775299072, 0.0
n,0.5766255855560303, -1.2990915775299072, 0.0
n,0.5766255855560303, -1.2990915775299072, 0.0
n,0.5766255855560303, -1.2990915775299072, 0.0
n,-0.5766255855560303, 1.2990915775299072, 0.0
n,-0.5766255855560303, 1.2990915775299072, 0.0
n,-0.5766255855560303, 1.2990915775299072, 0.0
n,1.12734055519104, 0.5003907680511475, 0.0
n,1.12734055519104, 0.5003907680511475, 0.0
n,1.12734055519104, 0.5003907680511475, 0.0
n,-1.12734055519104, -0.5003908276557922, 0.0
n,-1.12734055519104, -0.5003908276557922, 0.0
n,-1.12734055519104, -0.5003908276557922, 0.0
n,0.0, 0.0, 1.2334049940109253
n,0.0, 0.0, 1.2334049940109253
n,0.0, 0.0, 1.2334049940109253
n,0.0, 0.0, 1.2334049940109253
n,0.0, 0.0, 1.2334049940109253
n,0.0, 0.0, 1.2334049940109253
n,0.0, 0.0, -1.2334049940109253
n,0.0, 0.0, -1.2334049940109253
n,0.0, 0.0, -1.2334049940109253
n,0.0, 0.0, -1.2334049940109253
n,0.0, 0.0, -1.2334049940109253
n,0.0, 0.0, -1.2334049940109253
n,1.12734055519104, 0.5003908276557922, 0.0
n,1.12734055519104, 0.5003908276557922, 0.0
n,1.12734055519104, 0.5003908276557922, 0.0
n,-1.12734055519104, -0.5003908276557922, 0.0
n,-1.12734055519104, -0.5003908276557922, 0.0
n,-1.12734055519104, -0.5003908276557922, 0.0
n,0.5766255855560303, -1.2990915775299072, 0.0
n,0.5766255855560303, -1.2990915775299072, 0.0
n,0.5766255855560303, -1.2990915775299072, 0.0
n,-0.5766255855560303, 1.2990915775299072, 0.0
n,-0.5766255855560303, 1.2990915775299072, 0.0
n,-0.5766255855560303, 1.2990915775299072, 0.0
n,0.5766255855560303, -1.2990915775299072, 0.0
n,0.5766255855560303, -1.2990915775299072, 0.0
n,0.5766255855560303, -1.2990915775299072, 0.0
n,-0.5766255855560303, 1.2990915775299072, 0.0
n,-0.5766255855560303, 1.2990915775299072, 0.0
n,-0.5766255855560303, 1.2990915775299072, 0.0
n,1.12734055519104, 0.5003908276557922, 0.0
n,1.12734055519104, 0.5003908276557922, 0.0
n,1.12734055519104, 0.5003908276557922, 0.0
n,-1.1273406744003296, -0.5003906488418579, 0.0
n,-1.1273406744003296, -0.5003906488418579, 0.0
n,-1.1273406744003296, -0.5003906488418579, 0.0
u,1.0, 1.0, 0
u,0.0, 0.0, 0
u,0.0, 1.0, 0
u,0.0, 0.0, 0
u,1.0, 1.0, 0
u,0.0, 1.0, 0
u,1.0, 0.0, 0
u,0.0, 0.0, 0
u,1.0, 0.0, 0
u,4.371139183945161e-08, 0.0, 0
u,0.28533029556274414, 1.000000012472185, 0
u,0.2853303551673889, 0.0, 0
u,1.0, 1.0, 0
u,1.0, 0.0, 0
u,1.0, 1.0, 0
u,0.0, 0.0, 0
u,0.0, 1.0, 0
u,0.0, 0.0, 0
u,1.0, 1.0, 0
u,0.0, 0.0, 0
u,0.0, 1.0, 0
u,0.0, 0.0, 0
u,1.0, 1.0, 0
u,0.0, 1.0, 0
u,1.0, 0.0, 0
u,0.0, 0.0, 0
u,1.0, 0.0, 0
u,0.2853304445743561, 0.0, 0
u,0.5706607103347778, 1.0000000249443737, 0
u,0.5706607699394226, 5.960464477539063e-08, 0
u,0.10107922554016113, 1.0034096487797797, 0
u,0.01875312440097332, 0.526792585849762, 0
u,0.018753228709101677, 1.0102290250360966, 0
u,0.0, 0.0, 0
u,0.0, 1.0, 0
u,0.0, 0.0, 0
u,1.0, 1.0, 0
u,0.0, 0.0, 0
u,0.0, 1.0, 0
u,1.0, 1.0, 0
u,0.0, 0.0, 0
u,0.0, 1.0, 0
u,0.0, 0.0, 0
u,1.0, 1.0, 0
u,0.0, 1.0, 0
u,0.0, 0.0, 0
u,1.0, 1.0, 0
u,0.0, 1.0, 0
u,1.0, 0.0, 0
u,0.0, 0.0, 0
u,1.0, 0.0, 0
u,0.8860077261924744, 0.15911531448364258, 0
u,0.9911232590675354, 0.9999999932003361, 0
u,0.9911233186721802, 0.15911531448364258, 0
u,0.348276823759079, 0.624948650598526, 0
u,0.4420396387577057, 0.9999999746125585, 0
u,0.4420396387577057, 0.624948650598526, 0
u,0.0, 0.0, 0
u,0.0, 1.0, 0
u,0.0, 0.0, 0
u,1.0, 1.0, 0
u,1.0, 0.0, 0
u,1.0, 1.0, 0
u,0.0, 0.0, 0
u,0.0, 1.0, 0
u,0.0, 0.0, 0
u,1.0, 0.0, 0
u,0.0, 0.0, 0
u,1.0, 0.0, 0
u,0.7808920741081238, 0.15911537408828735, 0
u,0.8860076069831848, 1.0000000387286256, 0
u,0.8860076665878296, 0.15911537408828735, 0
u,1.0, 1.0, 0
u,0.0, 0.0, 0
u,0.0, 1.0, 0
u,1.0, 1.0, 0
u,0.0, 0.0, 0
u,0.0, 1.0, 0
u,0.0, 0.0, 0
u,1.0, 1.0, 0
u,0.0, 1.0, 0
u,0.0, 0.0, 0
u,1.0, 1.0, 0
u,0.0, 1.0, 0
u,1.0, 0.0, 0
u,0.0, 0.0, 0
u,1.0, 0.0, 0
u,0.675776481628418, 0.1591152548789978, 0
u,0.780892014503479, 0.9999999840108362, 0
u,0.7808920741081238, 0.1591152548789978, 0
u,0.2545139193534851, 0.6249486207962036, 0
u,0.3482767641544342, 1.0000001046428793, 0
u,0.3482767641544342, 0.624948650598526, 0
u,0.0, 0.0, 0
u,0.0, 1.0, 0
u,0.0, 0.0, 0
u,1.0, 1.0, 0
u,1.0, 0.0, 0
u,1.0, 1.0, 0
u,0.0, 0.0, 0
u,0.0, 1.0, 0
u,0.0, 0.0, 0
u,1.0, 0.0, 0
u,0.0, 0.0, 0
u,1.0, 0.0, 0
u,0.5706607103347778, 0.1591152548789978, 0
u,0.6757763028144836, 1.0000000295391214, 0
u,0.6757763028144836, 0.1591152548789978, 0
u,1.0, 1.0, 0
u,1.0, 0.0, 0
u,0.0, 0.0, 0
u,0.0, 0.0, 0
u,1.0, 0.0, 0
u,1.0, 1.0, 0
u,1.0, 0.0, 0
u,0.0, 0.0, 0
u,0.0, 0.0, 0
u,4.371139183945161e-08, 0.0, 0
u,0.0, 1.0, 0
u,0.28533029556274414, 1.000000012472185, 0
u,1.0, 1.0, 0
u,1.0, 0.0, 0
u,1.0, 0.0, 0
u,0.0, 0.0, 0
u,0.0, 1.0, 0
u,0.0, 1.0, 0
u,1.0, 1.0, 0
u,1.0, 0.0, 0
u,0.0, 0.0, 0
u,0.0, 0.0, 0
u,1.0, 0.0, 0
u,1.0, 1.0, 0
u,1.0, 0.0, 0
u,0.0, 0.0, 0
u,0.0, 0.0, 0
u,0.2853304445743561, 0.0, 0
u,0.2853304147720337, 1.0000000124721886, 0
u,0.5706607103347778, 1.0000000249443737, 0
u,0.10107922554016113, 1.0034096487797797, 0
u,0.10107910633087158, 0.5199732184410095, 0
u,0.01875312440097332, 0.526792585849762, 0
u,0.0, 0.0, 0
u,0.0, 1.0, 0
u,0.0, 1.0, 0
u,1.0, 1.0, 0
u,1.0, 0.0, 0
u,0.0, 0.0, 0
u,1.0, 1.0, 0
u,1.0, 0.0, 0
u,0.0, 0.0, 0
u,0.0, 0.0, 0
u,1.0, 0.0, 0
u,1.0, 1.0, 0
u,0.0, 0.0, 0
u,1.0, 0.0, 0
u,1.0, 1.0, 0
u,1.0, 0.0, 0
u,0.0, 0.0, 0
u,0.0, 0.0, 0
u,0.8860077261924744, 0.15911531448364258, 0
u,0.8860076665878296, 0.9999999886055866, 0
u,0.9911232590675354, 0.9999999932003361, 0
u,0.348276823759079, 0.624948650598526, 0
u,0.3482767939567566, 0.9999999705140539, 0
u,0.4420396387577057, 0.9999999746125585, 0
u,0.0, 0.0, 0
u,0.0, 1.0, 0
u,0.0, 1.0, 0
u,1.0, 1.0, 0
u,1.0, 0.0, 0
u,1.0, 0.0, 0
u,0.0, 0.0, 0
u,0.0, 1.0, 0
u,0.0, 1.0, 0
u,1.0, 0.0, 0
u,0.0, 0.0, 0
u,0.0, 0.0, 0
u,0.7808920741081238, 0.15911537408828735, 0
u,0.780892014503479, 1.0000000341338762, 0
u,0.8860076069831848, 1.0000000387286256, 0
u,1.0, 1.0, 0
u,1.0, 0.0, 0
u,0.0, 0.0, 0
u,1.0, 1.0, 0
u,1.0, 0.0, 0
u,0.0, 0.0, 0
u,0.0, 0.0, 0
u,1.0, 0.0, 0
u,1.0, 1.0, 0
u,0.0, 0.0, 0
u,1.0, 0.0, 0
u,1.0, 1.0, 0
u,1.0, 0.0, 0
u,0.0, 0.0, 0
u,0.0, 0.0, 0
u,0.675776481628418, 0.1591152548789978, 0
u,0.6757764220237732, 0.9999999794160868, 0
u,0.780892014503479, 0.9999999840108362, 0
u,0.2545139193534851, 0.6249486207962036, 0
u,0.2545139193534851, 1.0000001005443764, 0
u,0.3482767641544342, 1.0000001046428793, 0
u,0.0, 0.0, 0
u,0.0, 1.0, 0
u,0.0, 1.0, 0
u,1.0, 1.0, 0
u,1.0, 0.0, 0
u,1.0, 0.0, 0
u,0.0, 0.0, 0
u,0.0, 1.0, 0
u,0.0, 1.0, 0
u,1.0, 0.0, 0
u,0.0, 0.0, 0
u,0.0, 0.0, 0
u,0.5706607103347778, 0.1591152548789978, 0
u,0.5706606507301331, 1.000000024944372, 0
u,0.6757763028144836, 1.0000000295391214, 0
