v,-2.884107828140259, 6.155961036682129, -0.007927820086479187
v,-27.51768684387207, 157.0238494873047, 0.4005598723888397
v,-71.70545196533203, 140.76698303222656, 0.4005598723888397
v,-33.309478759765625, -151.24598693847656, 0.40056028962135315
v,-3.1141393184661865, -6.115201950073242, -0.007927820086479187
v,-76.84194946289062, -133.24276733398438, 0.40055975317955017
v,3.2573227882385254, 6.510985851287842, -0.007927820086479187
v,105.4111328125, 123.24874877929688, 0.12769398093223572
v,65.43004608154297, 148.6945343017578, 0.4005598723888397
v,-76.84194946289062, -133.24276733398438, 0.40055975317955017
v,-4.73464298248291, -4.759199142456055, -0.007927864789962769
v,-113.027099609375, -102.96382141113281, 0.4005591869354248
v,155.1409454345703, -47.479347229003906, 0.4005640149116516
v,6.318516254425049, -4.140870094299316, -0.007927775382995605
v,133.78518676757812, -89.15685272216797, 0.4005602300167084
v,-151.07040405273438, 28.81073760986328, 0.40056055784225464
v,-5.777012825012207, 3.1441051959991455, -0.007927820086479187
v,-136.30267333984375, 73.5135269165039, 0.4005598723888397
v,-0.905219316482544, 6.88400411605835, -0.007927820086479187
v,19.60443687438965, 159.71688842773438, 0.4005598723888397
v,-27.51768684387207, 157.0238494873047, 0.4005598723888397
v,6.466242790222168, 3.8332464694976807, -0.00792771577835083
v,154.91818237304688, 46.143798828125, 0.2691282629966736
v,136.43936157226562, 88.6220474243164, 0.34034550189971924
v,7.626523971557617, -0.17622333765029907, -0.007927864789962769
v,160.3172149658203, -25.201852798461914, 0.4005616009235382
v,162.99244689941406, -0.6279645562171936, 0.4005591869354248
v,-136.30267333984375, 73.5135269165039, 0.4005598723888397
v,-4.561707019805908, 4.871679306030273, -0.007927820086479187
v,-109.16536712646484, 112.08952331542969, 0.4005598723888397
v,7.3582024574279785, 1.9207994937896729, -0.007927745580673218
v,160.67160034179688, 22.917036056518555, 0.3725086450576782
v,154.91818237304688, 46.143798828125, 0.2691282629966736
v,5.059177875518799, 5.4090094566345215, -0.007927820086479187
v,136.43936157226562, 88.6220474243164, 0.34034550189971924
v,105.4111328125, 123.24874877929688, 0.12769398093223572
v,59.82855224609375, -145.8964080810547, 0.40056028962135315
v,0.9404011964797974, -7.109780311584473, -0.007927775382995605
v,13.69416618347168, -155.45130920410156, 0.4005604386329651
v,133.78518676757812, -89.15685272216797, 0.4005602300167084
v,4.859589099884033, -5.670581817626953, -0.007927820086479187
v,101.2079849243164, -123.31458282470703, 0.4005594849586487
v,13.69416618347168, -155.45130920410156, 0.4005604386329651
v,-1.164595603942871, -6.921450138092041, -0.007927775382995605
v,-33.309478759765625, -151.24598693847656, 0.40056028962135315
v,-113.027099609375, -102.96382141113281, 0.4005591869354248
v,-5.897100448608398, -2.996746778488159, -0.007927775382995605
v,-138.9842529296875, -63.609039306640625, 0.4005602300167084
v,-152.1543426513672, -18.43346405029297, 0.40056055784225464
v,-6.438363552093506, 1.1421501636505127, -0.007927745580673218
v,-151.07040405273438, 28.81073760986328, 0.40056055784225464
v,1.2050848007202148, 7.004608631134033, -0.007927820086479187
v,65.43004608154297, 148.6945343017578, 0.4005598723888397
v,19.60443687438965, 159.71688842773438, 0.4005598723888397
v,-4.561707019805908, 4.871679306030273, -0.007927820086479187
v,-71.70545196533203, 140.76698303222656, 0.4005598723888397
v,-109.16536712646484, 112.08952331542969, 0.4005598723888397
v,101.2079849243164, -123.31458282470703, 0.4005594849586487
v,3.0064682960510254, -6.681876182556152, -0.007927775382995605
v,59.82855224609375, -145.8964080810547, 0.40056028962135315
v,-138.95603942871094, -63.663814544677734, 0.4005591869354248
v,-6.486907958984375, -0.9736190438270569, -0.007927745580673218
v,-152.1543426513672, -18.43346405029297, 0.40056055784225464
v,-2.884107828140259, 6.155961036682129, -0.007927820086479187
v,-0.905219316482544, 6.88400411605835, -0.007927820086479187
v,-27.51768684387207, 157.0238494873047, 0.4005598723888397
v,-33.309478759765625, -151.24598693847656, 0.40056028962135315
v,-1.164595603942871, -6.921450138092041, -0.007927775382995605
v,-3.1141393184661865, -6.115201950073242, -0.007927820086479187
v,3.2573227882385254, 6.510985851287842, -0.007927820086479187
v,5.059177875518799, 5.4090094566345215, -0.007927820086479187
v,105.4111328125, 123.24874877929688, 0.12769398093223572
v,-76.84194946289062, -133.24276733398438, 0.40055975317955017
v,-3.1141393184661865, -6.115201950073242, -0.007927820086479187
v,-4.73464298248291, -4.759199142456055, -0.007927864789962769
v,155.1409454345703, -47.479347229003906, 0.4005640149116516
v,7.268011569976807, -2.2571661472320557, -0.00792764127254486
v,6.318516254425049, -4.140870094299316, -0.007927775382995605
v,-151.07040405273438, 28.81073760986328, 0.40056055784225464
v,-6.438363552093506, 1.1421501636505127, -0.007927745580673218
v,-5.777012825012207, 3.1441051959991455, -0.007927820086479187
v,-0.905219316482544, 6.88400411605835, -0.007927820086479187
v,1.2050848007202148, 7.004608631134033, -0.007927820086479187
v,19.60443687438965, 159.71688842773438, 0.4005598723888397
v,6.466242790222168, 3.8332464694976807, -0.00792771577835083
v,7.3582024574279785, 1.9207994937896729, -0.007927745580673218
v,154.91818237304688, 46.143798828125, 0.2691282629966736
v,7.626523971557617, -0.17622333765029907, -0.007927864789962769
v,7.268011569976807, -2.2571661472320557, -0.00792764127254486
v,155.1409454345703, -47.479347229003906, 0.4005640149116516
v,-136.30267333984375, 73.5135269165039, 0.4005598723888397
v,-5.777012825012207, 3.1441051959991455, -0.007927820086479187
v,-4.561707019805908, 4.871679306030273, -0.007927820086479187
v,7.3582024574279785, 1.9207994937896729, -0.007927745580673218
v,7.626523971557617, -0.17622333765029907, -0.007927864789962769
v,162.99244689941406, -0.6279645562171936, 0.4005591869354248
v,5.059177875518799, 5.4090094566345215, -0.007927820086479187
v,6.466242790222168, 3.8332464694976807, -0.00792771577835083
v,136.43936157226562, 88.6220474243164, 0.34034550189971924
v,59.82855224609375, -145.8964080810547, 0.40056028962135315
v,3.0064682960510254, -6.681876182556152, -0.007927775382995605
v,0.9404011964797974, -7.109780311584473, -0.007927775382995605
v,133.78518676757812, -89.15685272216797, 0.4005602300167084
v,6.318516254425049, -4.140870094299316, -0.007927775382995605
v,4.859589099884033, -5.670581817626953, -0.007927820086479187
v,13.69416618347168, -155.45130920410156, 0.4005604386329651
v,0.9404011964797974, -7.109780311584473, -0.007927775382995605
v,-1.164595603942871, -6.921450138092041, -0.007927775382995605
v,-113.027099609375, -102.96382141113281, 0.4005591869354248
v,-4.73464298248291, -4.759199142456055, -0.007927864789962769
v,-5.897100448608398, -2.996746778488159, -0.007927775382995605
v,-152.1543426513672, -18.43346405029297, 0.40056055784225464
v,-6.486907958984375, -0.9736190438270569, -0.007927745580673218
v,-6.438363552093506, 1.1421501636505127, -0.007927745580673218
v,1.2050848007202148, 7.004608631134033, -0.007927820086479187
v,3.2573227882385254, 6.510985851287842, -0.007927820086479187
v,65.43004608154297, 148.6945343017578, 0.4005598723888397
v,-4.561707019805908, 4.871679306030273, -0.007927820086479187
v,-2.884107828140259, 6.155961036682129, -0.007927820086479187
v,-71.70545196533203, 140.76698303222656, 0.4005598723888397
v,101.2079849243164, -123.31458282470703, 0.4005594849586487
v,4.859589099884033, -5.670581817626953, -0.007927820086479187
v,3.0064682960510254, -6.681876182556152, -0.007927775382995605
v,-138.95603942871094, -63.663814544677734, 0.4005591869354248
v,-5.8958420753479, -2.9992003440856934, -0.007927864789962769
v,-6.486907958984375, -0.9736190438270569, -0.007927745580673218
v,7.626523971557617, -0.17622333765029907, -0.007927864789962769
v,155.1409454345703, -47.479347229003906, 0.4005640149116516
v,160.3172149658203, -25.201852798461914, 0.4005616009235382
v,7.3582024574279785, 1.9207994937896729, -0.007927745580673218
v,162.99244689941406, -0.6279645562171936, 0.4005591869354248
v,160.67160034179688, 22.917036056518555, 0.3725086450576782
n,0.0001865160302259028, -0.0005069692269898951, 0.19848808646202087
n,0.0001865160302259028, -0.0005069692269898951, 0.19848808646202087
n,0.0001865160302259028, -0.0005069692269898951, 0.19848808646202087
n,0.0002127351617673412, 0.000514407642185688, 0.1984880268573761
n,0.0002127351617673412, 0.000514407642185688, 0.1984880268573761
n,0.0002127351617673412, 0.000514407642185688, 0.1984880268573761
n,0.0007758041610941291, -0.0009094765991903841, 0.19848518073558807
n,0.0007758041610941291, -0.0009094765991903841, 0.19848518073558807
n,0.0007758041610941291, -0.0009094765991903841, 0.19848518073558807
n,0.0003593106521293521, 0.0004294010577723384, 0.1984880119562149
n,0.0003593106521293521, 0.0004294010577723384, 0.1984880119562149
n,0.0003593106521293521, 0.0004294010577723384, 0.1984880119562149
n,-0.0004740797448903322, 0.00024290286819450557, 0.19848808646202087
n,-0.0004740797448903322, 0.00024290286819450557, 0.19848808646202087
n,-0.0004740797448903322, 0.00024290286819450557, 0.19848808646202087
n,0.0005272733396850526, -0.000174183544004336, 0.1984880268573761
n,0.0005272733396850526, -0.000174183544004336, 0.1984880268573761
n,0.0005272733396850526, -0.000174183544004336, 0.1984880268573761
n,3.055324486922473e-05, -0.0005346137331798673, 0.19848807156085968
n,3.055324486922473e-05, -0.0005346137331798673, 0.19848807156085968
n,3.055324486922473e-05, -0.0005346137331798673, 0.19848807156085968
n,-0.00024519290309399366, -0.0004394404240883887, 0.19848817586898804
n,-0.00024519290309399366, -0.0004394404240883887, 0.19848817586898804
n,-0.00024519290309399366, -0.0004394404240883887, 0.19848817586898804
n,-0.0005216983263380826, 5.6814023992046714e-05, 0.19848808646202087
n,-0.0005216983263380826, 5.6814023992046714e-05, 0.19848808646202087
n,-0.0005216983263380826, 5.6814023992046714e-05, 0.19848808646202087
n,0.0004503716772887856, -0.00031682586995884776, 0.1984880268573761
n,0.0004503716772887856, -0.00031682586995884776, 0.1984880268573761
n,0.0004503716772887856, -0.00031682586995884776, 0.1984880268573761
n,-0.0005933884531259537, 0.0007364607299678028, 0.1984865367412567
n,-0.0005933884531259537, 0.0007364607299678028, 0.1984865367412567
n,-0.0005933884531259537, 0.0007364607299678028, 0.1984865367412567
n,-0.0008281834307126701, 0.00047684021410532296, 0.19848652184009552
n,-0.0008281834307126701, 0.00047684021410532296, 0.19848652184009552
n,-0.0008281834307126701, 0.00047684021410532296, 0.19848652184009552
n,-0.00011122032447019592, 0.0005370144499465823, 0.1984880566596985
n,-0.00011122032447019592, 0.0005370144499465823, 0.1984880566596985
n,-0.00011122032447019592, 0.0005370144499465823, 0.1984880566596985
n,-0.0003887835191562772, 0.0003707897267304361, 0.19848807156085968
n,-0.0003887835191562772, 0.0003707897267304361, 0.19848807156085968
n,-0.0003887835191562772, 0.0003707897267304361, 0.19848807156085968
n,4.927944974042475e-05, 0.0005508135072886944, 0.1984880268573761
n,4.927944974042475e-05, 0.0005508135072886944, 0.1984880268573761
n,4.927944974042475e-05, 0.0005508135072886944, 0.1984880268573761
n,0.0004684958839789033, 0.0003089997044298798, 0.1984880119562149
n,0.0004684958839789033, 0.0003089997044298798, 0.1984880119562149
n,0.0004684958839789033, 0.0003089997044298798, 0.1984880119562149
n,0.0005581453442573547, -1.2805619917344302e-05, 0.1984880268573761
n,0.0005581453442573547, -1.2805619917344302e-05, 0.1984880268573761
n,0.0005581453442573547, -1.2805619917344302e-05, 0.1984880268573761
n,-0.00012410772615112364, -0.000515979656483978, 0.19848808646202087
n,-0.00012410772615112364, -0.000515979656483978, 0.19848808646202087
n,-0.00012410772615112364, -0.000515979656483978, 0.19848808646202087
n,0.0003314025525469333, -0.0004328943614382297, 0.1984880566596985
n,0.0003314025525469333, -0.0004328943614382297, 0.1984880566596985
n,0.0003314025525469333, -0.0004328943614382297, 0.1984880566596985
n,-0.0002599337894935161, 0.0004763153847306967, 0.1984880566596985
n,-0.0002599337894935161, 0.0004763153847306967, 0.1984880566596985
n,-0.0002599337894935161, 0.0004763153847306967, 0.1984880566596985
n,0.0005378013593144715, 0.00015692540910094976, 0.1984880119562149
n,0.0005378013593144715, 0.00015692540910094976, 0.1984880119562149
n,0.0005378013593144715, 0.00015692540910094976, 0.1984880119562149
n,0.00018651665595825762, -0.0005069690523669124, 0.19848807156085968
n,0.00018651665595825762, -0.0005069690523669124, 0.19848807156085968
n,0.00018651665595825762, -0.0005069690523669124, 0.19848807156085968
n,0.00021273158199619502, 0.0005144083988852799, 0.1984880268573761
n,0.00021273158199619502, 0.0005144083988852799, 0.1984880268573761
n,0.00021273158199619502, 0.0005144083988852799, 0.1984880268573761
n,-9.186469833366573e-05, -0.00015020904538687319, 0.1984887272119522
n,-9.186469833366573e-05, -0.00015020904538687319, 0.1984887272119522
n,-9.186469833366573e-05, -0.00015020904538687319, 0.1984887272119522
n,0.0003593095170799643, 0.00042940161074511707, 0.1984880268573761
n,0.0003593095170799643, 0.00042940161074511707, 0.1984880268573761
n,0.0003593095170799643, 0.00042940161074511707, 0.1984880268573761
n,-0.00047508362331427634, 0.00023945560678839684, 0.19848808646202087
n,-0.00047508362331427634, 0.00023945560678839684, 0.19848808646202087
n,-0.00047508362331427634, 0.00023945560678839684, 0.19848808646202087
n,0.0005272741545923054, -0.00017417878552805632, 0.1984880268573761
n,0.0005272741545923054, -0.00017417878552805632, 0.1984880268573761
n,0.0005272741545923054, -0.00017417878552805632, 0.1984880268573761
n,3.0553186661563814e-05, -0.0005346138495951891, 0.19848808646202087
n,3.0553186661563814e-05, -0.0005346138495951891, 0.19848808646202087
n,3.0553186661563814e-05, -0.0005346138495951891, 0.19848808646202087
n,-0.00032697388087399304, -0.00015250356227625161, 0.19848847389221191
n,-0.00032697388087399304, -0.00015250356227625161, 0.19848847389221191
n,-0.00032697388087399304, -0.00015250356227625161, 0.19848847389221191
n,-0.0005208639777265489, 8.975787204690278e-05, 0.19848810136318207
n,-0.0005208639777265489, 8.975787204690278e-05, 0.19848810136318207
n,-0.0005208639777265489, 8.975787204690278e-05, 0.19848810136318207
n,0.00045037182280793786, -0.00031682540429756045, 0.1984880268573761
n,0.00045037182280793786, -0.00031682540429756045, 0.1984880268573761
n,0.00045037182280793786, -0.00031682540429756045, 0.1984880268573761
n,-0.0005220578168518841, -6.680972001049668e-05, 0.19848810136318207
n,-0.0005220578168518841, -6.680972001049668e-05, 0.19848810136318207
n,-0.0005220578168518841, -6.680972001049668e-05, 0.19848810136318207
n,-0.00033609397360123694, -0.0003000982978846878, 0.1984882950782776
n,-0.00033609397360123694, -0.0003000982978846878, 0.1984882950782776
n,-0.00033609397360123694, -0.0003000982978846878, 0.1984882950782776
n,-0.00011122130672447383, 0.0005370140424929559, 0.1984880268573761
n,-0.00011122130672447383, 0.0005370140424929559, 0.1984880268573761
n,-0.00011122130672447383, 0.0005370140424929559, 0.1984880268573761
n,-0.0003887850034516305, 0.00037078739842399955, 0.19848808646202087
n,-0.0003887850034516305, 0.00037078739842399955, 0.19848808646202087
n,-0.0003887850034516305, 0.00037078739842399955, 0.19848808646202087
n,4.9280308303423226e-05, 0.0005508135654963553, 0.1984880268573761
n,4.9280308303423226e-05, 0.0005508135654963553, 0.1984880268573761
n,4.9280308303423226e-05, 0.0005508135654963553, 0.1984880268573761
n,0.0004684988525696099, 0.00030899656121619046, 0.1984879970550537
n,0.0004684988525696099, 0.00030899656121619046, 0.1984879970550537
n,0.0004684988525696099, 0.00030899656121619046, 0.1984879970550537
n,0.0005581454606726766, -1.2806216545868665e-05, 0.1984880268573761
n,0.0005581454606726766, -1.2806216545868665e-05, 0.1984880268573761
n,0.0005581454606726766, -1.2806216545868665e-05, 0.1984880268573761
n,-0.0001241079589817673, -0.0005159795982763171, 0.19848808646202087
n,-0.0001241079589817673, -0.0005159795982763171, 0.19848808646202087
n,-0.0001241079589817673, -0.0005159795982763171, 0.19848808646202087
n,0.000331401388393715, -0.0004328948853071779, 0.1984880566596985
n,0.000331401388393715, -0.0004328948853071779, 0.1984880566596985
n,0.000331401388393715, -0.0004328948853071779, 0.1984880566596985
n,-0.0002599319559521973, 0.00047631686902604997, 0.1984880566596985
n,-0.0002599319559521973, 0.00047631686902604997, 0.1984880566596985
n,-0.0002599319559521973, 0.00047631686902604997, 0.1984880566596985
n,0.000537803687620908, 0.0001569203450344503, 0.1984880268573761
n,0.000537803687620908, 0.0001569203450344503, 0.1984880268573761
n,0.000537803687620908, 0.0001569203450344503, 0.1984880268573761
n,-0.0005115264793857932, 0.0001188766909763217, 0.19848810136318207
n,-0.0005115264793857932, 0.0001188766909763217, 0.19848810136318207
n,-0.0005115264793857932, 0.0001188766909763217, 0.19848810136318207
n,-0.0005179269937798381, 0.0001854180736700073, 0.1984880417585373
n,-0.0005179269937798381, 0.0001854180736700073, 0.1984880417585373
n,-0.0005179269937798381, 0.0001854180736700073, 0.1984880417585373
u,0.0, 1.0, 0
u,0.8999999761581421, 0.016949176788330078, 0
u,0.09666665643453598, 0.007263898849487305, 0
u,0.006666664965450764, -0.002421259880065918, 0
u,0.996666669845581, 0.997578684007749, 0
u,1.0, 0.007263898849487305, 0
u,0.0, 1.0, 0
u,0.8833333253860474, 0.012106597423553467, 0
u,0.11999998986721039, 0.009685277938842773, 0
u,0.992085874080658, 0.9957121456973255, 0
u,0.04713756591081619, 0.012744605541229248, 0
u,0.006255887448787689, 0.9942012326791883, 0
u,0.0833333283662796, 0.01937049627304077, 0
u,1.0, 1.0, 0
u,0.9133333563804626, 0.024213194847106934, 0
u,0.07999999076128006, 0.009685277938842773, 0
u,1.0, 1.0, 0
u,0.9066666960716248, 0.012106597423553467, 0
u,0.0, 1.0, 0
u,0.8833333253860474, 0.01937049627304077, 0
u,0.10666665434837341, 0.01452791690826416, 0
u,0.0, 1.0, 0
u,0.8966666460037231, 0.01937049627304077, 0
u,0.10333332419395447, 0.016949176788330078, 0
u,0.07666666060686111, 0.01452791690826416, 0
u,0.5, 1.0, 0
u,0.0, 1.0, 0
u,0.09333332628011703, 0.009685277938842773, 0
u,1.0, 1.0, 0
u,0.9066666960716248, 0.016949176788330078, 0
u,0.0, 1.0, 0
u,0.5066666603088379, 0.016949176788330078, 0
u,0.09999999403953552, 0.016949176788330078, 0
u,0.0, 1.0, 0
u,0.8966666460037231, 0.01452791690826416, 0
u,0.10999999195337296, 0.016949176788330078, 0
u,0.10999999195337296, 0.016949176788330078, 0
u,1.0, 1.0, 0
u,0.8799999952316284, 0.024213194847106934, 0
u,0.07666666060686111, 0.012106597423553467, 0
u,1.0, 1.0, 0
u,0.8866666555404663, 0.012106597423553467, 0
u,0.11666665971279144, 0.012106597423553467, 0
u,1.0, 1.0, 0
u,0.8700000047683716, 0.021791815757751465, 0
u,0.07333333045244217, 0.01452791690826416, 0
u,1.0, 1.0, 0
u,0.9100000262260437, 0.01452791690826416, 0
u,0.06999999284744263, 0.012106597423553467, 0
u,1.0, 1.0, 0
u,0.9066666960716248, 0.012106597423553467, 0
u,0.0, 1.0, 0
u,0.9066666960716248, 0.01452791690826416, 0
u,0.10999999195337296, 0.012106597423553467, 0
u,0.0, 1.0, 0
u,0.9133333563804626, 0.009685277938842773, 0
u,0.06999999284744263, 0.01452791690826416, 0
u,0.13333332538604736, 0.016949176788330078, 0
u,1.0, 1.0, 0
u,0.8799999952316284, 0.016949176788330078, 0
u,0.05333332717418671, 0.012106597423553467, 0
u,1.0, 1.0, 0
u,0.9166666865348816, 0.01452791690826416, 0
u,0.7391535639762878, 0.9984746719710529, 0
u,1.0, 1.0, 0
u,0.8999999761581421, 0.016949176788330078, 0
u,0.006666664965450764, -0.002421259880065918, 0
u,0.0, 1.0, 0
u,0.15671944618225098, 0.9472428634762764, 0
u,0.8042494654655457, 0.9984746719710529, 0
u,1.0, 1.0, 0
u,0.8833333253860474, 0.012106597423553467, 0
u,0.992085874080658, 0.9957121456973255, 0
u,0.9424439668655396, 0.012421965599060059, 0
u,0.7757917642593384, 0.01884591579437256, 0
u,0.0833333283662796, 0.01937049627304077, 0
u,0.0, 1.0, 0
u,0.19575053453445435, 0.9267842620611191, 0
u,0.07999999076128006, 0.009685277938842773, 0
u,0.0, 1.0, 0
u,0.1768517643213272, 0.9344108998775482, 0
u,0.7853506803512573, 0.9954240163788199, 0
u,1.0, 1.0, 0
u,0.8833333253860474, 0.01937049627304077, 0
u,0.835747480392456, 0.9969493439421058, 0
u,1.0, 1.0, 0
u,0.8966666460037231, 0.01937049627304077, 0
u,0.7318254709243774, 0.017578542232513428, 0
u,0.9033333659172058, 0.021791815757751465, 0
u,1.0, 1.0, 0
u,0.09333332628011703, 0.009685277938842773, 0
u,0.0, 1.0, 0
u,0.1705521047115326, 0.9252589270472527, 0
u,0.8399472236633301, 0.9954240163788199, 0
u,1.0, 1.0, 0
u,0.9133333563804626, 0.016949176788330078, 0
u,0.8315477967262268, 0.9969493439421058, 0
u,1.0, 1.0, 0
u,0.8966666460037231, 0.01452791690826416, 0
u,0.10999999195337296, 0.016949176788330078, 0
u,0.0, 1.0, 0
u,0.21044960618019104, 0.9572908170521259, 0
u,0.07666666060686111, 0.012106597423553467, 0
u,0.0, 1.0, 0
u,0.174751877784729, 0.9466135241091251, 0
u,0.11666665971279144, 0.012106597423553467, 0
u,0.0, 1.0, 0
u,0.16005277633666992, 0.967968113720417, 0
u,0.07333333045244217, 0.01452791690826416, 0
u,0.0, 1.0, 0
u,0.1537531614303589, 0.9542401619255543, 0
u,0.005569863133132458, 0.006264984607696533, 0
u,0.002968400716781616, 0.9969114330597222, 0
u,0.17045331001281738, 0.909192368388176, 0
u,0.7811509370803833, 0.9954240163788199, 0
u,1.0, 1.0, 0
u,0.9066666960716248, 0.01452791690826416, 0
u,0.816848635673523, 0.9588161446154118, 0
u,1.0, 1.0, 0
u,0.9133333563804626, 0.009685277938842773, 0
u,0.13333332538604736, 0.016949176788330078, 0
u,0.0, 1.0, 0
u,0.17895159125328064, 0.9481388479471207, 0
u,0.05333332717418671, 0.012106597423553467, 0
u,0.0, 1.0, 0
u,0.16215264797210693, 0.9572908207774162, 0
u,0.07666666060686111, 0.01452791690826416, 0
u,1.0, 1.0, 0
u,0.5, 1.0, 0
u,0.0, 1.0, 0
u,0.9133333563804626, 0.016949176788330078, 0
u,0.5066666603088379, 0.016949176788330078, 0
