v,91.73234558105469, -19.608707427978516, 3.6591274738311768
v,93.6838607788086, -19.608707427978516, 0.42783498764038086
v,91.73234558105469, -19.608707427978516, 0.42783498764038086
v,115.4103012084961, -16.86741065979004, 1.0742206573486328
v,117.31421661376953, -16.86693572998047, 4.702685356140137
v,117.31422424316406, -16.86693572998047, 1.0742206573486328
v,91.73234558105469, -19.608707427978516, 3.6591274738311768
v,93.68386840820312, -19.608707427978516, 3.6591274738311768
v,93.6838607788086, -19.608707427978516, 0.42783498764038086
v,115.4103012084961, -16.86741065979004, 1.0742206573486328
v,115.41029357910156, -16.86741065979004, 4.702685832977295
v,117.31421661376953, -16.86693572998047, 4.702685356140137
v,134.2929229736328, -18.373201370239258, 7.3795318603515625
v,134.29295349121094, -17.7587890625, 7.379532814025879
v,134.29295349121094, -17.7587890625, 0.4732704162597656
v,134.96453857421875, -18.37324333190918, 7.3795318603515625
v,134.2929229736328, -18.373201370239258, 7.3795318603515625
v,134.2929229736328, -18.373201370239258, 0.4732704162597656
v,134.96530151367188, -17.758831024169922, 7.379532337188721
v,134.96453857421875, -18.37324333190918, 7.3795318603515625
v,134.96453857421875, -18.37324333190918, 0.4732704162597656
v,134.29295349121094, -17.7587890625, 7.379532814025879
v,134.96530151367188, -17.758831024169922, 7.379532337188721
v,134.96530151367188, -17.758831024169922, 0.4732704162597656
v,138.14907836914062, -22.57264518737793, 5.026299476623535
v,140.82611083984375, -22.57280921936035, 0.4675774574279785
v,138.14907836914062, -22.57264518737793, 0.4675774574279785
v,134.2929229736328, -18.373201370239258, 7.3795318603515625
v,134.29295349121094, -17.7587890625, 0.4732704162597656
v,134.2929229736328, -18.373201370239258, 0.4732704162597656
v,134.96453857421875, -18.37324333190918, 7.3795318603515625
v,134.2929229736328, -18.373201370239258, 0.4732704162597656
v,134.96453857421875, -18.37324333190918, 0.4732704162597656
v,134.96530151367188, -17.758831024169922, 7.379532337188721
v,134.96453857421875, -18.37324333190918, 0.4732704162597656
v,134.96530151367188, -17.758831024169922, 0.4732704162597656
v,134.29295349121094, -17.7587890625, 7.379532814025879
v,134.96530151367188, -17.758831024169922, 0.4732704162597656
v,134.29295349121094, -17.7587890625, 0.4732704162597656
v,138.14907836914062, -22.57264518737793, 5.026299476623535
v,140.82611083984375, -22.57280921936035, 5.026299476623535
v,140.82611083984375, -22.57280921936035, 0.4675774574279785
v,140.8647918701172, 19.479469299316406, 3.659127950668335
v,138.91329956054688, 19.47022247314453, 0.42783546447753906
v,140.8647918701172, 19.479469299316406, 0.42783546447753906
v,117.18853759765625, 16.73328399658203, 1.0742216110229492
v,115.28465270996094, 16.72378158569336, 4.702685832977295
v,115.28463745117188, 16.72378158569336, 1.0742216110229492
v,140.8647918701172, 19.479469299316406, 3.659127950668335
v,138.91329956054688, 19.47022247314453, 3.659127950668335
v,138.91329956054688, 19.47022247314453, 0.42783546447753906
v,117.18853759765625, 16.73328399658203, 1.0742216110229492
v,117.18854522705078, 16.73328399658203, 4.702685832977295
v,115.28465270996094, 16.72378158569336, 4.702685832977295
v,98.31055450439453, 18.053878784179688, 7.3795318603515625
v,98.31343078613281, 17.439476013183594, 7.379532814025879
v,98.31343078613281, 17.439476013183594, 0.47327089309692383
v,97.63894653320312, 18.050739288330078, 7.3795318603515625
v,98.31055450439453, 18.053878784179688, 7.3795318603515625
v,98.31055450439453, 18.053878784179688, 0.47327089309692383
v,97.64109802246094, 17.436328887939453, 7.3795318603515625
v,97.63894653320312, 18.050739288330078, 7.3795318603515625
v,97.63894653320312, 18.050739288330078, 0.47327089309692383
v,98.31343078613281, 17.439476013183594, 7.379532814025879
v,97.64109802246094, 17.436328887939453, 7.3795318603515625
v,97.64109802246094, 17.436328887939453, 0.47327089309692383
v,94.43453979492188, 22.44997787475586, 5.026299476623535
v,91.75753021240234, 22.437454223632812, 0.4675779342651367
v,94.43453979492188, 22.44997787475586, 0.4675779342651367
v,98.31055450439453, 18.053878784179688, 7.3795318603515625
v,98.31343078613281, 17.439476013183594, 0.47327089309692383
v,98.31055450439453, 18.053878784179688, 0.47327089309692383
v,97.63894653320312, 18.050739288330078, 7.3795318603515625
v,98.31055450439453, 18.053878784179688, 0.47327089309692383
v,97.63894653320312, 18.050739288330078, 0.47327089309692383
v,97.64109802246094, 17.436328887939453, 7.3795318603515625
v,97.63894653320312, 18.050739288330078, 0.47327089309692383
v,97.64109802246094, 17.436328887939453, 0.47327089309692383
v,98.31343078613281, 17.439476013183594, 7.379532814025879
v,97.64109802246094, 17.436328887939453, 0.47327089309692383
v,98.31343078613281, 17.439476013183594, 0.47327089309692383
v,94.43453979492188, 22.44997787475586, 5.026299476623535
v,91.75753021240234, 22.437454223632812, 5.026299476623535
v,91.75753021240234, 22.437454223632812, 0.4675779342651367
v,84.00145721435547, 52.41209411621094, 3.4522666931152344
v,82.91481018066406, 54.00989532470703, 0.22097444534301758
v,84.00145721435547, 52.41209411621094, 0.2209758758544922
v,68.97221374511719, 68.26214599609375, 0.8673615455627441
v,67.80937957763672, 69.58118438720703, 4.495823860168457
v,67.80937957763672, 69.58118438720703, 0.8673610687255859
v,84.00145721435547, 52.41209411621094, 3.4522666931152344
v,82.91481018066406, 54.009910583496094, 3.452266216278076
v,82.91481018066406, 54.00989532470703, 0.22097444534301758
v,68.97221374511719, 68.26214599609375, 0.8673615455627441
v,68.97222137451172, 68.26213073730469, 4.495825290679932
v,67.80937957763672, 69.58118438720703, 4.495823860168457
v,58.1204833984375, 79.66464233398438, 7.172670364379883
v,57.73545837402344, 79.18583679199219, 7.172671794891357
v,57.73545837402344, 79.18583679199219, 0.26641130447387695
v,57.61238479614258, 80.0796890258789, 7.172671318054199
v,58.1204833984375, 79.66464233398438, 7.172670364379883
v,58.1204833984375, 79.66464233398438, 0.26641130447387695
v,57.228851318359375, 79.59966278076172, 7.172670364379883
v,57.61238479614258, 80.0796890258789, 7.172671318054199
v,57.61238479614258, 80.0796890258789, 0.26641273498535156
v,57.73545837402344, 79.18583679199219, 7.172671794891357
v,57.228851318359375, 79.59966278076172, 7.172670364379883
v,57.228851318359375, 79.59966278076172, 0.26640844345092773
v,57.6732063293457, 85.30088806152344, 4.819438457489014
v,55.46146011352539, 86.84315490722656, 0.26071882247924805
v,57.6732063293457, 85.30088806152344, 0.26071691513061523
v,58.1204833984375, 79.66464233398438, 7.172670364379883
v,57.73545837402344, 79.18583679199219, 0.26641130447387695
v,58.1204833984375, 79.66464233398438, 0.26641130447387695
v,57.61238479614258, 80.0796890258789, 7.172671318054199
v,58.1204833984375, 79.66464233398438, 0.26641130447387695
v,57.61238479614258, 80.0796890258789, 0.26641273498535156
v,57.228851318359375, 79.59966278076172, 7.172670364379883
v,57.61238479614258, 80.0796890258789, 0.26641273498535156
v,57.228851318359375, 79.59966278076172, 0.26640844345092773
v,57.73545837402344, 79.18583679199219, 7.172671794891357
v,57.228851318359375, 79.59966278076172, 0.26640844345092773
v,57.73545837402344, 79.18583679199219, 0.26641130447387695
v,57.6732063293457, 85.30088806152344, 4.819438457489014
v,55.46146011352539, 86.84315490722656, 4.819438934326172
v,55.46146011352539, 86.84315490722656, 0.26071882247924805
v,41.81254959106445, 90.72866821289062, 3.4522674083709717
v,40.061241149902344, 91.50092315673828, 0.2209758758544922
v,41.81254959106445, 90.72866821289062, 0.2209758758544922
v,20.854408264160156, 94.56019592285156, 0.8673610687255859
v,19.056800842285156, 94.85614013671875, 4.495824813842773
v,19.056800842285156, 94.85614013671875, 0.8673596382141113
v,41.81254959106445, 90.72866821289062, 3.4522674083709717
v,40.06123352050781, 91.50093841552734, 3.4522666931152344
v,40.061241149902344, 91.50092315673828, 0.2209758758544922
v,20.854408264160156, 94.56019592285156, 0.8673610687255859
v,20.854415893554688, 94.56018829345703, 4.495824813842773
v,19.056800842285156, 94.85614013671875, 4.495824813842773
v,4.980796813964844, 98.02175903320312, 7.172670364379883
v,4.9379730224609375, 97.40884399414062, 7.172671318054199
v,4.9379730224609375, 97.40884399414062, 0.26641130447387695
v,4.340545654296875, 98.07318115234375, 7.172670364379883
v,4.980796813964844, 98.02175903320312, 7.172670364379883
v,4.980796813964844, 98.02175903320312, 0.26641035079956055
v,4.301933288574219, 97.46000671386719, 7.172671318054199
v,4.340545654296875, 98.07318115234375, 7.172670364379883
v,4.340545654296875, 98.07318115234375, 0.26641130447387695
v,4.9379730224609375, 97.40884399414062, 7.172671318054199
v,4.301933288574219, 97.46000671386719, 7.172671318054199
v,4.301933288574219, 97.46000671386719, 0.26641130447387695
v,1.3952255249023438, 102.38282012939453, 4.819438457489014
v,-1.2982711791992188, 102.38713836669922, 0.26071739196777344
v,1.3952178955078125, 102.3828353881836, 0.26071691513061523
v,4.980796813964844, 98.02175903320312, 7.172670364379883
v,4.9379730224609375, 97.40884399414062, 0.26641130447387695
v,4.980796813964844, 98.02175903320312, 0.26641035079956055
v,4.340545654296875, 98.07318115234375, 7.172670364379883
v,4.980796813964844, 98.02175903320312, 0.26641035079956055
v,4.340545654296875, 98.07318115234375, 0.26641130447387695
v,4.301933288574219, 97.46000671386719, 7.172671318054199
v,4.340545654296875, 98.07318115234375, 0.26641130447387695
v,4.301933288574219, 97.46000671386719, 0.26641130447387695
v,4.9379730224609375, 97.40884399414062, 7.172671318054199
v,4.301933288574219, 97.46000671386719, 0.26641130447387695
v,4.9379730224609375, 97.40884399414062, 0.26641130447387695
v,1.3952255249023438, 102.38282012939453, 4.819438457489014
v,-1.2982711791992188, 102.38713836669922, 4.819438457489014
v,-1.2982711791992188, 102.38713836669922, 0.26071739196777344
v,-14.878692626953125, 98.25468444824219, 3.4522666931152344
v,-16.754066467285156, 97.93970489501953, 0.22097444534301758
v,-14.878692626953125, 98.25468444824219, 0.2209758758544922
v,-34.511451721191406, 89.79864501953125, 0.8673596382141113
v,-36.180702209472656, 89.08415985107422, 4.495824813842773
v,-36.180702209472656, 89.08415985107422, 0.8673610687255859
v,-14.878692626953125, 98.25468444824219, 3.4522666931152344
v,-16.754074096679688, 97.93970489501953, 3.4522666931152344
v,-16.754066467285156, 97.93970489501953, 0.22097444534301758
v,-34.511451721191406, 89.79864501953125, 0.8673596382141113
v,-34.511451721191406, 89.79864501953125, 4.495824813842773
v,-36.180702209472656, 89.08415985107422, 4.495824813842773
v,-49.515663146972656, 83.98402404785156, 7.172671318054199
v,-49.20423126220703, 83.45438385009766, 7.172671318054199
v,-49.20423126220703, 83.45439910888672, 0.26641130447387695
v,-50.07697296142578, 83.65861511230469, 7.172670364379883
v,-49.515663146972656, 83.98402404785156, 7.172671318054199
v,-49.515663146972656, 83.98402404785156, 0.26641130447387695
v,-49.762855529785156, 83.13057708740234, 7.172671318054199
v,-50.07697296142578, 83.65861511230469, 7.172670364379883
v,-50.07697296142578, 83.65861511230469, 0.26640844345092773
v,-49.20423126220703, 83.45438385009766, 7.172671318054199
v,-49.762855529785156, 83.13057708740234, 7.172671318054199
v,-49.762855529785156, 83.13057708740234, 0.26641035079956055
v,-54.95134735107422, 85.58407592773438, 4.819438457489014
v,-57.197471618652344, 84.10407257080078, 0.26071739196777344
v,-54.95134735107422, 85.58407592773438, 0.26071834564208984
v,-49.515663146972656, 83.98402404785156, 7.172671318054199
v,-49.20423126220703, 83.45439910888672, 0.26641130447387695
v,-49.515663146972656, 83.98402404785156, 0.26641130447387695
v,-50.07697296142578, 83.65861511230469, 7.172670364379883
v,-49.515663146972656, 83.98402404785156, 0.26641130447387695
v,-50.07697296142578, 83.65861511230469, 0.26640844345092773
v,-49.762855529785156, 83.13057708740234, 7.172671318054199
v,-50.07697296142578, 83.65861511230469, 0.26640844345092773
v,-49.762855529785156, 83.13057708740234, 0.26641035079956055
v,-49.20423126220703, 83.45438385009766, 7.172671318054199
v,-49.762855529785156, 83.13057708740234, 0.26641035079956055
v,-49.20423126220703, 83.45439910888672, 0.26641130447387695
v,-54.95134735107422, 85.58407592773438, 4.819438457489014
v,-57.197471618652344, 84.10407257080078, 4.819438457489014
v,-57.197471618652344, 84.10407257080078, 0.26071739196777344
v,-66.37691497802734, 73.27384185791016, 3.452266216278076
v,-67.7868881225586, 71.99777221679688, 0.22097444534301758
v,-66.37691497802734, 73.27384185791016, 0.22097444534301758
v,-78.2968978881836, 55.48168182373047, 0.8673615455627441
v,-79.33643341064453, 53.97444152832031, 4.495823860168457
v,-79.33643341064453, 53.97444152832031, 0.8673610687255859
v,-66.37691497802734, 73.27384185791016, 3.452266216278076
v,-67.7868881225586, 71.99777221679688, 3.4522666931152344
v,-67.7868881225586, 71.99777221679688, 0.22097444534301758
v,-78.2968978881836, 55.48168182373047, 0.8673615455627441
v,-78.2968978881836, 55.48168182373047, 4.495824813842773
v,-79.33643341064453, 53.97444152832031, 4.495823860168457
v,-87.81908416748047, 42.59870147705078, 7.172670841217041
v,-87.26781463623047, 42.327415466308594, 7.172671318054199
v,-87.26781463623047, 42.327415466308594, 0.26641035079956055
v,-88.09270477294922, 42.01884460449219, 7.172670841217041
v,-87.81908416748047, 42.59870147705078, 7.172670841217041
v,-87.81908416748047, 42.59870147705078, 0.26641130447387695
v,-87.53951263427734, 41.751502990722656, 7.172670841217041
v,-88.09270477294922, 42.01884460449219, 7.172670841217041
v,-88.09270477294922, 42.01884460449219, 0.26641130447387695
v,-87.26781463623047, 42.327415466308594, 7.172671318054199
v,-87.53951263427734, 41.751502990722656, 7.172670841217041
v,-87.53951263427734, 41.751502990722656, 0.26641035079956055
v,-93.20836639404297, 40.92655944824219, 4.819438457489014
v,-94.23572540283203, 38.4356689453125, 0.26071691513061523
v,-93.20836639404297, 40.92655944824219, 0.26071739196777344
v,-87.81908416748047, 42.59870147705078, 7.172670841217041
v,-87.26781463623047, 42.327415466308594, 0.26641035079956055
v,-87.81908416748047, 42.59870147705078, 0.26641130447387695
v,-88.09270477294922, 42.01884460449219, 7.172670841217041
v,-87.81908416748047, 42.59870147705078, 0.26641130447387695
v,-88.09270477294922, 42.01884460449219, 0.26641130447387695
v,-87.53951263427734, 41.751502990722656, 7.172670841217041
v,-88.09270477294922, 42.01884460449219, 0.26641130447387695
v,-87.53951263427734, 41.751502990722656, 0.26641035079956055
v,-87.26781463623047, 42.327415466308594, 7.172671318054199
v,-87.53951263427734, 41.751502990722656, 0.26641035079956055
v,-87.26781463623047, 42.327415466308594, 0.26641035079956055
v,-93.20836639404297, 40.92655944824219, 4.819438457489014
v,-94.23572540283203, 38.4356689453125, 4.819438457489014
v,-94.23572540283203, 38.4356689453125, 0.26071691513061523
v,-95.66883087158203, 24.28485107421875, 3.4522674083709717
v,-96.13484954833984, 22.433086395263672, 0.22097444534301758
v,-95.66883087158203, 24.28485107421875, 0.2209758758544922
v,-96.05748748779297, 2.8825855255126953, 0.8673596382141113
v,-96.08658599853516, 1.081552505493164, 4.495824813842773
v,-96.08658599853516, 1.081552505493164, 0.8673610687255859
v,-95.66883087158203, 24.28485107421875, 3.4522674083709717
v,-96.13484954833984, 22.433086395263672, 3.4522666931152344
v,-96.13484954833984, 22.433086395263672, 0.22097444534301758
v,-96.05748748779297, 2.8825855255126953, 0.8673596382141113
v,-96.05748748779297, 2.8825836181640625, 4.495824813842773
v,-96.08658599853516, 1.081552505493164, 4.495824813842773
v,-96.6563949584961, -13.063214302062988, 7.172670364379883
v,-96.04793548583984, -12.97790241241455, 7.172671318054199
v,-96.04793548583984, -12.977901458740234, 0.26641130447387695
v,-96.5710678100586, -13.70438003540039, 7.172670364379883
v,-96.6563949584961, -13.063214302062988, 7.172670364379883
v,-96.6563949584961, -13.063214302062988, 0.26641130447387695
v,-95.9631118774414, -13.615635871887207, 7.172670841217041
v,-96.5710678100586, -13.70438003540039, 7.172670364379883
v,-96.5710678100586, -13.70438003540039, 0.26640844345092773
v,-96.04793548583984, -12.97790241241455, 7.172671318054199
v,-95.9631118774414, -13.615635871887207, 7.172670841217041
v,-95.9631118774414, -13.615635871887207, 0.26641130447387695
v,-100.21085357666016, -17.4755916595459, 4.819438934326172
v,-99.6922836303711, -20.116573333740234, 0.26071739196777344
v,-100.21085357666016, -17.475589752197266, 0.26071739196777344
v,-96.6563949584961, -13.063214302062988, 7.172670364379883
v,-96.04793548583984, -12.977901458740234, 0.26641130447387695
v,-96.6563949584961, -13.063214302062988, 0.26641130447387695
v,-96.5710678100586, -13.70438003540039, 7.172670364379883
v,-96.6563949584961, -13.063214302062988, 0.26641130447387695
v,-96.5710678100586, -13.70438003540039, 0.26640844345092773
v,-95.9631118774414, -13.615635871887207, 7.172670841217041
v,-96.5710678100586, -13.70438003540039, 0.26640844345092773
v,-95.9631118774414, -13.615635871887207, 0.26641130447387695
v,-96.04793548583984, -12.97790241241455, 7.172671318054199
v,-95.9631118774414, -13.615635871887207, 0.26641130447387695
v,-96.04793548583984, -12.977901458740234, 0.26641130447387695
v,-100.21085357666016, -17.4755916595459, 4.819438934326172
v,-99.6922836303711, -20.116573333740234, 4.819438457489014
v,-99.6922836303711, -20.116573333740234, 0.26071739196777344
v,-93.00470733642578, -32.64484405517578, 3.4522674083709717
v,-92.34107208251953, -34.44689178466797, 0.2209758758544922
v,-93.00470733642578, -32.64484405517578, 0.2209773063659668
v,-81.73937225341797, -51.09954071044922, 0.8673610687255859
v,-80.83683013916016, -52.63519287109375, 4.495824813842773
v,-80.83683013916016, -52.63519287109375, 0.8673610687255859
v,-93.00470733642578, -32.64484405517578, 3.4522674083709717
v,-92.34107208251953, -34.44689178466797, 3.4522669315338135
v,-92.34107208251953, -34.44689178466797, 0.2209758758544922
v,-81.73937225341797, -51.09954071044922, 0.8673610687255859
v,-81.73937225341797, -51.09954071044922, 4.495824813842773
v,-80.83683013916016, -52.63519287109375, 4.495824813842773
v,-73.63603973388672, -64.46018981933594, 7.172670841217041
v,-73.18720245361328, -64.0406265258789, 7.172671794891357
v,-73.18720245361328, -64.0406265258789, 0.26641130447387695
v,-73.18798065185547, -64.93437194824219, 7.172670841217041
v,-73.63603973388672, -64.46018981933594, 7.172670841217041
v,-73.63603973388672, -64.46018981933594, 0.26641130447387695
v,-72.7408676147461, -64.51295471191406, 7.172670841217041
v,-73.18798065185547, -64.93437194824219, 7.172670841217041
v,-73.18798065185547, -64.93437194824219, 0.26641035079956055
v,-73.18720245361328, -64.0406265258789, 7.172671794891357
v,-72.7408676147461, -64.51295471191406, 7.172670841217041
v,-72.7408676147461, -64.51295471191406, 0.26641178131103516
v,-74.0152359008789, -70.11369323730469, 4.819438457489014
v,-72.10527801513672, -72.00413513183594, 0.26071596145629883
v,-74.0152359008789, -70.11369323730469, 0.26071834564208984
v,-73.63603973388672, -64.46018981933594, 7.172670841217041
v,-73.18720245361328, -64.0406265258789, 0.26641130447387695
v,-73.63603973388672, -64.46018981933594, 0.26641130447387695
v,-73.18798065185547, -64.93437194824219, 7.172670841217041
v,-73.63603973388672, -64.46018981933594, 0.26641130447387695
v,-73.18798065185547, -64.93437194824219, 0.26641035079956055
v,-72.7408676147461, -64.51295471191406, 7.172670841217041
v,-73.18798065185547, -64.93437194824219, 0.26641035079956055
v,-72.7408676147461, -64.51295471191406, 0.26641178131103516
v,-73.18720245361328, -64.0406265258789, 7.172671794891357
v,-72.7408676147461, -64.51295471191406, 0.26641178131103516
v,-73.18720245361328, -64.0406265258789, 0.26641130447387695
v,-74.0152359008789, -70.11369323730469, 4.819438457489014
v,-72.10527801513672, -72.00413513183594, 4.8194379806518555
v,-72.10527801513672, -72.00413513183594, 0.26071596145629883
v,-59.674964904785156, -78.91346740722656, 3.4522669315338135
v,-58.156028747558594, -80.06908416748047, 0.2209758758544922
v,-59.674964904785156, -78.91346740722656, 0.2209758758544922
v,-40.13304901123047, -87.58746337890625, 0.8673610687255859
v,-38.472999572753906, -88.32075500488281, 4.495824337005615
v,-38.47301483154297, -88.32075500488281, 0.8673610687255859
v,-59.674964904785156, -78.91346740722656, 3.4522669315338135
v,-58.156028747558594, -80.06908416748047, 3.4522666931152344
v,-58.156028747558594, -80.06908416748047, 0.2209758758544922
v,-40.13304901123047, -87.58746337890625, 0.8673610687255859
v,-40.13304901123047, -87.58746337890625, 4.495824813842773
v,-38.472999572753906, -88.32075500488281, 4.495824337005615
v,-25.669944763183594, -94.53316497802734, 7.172670841217041
v,-25.501060485839844, -93.94242095947266, 7.172671794891357
v,-25.501060485839844, -93.94242095947266, 0.26641130447387695
v,-25.049827575683594, -94.70982360839844, 7.172671318054199
v,-25.669944763183594, -94.53316497802734, 7.172670841217041
v,-25.669944763183594, -94.53316497802734, 0.26641035079956055
v,-24.884605407714844, -94.11804962158203, 7.172669887542725
v,-25.049827575683594, -94.70982360839844, 7.172671318054199
v,-25.049827575683594, -94.70982360839844, 0.26641130447387695
v,-25.501060485839844, -93.94242095947266, 7.172671794891357
v,-24.884605407714844, -94.11804962158203, 7.172669887542725
v,-24.884605407714844, -94.11804962158203, 0.26641130447387695
v,-23.06285858154297, -99.54222106933594, 4.8194379806518555
v,-20.42632293701172, -100.10131072998047, 0.26071834564208984
v,-23.062820434570312, -99.54222106933594, 0.26071739196777344
v,-25.669944763183594, -94.53316497802734, 7.172670841217041
v,-25.501060485839844, -93.94242095947266, 0.26641130447387695
v,-25.669944763183594, -94.53316497802734, 0.26641035079956055
v,-25.049827575683594, -94.70982360839844, 7.172671318054199
v,-25.669944763183594, -94.53316497802734, 0.26641035079956055
v,-25.049827575683594, -94.70982360839844, 0.26641130447387695
v,-24.884605407714844, -94.11804962158203, 7.172669887542725
v,-25.049827575683594, -94.70982360839844, 0.26641130447387695
v,-24.884605407714844, -94.11804962158203, 0.26641130447387695
v,-25.501060485839844, -93.94242095947266, 7.172671794891357
v,-24.884605407714844, -94.11804962158203, 0.26641130447387695
v,-25.501060485839844, -93.94242095947266, 0.26641130447387695
v,-23.06285858154297, -99.54222106933594, 4.8194379806518555
v,-20.42632293701172, -100.10131072998047, 4.819438934326172
v,-20.42632293701172, -100.10131072998047, 0.26071834564208984
v,-6.2978363037109375, -98.64208984375, 3.4522666931152344
v,-4.385566711425781, -98.68682861328125, 0.22097444534301758
v,-6.2978363037109375, -98.64208984375, 0.22097444534301758
v,15.050636291503906, -94.91488647460938, 0.8673615455627441
v,16.86652374267578, -94.68299102783203, 4.495824813842773
v,16.86652374267578, -94.68299102783203, 0.8673610687255859
v,-6.2978363037109375, -98.64208984375, 3.4522666931152344
v,-4.385566711425781, -98.68682861328125, 3.4522669315338135
v,-4.385566711425781, -98.68682861328125, 0.22097444534301758
v,15.050636291503906, -94.91488647460938, 0.8673615455627441
v,15.050636291503906, -94.91488647460938, 4.495824813842773
v,16.86652374267578, -94.68299102783203, 4.495824813842773
v,31.07571029663086, -93.32913970947266, 7.172670841217041
v,30.91553497314453, -92.73596954345703, 7.172670841217041
v,30.91553497314453, -92.73596954345703, 0.26640987396240234
v,31.703868865966797, -93.16673278808594, 7.172670364379883
v,31.07571029663086, -93.32913970947266, 7.172670841217041
v,31.07571029663086, -93.32913970947266, 0.26641130447387695
v,31.54071807861328, -92.57440185546875, 7.172670364379883
v,31.703868865966797, -93.16673278808594, 7.172670364379883
v,31.703868865966797, -93.16673278808594, 0.26641130447387695
v,30.91553497314453, -92.73596954345703, 7.172670841217041
v,31.54071807861328, -92.57440185546875, 7.172670364379883
v,31.54071807861328, -92.57440185546875, 0.26641035079956055
v,35.90199661254883, -96.29923248291016, 4.819438934326172
v,38.44287872314453, -95.37767028808594, 0.26071834564208984
v,35.902034759521484, -96.29923248291016, 0.26071739196777344
v,31.07571029663086, -93.32913970947266, 7.172670841217041
v,30.91553497314453, -92.73596954345703, 0.26640987396240234
v,31.07571029663086, -93.32913970947266, 0.26641130447387695
v,31.703868865966797, -93.16673278808594, 7.172670364379883
v,31.07571029663086, -93.32913970947266, 0.26641130447387695
v,31.703868865966797, -93.16673278808594, 0.26641130447387695
v,31.54071807861328, -92.57440185546875, 7.172670364379883
v,31.703868865966797, -93.16673278808594, 0.26641130447387695
v,31.54071807861328, -92.57440185546875, 0.26641035079956055
v,30.91553497314453, -92.73596954345703, 7.172670841217041
v,31.54071807861328, -92.57440185546875, 0.26641035079956055
v,30.91553497314453, -92.73596954345703, 0.26640987396240234
v,35.90199661254883, -96.29923248291016, 4.819438934326172
v,38.44287872314453, -95.37767028808594, 4.819438934326172
v,38.44287872314453, -95.37767028808594, 0.26071834564208984
v,49.51130294799805, -86.45841979980469, 3.4522669315338135
v,51.17008590698242, -85.46733093261719, 0.2209758758544922
v,49.51130294799805, -86.45841979980469, 0.2209758758544922
v,65.14141845703125, -72.17008972167969, 0.8673610687255859
v,66.43467712402344, -70.86996459960938, 4.495823860168457
v,66.43467712402344, -70.86996459960938, 0.8673591613769531
v,49.51130294799805, -86.45841979980469, 3.4522669315338135
v,51.17008590698242, -85.46733093261719, 3.4522674083709717
v,51.17008590698242, -85.46733093261719, 0.2209758758544922
v,65.14141845703125, -72.17008972167969, 0.8673610687255859
v,65.14141845703125, -72.17008972167969, 4.495824813842773
v,66.43467712402344, -70.86996459960938, 4.495823860168457
v,79.34881591796875, -60.56804656982422, 7.172670841217041
v,78.85564422607422, -60.201595306396484, 7.172671318054199
v,78.85565185546875, -60.20159149169922, 0.26641130447387695
v,79.75116729736328, -60.02808380126953, 7.172670841217041
v,79.34881591796875, -60.56804656982422, 7.172670841217041
v,79.34881591796875, -60.56804656982422, 0.26641130447387695
v,79.25862121582031, -59.66078186035156, 7.172670364379883
v,79.75116729736328, -60.02808380126953, 7.172670841217041
v,79.75116729736328, -60.02808380126953, 0.26641035079956055
v,78.85564422607422, -60.201595306396484, 7.172671318054199
v,79.25862121582031, -59.66078186035156, 7.172670364379883
v,79.25862121582031, -59.66078186035156, 0.26640987396240234
v,85.0226821899414, -59.98149871826172, 4.819438457489014
v,86.6220474243164, -57.83511734008789, 0.26071739196777344
v,85.02268981933594, -59.981468200683594, 0.26071739196777344
v,79.34881591796875, -60.56804656982422, 7.172670841217041
v,78.85565185546875, -60.20159149169922, 0.26641130447387695
v,79.34881591796875, -60.56804656982422, 0.26641130447387695
v,79.75116729736328, -60.02808380126953, 7.172670841217041
v,79.34881591796875, -60.56804656982422, 0.26641130447387695
v,79.75116729736328, -60.02808380126953, 0.26641035079956055
v,79.25862121582031, -59.66078186035156, 7.172670364379883
v,79.75116729736328, -60.02808380126953, 0.26641035079956055
v,79.25862121582031, -59.66078186035156, 0.26640987396240234
v,78.85564422607422, -60.201595306396484, 7.172671318054199
v,79.25862121582031, -59.66078186035156, 0.26640987396240234
v,78.85565185546875, -60.20159149169922, 0.26641130447387695
v,85.0226821899414, -59.98149871826172, 4.819438457489014
v,86.6220474243164, -57.83511734008789, 4.8194379806518555
v,86.6220474243164, -57.83511734008789, 0.26071739196777344
n,0.0, 0.16661538183689117, 0.0
n,0.0, 0.16661538183689117, 0.0
n,0.0, 0.16661538183689117, 0.0
n,-4.1637344111222774e-05, 0.16661538183689117, -9.852271776189525e-11
n,-4.1637344111222774e-05, 0.16661538183689117, -9.852271776189525e-11
n,-4.1637344111222774e-05, 0.16661538183689117, -9.852271776189525e-11
n,0.0, 0.16661538183689117, 0.0
n,0.0, 0.16661538183689117, 0.0
n,0.0, 0.16661538183689117, 0.0
n,-4.1637344111222774e-05, 0.16661536693572998, -9.852270388410744e-11
n,-4.1637344111222774e-05, 0.16661536693572998, -9.852270388410744e-11
n,-4.1637344111222774e-05, 0.16661536693572998, -9.852270388410744e-11
n,-0.16661538183689117, 1.0089118404721376e-05, 0.0
n,-0.16661538183689117, 1.0089118404721376e-05, 0.0
n,-0.16661538183689117, 1.0089118404721376e-05, 0.0
n,-1.0206055776507128e-05, -0.16661538183689117, 0.0
n,-1.0206055776507128e-05, -0.16661538183689117, 0.0
n,-1.0206055776507128e-05, -0.16661538183689117, 0.0
n,0.16661524772644043, -0.00020643883908633143, 0.0
n,0.16661524772644043, -0.00020643883908633143, 0.0
n,0.16661524772644043, -0.00020643883908633143, 0.0
n,1.028371843858622e-05, 0.16661538183689117, 0.0
n,1.028371843858622e-05, 0.16661538183689117, 0.0
n,1.028371843858622e-05, 0.16661538183689117, 0.0
n,1.0230842235614546e-05, 0.16661538183689117, 6.262039498050598e-12
n,1.0230842235614546e-05, 0.16661538183689117, 6.262039498050598e-12
n,1.0230842235614546e-05, 0.16661538183689117, 6.262039498050598e-12
n,-0.16661538183689117, 1.0089117495226674e-05, 0.0
n,-0.16661538183689117, 1.0089117495226674e-05, 0.0
n,-0.16661538183689117, 1.0089117495226674e-05, 0.0
n,-1.0206055776507128e-05, -0.16661538183689117, 0.0
n,-1.0206055776507128e-05, -0.16661538183689117, 0.0
n,-1.0206055776507128e-05, -0.16661538183689117, 0.0
n,0.16661524772644043, -0.00020643883908633143, 0.0
n,0.16661524772644043, -0.00020643883908633143, 0.0
n,0.16661524772644043, -0.00020643883908633143, 0.0
n,1.028371843858622e-05, 0.16661538183689117, 0.0
n,1.028371843858622e-05, 0.16661538183689117, 0.0
n,1.028371843858622e-05, 0.16661538183689117, 0.0
n,1.0230831321678124e-05, 0.16661538183689117, 0.0
n,1.0230831321678124e-05, 0.16661538183689117, 0.0
n,1.0230831321678124e-05, 0.16661538183689117, 0.0
n,0.0007894684094935656, -0.16661350429058075, 0.0
n,0.0007894684094935656, -0.16661350429058075, 0.0
n,0.0007894684094935656, -0.16661350429058075, 0.0
n,0.0008314937585964799, -0.16661331057548523, -1.9674890605614337e-09
n,0.0008314937585964799, -0.16661331057548523, -1.9674890605614337e-09
n,0.0008314937585964799, -0.16661331057548523, -1.9674890605614337e-09
n,0.0007894649170339108, -0.16661350429058075, 2.097649165477833e-09
n,0.0007894649170339108, -0.16661350429058075, 2.097649165477833e-09
n,0.0007894649170339108, -0.16661350429058075, 2.097649165477833e-09
n,0.0008314949227496982, -0.16661329567432404, -1.3116613351016326e-09
n,0.0008314949227496982, -0.16661329567432404, -1.3116613351016326e-09
n,0.0008314949227496982, -0.16661329567432404, -1.3116613351016326e-09
n,0.16661354899406433, 0.0007799678714945912, 0.0
n,0.16661354899406433, 0.0007799678714945912, 0.0
n,0.16661354899406433, 0.0007799678714945912, 0.0
n,-0.0007795633282512426, 0.16661354899406433, 0.0
n,-0.0007795633282512426, 0.16661354899406433, 0.0
n,-0.0007795633282512426, 0.16661354899406433, 0.0
n,-0.1666143536567688, -0.0005836178315803409, 0.0
n,-0.1666143536567688, -0.0005836178315803409, 0.0
n,-0.1666143536567688, -0.0005836178315803409, 0.0
n,0.0007794331759214401, -0.16661357879638672, 0.0
n,0.0007794331759214401, -0.16661357879638672, 0.0
n,0.0007794331759214401, -0.16661357879638672, 0.0
n,0.0007794578559696674, -0.16661356389522552, -4.866493874544631e-10
n,0.0007794578559696674, -0.16661356389522552, -4.866493874544631e-10
n,0.0007794578559696674, -0.16661356389522552, -4.866493874544631e-10
n,0.16661354899406433, 0.0007799679879099131, 0.0
n,0.16661354899406433, 0.0007799679879099131, 0.0
n,0.16661354899406433, 0.0007799679879099131, 0.0
n,-0.0007795633282512426, 0.16661354899406433, 0.0
n,-0.0007795633282512426, 0.16661354899406433, 0.0
n,-0.0007795633282512426, 0.16661354899406433, 0.0
n,-0.1666143536567688, -0.0005836178315803409, 0.0
n,-0.1666143536567688, -0.0005836178315803409, 0.0
n,-0.1666143536567688, -0.0005836178315803409, 0.0
n,0.0007794331759214401, -0.16661357879638672, 0.0
n,0.0007794331759214401, -0.16661357879638672, 0.0
n,0.0007794331759214401, -0.16661357879638672, 0.0
n,0.0007794569828547537, -0.16661356389522552, 0.0
n,0.0007794569828547537, -0.16661356389522552, 0.0
n,0.0007794569828547537, -0.16661356389522552, 0.0
n,-0.13777269423007965, -0.09369827061891556, 0.0
n,-0.13777269423007965, -0.09369827061891556, 0.0
n,-0.13777269423007965, -0.09369827061891556, 0.0
n,-0.1249827966094017, -0.11018159985542297, 0.0
n,-0.1249827966094017, -0.11018159985542297, 0.0
n,-0.1249827966094017, -0.11018159985542297, 0.0
n,-0.13777302205562592, -0.09369782358407974, 3.3194663728863816e-07
n,-0.13777302205562592, -0.09369782358407974, 3.3194663728863816e-07
n,-0.13777302205562592, -0.09369782358407974, 3.3194663728863816e-07
n,-0.12498299777507782, -0.11018136888742447, -1.5045905854549346e-07
n,-0.12498299777507782, -0.11018136888742447, -1.5045905854549346e-07
n,-0.12498299777507782, -0.11018136888742447, -1.5045905854549346e-07
n,0.1298428326845169, -0.10441038757562637, 0.0
n,0.1298428326845169, -0.10441038757562637, 0.0
n,0.1298428326845169, -0.10441038757562637, 0.0
n,0.10540509223937988, 0.12903665006160736, 0.0
n,0.10540509223937988, 0.12903665006160736, 0.0
n,0.10540509223937988, 0.12903665006160736, 0.0
n,-0.13016848266124725, 0.10400409996509552, 0.0
n,-0.13016848266124725, 0.10400409996509552, 0.0
n,-0.13016848266124725, 0.10400409996509552, 0.0
n,-0.10540542751550674, -0.12903636693954468, 0.0
n,-0.10540542751550674, -0.12903636693954468, 0.0
n,-0.10540542751550674, -0.12903636693954468, 0.0
n,-0.09530052542686462, -0.13666927814483643, 0.0
n,-0.09530052542686462, -0.13666927814483643, 0.0
n,-0.09530052542686462, -0.13666927814483643, 0.0
n,0.1298428177833557, -0.10441038012504578, 0.0
n,0.1298428177833557, -0.10441038012504578, 0.0
n,0.1298428177833557, -0.10441038012504578, 0.0
n,0.10540509968996048, 0.12903665006160736, 0.0
n,0.10540509968996048, 0.12903665006160736, 0.0
n,0.10540509968996048, 0.12903665006160736, 0.0
n,-0.13016848266124725, 0.10400409996509552, 0.0
n,-0.13016848266124725, 0.10400409996509552, 0.0
n,-0.13016848266124725, 0.10400409996509552, 0.0
n,-0.10540542006492615, -0.12903635203838348, 0.0
n,-0.10540542006492615, -0.12903635203838348, 0.0
n,-0.10540542006492615, -0.12903635203838348, 0.0
n,-0.09530052542686462, -0.13666929304599762, 0.0
n,-0.09530052542686462, -0.13666929304599762, 0.0
n,-0.09530052542686462, -0.13666929304599762, 0.0
n,-0.06722500175237656, -0.15245157480239868, 0.0
n,-0.06722500175237656, -0.15245157480239868, 0.0
n,-0.06722500175237656, -0.15245157480239868, 0.0
n,-0.027065884321928024, -0.1644023209810257, 0.0
n,-0.027065884321928024, -0.1644023209810257, 0.0
n,-0.027065884321928024, -0.1644023209810257, 0.0
n,-0.06722565740346909, -0.152451291680336, 4.21013453433261e-07
n,-0.06722565740346909, -0.152451291680336, 4.21013453433261e-07
n,-0.06722565740346909, -0.152451291680336, 4.21013453433261e-07
n,-0.02706673927605152, -0.16440217196941376, -4.332862317824038e-07
n,-0.02706673927605152, -0.16440217196941376, -4.332862317824038e-07
n,-0.02706673927605152, -0.16440217196941376, -4.332862317824038e-07
n,0.16621026396751404, -0.01161183975636959, 0.0
n,0.16621026396751404, -0.01161183975636959, 0.0
n,0.16621026396751404, -0.01161183975636959, 0.0
n,0.013339064083993435, 0.1660805642604828, 0.0
n,0.013339064083993435, 0.1660805642604828, 0.0
n,0.013339064083993435, 0.1660805642604828, 0.0
n,-0.16628602147102356, 0.010471262969076633, 0.0
n,-0.16628602147102356, 0.010471262969076633, 0.0
n,-0.16628602147102356, 0.010471262969076633, 0.0
n,-0.013358418829739094, -0.16607899963855743, 0.0
n,-0.013358418829739094, -0.16607899963855743, 0.0
n,-0.013358418829739094, -0.16607899963855743, 0.0
n,-0.0002662579354364425, -0.16661515831947327, -4.18053502926341e-07
n,-0.0002662579354364425, -0.16661515831947327, -4.18053502926341e-07
n,-0.0002662579354364425, -0.16661515831947327, -4.18053502926341e-07
n,0.16621026396751404, -0.01161183975636959, 0.0
n,0.16621026396751404, -0.01161183975636959, 0.0
n,0.16621026396751404, -0.01161183975636959, 0.0
n,0.013339065946638584, 0.1660805642604828, 0.0
n,0.013339065946638584, 0.1660805642604828, 0.0
n,0.013339065946638584, 0.1660805642604828, 0.0
n,-0.16628600656986237, 0.010471262969076633, 0.0
n,-0.16628600656986237, 0.010471262969076633, 0.0
n,-0.16628600656986237, 0.010471262969076633, 0.0
n,-0.013358418829739094, -0.16607899963855743, 0.0
n,-0.013358418829739094, -0.16607899963855743, 0.0
n,-0.013358418829739094, -0.16607899963855743, 0.0
n,-0.0002669655077625066, -0.16661515831947327, 0.0
n,-0.0002669655077625066, -0.16661515831947327, 0.0
n,-0.0002669655077625066, -0.16661515831947327, 0.0
n,0.027597617357969284, -0.1643138974905014, 0.0
n,0.027597617357969284, -0.1643138974905014, 0.0
n,0.027597617357969284, -0.1643138974905014, 0.0
n,0.06556238979101181, -0.15317395329475403, 0.0
n,0.06556238979101181, -0.15317395329475403, 0.0
n,0.06556238979101181, -0.15317395329475403, 0.0
n,0.02759745344519615, -0.1643139272928238, 9.777047438319642e-08
n,0.02759745344519615, -0.1643139272928238, 9.777047438319642e-08
n,0.02759745344519615, -0.1643139272928238, 9.777047438319642e-08
n,0.06556238979101181, -0.15317395329475403, 0.0
n,0.06556238979101181, -0.15317395329475403, 0.0
n,0.06556238979101181, -0.15317395329475403, 0.0
n,0.14362545311450958, 0.08445361256599426, 1.39987832881161e-07
n,0.14362545311450958, 0.08445361256599426, 1.39987832881161e-07
n,0.14362545311450958, 0.08445361256599426, 1.39987832881161e-07
n,-0.08356504142284393, 0.14414428174495697, 0.0
n,-0.08356504142284393, 0.14414428174495697, 0.0
n,-0.08356504142284393, 0.14414428174495697, 0.0
n,-0.14319317042827606, -0.0851845070719719, 0.0
n,-0.14319317042827606, -0.0851845070719719, 0.0
n,-0.14319317042827606, -0.0851845070719719, 0.0
n,0.08355673402547836, -0.14414909482002258, 0.0
n,0.08355673402547836, -0.14414909482002258, 0.0
n,0.08355673402547836, -0.14414909482002258, 0.0
n,0.09167324751615524, -0.13912835717201233, 0.0
n,0.09167324751615524, -0.13912835717201233, 0.0
n,0.09167324751615524, -0.13912835717201233, 0.0
n,0.1436246633529663, 0.0844549685716629, 0.0
n,0.1436246633529663, 0.0844549685716629, 0.0
n,0.1436246633529663, 0.0844549685716629, 0.0
n,-0.08356504142284393, 0.14414426684379578, 0.0
n,-0.08356504142284393, 0.14414426684379578, 0.0
n,-0.08356504142284393, 0.14414426684379578, 0.0
n,-0.14319317042827606, -0.0851845070719719, 0.0
n,-0.14319317042827606, -0.0851845070719719, 0.0
n,-0.14319317042827606, -0.0851845070719719, 0.0
n,0.08355893939733505, -0.14414779841899872, -2.387882886978332e-07
n,0.08355893939733505, -0.14414779841899872, -2.387882886978332e-07
n,0.08355893939733505, -0.14414779841899872, -2.387882886978332e-07
n,0.09167326241731644, -0.13912835717201233, 0.0
n,0.09167326241731644, -0.13912835717201233, 0.0
n,0.09167326241731644, -0.13912835717201233, 0.0
n,0.11180227994918823, -0.12353515625, 0.0
n,0.11180227994918823, -0.12353515625, 0.0
n,0.11180227994918823, -0.12353515625, 0.0
n,0.1371573507785797, -0.0945967435836792, 0.0
n,0.1371573507785797, -0.0945967435836792, 0.0
n,0.1371573507785797, -0.0945967435836792, 0.0
n,0.11180228739976883, -0.12353515625, 0.0
n,0.11180228739976883, -0.12353515625, 0.0
n,0.11180228739976883, -0.12353515625, 0.0
n,0.1371573507785797, -0.0945967435836792, 0.0
n,0.1371573507785797, -0.0945967435836792, 0.0
n,0.1371573507785797, -0.0945967435836792, 0.0
n,0.07356744259595871, 0.1494942009449005, 0.0
n,0.07356744259595871, 0.1494942009449005, 0.0
n,0.07356744259595871, 0.1494942009449005, 0.0
n,-0.15068179368972778, 0.07110331952571869, 0.0
n,-0.15068179368972778, 0.07110331952571869, 0.0
n,-0.15068179368972778, 0.07110331952571869, 0.0
n,-0.07249673455953598, -0.15001636743545532, 0.0
n,-0.07249673455953598, -0.15001636743545532, 0.0
n,-0.07249673455953598, -0.15001636743545532, 0.0
n,0.1506878137588501, -0.07109057158231735, 0.0
n,0.1506878137588501, -0.07109057158231735, 0.0
n,0.1506878137588501, -0.07109057158231735, 0.0
n,0.15402840077877045, -0.06352902203798294, 0.0
n,0.15402840077877045, -0.06352902203798294, 0.0
n,0.15402840077877045, -0.06352902203798294, 0.0
n,0.07356744259595871, 0.1494942009449005, 0.0
n,0.07356744259595871, 0.1494942009449005, 0.0
n,0.07356744259595871, 0.1494942009449005, 0.0
n,-0.15068179368972778, 0.07110331952571869, 0.0
n,-0.15068179368972778, 0.07110331952571869, 0.0
n,-0.15068179368972778, 0.07110331952571869, 0.0
n,-0.07249672710895538, -0.15001635253429413, 0.0
n,-0.07249672710895538, -0.15001635253429413, 0.0
n,-0.07249672710895538, -0.15001635253429413, 0.0
n,0.1506878137588501, -0.07109057158231735, 0.0
n,0.1506878137588501, -0.07109057158231735, 0.0
n,0.1506878137588501, -0.07109057158231735, 0.0
n,0.15402840077877045, -0.06352902203798294, 0.0
n,0.15402840077877045, -0.06352902203798294, 0.0
n,0.15402840077877045, -0.06352902203798294, 0.0
n,0.1615772247314453, -0.04066306725144386, 0.0
n,0.1615772247314453, -0.04066306725144386, 0.0
n,0.1615772247314453, -0.04066306725144386, 0.0
n,0.16659364104270935, -0.0026917036157101393, 0.0
n,0.16659364104270935, -0.0026917036157101393, 0.0
n,0.16659364104270935, -0.0026917036157101393, 0.0
n,0.1615772396326065, -0.04066300392150879, -3.601456910473644e-08
n,0.1615772396326065, -0.04066300392150879, -3.601456910473644e-08
n,0.1615772396326065, -0.04066300392150879, -3.601456910473644e-08
n,0.16659364104270935, -0.0026917082723230124, -2.123049069879812e-09
n,0.16659364104270935, -0.0026917082723230124, -2.123049069879812e-09
n,0.16659364104270935, -0.0026917082723230124, -2.123049069879812e-09
n,-0.023134643211960793, 0.16500143706798553, 3.4187692676823644e-08
n,-0.023134643211960793, 0.16500143706798553, 3.4187692676823644e-08
n,-0.023134643211960793, 0.16500143706798553, 3.4187692676823644e-08
n,-0.16515913605690002, -0.02198045328259468, 0.0
n,-0.16515913605690002, -0.02198045328259468, 0.0
n,-0.16515913605690002, -0.02198045328259468, 0.0
n,0.024066483601927757, -0.16486810147762299, 0.0
n,0.024066483601927757, -0.16486810147762299, 0.0
n,0.024066483601927757, -0.16486810147762299, 0.0
n,0.1651611179113388, 0.021965624764561653, 0.0
n,0.1651611179113388, 0.021965624764561653, 0.0
n,0.1651611179113388, 0.021965624764561653, 0.0
n,0.163493350148201, 0.03210313245654106, 2.0045357373987827e-08
n,0.163493350148201, 0.03210313245654106, 2.0045357373987827e-08
n,0.163493350148201, 0.03210313245654106, 2.0045357373987827e-08
n,-0.023135023191571236, 0.16500137746334076, 0.0
n,-0.023135023191571236, 0.16500137746334076, 0.0
n,-0.023135023191571236, 0.16500137746334076, 0.0
n,-0.16515913605690002, -0.02198045328259468, 0.0
n,-0.16515913605690002, -0.02198045328259468, 0.0
n,-0.16515913605690002, -0.02198045328259468, 0.0
n,0.024066481739282608, -0.1648680865764618, 0.0
n,0.024066481739282608, -0.1648680865764618, 0.0
n,0.024066481739282608, -0.1648680865764618, 0.0
n,0.1651611328125, 0.021965574473142624, 4.5604009457633765e-09
n,0.1651611328125, 0.021965574473142624, 4.5604009457633765e-09
n,0.1651611328125, 0.021965574473142624, 4.5604009457633765e-09
n,0.163493350148201, 0.03210316598415375, 0.0
n,0.163493350148201, 0.03210316598415375, 0.0
n,0.163493350148201, 0.03210316598415375, 0.0
n,0.15635035932064056, 0.057578194886446, 0.0
n,0.15635035932064056, 0.057578194886446, 0.0
n,0.15635035932064056, 0.057578194886446, 0.0
n,0.14364305138587952, 0.08442371338605881, 0.0
n,0.14364305138587952, 0.08442371338605881, 0.0
n,0.14364305138587952, 0.08442371338605881, 0.0
n,0.15635037422180176, 0.057578202337026596, 0.0
n,0.15635037422180176, 0.057578202337026596, 0.0
n,0.15635037422180176, 0.057578202337026596, 0.0
n,0.14364302158355713, 0.08442371338605881, 0.0
n,0.14364302158355713, 0.08442371338605881, 0.0
n,0.14364302158355713, 0.08442371338605881, 0.0
n,-0.11377902328968048, 0.1217169538140297, 1.8859677197724523e-07
n,-0.11377902328968048, 0.1217169538140297, 1.8859677197724523e-07
n,-0.11377902328968048, 0.1217169538140297, 1.8859677197724523e-07
n,-0.12110499292612076, -0.11443020403385162, 0.0
n,-0.12110499292612076, -0.11443020403385162, 0.0
n,-0.12110499292612076, -0.11443020403385162, 0.0
n,0.11427956074476242, -0.12124713510274887, 0.0
n,0.11427956074476242, -0.12124713510274887, 0.0
n,0.11427956074476242, -0.12124713510274887, 0.0
n,0.12109977751970291, 0.11443569511175156, 0.0
n,0.12109977751970291, 0.11443569511175156, 0.0
n,0.12109977751970291, 0.11443569511175156, 0.0
n,0.11720797419548035, 0.11841864883899689, 0.0
n,0.11720797419548035, 0.11841864883899689, 0.0
n,0.11720797419548035, 0.11841864883899689, 0.0
n,-0.11378058046102524, 0.12171552330255508, 0.0
n,-0.11378058046102524, 0.12171552330255508, 0.0
n,-0.11378058046102524, 0.12171552330255508, 0.0
n,-0.12110497802495956, -0.11443020403385162, 0.0
n,-0.12110497802495956, -0.11443020403385162, 0.0
n,-0.12110497802495956, -0.11443020403385162, 0.0
n,0.11427956074476242, -0.12124713510274887, 0.0
n,0.11427956074476242, -0.12124713510274887, 0.0
n,0.11427956074476242, -0.12124713510274887, 0.0
n,0.12109832465648651, 0.11443724483251572, -2.011401107893107e-07
n,0.12109832465648651, 0.11443724483251572, -2.011401107893107e-07
n,0.12109832465648651, 0.11443724483251572, -2.011401107893107e-07
n,0.11720797419548035, 0.11841864138841629, 0.0
n,0.11720797419548035, 0.11841864138841629, 0.0
n,0.11720797419548035, 0.11841864138841629, 0.0
n,0.10088371485471725, 0.1326015144586563, 0.0
n,0.10088371485471725, 0.1326015144586563, 0.0
n,0.10088371485471725, 0.1326015144586563, 0.0
n,0.06732352823019028, 0.15240809321403503, -2.1240226999452716e-07
n,0.06732352823019028, 0.15240809321403503, -2.1240226999452716e-07
n,0.06732352823019028, 0.15240809321403503, -2.1240226999452716e-07
n,0.10088372230529785, 0.1326015144586563, 0.0
n,0.10088372230529785, 0.1326015144586563, 0.0
n,0.10088372230529785, 0.1326015144586563, 0.0
n,0.06732314079999924, 0.15240827202796936, 0.0
n,0.06732314079999924, 0.15240827202796936, 0.0
n,0.06732314079999924, 0.15240827202796936, 0.0
n,-0.16019730269908905, 0.04579859972000122, 0.0
n,-0.16019730269908905, 0.04579859972000122, 0.0
n,-0.16019730269908905, 0.04579859972000122, 0.0
n,-0.04564929008483887, -0.16023990511894226, 0.0
n,-0.04564929008483887, -0.16023990511894226, 0.0
n,-0.04564929008483887, -0.16023990511894226, 0.0
n,0.160477876663208, -0.044805534183979034, 0.0
n,0.160477876663208, -0.044805534183979034, 0.0
n,0.160477876663208, -0.044805534183979034, 0.0
n,0.045652493834495544, 0.16023899614810944, 0.0
n,0.045652493834495544, 0.16023899614810944, 0.0
n,0.045652493834495544, 0.16023899614810944, 0.0
n,0.03456348180770874, 0.16299095749855042, 2.6023082000392606e-07
n,0.03456348180770874, 0.16299095749855042, 2.6023082000392606e-07
n,0.03456348180770874, 0.16299095749855042, 2.6023082000392606e-07
n,-0.16019730269908905, 0.04579859972000122, 0.0
n,-0.16019730269908905, 0.04579859972000122, 0.0
n,-0.16019730269908905, 0.04579859972000122, 0.0
n,-0.04564929008483887, -0.16023990511894226, 0.0
n,-0.04564929008483887, -0.16023990511894226, 0.0
n,-0.04564929008483887, -0.16023990511894226, 0.0
n,0.160477876663208, -0.044805534183979034, 0.0
n,0.160477876663208, -0.044805534183979034, 0.0
n,0.160477876663208, -0.044805534183979034, 0.0
n,0.045652493834495544, 0.16023899614810944, 0.0
n,0.045652493834495544, 0.16023899614810944, 0.0
n,0.045652493834495544, 0.16023899614810944, 0.0
n,0.03456304967403412, 0.16299104690551758, 0.0
n,0.03456304967403412, 0.16299104690551758, 0.0
n,0.03456304967403412, 0.16299104690551758, 0.0
n,0.0038968827575445175, 0.1665697991847992, 0.0
n,0.0038968827575445175, 0.1665697991847992, 0.0
n,0.0038968827575445175, 0.1665697991847992, 0.0
n,-0.021105868741869926, 0.16527320444583893, 0.0
n,-0.021105868741869926, 0.16527320444583893, 0.0
n,-0.021105868741869926, 0.16527320444583893, 0.0
n,0.003896882524713874, 0.1665697991847992, 0.0
n,0.003896882524713874, 0.1665697991847992, 0.0
n,0.003896882524713874, 0.1665697991847992, 0.0
n,-0.021105866879224777, 0.16527318954467773, 0.0
n,-0.021105866879224777, 0.16527318954467773, 0.0
n,-0.021105866879224777, 0.16527318954467773, 0.0
n,-0.1608540266752243, -0.04343579709529877, 0.0
n,-0.1608540266752243, -0.04343579709529877, 0.0
n,-0.1608540266752243, -0.04343579709529877, 0.0
n,0.041706155985593796, -0.16131113469600677, 0.0
n,0.041706155985593796, -0.16131113469600677, 0.0
n,0.041706155985593796, -0.16131113469600677, 0.0
n,0.16063342988491058, 0.044244587421417236, 0.0
n,0.16063342988491058, 0.044244587421417236, 0.0
n,0.16063342988491058, 0.044244587421417236, 0.0
n,-0.0416901521384716, 0.16131526231765747, 0.0
n,-0.0416901521384716, 0.16131526231765747, 0.0
n,-0.0416901521384716, 0.16131526231765747, 0.0
n,-0.05681027099490166, 0.15663103759288788, -5.008363359593204e-07
n,-0.05681027099490166, 0.15663103759288788, -5.008363359593204e-07
n,-0.05681027099490166, 0.15663103759288788, -5.008363359593204e-07
n,-0.1608540266752243, -0.043435804545879364, 0.0
n,-0.1608540266752243, -0.043435804545879364, 0.0
n,-0.1608540266752243, -0.043435804545879364, 0.0
n,0.041706155985593796, -0.16131113469600677, 0.0
n,0.041706155985593796, -0.16131113469600677, 0.0
n,0.041706155985593796, -0.16131113469600677, 0.0
n,0.16063344478607178, 0.044244587421417236, 0.0
n,0.16063344478607178, 0.044244587421417236, 0.0
n,0.16063344478607178, 0.044244587421417236, 0.0
n,-0.0416901595890522, 0.16131526231765747, 0.0
n,-0.0416901595890522, 0.16131526231765747, 0.0
n,-0.0416901595890522, 0.16131526231765747, 0.0
n,-0.05680948123335838, 0.15663130581378937, 0.0
n,-0.05680948123335838, 0.15663130581378937, 0.0
n,-0.05680948123335838, 0.15663130581378937, 0.0
n,-0.0854576975107193, 0.1430303007364273, 0.0
n,-0.0854576975107193, 0.1430303007364273, 0.0
n,-0.0854576975107193, 0.1430303007364273, 0.0
n,-0.11812662333250046, 0.11750229448080063, -1.8535676815645274e-07
n,-0.11812662333250046, 0.11750229448080063, -1.8535676815645274e-07
n,-0.11812662333250046, 0.11750229448080063, -1.8535676815645274e-07
n,-0.0854576975107193, 0.1430303007364273, 0.0
n,-0.0854576975107193, 0.1430303007364273, 0.0
n,-0.0854576975107193, 0.1430303007364273, 0.0
n,-0.11812686920166016, 0.11750202625989914, 0.0
n,-0.11812686920166016, 0.11750202625989914, 0.0
n,-0.11812686920166016, 0.11750202625989914, 0.0
n,-0.09937269240617752, -0.13373762369155884, -2.7555705628401483e-07
n,-0.09937269240617752, -0.13373762369155884, -2.7555705628401483e-07
n,-0.09937269240617752, -0.13373762369155884, -2.7555705628401483e-07
n,0.13360300660133362, -0.09955362230539322, 0.0
n,0.13360300660133362, -0.09955362230539322, 0.0
n,0.13360300660133362, -0.09955362230539322, 0.0
n,0.09960329532623291, 0.1335659772157669, 0.0
n,0.09960329532623291, 0.1335659772157669, 0.0
n,0.09960329532623291, 0.1335659772157669, 0.0
n,-0.13360369205474854, 0.09955267608165741, 0.0
n,-0.13360369205474854, 0.09955267608165741, 0.0
n,-0.13360369205474854, 0.09955267608165741, 0.0
n,-0.13360261917114258, 0.099554143846035, 2.895061186336534e-07
n,-0.13360261917114258, 0.099554143846035, 2.895061186336534e-07
n,-0.13360261917114258, 0.099554143846035, 2.895061186336534e-07
n,-0.09937518835067749, -0.1337357759475708, 0.0
n,-0.09937518835067749, -0.1337357759475708, 0.0
n,-0.09937518835067749, -0.1337357759475708, 0.0
n,0.13360300660133362, -0.09955360740423203, 0.0
n,0.13360300660133362, -0.09955360740423203, 0.0
n,0.13360300660133362, -0.09955360740423203, 0.0
n,0.09960329532623291, 0.1335659772157669, 0.0
n,0.09960329532623291, 0.1335659772157669, 0.0
n,0.09960329532623291, 0.1335659772157669, 0.0
n,-0.13360454142093658, 0.09955154359340668, -1.3860757519523759e-07
n,-0.13360454142093658, 0.09955154359340668, -1.3860757519523759e-07
n,-0.13360454142093658, 0.09955154359340668, -1.3860757519523759e-07
n,-0.13360290229320526, 0.09955374896526337, 0.0
n,-0.13360290229320526, 0.09955374896526337, 0.0
n,-0.13360290229320526, 0.09955374896526337, 0.0
u,0.7357116341590881, 1.1920928955078125e-07, 0
u,2.6570510271994863e-06, 0.9999999999998839, 0
u,0.7357117533683777, 0.9999999736007208, 0
u,0.7242650985717773, 0.999999368019644, 0
u,3.2915643544129125e-08, 6.556510925292969e-07, 0
u,6.583128708825825e-09, 1.0, 0
u,0.7357116341590881, 1.1920928955078125e-07, 0
u,1.164384766383364e-08, 1.7881393432617188e-07, 0
u,2.6570510271994863e-06, 0.9999999999998839, 0
u,0.7242650985717773, 0.999999368019644, 0
u,0.724264919757843, 5.960464477539063e-08, 0
u,3.2915643544129125e-08, 6.556510925292969e-07, 0
u,0.6360270380973816, 0.12455403804779053, 0
u,0.7022509574890137, 0.12485963106155396, 0
u,0.6988153457641602, 0.8692454695701599, 0
u,0.7552944421768188, 0.1116635799407959, 0
u,0.8362853527069092, 0.11130428314208984, 0
u,0.8399808406829834, 0.9441435411572456, 0
u,0.4677368998527527, 0.12306421995162964, 0
u,0.5347848534584045, 0.12328863143920898, 0
u,0.5322629809379578, 0.8769358992576599, 0
u,0.5465911626815796, 0.12669849395751953, 0
u,0.6177648305892944, 0.12670189142227173, 0
u,0.6177294254302979, 0.8577996641397476, 0
u,0.09145668148994446, 0.9640665650367737, 0
u,0.8284358382225037, 0.033949971199035645, 0
u,0.0865136981010437, 0.034653425216674805, 0
u,0.6360270380973816, 0.12455403804779053, 0
u,0.6988153457641602, 0.8692454695701599, 0
u,0.6325913667678833, 0.8689399063587189, 0
u,0.7552944421768188, 0.1116635799407959, 0
u,0.8399808406829834, 0.9441435411572456, 0
u,0.7589898109436035, 0.9445028975605965, 0
u,0.4677368998527527, 0.12306421995162964, 0
u,0.5322629809379578, 0.8769358992576599, 0
u,0.4652150273323059, 0.8767115473747253, 0
u,0.5465911626815796, 0.12669849395751953, 0
u,0.6177294254302979, 0.8577996641397476, 0
u,0.5465556979179382, 0.8577961772680283, 0
u,0.09145668148994446, 0.9640665650367737, 0
u,0.833380937576294, 0.9633631110191345, 0
u,0.8284358382225037, 0.033949971199035645, 0
u,0.7357116341590881, 1.1920928955078125e-07, 0
u,2.6570510271994863e-06, 0.9999999999998839, 0
u,0.7357117533683777, 0.9999999736007208, 0
u,0.7242650985717773, 0.999999368019644, 0
u,3.2915643544129125e-08, 6.556510925292969e-07, 0
u,6.583128708825825e-09, 1.0, 0
u,0.7357116341590881, 1.1920928955078125e-07, 0
u,1.164384766383364e-08, 1.7881393432617188e-07, 0
u,2.6570510271994863e-06, 0.9999999999998839, 0
u,0.7242650985717773, 0.999999368019644, 0
u,0.724264919757843, 5.960464477539063e-08, 0
u,3.2915643544129125e-08, 6.556510925292969e-07, 0
u,0.6360270380973816, 0.12455403804779053, 0
u,0.7022509574890137, 0.12485963106155396, 0
u,0.6988153457641602, 0.8692454695701599, 0
u,0.7552944421768188, 0.1116635799407959, 0
u,0.8362853527069092, 0.11130428314208984, 0
u,0.8399808406829834, 0.9441435411572456, 0
u,0.4677368998527527, 0.12306421995162964, 0
u,0.5347848534584045, 0.12328863143920898, 0
u,0.5322629809379578, 0.8769358992576599, 0
u,0.5465911626815796, 0.12669849395751953, 0
u,0.6177648305892944, 0.12670189142227173, 0
u,0.6177294254302979, 0.8577996641397476, 0
u,0.09145668148994446, 0.9640665650367737, 0
u,0.8284358382225037, 0.033949971199035645, 0
u,0.0865136981010437, 0.034653425216674805, 0
u,0.6360270380973816, 0.12455403804779053, 0
u,0.6988153457641602, 0.8692454695701599, 0
u,0.6325913667678833, 0.8689399063587189, 0
u,0.7552944421768188, 0.1116635799407959, 0
u,0.8399808406829834, 0.9441435411572456, 0
u,0.7589898109436035, 0.9445028975605965, 0
u,0.4677368998527527, 0.12306421995162964, 0
u,0.5322629809379578, 0.8769358992576599, 0
u,0.4652150273323059, 0.8767115473747253, 0
u,0.5465911626815796, 0.12669849395751953, 0
u,0.6177294254302979, 0.8577996641397476, 0
u,0.5465556979179382, 0.8577961772680283, 0
u,0.09145668148994446, 0.9640665650367737, 0
u,0.833380937576294, 0.9633631110191345, 0
u,0.8284358382225037, 0.033949971199035645, 0
u,0.7357116341590881, 1.1920928955078125e-07, 0
u,2.6570510271994863e-06, 0.9999999999998839, 0
u,0.7357117533683777, 0.9999999736007208, 0
u,0.7242650985717773, 0.999999368019644, 0
u,3.2915643544129125e-08, 6.556510925292969e-07, 0
u,6.583128708825825e-09, 1.0, 0
u,0.7357116341590881, 1.1920928955078125e-07, 0
u,1.164384766383364e-08, 1.7881393432617188e-07, 0
u,2.6570510271994863e-06, 0.9999999999998839, 0
u,0.7242650985717773, 0.999999368019644, 0
u,0.724264919757843, 5.960464477539063e-08, 0
u,3.2915643544129125e-08, 6.556510925292969e-07, 0
u,0.6360270380973816, 0.12455403804779053, 0
u,0.7022509574890137, 0.12485963106155396, 0
u,0.6988153457641602, 0.8692454695701599, 0
u,0.7552944421768188, 0.1116635799407959, 0
u,0.8362853527069092, 0.11130428314208984, 0
u,0.8399808406829834, 0.9441435411572456, 0
u,0.4677368998527527, 0.12306421995162964, 0
u,0.5347848534584045, 0.12328863143920898, 0
u,0.5322629809379578, 0.8769358992576599, 0
u,0.5465911626815796, 0.12669849395751953, 0
u,0.6177648305892944, 0.12670189142227173, 0
u,0.6177294254302979, 0.8577996641397476, 0
u,0.09145668148994446, 0.9640665650367737, 0
u,0.8284358382225037, 0.033949971199035645, 0
u,0.0865136981010437, 0.034653425216674805, 0
u,0.6360270380973816, 0.12455403804779053, 0
u,0.6988153457641602, 0.8692454695701599, 0
u,0.6325913667678833, 0.8689399063587189, 0
u,0.7552944421768188, 0.1116635799407959, 0
u,0.8399808406829834, 0.9441435411572456, 0
u,0.7589898109436035, 0.9445028975605965, 0
u,0.4677368998527527, 0.12306421995162964, 0
u,0.5322629809379578, 0.8769358992576599, 0
u,0.4652150273323059, 0.8767115473747253, 0
u,0.5465911626815796, 0.12669849395751953, 0
u,0.6177294254302979, 0.8577996641397476, 0
u,0.5465556979179382, 0.8577961772680283, 0
u,0.09145668148994446, 0.9640665650367737, 0
u,0.833380937576294, 0.9633631110191345, 0
u,0.8284358382225037, 0.033949971199035645, 0
u,0.7357116341590881, 1.1920928955078125e-07, 0
u,2.6570510271994863e-06, 0.9999999999998839, 0
u,0.7357117533683777, 0.9999999736007208, 0
u,0.7242650985717773, 0.999999368019644, 0
u,3.2915643544129125e-08, 6.556510925292969e-07, 0
u,6.583128708825825e-09, 1.0, 0
u,0.7357116341590881, 1.1920928955078125e-07, 0
u,1.164384766383364e-08, 1.7881393432617188e-07, 0
u,2.6570510271994863e-06, 0.9999999999998839, 0
u,0.7242650985717773, 0.999999368019644, 0
u,0.724264919757843, 5.960464477539063e-08, 0
u,3.2915643544129125e-08, 6.556510925292969e-07, 0
u,0.6360270380973816, 0.12455403804779053, 0
u,0.7022509574890137, 0.12485963106155396, 0
u,0.6988153457641602, 0.8692454695701599, 0
u,0.7552944421768188, 0.1116635799407959, 0
u,0.8362853527069092, 0.11130428314208984, 0
u,0.8399808406829834, 0.9441435411572456, 0
u,0.4677368998527527, 0.12306421995162964, 0
u,0.5347848534584045, 0.12328863143920898, 0
u,0.5322629809379578, 0.8769358992576599, 0
u,0.5465911626815796, 0.12669849395751953, 0
u,0.6177648305892944, 0.12670189142227173, 0
u,0.6177294254302979, 0.8577996641397476, 0
u,0.09145668148994446, 0.9640665650367737, 0
u,0.8284358382225037, 0.033949971199035645, 0
u,0.0865136981010437, 0.034653425216674805, 0
u,0.6360270380973816, 0.12455403804779053, 0
u,0.6988153457641602, 0.8692454695701599, 0
u,0.6325913667678833, 0.8689399063587189, 0
u,0.7552944421768188, 0.1116635799407959, 0
u,0.8399808406829834, 0.9441435411572456, 0
u,0.7589898109436035, 0.9445028975605965, 0
u,0.4677368998527527, 0.12306421995162964, 0
u,0.5322629809379578, 0.8769358992576599, 0
u,0.4652150273323059, 0.8767115473747253, 0
u,0.5465911626815796, 0.12669849395751953, 0
u,0.6177294254302979, 0.8577996641397476, 0
u,0.5465556979179382, 0.8577961772680283, 0
u,0.09145668148994446, 0.9640665650367737, 0
u,0.833380937576294, 0.9633631110191345, 0
u,0.8284358382225037, 0.033949971199035645, 0
u,0.7357116341590881, 1.1920928955078125e-07, 0
u,2.6570510271994863e-06, 0.9999999999998839, 0
u,0.7357117533683777, 0.9999999736007208, 0
u,0.7242650985717773, 0.999999368019644, 0
u,3.2915643544129125e-08, 6.556510925292969e-07, 0
u,6.583128708825825e-09, 1.0, 0
u,0.7357116341590881, 1.1920928955078125e-07, 0
u,1.164384766383364e-08, 1.7881393432617188e-07, 0
u,2.6570510271994863e-06, 0.9999999999998839, 0
u,0.7242650985717773, 0.999999368019644, 0
u,0.724264919757843, 5.960464477539063e-08, 0
u,3.2915643544129125e-08, 6.556510925292969e-07, 0
u,0.6360270380973816, 0.12455403804779053, 0
u,0.7022509574890137, 0.12485963106155396, 0
u,0.6988153457641602, 0.8692454695701599, 0
u,0.7552944421768188, 0.1116635799407959, 0
u,0.8362853527069092, 0.11130428314208984, 0
u,0.8399808406829834, 0.9441435411572456, 0
u,0.4677368998527527, 0.12306421995162964, 0
u,0.5347848534584045, 0.12328863143920898, 0
u,0.5322629809379578, 0.8769358992576599, 0
u,0.5465911626815796, 0.12669849395751953, 0
u,0.6177648305892944, 0.12670189142227173, 0
u,0.6177294254302979, 0.8577996641397476, 0
u,0.09145668148994446, 0.9640665650367737, 0
u,0.8284358382225037, 0.033949971199035645, 0
u,0.0865136981010437, 0.034653425216674805, 0
u,0.6360270380973816, 0.12455403804779053, 0
u,0.6988153457641602, 0.8692454695701599, 0
u,0.6325913667678833, 0.8689399063587189, 0
u,0.7552944421768188, 0.1116635799407959, 0
u,0.8399808406829834, 0.9441435411572456, 0
u,0.7589898109436035, 0.9445028975605965, 0
u,0.4677368998527527, 0.12306421995162964, 0
u,0.5322629809379578, 0.8769358992576599, 0
u,0.4652150273323059, 0.8767115473747253, 0
u,0.5465911626815796, 0.12669849395751953, 0
u,0.6177294254302979, 0.8577996641397476, 0
u,0.5465556979179382, 0.8577961772680283, 0
u,0.09145668148994446, 0.9640665650367737, 0
u,0.833380937576294, 0.9633631110191345, 0
u,0.8284358382225037, 0.033949971199035645, 0
u,0.7357116341590881, 1.1920928955078125e-07, 0
u,2.6570510271994863e-06, 0.9999999999998839, 0
u,0.7357117533683777, 0.9999999736007208, 0
u,0.7242650985717773, 0.999999368019644, 0
u,3.2915643544129125e-08, 6.556510925292969e-07, 0
u,6.583128708825825e-09, 1.0, 0
u,0.7357116341590881, 1.1920928955078125e-07, 0
u,1.164384766383364e-08, 1.7881393432617188e-07, 0
u,2.6570510271994863e-06, 0.9999999999998839, 0
u,0.7242650985717773, 0.999999368019644, 0
u,0.724264919757843, 5.960464477539063e-08, 0
u,3.2915643544129125e-08, 6.556510925292969e-07, 0
u,0.6360270380973816, 0.12455403804779053, 0
u,0.7022509574890137, 0.12485963106155396, 0
u,0.6988153457641602, 0.8692454695701599, 0
u,0.7552944421768188, 0.1116635799407959, 0
u,0.8362853527069092, 0.11130428314208984, 0
u,0.8399808406829834, 0.9441435411572456, 0
u,0.4677368998527527, 0.12306421995162964, 0
u,0.5347848534584045, 0.12328863143920898, 0
u,0.5322629809379578, 0.8769358992576599, 0
u,0.5465911626815796, 0.12669849395751953, 0
u,0.6177648305892944, 0.12670189142227173, 0
u,0.6177294254302979, 0.8577996641397476, 0
u,0.09145668148994446, 0.9640665650367737, 0
u,0.8284358382225037, 0.033949971199035645, 0
u,0.0865136981010437, 0.034653425216674805, 0
u,0.6360270380973816, 0.12455403804779053, 0
u,0.6988153457641602, 0.8692454695701599, 0
u,0.6325913667678833, 0.8689399063587189, 0
u,0.7552944421768188, 0.1116635799407959, 0
u,0.8399808406829834, 0.9441435411572456, 0
u,0.7589898109436035, 0.9445028975605965, 0
u,0.4677368998527527, 0.12306421995162964, 0
u,0.5322629809379578, 0.8769358992576599, 0
u,0.4652150273323059, 0.8767115473747253, 0
u,0.5465911626815796, 0.12669849395751953, 0
u,0.6177294254302979, 0.8577996641397476, 0
u,0.5465556979179382, 0.8577961772680283, 0
u,0.09145668148994446, 0.9640665650367737, 0
u,0.833380937576294, 0.9633631110191345, 0
u,0.8284358382225037, 0.033949971199035645, 0
u,0.7357116341590881, 1.1920928955078125e-07, 0
u,2.6570510271994863e-06, 0.9999999999998839, 0
u,0.7357117533683777, 0.9999999736007208, 0
u,0.7242650985717773, 0.999999368019644, 0
u,3.2915643544129125e-08, 6.556510925292969e-07, 0
u,6.583128708825825e-09, 1.0, 0
u,0.7357116341590881, 1.1920928955078125e-07, 0
u,1.164384766383364e-08, 1.7881393432617188e-07, 0
u,2.6570510271994863e-06, 0.9999999999998839, 0
u,0.7242650985717773, 0.999999368019644, 0
u,0.724264919757843, 5.960464477539063e-08, 0
u,3.2915643544129125e-08, 6.556510925292969e-07, 0
u,0.6360270380973816, 0.12455403804779053, 0
u,0.7022509574890137, 0.12485963106155396, 0
u,0.6988153457641602, 0.8692454695701599, 0
u,0.7552944421768188, 0.1116635799407959, 0
u,0.8362853527069092, 0.11130428314208984, 0
u,0.8399808406829834, 0.9441435411572456, 0
u,0.4677368998527527, 0.12306421995162964, 0
u,0.5347848534584045, 0.12328863143920898, 0
u,0.5322629809379578, 0.8769358992576599, 0
u,0.5465911626815796, 0.12669849395751953, 0
u,0.6177648305892944, 0.12670189142227173, 0
u,0.6177294254302979, 0.8577996641397476, 0
u,0.09145668148994446, 0.9640665650367737, 0
u,0.8284358382225037, 0.033949971199035645, 0
u,0.0865136981010437, 0.034653425216674805, 0
u,0.6360270380973816, 0.12455403804779053, 0
u,0.6988153457641602, 0.8692454695701599, 0
u,0.6325913667678833, 0.8689399063587189, 0
u,0.7552944421768188, 0.1116635799407959, 0
u,0.8399808406829834, 0.9441435411572456, 0
u,0.7589898109436035, 0.9445028975605965, 0
u,0.4677368998527527, 0.12306421995162964, 0
u,0.5322629809379578, 0.8769358992576599, 0
u,0.4652150273323059, 0.8767115473747253, 0
u,0.5465911626815796, 0.12669849395751953, 0
u,0.6177294254302979, 0.8577996641397476, 0
u,0.5465556979179382, 0.8577961772680283, 0
u,0.09145668148994446, 0.9640665650367737, 0
u,0.833380937576294, 0.9633631110191345, 0
u,0.8284358382225037, 0.033949971199035645, 0
u,0.7357116341590881, 1.1920928955078125e-07, 0
u,2.6570510271994863e-06, 0.9999999999998839, 0
u,0.7357117533683777, 0.9999999736007208, 0
u,0.7242650985717773, 0.999999368019644, 0
u,3.2915643544129125e-08, 6.556510925292969e-07, 0
u,6.583128708825825e-09, 1.0, 0
u,0.7357116341590881, 1.1920928955078125e-07, 0
u,1.164384766383364e-08, 1.7881393432617188e-07, 0
u,2.6570510271994863e-06, 0.9999999999998839, 0
u,0.7242650985717773, 0.999999368019644, 0
u,0.724264919757843, 5.960464477539063e-08, 0
u,3.2915643544129125e-08, 6.556510925292969e-07, 0
u,0.6360270380973816, 0.12455403804779053, 0
u,0.7022509574890137, 0.12485963106155396, 0
u,0.6988153457641602, 0.8692454695701599, 0
u,0.7552944421768188, 0.1116635799407959, 0
u,0.8362853527069092, 0.11130428314208984, 0
u,0.8399808406829834, 0.9441435411572456, 0
u,0.4677368998527527, 0.12306421995162964, 0
u,0.5347848534584045, 0.12328863143920898, 0
u,0.5322629809379578, 0.8769358992576599, 0
u,0.5465911626815796, 0.12669849395751953, 0
u,0.6177648305892944, 0.12670189142227173, 0
u,0.6177294254302979, 0.8577996641397476, 0
u,0.09145668148994446, 0.9640665650367737, 0
u,0.8284358382225037, 0.033949971199035645, 0
u,0.0865136981010437, 0.034653425216674805, 0
u,0.6360270380973816, 0.12455403804779053, 0
u,0.6988153457641602, 0.8692454695701599, 0
u,0.6325913667678833, 0.8689399063587189, 0
u,0.7552944421768188, 0.1116635799407959, 0
u,0.8399808406829834, 0.9441435411572456, 0
u,0.7589898109436035, 0.9445028975605965, 0
u,0.4677368998527527, 0.12306421995162964, 0
u,0.5322629809379578, 0.8769358992576599, 0
u,0.4652150273323059, 0.8767115473747253, 0
u,0.5465911626815796, 0.12669849395751953, 0
u,0.6177294254302979, 0.8577996641397476, 0
u,0.5465556979179382, 0.8577961772680283, 0
u,0.09145668148994446, 0.9640665650367737, 0
u,0.833380937576294, 0.9633631110191345, 0
u,0.8284358382225037, 0.033949971199035645, 0
u,0.7357116341590881, 1.1920928955078125e-07, 0
u,2.6570510271994863e-06, 0.9999999999998839, 0
u,0.7357117533683777, 0.9999999736007208, 0
u,0.7242650985717773, 0.999999368019644, 0
u,3.2915643544129125e-08, 6.556510925292969e-07, 0
u,6.583128708825825e-09, 1.0, 0
u,0.7357116341590881, 1.1920928955078125e-07, 0
u,1.164384766383364e-08, 1.7881393432617188e-07, 0
u,2.6570510271994863e-06, 0.9999999999998839, 0
u,0.7242650985717773, 0.999999368019644, 0
u,0.724264919757843, 5.960464477539063e-08, 0
u,3.2915643544129125e-08, 6.556510925292969e-07, 0
u,0.6360270380973816, 0.12455403804779053, 0
u,0.7022509574890137, 0.12485963106155396, 0
u,0.6988153457641602, 0.8692454695701599, 0
u,0.7552944421768188, 0.1116635799407959, 0
u,0.8362853527069092, 0.11130428314208984, 0
u,0.8399808406829834, 0.9441435411572456, 0
u,0.4677368998527527, 0.12306421995162964, 0
u,0.5347848534584045, 0.12328863143920898, 0
u,0.5322629809379578, 0.8769358992576599, 0
u,0.5465911626815796, 0.12669849395751953, 0
u,0.6177648305892944, 0.12670189142227173, 0
u,0.6177294254302979, 0.8577996641397476, 0
u,0.09145668148994446, 0.9640665650367737, 0
u,0.8284358382225037, 0.033949971199035645, 0
u,0.0865136981010437, 0.034653425216674805, 0
u,0.6360270380973816, 0.12455403804779053, 0
u,0.6988153457641602, 0.8692454695701599, 0
u,0.6325913667678833, 0.8689399063587189, 0
u,0.7552944421768188, 0.1116635799407959, 0
u,0.8399808406829834, 0.9441435411572456, 0
u,0.7589898109436035, 0.9445028975605965, 0
u,0.4677368998527527, 0.12306421995162964, 0
u,0.5322629809379578, 0.8769358992576599, 0
u,0.4652150273323059, 0.8767115473747253, 0
u,0.5465911626815796, 0.12669849395751953, 0
u,0.6177294254302979, 0.8577996641397476, 0
u,0.5465556979179382, 0.8577961772680283, 0
u,0.09145668148994446, 0.9640665650367737, 0
u,0.833380937576294, 0.9633631110191345, 0
u,0.8284358382225037, 0.033949971199035645, 0
u,0.7357116341590881, 1.1920928955078125e-07, 0
u,2.6570510271994863e-06, 0.9999999999998839, 0
u,0.7357117533683777, 0.9999999736007208, 0
u,0.7242650985717773, 0.999999368019644, 0
u,3.2915643544129125e-08, 6.556510925292969e-07, 0
u,6.583128708825825e-09, 1.0, 0
u,0.7357116341590881, 1.1920928955078125e-07, 0
u,1.164384766383364e-08, 1.7881393432617188e-07, 0
u,2.6570510271994863e-06, 0.9999999999998839, 0
u,0.7242650985717773, 0.999999368019644, 0
u,0.724264919757843, 5.960464477539063e-08, 0
u,3.2915643544129125e-08, 6.556510925292969e-07, 0
u,0.6360270380973816, 0.12455403804779053, 0
u,0.7022509574890137, 0.12485963106155396, 0
u,0.6988153457641602, 0.8692454695701599, 0
u,0.7552944421768188, 0.1116635799407959, 0
u,0.8362853527069092, 0.11130428314208984, 0
u,0.8399808406829834, 0.9441435411572456, 0
u,0.4677368998527527, 0.12306421995162964, 0
u,0.5347848534584045, 0.12328863143920898, 0
u,0.5322629809379578, 0.8769358992576599, 0
u,0.5465911626815796, 0.12669849395751953, 0
u,0.6177648305892944, 0.12670189142227173, 0
u,0.6177294254302979, 0.8577996641397476, 0
u,0.09145668148994446, 0.9640665650367737, 0
u,0.8284358382225037, 0.033949971199035645, 0
u,0.0865136981010437, 0.034653425216674805, 0
u,0.6360270380973816, 0.12455403804779053, 0
u,0.6988153457641602, 0.8692454695701599, 0
u,0.6325913667678833, 0.8689399063587189, 0
u,0.7552944421768188, 0.1116635799407959, 0
u,0.8399808406829834, 0.9441435411572456, 0
u,0.7589898109436035, 0.9445028975605965, 0
u,0.4677368998527527, 0.12306421995162964, 0
u,0.5322629809379578, 0.8769358992576599, 0
u,0.4652150273323059, 0.8767115473747253, 0
u,0.5465911626815796, 0.12669849395751953, 0
u,0.6177294254302979, 0.8577996641397476, 0
u,0.5465556979179382, 0.8577961772680283, 0
u,0.09145668148994446, 0.9640665650367737, 0
u,0.833380937576294, 0.9633631110191345, 0
u,0.8284358382225037, 0.033949971199035645, 0
u,0.7357116341590881, 1.1920928955078125e-07, 0
u,2.6570510271994863e-06, 0.9999999999998839, 0
u,0.7357117533683777, 0.9999999736007208, 0
u,0.7242650985717773, 0.999999368019644, 0
u,3.2915643544129125e-08, 6.556510925292969e-07, 0
u,6.583128708825825e-09, 1.0, 0
u,0.7357116341590881, 1.1920928955078125e-07, 0
u,1.164384766383364e-08, 1.7881393432617188e-07, 0
u,2.6570510271994863e-06, 0.9999999999998839, 0
u,0.7242650985717773, 0.999999368019644, 0
u,0.724264919757843, 5.960464477539063e-08, 0
u,3.2915643544129125e-08, 6.556510925292969e-07, 0
u,0.6360270380973816, 0.12455403804779053, 0
u,0.7022509574890137, 0.12485963106155396, 0
u,0.6988153457641602, 0.8692454695701599, 0
u,0.7552944421768188, 0.1116635799407959, 0
u,0.8362853527069092, 0.11130428314208984, 0
u,0.8399808406829834, 0.9441435411572456, 0
u,0.4677368998527527, 0.12306421995162964, 0
u,0.5347848534584045, 0.12328863143920898, 0
u,0.5322629809379578, 0.8769358992576599, 0
u,0.5465911626815796, 0.12669849395751953, 0
u,0.6177648305892944, 0.12670189142227173, 0
u,0.6177294254302979, 0.8577996641397476, 0
u,0.09145668148994446, 0.9640665650367737, 0
u,0.8284358382225037, 0.033949971199035645, 0
u,0.0865136981010437, 0.034653425216674805, 0
u,0.6360270380973816, 0.12455403804779053, 0
u,0.6988153457641602, 0.8692454695701599, 0
u,0.6325913667678833, 0.8689399063587189, 0
u,0.7552944421768188, 0.1116635799407959, 0
u,0.8399808406829834, 0.9441435411572456, 0
u,0.7589898109436035, 0.9445028975605965, 0
u,0.4677368998527527, 0.12306421995162964, 0
u,0.5322629809379578, 0.8769358992576599, 0
u,0.4652150273323059, 0.8767115473747253, 0
u,0.5465911626815796, 0.12669849395751953, 0
u,0.6177294254302979, 0.8577996641397476, 0
u,0.5465556979179382, 0.8577961772680283, 0
u,0.09145668148994446, 0.9640665650367737, 0
u,0.833380937576294, 0.9633631110191345, 0
u,0.8284358382225037, 0.033949971199035645, 0
