v,0.5974420309066772, -0.24746860563755035, -0.0873669981956482
v,0.6880509853363037, -0.13686184585094452, -0.20056462287902832
v,0.6342411041259766, -0.12615838646888733, -0.0873669981956482
v,-0.5974420309066772, -0.24746860563755035, -0.0873669981956482
v,-0.6880509853363037, -0.13686184585094452, -0.20056462287902832
v,-0.6481298208236694, -0.26846417784690857, -0.20056462287902832
v,0.6466665863990784, 0.0, -0.0873669981956482
v,0.6880509853363037, -0.13686184585094452, -0.20056462287902832
v,0.7015306949615479, 6.321173584566964e-10, -0.20056462287902832
v,-0.5376836061477661, -0.3592686951160431, -0.0873669981956482
v,-0.6481298208236694, -0.26846417784690857, -0.20056462287902832
v,-0.5833014845848083, -0.38974955677986145, -0.20056462287902832
v,0.6466665863990784, 0.0, -0.0873669981956482
v,0.6880509853363037, 0.13686184585094452, -0.20056462287902832
v,0.6342411041259766, 0.12615838646888733, -0.0873669981956482
v,-0.4572623372077942, -0.4572623372077942, -0.0873669981956482
v,-0.5833014845848083, -0.38974955677986145, -0.20056462287902832
v,-0.49605709314346313, -0.49605709314346313, -0.20056462287902832
v,0.5974420309066772, 0.24746860563755035, -0.0873669981956482
v,0.6880509853363037, 0.13686184585094452, -0.20056462287902832
v,0.6481298208236694, 0.26846417784690857, -0.20056462287902832
v,-0.4572623372077942, -0.4572623372077942, -0.0873669981956482
v,-0.38974955677986145, -0.5833014845848083, -0.20056462287902832
v,-0.3592686951160431, -0.5376836061477661, -0.0873669981956482
v,0.5376836061477661, 0.3592686951160431, -0.0873669981956482
v,0.6481298208236694, 0.26846417784690857, -0.20056462287902832
v,0.5833014845848083, 0.38974955677986145, -0.20056462287902832
v,-0.3592686951160431, -0.5376836061477661, -0.0873669981956482
v,-0.26846417784690857, -0.6481298208236694, -0.20056462287902832
v,-0.24746860563755035, -0.5974420309066772, -0.0873669981956482
v,3.003575513305101e-11, 0.6466665863990784, -0.0873669981956482
v,-0.13686184585094452, 0.6880509853363037, -0.20056462287902832
v,-0.12615838646888733, 0.6342411041259766, -0.0873669981956482
v,0.4572623372077942, 0.4572623372077942, -0.0873669981956482
v,0.5833014845848083, 0.38974955677986145, -0.20056462287902832
v,0.49605709314346313, 0.49605709314346313, -0.20056462287902832
v,-0.24746860563755035, -0.5974420309066772, -0.0873669981956482
v,-0.13686184585094452, -0.6880509853363037, -0.20056462287902832
v,-0.12615838646888733, -0.6342411041259766, -0.0873669981956482
v,-0.24746860563755035, 0.5974420309066772, -0.0873669981956482
v,-0.13686184585094452, 0.6880509853363037, -0.20056462287902832
v,-0.26846417784690857, 0.6481298208236694, -0.20056462287902832
v,0.4572623372077942, 0.4572623372077942, -0.0873669981956482
v,0.38974955677986145, 0.5833014845848083, -0.20056462287902832
v,0.3592686951160431, 0.5376836061477661, -0.0873669981956482
v,3.003575513305101e-11, -0.6466665863990784, -0.0873669981956482
v,-0.13686184585094452, -0.6880509853363037, -0.20056462287902832
v,9.412518542362136e-10, -0.7015306949615479, -0.20056462287902832
v,-0.3592686951160431, 0.5376836061477661, -0.0873669981956482
v,-0.26846417784690857, 0.6481298208236694, -0.20056462287902832
v,-0.38974955677986145, 0.5833014845848083, -0.20056462287902832
v,0.3592686951160431, 0.5376836061477661, -0.0873669981956482
v,0.26846417784690857, 0.6481298208236694, -0.20056462287902832
v,0.24746860563755035, 0.5974420309066772, -0.0873669981956482
v,3.003575513305101e-11, -0.6466665863990784, -0.0873669981956482
v,0.13686184585094452, -0.6880509853363037, -0.20056462287902832
v,0.12615838646888733, -0.6342411041259766, -0.0873669981956482
v,-0.4572623372077942, 0.4572623372077942, -0.0873669981956482
v,-0.38974955677986145, 0.5833014845848083, -0.20056462287902832
v,-0.49605709314346313, 0.49605709314346313, -0.20056462287902832
v,0.24746860563755035, 0.5974420309066772, -0.0873669981956482
v,0.13686184585094452, 0.6880509853363037, -0.20056462287902832
v,0.12615838646888733, 0.6342411041259766, -0.0873669981956482
v,0.24746860563755035, -0.5974420309066772, -0.0873669981956482
v,0.13686184585094452, -0.6880509853363037, -0.20056462287902832
v,0.26846417784690857, -0.6481298208236694, -0.20056462287902832
v,-0.4572623372077942, 0.4572623372077942, -0.0873669981956482
v,-0.5833014845848083, 0.38974955677986145, -0.20056462287902832
v,-0.5376836061477661, 0.3592686951160431, -0.0873669981956482
v,3.003575513305101e-11, 0.6466665863990784, -0.0873669981956482
v,0.13686184585094452, 0.6880509853363037, -0.20056462287902832
v,9.412518542362136e-10, 0.7015306949615479, -0.20056462287902832
v,0.3592686951160431, -0.5376836061477661, -0.0873669981956482
v,0.26846417784690857, -0.6481298208236694, -0.20056462287902832
v,0.38974955677986145, -0.5833014845848083, -0.20056462287902832
v,-0.5376836061477661, 0.3592686951160431, -0.0873669981956482
v,-0.6481298208236694, 0.26846417784690857, -0.20056462287902832
v,-0.5974420309066772, 0.24746860563755035, -0.0873669981956482
v,0.4572623372077942, -0.4572623372077942, -0.0873669981956482
v,0.38974955677986145, -0.5833014845848083, -0.20056462287902832
v,0.49605709314346313, -0.49605709314346313, -0.20056462287902832
v,-0.5974420309066772, 0.24746860563755035, -0.0873669981956482
v,-0.6880509853363037, 0.13686184585094452, -0.20056462287902832
v,-0.6342411041259766, 0.12615838646888733, -0.0873669981956482
v,0.4572623372077942, -0.4572623372077942, -0.0873669981956482
v,0.5833014845848083, -0.38974955677986145, -0.20056462287902832
v,0.5376836061477661, -0.3592686951160431, -0.0873669981956482
v,-0.6466665863990784, 0.0, -0.0873669981956482
v,-0.6880509853363037, 0.13686184585094452, -0.20056462287902832
v,-0.7015306949615479, 6.321173584566964e-10, -0.20056462287902832
v,0.5376836061477661, -0.3592686951160431, -0.0873669981956482
v,0.6481298208236694, -0.26846417784690857, -0.20056462287902832
v,0.5974420309066772, -0.24746860563755035, -0.0873669981956482
v,-0.6466665863990784, 0.0, -0.0873669981956482
v,-0.6880509853363037, -0.13686184585094452, -0.20056462287902832
v,-0.6342411041259766, -0.12615838646888733, -0.0873669981956482
v,0.26846417784690857, -0.6481298208236694, -0.20056462287902832
v,0.13686184585094452, -0.6880509853363037, -0.20056462287902832
v,4.672352726942108e-09, 0.0, -0.8825822472572327
v,-0.5833014845848083, 0.38974955677986145, -0.20056462287902832
v,-0.49605709314346313, 0.49605709314346313, -0.20056462287902832
v,4.672352726942108e-09, 0.0, -0.8825822472572327
v,9.412518542362136e-10, 0.7015306949615479, -0.20056462287902832
v,0.13686184585094452, 0.6880509853363037, -0.20056462287902832
v,4.672352726942108e-09, 0.0, -0.8825822472572327
v,0.38974955677986145, -0.5833014845848083, -0.20056462287902832
v,0.26846417784690857, -0.6481298208236694, -0.20056462287902832
v,4.672352726942108e-09, 0.0, -0.8825822472572327
v,-0.6481298208236694, 0.26846417784690857, -0.20056462287902832
v,-0.5833014845848083, 0.38974955677986145, -0.20056462287902832
v,4.672352726942108e-09, 0.0, -0.8825822472572327
v,0.49605709314346313, -0.49605709314346313, -0.20056462287902832
v,0.38974955677986145, -0.5833014845848083, -0.20056462287902832
v,4.672352726942108e-09, 0.0, -0.8825822472572327
v,-0.6880509853363037, 0.13686184585094452, -0.20056462287902832
v,-0.6481298208236694, 0.26846417784690857, -0.20056462287902832
v,4.672352726942108e-09, 0.0, -0.8825822472572327
v,0.5833014845848083, -0.38974955677986145, -0.20056462287902832
v,0.49605709314346313, -0.49605709314346313, -0.20056462287902832
v,4.672352726942108e-09, 0.0, -0.8825822472572327
v,-0.7015306949615479, 6.321173584566964e-10, -0.20056462287902832
v,-0.6880509853363037, 0.13686184585094452, -0.20056462287902832
v,4.672352726942108e-09, 0.0, -0.8825822472572327
v,0.6481298208236694, -0.26846417784690857, -0.20056462287902832
v,0.5833014845848083, -0.38974955677986145, -0.20056462287902832
v,4.672352726942108e-09, 0.0, -0.8825822472572327
v,-0.6880509853363037, -0.13686184585094452, -0.20056462287902832
v,-0.7015306949615479, 6.321173584566964e-10, -0.20056462287902832
v,4.672352726942108e-09, 0.0, -0.8825822472572327
v,0.6880509853363037, -0.13686184585094452, -0.20056462287902832
v,0.6481298208236694, -0.26846417784690857, -0.20056462287902832
v,4.672352726942108e-09, 0.0, -0.8825822472572327
v,-0.6481298208236694, -0.26846417784690857, -0.20056462287902832
v,-0.6880509853363037, -0.13686184585094452, -0.20056462287902832
v,4.672352726942108e-09, 0.0, -0.8825822472572327
v,0.7015306949615479, 6.321173584566964e-10, -0.20056462287902832
v,0.6880509853363037, -0.13686184585094452, -0.20056462287902832
v,4.672352726942108e-09, 0.0, -0.8825822472572327
v,-0.5833014845848083, -0.38974955677986145, -0.20056462287902832
v,-0.6481298208236694, -0.26846417784690857, -0.20056462287902832
v,4.672352726942108e-09, 0.0, -0.8825822472572327
v,0.6880509853363037, 0.13686184585094452, -0.20056462287902832
v,0.7015306949615479, 6.321173584566964e-10, -0.20056462287902832
v,4.672352726942108e-09, 0.0, -0.8825822472572327
v,-0.49605709314346313, -0.49605709314346313, -0.20056462287902832
v,-0.5833014845848083, -0.38974955677986145, -0.20056462287902832
v,4.672352726942108e-09, 0.0, -0.8825822472572327
v,0.6481298208236694, 0.26846417784690857, -0.20056462287902832
v,0.6880509853363037, 0.13686184585094452, -0.20056462287902832
v,4.672352726942108e-09, 0.0, -0.8825822472572327
v,-0.38974955677986145, -0.5833014845848083, -0.20056462287902832
v,-0.49605709314346313, -0.49605709314346313, -0.20056462287902832
v,4.672352726942108e-09, 0.0, -0.8825822472572327
v,0.5833014845848083, 0.38974955677986145, -0.20056462287902832
v,0.6481298208236694, 0.26846417784690857, -0.20056462287902832
v,4.672352726942108e-09, 0.0, -0.8825822472572327
v,-0.26846417784690857, -0.6481298208236694, -0.20056462287902832
v,-0.38974955677986145, -0.5833014845848083, -0.20056462287902832
v,4.672352726942108e-09, 0.0, -0.8825822472572327
v,-0.13686184585094452, 0.6880509853363037, -0.20056462287902832
v,9.412518542362136e-10, 0.7015306949615479, -0.20056462287902832
v,4.672352726942108e-09, 0.0, -0.8825822472572327
v,0.49605709314346313, 0.49605709314346313, -0.20056462287902832
v,0.5833014845848083, 0.38974955677986145, -0.20056462287902832
v,4.672352726942108e-09, 0.0, -0.8825822472572327
v,-0.13686184585094452, -0.6880509853363037, -0.20056462287902832
v,-0.26846417784690857, -0.6481298208236694, -0.20056462287902832
v,4.672352726942108e-09, 0.0, -0.8825822472572327
v,-0.26846417784690857, 0.6481298208236694, -0.20056462287902832
v,-0.13686184585094452, 0.6880509853363037, -0.20056462287902832
v,4.672352726942108e-09, 0.0, -0.8825822472572327
v,0.38974955677986145, 0.5833014845848083, -0.20056462287902832
v,0.49605709314346313, 0.49605709314346313, -0.20056462287902832
v,4.672352726942108e-09, 0.0, -0.8825822472572327
v,9.412518542362136e-10, -0.7015306949615479, -0.20056462287902832
v,-0.13686184585094452, -0.6880509853363037, -0.20056462287902832
v,4.672352726942108e-09, 0.0, -0.8825822472572327
v,-0.38974955677986145, 0.5833014845848083, -0.20056462287902832
v,-0.26846417784690857, 0.6481298208236694, -0.20056462287902832
v,4.672352726942108e-09, 0.0, -0.8825822472572327
v,0.26846417784690857, 0.6481298208236694, -0.20056462287902832
v,0.38974955677986145, 0.5833014845848083, -0.20056462287902832
v,4.672352726942108e-09, 0.0, -0.8825822472572327
v,0.13686184585094452, -0.6880509853363037, -0.20056462287902832
v,9.412518542362136e-10, -0.7015306949615479, -0.20056462287902832
v,4.672352726942108e-09, 0.0, -0.8825822472572327
v,-0.49605709314346313, 0.49605709314346313, -0.20056462287902832
v,-0.38974955677986145, 0.5833014845848083, -0.20056462287902832
v,4.672352726942108e-09, 0.0, -0.8825822472572327
v,0.13686184585094452, 0.6880509853363037, -0.20056462287902832
v,0.26846417784690857, 0.6481298208236694, -0.20056462287902832
v,4.672352726942108e-09, 0.0, -0.8825822472572327
v,0.004256301559507847, 0.0007673648069612682, -0.6928767561912537
v,-0.47262468934059143, -0.4139805734157562, -0.07325495034456253
v,-0.6513515114784241, 0.0004265839816071093, -0.07366248965263367
v,-0.4715666174888611, 0.41436243057250977, -0.07249478995800018
v,-0.6513515114784241, 0.0004265839816071093, -0.07366248965263367
v,-0.009038100019097328, -0.00273504969663918, 1.322265625
v,-0.47262468934059143, -0.4139805734157562, -0.07325495034456253
v,-0.009038100019097328, -0.00273504969663918, 1.322265625
v,-0.6513515114784241, 0.0004265839816071093, -0.07366248965263367
v,-5.4199041187530383e-05, -0.6372453570365906, -0.07585662603378296
v,-0.009038100019097328, -0.00273504969663918, 1.322265625
v,-0.47262468934059143, -0.4139805734157562, -0.07325495034456253
v,0.004256301559507847, 0.0007673648069612682, -0.6928767561912537
v,0.4731082618236542, 0.41441190242767334, -0.07851368188858032
v,0.653419017791748, 0.00026091025210916996, -0.08114299178123474
v,-5.4199041187530383e-05, -0.6372453570365906, -0.07585662603378296
v,0.4728332757949829, -0.41393133997917175, -0.07926452904939651
v,-0.009038100019097328, -0.00273504969663918, 1.322265625
v,0.004256301559507847, 0.0007673648069612682, -0.6928767561912537
v,-0.4715666174888611, 0.41436243057250977, -0.07249478995800018
v,0.0010170601308345795, 0.6376630067825317, -0.0746631771326065
v,0.004256301559507847, 0.0007673648069612682, -0.6928767561912537
v,0.4728332757949829, -0.41393133997917175, -0.07926452904939651
v,-5.4199041187530383e-05, -0.6372453570365906, -0.07585662603378296
v,0.0010170601308345795, 0.6376630067825317, -0.0746631771326065
v,-0.4715666174888611, 0.41436243057250977, -0.07249478995800018
v,-0.009038100019097328, -0.00273504969663918, 1.322265625
v,0.4731082618236542, 0.41441190242767334, -0.07851368188858032
v,0.0010170601308345795, 0.6376630067825317, -0.0746631771326065
v,-0.009038100019097328, -0.00273504969663918, 1.322265625
v,0.653419017791748, 0.00026091025210916996, -0.08114299178123474
v,0.4731082618236542, 0.41441190242767334, -0.07851368188858032
v,-0.009038100019097328, -0.00273504969663918, 1.322265625
v,0.4728332757949829, -0.41393133997917175, -0.07926452904939651
v,0.653419017791748, 0.00026091025210916996, -0.08114299178123474
v,-0.009038100019097328, -0.00273504969663918, 1.322265625
v,0.004256301559507847, 0.0007673648069612682, -0.6928767561912537
v,-5.4199041187530383e-05, -0.6372453570365906, -0.07585662603378296
v,-0.47262468934059143, -0.4139805734157562, -0.07325495034456253
v,0.004256301559507847, 0.0007673648069612682, -0.6928767561912537
v,0.0010170601308345795, 0.6376630067825317, -0.0746631771326065
v,0.4731082618236542, 0.41441190242767334, -0.07851368188858032
v,0.004256301559507847, 0.0007673648069612682, -0.6928767561912537
v,-0.6513515114784241, 0.0004265839816071093, -0.07366248965263367
v,-0.4715666174888611, 0.41436243057250977, -0.07249478995800018
v,0.004256301559507847, 0.0007673648069612682, -0.6928767561912537
v,0.653419017791748, 0.00026091025210916996, -0.08114299178123474
v,0.4728332757949829, -0.41393133997917175, -0.07926452904939651
v,0.5974420309066772, -0.24746860563755035, -0.0873669981956482
v,0.6481298208236694, -0.26846417784690857, -0.20056462287902832
v,0.6880509853363037, -0.13686184585094452, -0.20056462287902832
v,-0.5974420309066772, -0.24746860563755035, -0.0873669981956482
v,-0.6342411041259766, -0.12615838646888733, -0.0873669981956482
v,-0.6880509853363037, -0.13686184585094452, -0.20056462287902832
v,0.6466665863990784, 0.0, -0.0873669981956482
v,0.6342411041259766, -0.12615838646888733, -0.0873669981956482
v,0.6880509853363037, -0.13686184585094452, -0.20056462287902832
v,-0.5376836061477661, -0.3592686951160431, -0.0873669981956482
v,-0.5974420309066772, -0.24746860563755035, -0.0873669981956482
v,-0.6481298208236694, -0.26846417784690857, -0.20056462287902832
v,0.6466665863990784, 0.0, -0.0873669981956482
v,0.7015306949615479, 6.321173584566964e-10, -0.20056462287902832
v,0.6880509853363037, 0.13686184585094452, -0.20056462287902832
v,-0.4572623372077942, -0.4572623372077942, -0.0873669981956482
v,-0.5376836061477661, -0.3592686951160431, -0.0873669981956482
v,-0.5833014845848083, -0.38974955677986145, -0.20056462287902832
v,0.5974420309066772, 0.24746860563755035, -0.0873669981956482
v,0.6342411041259766, 0.12615838646888733, -0.0873669981956482
v,0.6880509853363037, 0.13686184585094452, -0.20056462287902832
v,-0.4572623372077942, -0.4572623372077942, -0.0873669981956482
v,-0.49605709314346313, -0.49605709314346313, -0.20056462287902832
v,-0.38974955677986145, -0.5833014845848083, -0.20056462287902832
v,0.5376836061477661, 0.3592686951160431, -0.0873669981956482
v,0.5974420309066772, 0.24746860563755035, -0.0873669981956482
v,0.6481298208236694, 0.26846417784690857, -0.20056462287902832
v,-0.3592686951160431, -0.5376836061477661, -0.0873669981956482
v,-0.38974955677986145, -0.5833014845848083, -0.20056462287902832
v,-0.26846417784690857, -0.6481298208236694, -0.20056462287902832
v,3.003575513305101e-11, 0.6466665863990784, -0.0873669981956482
v,9.412518542362136e-10, 0.7015306949615479, -0.20056462287902832
v,-0.13686184585094452, 0.6880509853363037, -0.20056462287902832
v,0.4572623372077942, 0.4572623372077942, -0.0873669981956482
v,0.5376836061477661, 0.3592686951160431, -0.0873669981956482
v,0.5833014845848083, 0.38974955677986145, -0.20056462287902832
v,-0.24746860563755035, -0.5974420309066772, -0.0873669981956482
v,-0.26846417784690857, -0.6481298208236694, -0.20056462287902832
v,-0.13686184585094452, -0.6880509853363037, -0.20056462287902832
v,-0.24746860563755035, 0.5974420309066772, -0.0873669981956482
v,-0.12615838646888733, 0.6342411041259766, -0.0873669981956482
v,-0.13686184585094452, 0.6880509853363037, -0.20056462287902832
v,0.4572623372077942, 0.4572623372077942, -0.0873669981956482
v,0.49605709314346313, 0.49605709314346313, -0.20056462287902832
v,0.38974955677986145, 0.5833014845848083, -0.20056462287902832
v,3.003575513305101e-11, -0.6466665863990784, -0.0873669981956482
v,-0.12615838646888733, -0.6342411041259766, -0.0873669981956482
v,-0.13686184585094452, -0.6880509853363037, -0.20056462287902832
v,-0.3592686951160431, 0.5376836061477661, -0.0873669981956482
v,-0.24746860563755035, 0.5974420309066772, -0.0873669981956482
v,-0.26846417784690857, 0.6481298208236694, -0.20056462287902832
v,0.3592686951160431, 0.5376836061477661, -0.0873669981956482
v,0.38974955677986145, 0.5833014845848083, -0.20056462287902832
v,0.26846417784690857, 0.6481298208236694, -0.20056462287902832
v,3.003575513305101e-11, -0.6466665863990784, -0.0873669981956482
v,9.412518542362136e-10, -0.7015306949615479, -0.20056462287902832
v,0.13686184585094452, -0.6880509853363037, -0.20056462287902832
v,-0.4572623372077942, 0.4572623372077942, -0.0873669981956482
v,-0.3592686951160431, 0.5376836061477661, -0.0873669981956482
v,-0.38974955677986145, 0.5833014845848083, -0.20056462287902832
v,0.24746860563755035, 0.5974420309066772, -0.0873669981956482
v,0.26846417784690857, 0.6481298208236694, -0.20056462287902832
v,0.13686184585094452, 0.6880509853363037, -0.20056462287902832
v,0.24746860563755035, -0.5974420309066772, -0.0873669981956482
v,0.12615838646888733, -0.6342411041259766, -0.0873669981956482
v,0.13686184585094452, -0.6880509853363037, -0.20056462287902832
v,-0.4572623372077942, 0.4572623372077942, -0.0873669981956482
v,-0.49605709314346313, 0.49605709314346313, -0.20056462287902832
v,-0.5833014845848083, 0.38974955677986145, -0.20056462287902832
v,3.003575513305101e-11, 0.6466665863990784, -0.0873669981956482
v,0.12615838646888733, 0.6342411041259766, -0.0873669981956482
v,0.13686184585094452, 0.6880509853363037, -0.20056462287902832
v,0.3592686951160431, -0.5376836061477661, -0.0873669981956482
v,0.24746860563755035, -0.5974420309066772, -0.0873669981956482
v,0.26846417784690857, -0.6481298208236694, -0.20056462287902832
v,-0.5376836061477661, 0.3592686951160431, -0.0873669981956482
v,-0.5833014845848083, 0.38974955677986145, -0.20056462287902832
v,-0.6481298208236694, 0.26846417784690857, -0.20056462287902832
v,0.4572623372077942, -0.4572623372077942, -0.0873669981956482
v,0.3592686951160431, -0.5376836061477661, -0.0873669981956482
v,0.38974955677986145, -0.5833014845848083, -0.20056462287902832
v,-0.5974420309066772, 0.24746860563755035, -0.0873669981956482
v,-0.6481298208236694, 0.26846417784690857, -0.20056462287902832
v,-0.6880509853363037, 0.13686184585094452, -0.20056462287902832
v,0.4572623372077942, -0.4572623372077942, -0.0873669981956482
v,0.49605709314346313, -0.49605709314346313, -0.20056462287902832
v,0.5833014845848083, -0.38974955677986145, -0.20056462287902832
v,-0.6466665863990784, 0.0, -0.0873669981956482
v,-0.6342411041259766, 0.12615838646888733, -0.0873669981956482
v,-0.6880509853363037, 0.13686184585094452, -0.20056462287902832
v,0.5376836061477661, -0.3592686951160431, -0.0873669981956482
v,0.5833014845848083, -0.38974955677986145, -0.20056462287902832
v,0.6481298208236694, -0.26846417784690857, -0.20056462287902832
v,-0.6466665863990784, 0.0, -0.0873669981956482
v,-0.7015306949615479, 6.321173584566964e-10, -0.20056462287902832
v,-0.6880509853363037, -0.13686184585094452, -0.20056462287902832
n,1.2885169982910156, -0.39086753129959106, 0.6494709849357605
n,1.2885169982910156, -0.39086753129959106, 0.6494709849357605
n,1.2885169982910156, -0.39086753129959106, 0.6494709849357605
n,-1.288516879081726, -0.3908674418926239, 0.6494709849357605
n,-1.288516879081726, -0.3908674418926239, 0.6494709849357605
n,-1.288516879081726, -0.3908674418926239, 0.6494709849357605
n,1.340012788772583, -0.13198000192642212, 0.6494711637496948
n,1.340012788772583, -0.13198000192642212, 0.6494711637496948
n,1.340012788772583, -0.13198000192642212, 0.6494711637496948
n,-1.1875040531158447, -0.6347338557243347, 0.6494713425636292
n,-1.1875040531158447, -0.6347338557243347, 0.6494713425636292
n,-1.1875040531158447, -0.6347338557243347, 0.6494713425636292
n,1.340013027191162, 0.1319797933101654, 0.6494710445404053
n,1.340013027191162, 0.1319797933101654, 0.6494710445404053
n,1.340013027191162, 0.1319797933101654, 0.6494710445404053
n,-1.040855884552002, -0.8542087078094482, 0.6494709253311157
n,-1.040855884552002, -0.8542087078094482, 0.6494709253311157
n,-1.040855884552002, -0.8542087078094482, 0.6494709253311157
n,1.288516879081726, 0.3908674418926239, 0.6494709849357605
n,1.288516879081726, 0.3908674418926239, 0.6494709849357605
n,1.288516879081726, 0.3908674418926239, 0.6494709849357605
n,-0.8542083501815796, -1.0408560037612915, 0.6494713425636292
n,-0.8542083501815796, -1.0408560037612915, 0.6494713425636292
n,-0.8542083501815796, -1.0408560037612915, 0.6494713425636292
n,1.1875040531158447, 0.6347338557243347, 0.6494713425636292
n,1.1875040531158447, 0.6347338557243347, 0.6494713425636292
n,1.1875040531158447, 0.6347338557243347, 0.6494713425636292
n,-0.6347340941429138, -1.1875040531158447, 0.6494710445404053
n,-0.6347340941429138, -1.1875040531158447, 0.6494710445404053
n,-0.6347340941429138, -1.1875040531158447, 0.6494710445404053
n,-0.1319797933101654, 1.340013027191162, 0.6494710445404053
n,-0.1319797933101654, 1.340013027191162, 0.6494710445404053
n,-0.1319797933101654, 1.340013027191162, 0.6494710445404053
n,1.040855884552002, 0.8542087078094482, 0.6494709253311157
n,1.040855884552002, 0.8542087078094482, 0.6494709253311157
n,1.040855884552002, 0.8542087078094482, 0.6494709253311157
n,-0.39086753129959106, -1.2885169982910156, 0.6494709849357605
n,-0.39086753129959106, -1.2885169982910156, 0.6494709849357605
n,-0.39086753129959106, -1.2885169982910156, 0.6494709849357605
n,-0.3908674418926239, 1.288516879081726, 0.6494709849357605
n,-0.3908674418926239, 1.288516879081726, 0.6494709849357605
n,-0.3908674418926239, 1.288516879081726, 0.6494709849357605
n,0.8542083501815796, 1.0408560037612915, 0.6494713425636292
n,0.8542083501815796, 1.0408560037612915, 0.6494713425636292
n,0.8542083501815796, 1.0408560037612915, 0.6494713425636292
n,-0.13198000192642212, -1.340012788772583, 0.6494711637496948
n,-0.13198000192642212, -1.340012788772583, 0.6494711637496948
n,-0.13198000192642212, -1.340012788772583, 0.6494711637496948
n,-0.6347338557243347, 1.1875040531158447, 0.6494713425636292
n,-0.6347338557243347, 1.1875040531158447, 0.6494713425636292
n,-0.6347338557243347, 1.1875040531158447, 0.6494713425636292
n,0.6347340941429138, 1.1875040531158447, 0.6494710445404053
n,0.6347340941429138, 1.1875040531158447, 0.6494710445404053
n,0.6347340941429138, 1.1875040531158447, 0.6494710445404053
n,0.1319797933101654, -1.340013027191162, 0.6494710445404053
n,0.1319797933101654, -1.340013027191162, 0.6494710445404053
n,0.1319797933101654, -1.340013027191162, 0.6494710445404053
n,-0.8542087078094482, 1.040855884552002, 0.6494709253311157
n,-0.8542087078094482, 1.040855884552002, 0.6494709253311157
n,-0.8542087078094482, 1.040855884552002, 0.6494709253311157
n,0.39086753129959106, 1.2885169982910156, 0.6494709849357605
n,0.39086753129959106, 1.2885169982910156, 0.6494709849357605
n,0.39086753129959106, 1.2885169982910156, 0.6494709849357605
n,0.3908674418926239, -1.288516879081726, 0.6494709849357605
n,0.3908674418926239, -1.288516879081726, 0.6494709849357605
n,0.3908674418926239, -1.288516879081726, 0.6494709849357605
n,-1.0408560037612915, 0.8542083501815796, 0.6494713425636292
n,-1.0408560037612915, 0.8542083501815796, 0.6494713425636292
n,-1.0408560037612915, 0.8542083501815796, 0.6494713425636292
n,0.13198000192642212, 1.340012788772583, 0.6494711637496948
n,0.13198000192642212, 1.340012788772583, 0.6494711637496948
n,0.13198000192642212, 1.340012788772583, 0.6494711637496948
n,0.6347338557243347, -1.1875040531158447, 0.6494713425636292
n,0.6347338557243347, -1.1875040531158447, 0.6494713425636292
n,0.6347338557243347, -1.1875040531158447, 0.6494713425636292
n,-1.1875040531158447, 0.6347340941429138, 0.6494710445404053
n,-1.1875040531158447, 0.6347340941429138, 0.6494710445404053
n,-1.1875040531158447, 0.6347340941429138, 0.6494710445404053
n,0.8542087078094482, -1.040855884552002, 0.6494709253311157
n,0.8542087078094482, -1.040855884552002, 0.6494709253311157
n,0.8542087078094482, -1.040855884552002, 0.6494709253311157
n,-1.2885169982910156, 0.39086753129959106, 0.6494709849357605
n,-1.2885169982910156, 0.39086753129959106, 0.6494709849357605
n,-1.2885169982910156, 0.39086753129959106, 0.6494709849357605
n,1.0408560037612915, -0.8542083501815796, 0.6494713425636292
n,1.0408560037612915, -0.8542083501815796, 0.6494713425636292
n,1.0408560037612915, -0.8542083501815796, 0.6494713425636292
n,-1.340012788772583, 0.13198000192642212, 0.6494711637496948
n,-1.340012788772583, 0.13198000192642212, 0.6494711637496948
n,-1.340012788772583, 0.13198000192642212, 0.6494711637496948
n,1.1875040531158447, -0.6347340941429138, 0.6494710445404053
n,1.1875040531158447, -0.6347340941429138, 0.6494710445404053
n,1.1875040531158447, -0.6347340941429138, 0.6494710445404053
n,-1.340013027191162, -0.1319797933101654, 0.6494710445404053
n,-1.340013027191162, -0.1319797933101654, 0.6494710445404053
n,-1.340013027191162, -0.1319797933101654, 0.6494710445404053
n,0.30324819684028625, -0.9996750950813293, -1.0693719387054443
n,0.30324819684028625, -0.9996750950813293, -1.0693719387054443
n,0.30324819684028625, -0.9996750950813293, -1.0693719387054443
n,-0.8075311779975891, 0.662723958492279, -1.0693719387054443
n,-0.8075311779975891, 0.662723958492279, -1.0693719387054443
n,-0.8075311779975891, 0.662723958492279, -1.0693719387054443
n,0.10239456593990326, 1.0396274328231812, -1.0693720579147339
n,0.10239456593990326, 1.0396274328231812, -1.0693720579147339
n,0.10239456593990326, 1.0396274328231812, -1.0693720579147339
n,0.49244800209999084, -0.9213059544563293, -1.0693719387054443
n,0.49244800209999084, -0.9213059544563293, -1.0693719387054443
n,0.49244800209999084, -0.9213059544563293, -1.0693719387054443
n,-0.9213059544563293, 0.49244800209999084, -1.0693718194961548
n,-0.9213059544563293, 0.49244800209999084, -1.0693718194961548
n,-0.9213059544563293, 0.49244800209999084, -1.0693718194961548
n,0.6627240180969238, -0.8075312376022339, -1.0693720579147339
n,0.6627240180969238, -0.8075312376022339, -1.0693720579147339
n,0.6627240180969238, -0.8075312376022339, -1.0693720579147339
n,-0.9996750950813293, 0.30324819684028625, -1.0693719387054443
n,-0.9996750950813293, 0.30324819684028625, -1.0693719387054443
n,-0.9996750950813293, 0.30324819684028625, -1.0693719387054443
n,0.8075311779975891, -0.662723958492279, -1.0693719387054443
n,0.8075311779975891, -0.662723958492279, -1.0693719387054443
n,0.8075311779975891, -0.662723958492279, -1.0693719387054443
n,-1.0396274328231812, 0.10239456593990326, -1.0693720579147339
n,-1.0396274328231812, 0.10239456593990326, -1.0693720579147339
n,-1.0396274328231812, 0.10239456593990326, -1.0693720579147339
n,0.9213059544563293, -0.49244800209999084, -1.0693718194961548
n,0.9213059544563293, -0.49244800209999084, -1.0693718194961548
n,0.9213059544563293, -0.49244800209999084, -1.0693718194961548
n,-1.0396274328231812, -0.10239456593990326, -1.0693720579147339
n,-1.0396274328231812, -0.10239456593990326, -1.0693720579147339
n,-1.0396274328231812, -0.10239456593990326, -1.0693720579147339
n,0.9996750950813293, -0.30324819684028625, -1.0693719387054443
n,0.9996750950813293, -0.30324819684028625, -1.0693719387054443
n,0.9996750950813293, -0.30324819684028625, -1.0693719387054443
n,-0.9996750950813293, -0.30324819684028625, -1.0693719387054443
n,-0.9996750950813293, -0.30324819684028625, -1.0693719387054443
n,-0.9996750950813293, -0.30324819684028625, -1.0693719387054443
n,1.0396274328231812, -0.10239456593990326, -1.0693720579147339
n,1.0396274328231812, -0.10239456593990326, -1.0693720579147339
n,1.0396274328231812, -0.10239456593990326, -1.0693720579147339
n,-0.9213059544563293, -0.49244800209999084, -1.0693719387054443
n,-0.9213059544563293, -0.49244800209999084, -1.0693719387054443
n,-0.9213059544563293, -0.49244800209999084, -1.0693719387054443
n,1.0396274328231812, 0.10239456593990326, -1.0693720579147339
n,1.0396274328231812, 0.10239456593990326, -1.0693720579147339
n,1.0396274328231812, 0.10239456593990326, -1.0693720579147339
n,-0.8075312376022339, -0.6627240180969238, -1.0693720579147339
n,-0.8075312376022339, -0.6627240180969238, -1.0693720579147339
n,-0.8075312376022339, -0.6627240180969238, -1.0693720579147339
n,0.9996750950813293, 0.30324819684028625, -1.0693719387054443
n,0.9996750950813293, 0.30324819684028625, -1.0693719387054443
n,0.9996750950813293, 0.30324819684028625, -1.0693719387054443
n,-0.662723958492279, -0.8075311779975891, -1.0693719387054443
n,-0.662723958492279, -0.8075311779975891, -1.0693719387054443
n,-0.662723958492279, -0.8075311779975891, -1.0693719387054443
n,0.9213059544563293, 0.49244800209999084, -1.0693719387054443
n,0.9213059544563293, 0.49244800209999084, -1.0693719387054443
n,0.9213059544563293, 0.49244800209999084, -1.0693719387054443
n,-0.49244800209999084, -0.9213059544563293, -1.0693718194961548
n,-0.49244800209999084, -0.9213059544563293, -1.0693718194961548
n,-0.49244800209999084, -0.9213059544563293, -1.0693718194961548
n,-0.10239456593990326, 1.0396274328231812, -1.0693720579147339
n,-0.10239456593990326, 1.0396274328231812, -1.0693720579147339
n,-0.10239456593990326, 1.0396274328231812, -1.0693720579147339
n,0.8075312376022339, 0.6627240180969238, -1.0693720579147339
n,0.8075312376022339, 0.6627240180969238, -1.0693720579147339
n,0.8075312376022339, 0.6627240180969238, -1.0693720579147339
n,-0.30324819684028625, -0.9996750950813293, -1.0693719387054443
n,-0.30324819684028625, -0.9996750950813293, -1.0693719387054443
n,-0.30324819684028625, -0.9996750950813293, -1.0693719387054443
n,-0.30324819684028625, 0.9996750950813293, -1.0693719387054443
n,-0.30324819684028625, 0.9996750950813293, -1.0693719387054443
n,-0.30324819684028625, 0.9996750950813293, -1.0693719387054443
n,0.662723958492279, 0.8075311779975891, -1.0693719387054443
n,0.662723958492279, 0.8075311779975891, -1.0693719387054443
n,0.662723958492279, 0.8075311779975891, -1.0693719387054443
n,-0.10239456593990326, -1.0396274328231812, -1.0693720579147339
n,-0.10239456593990326, -1.0396274328231812, -1.0693720579147339
n,-0.10239456593990326, -1.0396274328231812, -1.0693720579147339
n,-0.49244800209999084, 0.9213059544563293, -1.0693719387054443
n,-0.49244800209999084, 0.9213059544563293, -1.0693719387054443
n,-0.49244800209999084, 0.9213059544563293, -1.0693719387054443
n,0.49244800209999084, 0.9213059544563293, -1.0693718194961548
n,0.49244800209999084, 0.9213059544563293, -1.0693718194961548
n,0.49244800209999084, 0.9213059544563293, -1.0693718194961548
n,0.10239456593990326, -1.0396274328231812, -1.0693720579147339
n,0.10239456593990326, -1.0396274328231812, -1.0693720579147339
n,0.10239456593990326, -1.0396274328231812, -1.0693720579147339
n,-0.6627240180969238, 0.8075312376022339, -1.0693720579147339
n,-0.6627240180969238, 0.8075312376022339, -1.0693720579147339
n,-0.6627240180969238, 0.8075312376022339, -1.0693720579147339
n,0.30324819684028625, 0.9996750950813293, -1.0693719387054443
n,0.30324819684028625, 0.9996750950813293, -1.0693719387054443
n,0.30324819684028625, 0.9996750950813293, -1.0693719387054443
n,-0.9839414954185486, -0.4253820478916168, -1.0420055389404297
n,-0.9839414954185486, -0.4253820478916168, -1.0420055389404297
n,-0.9839414954185486, -0.4253820478916168, -1.0420055389404297
n,-1.2633970975875854, 0.5470882654190063, 0.5825705528259277
n,-1.2633970975875854, 0.5470882654190063, 0.5825705528259277
n,-1.2633970975875854, 0.5470882654190063, 0.5825705528259277
n,-1.2650693655014038, -0.5450317859649658, 0.5808664560317993
n,-1.2650693655014038, -0.5450317859649658, 0.5808664560317993
n,-1.2650693655014038, -0.5450317859649658, 0.5808664560317993
n,-0.588737964630127, -1.2527252435684204, 0.5647416710853577
n,-0.588737964630127, -1.2527252435684204, 0.5647416710853577
n,-0.588737964630127, -1.2527252435684204, 0.5647416710853577
n,0.981312096118927, 0.4338470697402954, -1.04099440574646
n,0.981312096118927, 0.4338470697402954, -1.04099440574646
n,0.981312096118927, 0.4338470697402954, -1.04099440574646
n,0.5934648513793945, -1.2480134963989258, 0.5701997876167297
n,0.5934648513793945, -1.2480134963989258, 0.5701997876167297
n,0.5934648513793945, -1.2480134963989258, 0.5701997876167297
n,-0.4710288941860199, 0.9869673848152161, -1.019261121749878
n,-0.4710288941860199, 0.9869673848152161, -1.019261121749878
n,-0.4710288941860199, 0.9869673848152161, -1.019261121749878
n,0.4603302478790283, -0.9903691411018372, -1.020848274230957
n,0.4603302478790283, -0.9903691411018372, -1.020848274230957
n,0.4603302478790283, -0.9903691411018372, -1.020848274230957
n,-0.5884290337562561, 1.2508528232574463, 0.5691964626312256
n,-0.5884290337562561, 1.2508528232574463, 0.5691964626312256
n,-0.5884290337562561, 1.2508528232574463, 0.5691964626312256
n,0.5937156677246094, 1.2455605268478394, 0.5752794146537781
n,0.5937156677246094, 1.2455605268478394, 0.5752794146537781
n,0.5937156677246094, 1.2455605268478394, 0.5752794146537781
n,1.2586894035339355, 0.5442217588424683, 0.5953064560890198
n,1.2586894035339355, 0.5442217588424683, 0.5953064560890198
n,1.2586894035339355, 0.5442217588424683, 0.5953064560890198
n,1.2588937282562256, -0.5461816191673279, 0.5930750966072083
n,1.2588937282562256, -0.5461816191673279, 0.5930750966072083
n,1.2588937282562256, -0.5461816191673279, 0.5930750966072083
n,-0.47085273265838623, -0.9847208261489868, -1.021512746810913
n,-0.47085273265838623, -0.9847208261489868, -1.021512746810913
n,-0.47085273265838623, -0.9847208261489868, -1.021512746810913
n,0.4606918394565582, 0.9917685985565186, -1.0193253755569458
n,0.4606918394565582, 0.9917685985565186, -1.0193253755569458
n,0.4606918394565582, 0.9917685985565186, -1.0193253755569458
n,-0.9832330346107483, 0.429983913898468, -1.0407847166061401
n,-0.9832330346107483, 0.429983913898468, -1.0407847166061401
n,-0.9832330346107483, 0.429983913898468, -1.0407847166061401
n,0.9812266230583191, -0.4325339198112488, -1.0416210889816284
n,0.9812266230583191, -0.4325339198112488, -1.0416210889816284
n,0.9812266230583191, -0.4325339198112488, -1.0416210889816284
n,1.288516879081726, -0.3908674418926239, 0.6494709849357605
n,1.288516879081726, -0.3908674418926239, 0.6494709849357605
n,1.288516879081726, -0.3908674418926239, 0.6494709849357605
n,-1.2885169982910156, -0.39086753129959106, 0.6494709849357605
n,-1.2885169982910156, -0.39086753129959106, 0.6494709849357605
n,-1.2885169982910156, -0.39086753129959106, 0.6494709849357605
n,1.340013027191162, -0.13197976350784302, 0.6494709849357605
n,1.340013027191162, -0.13197976350784302, 0.6494709849357605
n,1.340013027191162, -0.13197976350784302, 0.6494709849357605
n,-1.1875040531158447, -0.6347340941429138, 0.6494710445404053
n,-1.1875040531158447, -0.6347340941429138, 0.6494710445404053
n,-1.1875040531158447, -0.6347340941429138, 0.6494710445404053
n,1.340012788772583, 0.13198000192642212, 0.6494711637496948
n,1.340012788772583, 0.13198000192642212, 0.6494711637496948
n,1.340012788772583, 0.13198000192642212, 0.6494711637496948
n,-1.0408560037612915, -0.8542083501815796, 0.6494713425636292
n,-1.0408560037612915, -0.8542083501815796, 0.6494713425636292
n,-1.0408560037612915, -0.8542083501815796, 0.6494713425636292
n,1.2885169982910156, 0.39086753129959106, 0.6494709849357605
n,1.2885169982910156, 0.39086753129959106, 0.6494709849357605
n,1.2885169982910156, 0.39086753129959106, 0.6494709849357605
n,-0.8542087078094482, -1.040855884552002, 0.6494709849357605
n,-0.8542087078094482, -1.040855884552002, 0.6494709849357605
n,-0.8542087078094482, -1.040855884552002, 0.6494709849357605
n,1.1875040531158447, 0.6347340941429138, 0.6494710445404053
n,1.1875040531158447, 0.6347340941429138, 0.6494710445404053
n,1.1875040531158447, 0.6347340941429138, 0.6494710445404053
n,-0.6347338557243347, -1.1875040531158447, 0.6494713425636292
n,-0.6347338557243347, -1.1875040531158447, 0.6494713425636292
n,-0.6347338557243347, -1.1875040531158447, 0.6494713425636292
n,-0.13198000192642212, 1.340012788772583, 0.6494711637496948
n,-0.13198000192642212, 1.340012788772583, 0.6494711637496948
n,-0.13198000192642212, 1.340012788772583, 0.6494711637496948
n,1.0408560037612915, 0.8542083501815796, 0.6494713425636292
n,1.0408560037612915, 0.8542083501815796, 0.6494713425636292
n,1.0408560037612915, 0.8542083501815796, 0.6494713425636292
n,-0.3908674418926239, -1.288516879081726, 0.6494709849357605
n,-0.3908674418926239, -1.288516879081726, 0.6494709849357605
n,-0.3908674418926239, -1.288516879081726, 0.6494709849357605
n,-0.39086753129959106, 1.2885169982910156, 0.6494709849357605
n,-0.39086753129959106, 1.2885169982910156, 0.6494709849357605
n,-0.39086753129959106, 1.2885169982910156, 0.6494709849357605
n,0.8542087078094482, 1.040855884552002, 0.6494709849357605
n,0.8542087078094482, 1.040855884552002, 0.6494709849357605
n,0.8542087078094482, 1.040855884552002, 0.6494709849357605
n,-0.13197976350784302, -1.340013027191162, 0.6494709849357605
n,-0.13197976350784302, -1.340013027191162, 0.6494709849357605
n,-0.13197976350784302, -1.340013027191162, 0.6494709849357605
n,-0.6347340941429138, 1.1875040531158447, 0.6494710445404053
n,-0.6347340941429138, 1.1875040531158447, 0.6494710445404053
n,-0.6347340941429138, 1.1875040531158447, 0.6494710445404053
n,0.6347338557243347, 1.1875040531158447, 0.6494713425636292
n,0.6347338557243347, 1.1875040531158447, 0.6494713425636292
n,0.6347338557243347, 1.1875040531158447, 0.6494713425636292
n,0.13198000192642212, -1.340012788772583, 0.6494711637496948
n,0.13198000192642212, -1.340012788772583, 0.6494711637496948
n,0.13198000192642212, -1.340012788772583, 0.6494711637496948
n,-0.8542083501815796, 1.0408560037612915, 0.6494713425636292
n,-0.8542083501815796, 1.0408560037612915, 0.6494713425636292
n,-0.8542083501815796, 1.0408560037612915, 0.6494713425636292
n,0.3908674418926239, 1.288516879081726, 0.6494709849357605
n,0.3908674418926239, 1.288516879081726, 0.6494709849357605
n,0.3908674418926239, 1.288516879081726, 0.6494709849357605
n,0.39086753129959106, -1.2885169982910156, 0.6494709849357605
n,0.39086753129959106, -1.2885169982910156, 0.6494709849357605
n,0.39086753129959106, -1.2885169982910156, 0.6494709849357605
n,-1.040855884552002, 0.8542087078094482, 0.6494709849357605
n,-1.040855884552002, 0.8542087078094482, 0.6494709849357605
n,-1.040855884552002, 0.8542087078094482, 0.6494709849357605
n,0.13197976350784302, 1.340013027191162, 0.6494709849357605
n,0.13197976350784302, 1.340013027191162, 0.6494709849357605
n,0.13197976350784302, 1.340013027191162, 0.6494709849357605
n,0.6347340941429138, -1.1875040531158447, 0.6494710445404053
n,0.6347340941429138, -1.1875040531158447, 0.6494710445404053
n,0.6347340941429138, -1.1875040531158447, 0.6494710445404053
n,-1.1875040531158447, 0.6347338557243347, 0.6494713425636292
n,-1.1875040531158447, 0.6347338557243347, 0.6494713425636292
n,-1.1875040531158447, 0.6347338557243347, 0.6494713425636292
n,0.8542083501815796, -1.0408560037612915, 0.6494713425636292
n,0.8542083501815796, -1.0408560037612915, 0.6494713425636292
n,0.8542083501815796, -1.0408560037612915, 0.6494713425636292
n,-1.288516879081726, 0.3908674418926239, 0.6494709849357605
n,-1.288516879081726, 0.3908674418926239, 0.6494709849357605
n,-1.288516879081726, 0.3908674418926239, 0.6494709849357605
n,1.040855884552002, -0.8542087078094482, 0.6494709849357605
n,1.040855884552002, -0.8542087078094482, 0.6494709849357605
n,1.040855884552002, -0.8542087078094482, 0.6494709849357605
n,-1.340013027191162, 0.13197976350784302, 0.6494709849357605
n,-1.340013027191162, 0.13197976350784302, 0.6494709849357605
n,-1.340013027191162, 0.13197976350784302, 0.6494709849357605
n,1.1875040531158447, -0.6347338557243347, 0.6494713425636292
n,1.1875040531158447, -0.6347338557243347, 0.6494713425636292
n,1.1875040531158447, -0.6347338557243347, 0.6494713425636292
n,-1.340012788772583, -0.13198000192642212, 0.6494711637496948
n,-1.340012788772583, -0.13198000192642212, 0.6494711637496948
n,-1.340012788772583, -0.13198000192642212, 0.6494711637496948
u,0.7446014285087585, 0.3203080892562866, 0
u,0.7635661959648132, 0.2864493131637573, 0
u,0.7328208684921265, 0.29868704080581665, 0
u,0.37556129693984985, 0.3621036410331726, 0
u,0.4149518609046936, 0.3904497027397156, 0
u,0.4084218740463257, 0.35485416650772095, 0
u,0.3297317922115326, 0.29552704095840454, 0
u,0.3124978542327881, 0.2632853388786316, 0
u,0.2985137104988098, 0.28409963846206665, 0
u,0.3668226897716522, 0.33154135942459106, 0
u,0.4084218740463257, 0.35485416650772095, 0
u,0.39894184470176697, 0.3216989040374756, 0
u,0.3297317922115326, 0.29552704095840454, 0
u,0.28662121295928955, 0.31043940782546997, 0
u,0.31876933574676514, 0.31980687379837036, 0
u,0.3557005226612091, 0.30440306663513184, 0
u,0.39894184470176697, 0.3216989040374756, 0
u,0.38687607645988464, 0.29225820302963257, 0
u,0.3101561963558197, 0.34824711084365845, 0
u,0.28662121295928955, 0.31043940782546997, 0
u,0.2772773206233978, 0.34129250049591064, 0
u,0.3557005226612091, 0.30440306663513184, 0
u,0.3726882040500641, 0.2676633596420288, 0
u,0.34262222051620483, 0.2817317247390747, 0
u,0.30422335863113403, 0.3797546625137329, 0
u,0.2772773206233978, 0.34129250049591064, 0
u,0.27084115147590637, 0.3754732012748718, 0
u,0.7328208684921265, 0.5866070687770844, 0
u,0.7763462662696838, 0.5755344927310944, 0
u,0.7446014881134033, 0.5651639699935913, 0
u,0.31876933574676514, 0.5394660830497742, 0
u,0.2985137104988098, 0.5744633674621582, 0
u,0.3297317624092102, 0.563182532787323, 0
u,0.3011988401412964, 0.41311877965927124, 0
u,0.27084115147590637, 0.3754732012748718, 0
u,0.2675600051879883, 0.41166800260543823, 0
u,0.7446014881134033, 0.5651639699935913, 0
u,0.7868345975875854, 0.5471508204936981, 0
u,0.754269540309906, 0.5390000641345978, 0
u,0.3426222503185272, 0.5817064940929413, 0
u,0.2985137104988098, 0.5744633674621582, 0
u,0.3124978244304657, 0.5945589542388916, 0
u,0.3011988401412964, 0.41311877965927124, 0
u,0.2675600051879883, 0.4484859108924866, 0
u,0.3011988401412964, 0.44705724716186523, 0
u,0.7614535689353943, 0.5091208219528198, 0
u,0.7868345975875854, 0.5471508204936981, 0
u,0.7946281433105469, 0.5147365927696228, 0
u,0.3557005226612091, 0.5685213804244995, 0
u,0.3726882338523865, 0.5945590436458588, 0
u,0.38687610626220703, 0.5787846744060516, 0
u,0.3011988401412964, 0.44705724716186523, 0
u,0.27084115147590637, 0.4845120310783386, 0
u,0.30422335863113403, 0.48026591539382935, 0
u,0.7614535689353943, 0.5091208219528198, 0
u,0.799427330493927, 0.4795374870300293, 0
u,0.7658774852752686, 0.47667449712753296, 0
u,0.3668226897716522, 0.548297643661499, 0
u,0.38687610626220703, 0.5787846744060516, 0
u,0.39894187450408936, 0.556845098733902, 0
u,0.30422335863113403, 0.48026591539382935, 0
u,0.2772773206233978, 0.5183619558811188, 0
u,0.3101561963558197, 0.5114685893058777, 0
u,0.7673712372779846, 0.44290798902511597, 0
u,0.799427330493927, 0.4795374870300293, 0
u,0.8010478615760803, 0.44290614128112793, 0
u,0.3668226897716522, 0.548297643661499, 0
u,0.40842190384864807, 0.5295835137367249, 0
u,0.37556132674217224, 0.5231680870056152, 0
u,0.31876933574676514, 0.5394660830497742, 0
u,0.2772773206233978, 0.5183619558811188, 0
u,0.28662121295928955, 0.5487348139286041, 0
u,0.7658774852752686, 0.4091189503669739, 0
u,0.8010478615760803, 0.44290614128112793, 0
u,0.799427330493927, 0.4062504172325134, 0
u,0.37556132674217224, 0.5231680870056152, 0
u,0.4149518609046936, 0.49804753065109253, 0
u,0.3815805912017822, 0.494098424911499, 0
u,0.7614535689353943, 0.3766058087348938, 0
u,0.799427330493927, 0.4062504172325134, 0
u,0.7946281433105469, 0.37097877264022827, 0
u,0.3815805912017822, 0.494098424911499, 0
u,0.41828078031539917, 0.4634491205215454, 0
u,0.3846491873264313, 0.46220576763153076, 0
u,0.7614535689353943, 0.3766058087348938, 0
u,0.7868345975875854, 0.33844685554504395, 0
u,0.754269540309906, 0.34661805629730225, 0
u,0.3846491873264313, 0.4287157654762268, 0
u,0.41828078031539917, 0.4634491205215454, 0
u,0.41828078031539917, 0.4271177649497986, 0
u,0.754269540309906, 0.34661805629730225, 0
u,0.7763462662696838, 0.3099047541618347, 0
u,0.7446014285087585, 0.3203080892562866, 0
u,0.3846491873264313, 0.4287157654762268, 0
u,0.4149518609046936, 0.3904497027397156, 0
u,0.3815805912017822, 0.3949154019355774, 0
u,0.2503829896450043, 0.40612339973449707, 0
u,0.2531355023384094, 0.373898446559906, 0
u,-2.538286247855126e-09, 0.3411254286766052, 0
u,0.4914003312587738, 0.4477693438529968, 0
u,0.5062257051467896, 0.4800606369972229, 0
u,0.7328209280967712, 0.34978586435317993, 0
u,0.6096640825271606, 0.5795659124851227, 0
u,0.6415696740150452, 0.5922286510467529, 0
u,0.7328209280967712, 0.34978586435317993, 0
u,0.24144114553928375, 0.4390075206756592, 0
u,0.2503829896450043, 0.40612339973449707, 0
u,-2.538286247855126e-09, 0.3411254286766052, 0
u,0.4824133515357971, 0.4148603677749634, 0
u,0.4914003312587738, 0.4477693438529968, 0
u,0.7328209280967712, 0.34978586435317993, 0
u,0.22665348649024963, 0.47128719091415405, 0
u,0.24144114553928375, 0.4390075206756592, 0
u,-2.538286247855126e-09, 0.3411254286766052, 0
u,0.4796101748943329, 0.38259822130203247, 0
u,0.4824133515357971, 0.4148603677749634, 0
u,0.7328209280967712, 0.34978586435317993, 0
u,0.20658840239048004, 0.5017217993736267, 0
u,0.22665348649024963, 0.47128719091415405, 0
u,-2.538286247855126e-09, 0.3411254286766052, 0
u,0.48309844732284546, 0.35222285985946655, 0
u,0.4796101748943329, 0.38259822130203247, 0
u,0.7328209280967712, 0.34978586435317993, 0
u,0.18201690912246704, 0.5291417837142944, 0
u,0.20658840239048004, 0.5017217993736267, 0
u,-2.538286247855126e-09, 0.3411254286766052, 0
u,0.49274417757987976, 0.3249015212059021, 0
u,0.48309844732284546, 0.35222285985946655, 0
u,0.7328209280967712, 0.34978586435317993, 0
u,0.15388330817222595, 0.5524934828281403, 0
u,0.18201690912246704, 0.5291417837142944, 0
u,-2.538286247855126e-09, 0.3411254286766052, 0
u,0.5081766843795776, 0.3016841411590576, 0
u,0.49274417757987976, 0.3249015212059021, 0
u,0.7328209280967712, 0.34978586435317993, 0
u,0.12326875329017639, 0.5708794295787811, 0
u,0.15388330817222595, 0.5524934828281403, 0
u,-2.538286247855126e-09, 0.3411254286766052, 0
u,0.5288028717041016, 0.2834630012512207, 0
u,0.5081766843795776, 0.3016841411590576, 0
u,0.7328209280967712, 0.34978586435317993, 0
u,0.09134975075721741, 0.583593100309372, 0
u,0.12326875329017639, 0.5708794295787811, 0
u,-2.538286247855126e-09, 0.3411254286766052, 0
u,0.553830087184906, 0.27093827724456787, 0
u,0.5288028717041016, 0.2834630012512207, 0
u,0.7328209280967712, 0.34978586435317993, 0
u,0.05935291573405266, 0.5901458859443665, 0
u,0.09134975075721741, 0.583593100309372, 0
u,-2.538286247855126e-09, 0.3411254286766052, 0
u,0.2037244290113449, 0.2750002145767212, 0
u,0.17864923179149628, 0.26254546642303467, 0
u,-2.538286247855126e-09, 0.3411254286766052, 0
u,0.028507865965366364, 0.590285986661911, 0
u,0.05935291573405266, 0.5901458859443665, 0
u,-2.538286247855126e-09, 0.3411254286766052, 0
u,0.2244032919406891, 0.29315316677093506, 0
u,0.2037244290113449, 0.2750002145767212, 0
u,-2.538286247855126e-09, 0.3411254286766052, 0
u,0.5790521502494812, 0.5612205266952515, 0
u,0.6096640825271606, 0.5795659124851227, 0
u,0.7328209280967712, 0.34978586435317993, 0
u,-1.5405884568053807e-08, 0.5840080380439758, 0
u,0.028507865965366364, 0.590285986661911, 0
u,-2.538286247855126e-09, 0.3411254286766052, 0
u,0.2398911565542221, 0.3163067102432251, 0
u,0.2244032919406891, 0.29315316677093506, 0
u,-2.538286247855126e-09, 0.3411254286766052, 0
u,0.5509101748466492, 0.5378974974155426, 0
u,0.5790521502494812, 0.5612205266952515, 0
u,0.7328209280967712, 0.34978586435317993, 0
u,0.704354465007782, 0.5987968742847443, 0
u,0.7328209280967712, 0.5924499034881592, 0
u,0.7328209280967712, 0.34978586435317993, 0
u,0.2495928406715393, 0.3435710668563843, 0
u,0.2398911565542221, 0.3163067102432251, 0
u,-2.538286247855126e-09, 0.3411254286766052, 0
u,0.526319682598114, 0.5104931592941284, 0
u,0.5509101748466492, 0.5378974974155426, 0
u,0.7328209280967712, 0.34978586435317993, 0
u,0.6735426783561707, 0.5987221598625183, 0
u,0.704354465007782, 0.5987968742847443, 0
u,0.7328209280967712, 0.34978586435317993, 0
u,0.2531355023384094, 0.373898446559906, 0
u,0.2495928406715393, 0.3435710668563843, 0
u,-2.538286247855126e-09, 0.3411254286766052, 0
u,0.5062257051467896, 0.4800606369972229, 0
u,0.526319682598114, 0.5104931592941284, 0
u,0.7328209280967712, 0.34978586435317993, 0
u,0.6415696740150452, 0.5922286510467529, 0
u,0.6735426783561707, 0.5987221598625183, 0
u,0.7328209280967712, 0.34978586435317993, 0
u,0.9636878967285156, 0.0722612738609314, 0
u,0.7955156564712524, 5.960464477539063e-08, 0
u,0.7328210473060608, 0.06514883041381836, 0
u,0.4796101450920105, 0.657269150018692, 0
u,0.38301607966423035, 0.6055510938167572, 0
u,0.2675599753856659, 0.9999999579684982, 0
u,0.2675600051879883, 0.594558984041214, 0
u,0.2675599753856659, 0.9999999579684982, 0
u,0.38301607966423035, 0.6055510938167572, 0
u,0.7030737996101379, 0.6560277342796326, 0
u,0.47961023449897766, 1.000000008433065, 0
u,0.7691518664360046, 0.7374631762504578, 0
u,0.7691517472267151, 0.7801837623119354, 0
u,0.7691517472267151, 0.999999995837995, 0
u,0.8724382519721985, 0.9946267828345299, 0
u,0.7030737996101379, 0.6560277342796326, 0
u,0.5745909214019775, 0.6006808280944824, 0
u,0.47961023449897766, 1.000000008433065, 0
u,0.9636878967285156, 0.0722612738609314, 0
u,0.7505283951759338, 0.1735057830810547, 0
u,0.8448874950408936, 0.2768142819404602, 0
u,0.7691517472267151, 0.7801837623119354, 0
u,0.9618422985076904, 0.9132537320256233, 0
u,0.9953004717826843, 0.7900172621011734, 0
u,0.035441212356090546, 0.6643997132778168, 0
u,-4.349526072644494e-09, 0.7389094829559326, 0
u,0.2675599753856659, 1.0000000074452888, 0
u,0.15730205178260803, 0.6035263240337372, 0
u,0.035441212356090546, 0.6643997132778168, 0
u,0.2675599753856659, 1.0000000074452888, 0
u,0.2675600051879883, 0.590285986661911, 0
u,0.15730205178260803, 0.6035263240337372, 0
u,0.2675599753856659, 1.0000000074452888, 0
u,0.5745909214019775, 0.6006808280944824, 0
u,0.47961026430130005, 0.5987968444824219, 0
u,0.47961023449897766, 1.000000008433065, 0
u,0.7691517472267151, 0.7801837623119354, 0
u,0.9953004717826843, 0.7900172621011734, 0
u,0.9247287511825562, 0.7134314775466919, 0
u,0.9636878967285156, 0.0722612738609314, 0
u,0.8448874950408936, 0.2768142819404602, 0
u,0.9636878967285156, 0.2864493131637573, 0
u,0.9636878967285156, 0.0722612738609314, 0
u,0.7328210473060608, 0.06514883041381836, 0
u,0.7505283951759338, 0.1735057830810547, 0
u,0.7691517472267151, 0.7801837623119354, 0
u,0.8724382519721985, 0.9946267828345299, 0
u,0.9618422985076904, 0.9132537320256233, 0
u,0.7446014285087585, 0.3203080892562866, 0
u,0.7763462662696838, 0.3099047541618347, 0
u,0.7635661959648132, 0.2864493131637573, 0
u,0.37556129693984985, 0.3621036410331726, 0
u,0.3815805912017822, 0.3949154019355774, 0
u,0.4149518609046936, 0.3904497027397156, 0
u,0.3297317922115326, 0.29552704095840454, 0
u,0.3426222503185272, 0.2763405442237854, 0
u,0.3124978542327881, 0.2632853388786316, 0
u,0.3668226897716522, 0.33154135942459106, 0
u,0.37556129693984985, 0.3621036410331726, 0
u,0.4084218740463257, 0.35485416650772095, 0
u,0.3297317922115326, 0.29552704095840454, 0
u,0.2985137104988098, 0.28409963846206665, 0
u,0.28662121295928955, 0.31043940782546997, 0
u,0.3557005226612091, 0.30440306663513184, 0
u,0.3668226897716522, 0.33154135942459106, 0
u,0.39894184470176697, 0.3216989040374756, 0
u,0.3101561963558197, 0.34824711084365845, 0
u,0.31876933574676514, 0.31980687379837036, 0
u,0.28662121295928955, 0.31043940782546997, 0
u,0.3557005226612091, 0.30440306663513184, 0
u,0.38687607645988464, 0.29225820302963257, 0
u,0.3726882040500641, 0.2676633596420288, 0
u,0.30422335863113403, 0.3797546625137329, 0
u,0.3101561963558197, 0.34824711084365845, 0
u,0.2772773206233978, 0.34129250049591064, 0
u,0.7328208684921265, 0.5866070687770844, 0
u,0.7635661959648132, 0.5987968742847443, 0
u,0.7763462662696838, 0.5755344927310944, 0
u,0.31876933574676514, 0.5394660830497742, 0
u,0.28662121295928955, 0.5487348139286041, 0
u,0.2985137104988098, 0.5744633674621582, 0
u,0.3011988401412964, 0.41311877965927124, 0
u,0.30422335863113403, 0.3797546625137329, 0
u,0.27084115147590637, 0.3754732012748718, 0
u,0.7446014881134033, 0.5651639699935913, 0
u,0.7763462662696838, 0.5755344927310944, 0
u,0.7868345975875854, 0.5471508204936981, 0
u,0.3426222503185272, 0.5817064940929413, 0
u,0.3297317624092102, 0.563182532787323, 0
u,0.2985137104988098, 0.5744633674621582, 0
u,0.3011988401412964, 0.41311877965927124, 0
u,0.2675600051879883, 0.41166800260543823, 0
u,0.2675600051879883, 0.4484859108924866, 0
u,0.7614535689353943, 0.5091208219528198, 0
u,0.754269540309906, 0.5390000641345978, 0
u,0.7868345975875854, 0.5471508204936981, 0
u,0.3557005226612091, 0.5685213804244995, 0
u,0.3426222503185272, 0.5830621123313904, 0
u,0.3726882338523865, 0.5945590436458588, 0
u,0.3011988401412964, 0.44705724716186523, 0
u,0.2675600051879883, 0.4484859108924866, 0
u,0.27084115147590637, 0.4845120310783386, 0
u,0.7614535689353943, 0.5091208219528198, 0
u,0.7946281433105469, 0.5147365927696228, 0
u,0.799427330493927, 0.4795374870300293, 0
u,0.3668226897716522, 0.548297643661499, 0
u,0.3557005226612091, 0.5685213804244995, 0
u,0.38687610626220703, 0.5787846744060516, 0
u,0.30422335863113403, 0.48026591539382935, 0
u,0.27084115147590637, 0.4845120310783386, 0
u,0.2772773206233978, 0.5183619558811188, 0
u,0.7673712372779846, 0.44290798902511597, 0
u,0.7658774852752686, 0.47667449712753296, 0
u,0.799427330493927, 0.4795374870300293, 0
u,0.3668226897716522, 0.548297643661499, 0
u,0.39894187450408936, 0.556845098733902, 0
u,0.40842190384864807, 0.5295835137367249, 0
u,0.31876933574676514, 0.5394660830497742, 0
u,0.3101561963558197, 0.5114685893058777, 0
u,0.2772773206233978, 0.5183619558811188, 0
u,0.7658774852752686, 0.4091189503669739, 0
u,0.7673712372779846, 0.44290798902511597, 0
u,0.8010478615760803, 0.44290614128112793, 0
u,0.37556132674217224, 0.5231680870056152, 0
u,0.40842190384864807, 0.5295835137367249, 0
u,0.4149518609046936, 0.49804753065109253, 0
u,0.7614535689353943, 0.3766058087348938, 0
u,0.7658774852752686, 0.4091189503669739, 0
u,0.799427330493927, 0.4062504172325134, 0
u,0.3815805912017822, 0.494098424911499, 0
u,0.4149518609046936, 0.49804753065109253, 0
u,0.41828078031539917, 0.4634491205215454, 0
u,0.7614535689353943, 0.3766058087348938, 0
u,0.7946281433105469, 0.37097877264022827, 0
u,0.7868345975875854, 0.33844685554504395, 0
u,0.3846491873264313, 0.4287157654762268, 0
u,0.3846491873264313, 0.46220576763153076, 0
u,0.41828078031539917, 0.4634491205215454, 0
u,0.754269540309906, 0.34661805629730225, 0
u,0.7868345975875854, 0.33844685554504395, 0
u,0.7763462662696838, 0.3099047541618347, 0
u,0.3846491873264313, 0.4287157654762268, 0
u,0.41828078031539917, 0.4271177649497986, 0
u,0.4149518609046936, 0.3904497027397156, 0
