v,-1.973642221875238e-10, 0.0005153544479981065, -0.010534722357988358
v,-2.4241797458302017e-10, -0.000515354739036411, -0.010534721426665783
v,-2.219121275626179e-10, 1.0750500807520952e-17, -0.010488485917448997
v,-1.973642221875238e-10, 0.0005153544479981065, -0.010534722357988358
v,-2.5759988586671057e-10, -0.0009987810626626015, -0.010670825839042664
v,-2.4241797458302017e-10, -0.000515354739036411, -0.010534721426665783
v,-1.70283662170867e-10, 0.000998780713416636, -0.010670826770365238
v,-2.5759988586671057e-10, -0.0009987810626626015, -0.010670825839042664
v,-1.973642221875238e-10, 0.0005153544479981065, -0.010534722357988358
v,-1.70283662170867e-10, 0.000998780713416636, -0.010670826770365238
v,-2.6752136617069766e-10, -0.0014478231314569712, -0.010892891325056553
v,-2.5759988586671057e-10, -0.0009987810626626015, -0.010670825839042664
v,-1.409486555248307e-10, 0.0014478226657956839, -0.010892892256379128
v,-2.6752136617069766e-10, -0.0014478231314569712, -0.010892891325056553
v,-1.70283662170867e-10, 0.000998780713416636, -0.010670826770365238
v,-1.409486555248307e-10, 0.0014478226657956839, -0.010892892256379128
v,-2.7224583698526317e-10, -0.0018600247567519546, -0.011197010055184364
v,-2.6752136617069766e-10, -0.0014478231314569712, -0.010892891325056553
v,-1.0963731311708358e-10, 0.0018600242910906672, -0.011197010055184364
v,-2.7224583698526317e-10, -0.0018600247567519546, -0.011197010055184364
v,-1.409486555248307e-10, 0.0014478226657956839, -0.010892892256379128
v,-1.0963731311708358e-10, 0.0018600242910906672, -0.011197010055184364
v,-2.718367475562644e-10, -0.0022329301573336124, -0.011579274199903011
v,-2.7224583698526317e-10, -0.0018600247567519546, -0.011197010055184364
v,-7.662778744865761e-11, 0.002232929691672325, -0.011579275131225586
v,-2.718367475562644e-10, -0.0022329301573336124, -0.011579274199903011
v,-1.0963731311708358e-10, 0.0018600242910906672, -0.011197010055184364
v,-7.662778744865761e-11, 0.002232929691672325, -0.011579275131225586
v,-2.663575193739831e-10, -0.002564083319157362, -0.012035777792334557
v,-2.718367475562644e-10, -0.0022329301573336124, -0.011579274199903011
v,-4.2198234490031794e-11, 0.0025640828534960747, -0.012035777792334557
v,-1.5656162477561963e-10, 7.89393926836809e-18, -0.011983530595898628
v,-7.662778744865761e-11, 0.002232929691672325, -0.011579275131225586
v,-1.5656162477561963e-10, 7.89393926836809e-18, -0.011983530595898628
v,-2.663575193739831e-10, -0.002564083319157362, -0.012035777792334557
v,-7.662778744865761e-11, 0.002232929691672325, -0.011579275131225586
v,-4.2198234490031794e-11, 0.0025640828534960747, -0.012035777792334557
v,-1.4224992017641824e-10, 0.00029524299316108227, -0.012015702202916145
v,-1.5656162477561963e-10, 7.89393926836809e-18, -0.011983530595898628
v,-1.6806091240884058e-10, -0.000295243167784065, -0.01201570127159357
v,-2.663575193739831e-10, -0.002564083319157362, -0.012035777792334557
v,-1.5656162477561963e-10, 7.89393926836809e-18, -0.011983530595898628
v,-1.7588570877524745e-10, -0.0005694985738955438, -0.012110946699976921
v,-2.663575193739831e-10, -0.002564083319157362, -0.012035777792334557
v,-1.6806091240884058e-10, -0.000295243167784065, -0.01201570127159357
v,-4.2198234490031794e-11, 0.0025640828534960747, -0.012035777792334557
v,-1.2609854826983735e-10, 0.0005694983410649002, -0.012110946699976921
v,-1.4224992017641824e-10, 0.00029524299316108227, -0.012015702202916145
v,-1.7588570877524745e-10, -0.0005694985738955438, -0.012110946699976921
v,-2.558716016842766e-10, -0.0028510282281786203, -0.012562612071633339
v,-2.663575193739831e-10, -0.002564083319157362, -0.012035777792334557
v,-6.626813681132049e-12, 0.0028510275296866894, -0.012562612071633339
v,-1.2609854826983735e-10, 0.0005694983410649002, -0.012110946699976921
v,-4.2198234490031794e-11, 0.0025640828534960747, -0.012035777792334557
v,-1.8007989543988856e-10, -0.0008218730217777193, -0.012267368845641613
v,-2.558716016842766e-10, -0.0028510282281786203, -0.012562612071633339
v,-1.7588570877524745e-10, -0.0005694985738955438, -0.012110946699976921
v,-6.626813681132049e-12, 0.0028510275296866894, -0.012562612071633339
v,-1.0822948093291984e-10, 0.0008218727889470756, -0.012267368845641613
v,-1.2609854826983735e-10, 0.0005694983410649002, -0.012110946699976921
v,-1.8068745111232687e-10, -0.001051473431289196, -0.012483070604503155
v,-2.558716016842766e-10, -0.0028510282281786203, -0.012562612071633339
v,-1.8007989543988856e-10, -0.0008218730217777193, -0.012267368845641613
v,-6.626813681132049e-12, 0.0028510275296866894, -0.012562612071633339
v,-8.87646969816025e-11, 0.0010514731984585524, -0.012483070604503155
v,-1.0822948093291984e-10, 0.0008218727889470756, -0.012267368845641613
v,-1.7775224347982288e-10, -0.0012574068969115615, -0.01275615394115448
v,-2.558716016842766e-10, -0.0028510282281786203, -0.012562612071633339
v,-1.8068745111232687e-10, -0.001051473431289196, -0.012483070604503155
v,-6.626813681132049e-12, 0.0028510275296866894, -0.012562612071633339
v,-6.782621686518553e-11, 0.0012574066640809178, -0.01275615394115448
v,-8.87646969816025e-11, 0.0010514731984585524, -0.012483070604503155
v,-1.7775224347982288e-10, -0.0012574068969115615, -0.01275615394115448
v,-2.4044244373300216e-10, -0.003091308521106839, -0.013155871070921421
v,-2.558716016842766e-10, -0.0028510282281786203, -0.012562612071633339
v,2.980833288535045e-11, 0.003091308055445552, -0.013155871070921421
v,-6.782621686518553e-11, 0.0012574066640809178, -0.01275615394115448
v,-6.626813681132049e-12, 0.0028510275296866894, -0.012562612071633339
v,-1.7131820961857613e-10, -0.0014387801056727767, -0.013084719888865948
v,-2.4044244373300216e-10, -0.003091308521106839, -0.013155871070921421
v,-1.7775224347982288e-10, -0.0012574068969115615, -0.01275615394115448
v,2.980833288535045e-11, 0.003091308055445552, -0.013155871070921421
v,-4.553603674684048e-11, 0.001438779872842133, -0.013084720820188522
v,-6.782621686518553e-11, 0.0012574066640809178, -0.01275615394115448
v,-1.6142925884921056e-10, -0.0015947000356391072, -0.013466872274875641
v,-2.4044244373300216e-10, -0.003091308521106839, -0.013155871070921421
v,-1.7131820961857613e-10, -0.0014387801056727767, -0.013084719888865948
v,2.980833288535045e-11, 0.003091308055445552, -0.013155871070921421
v,-2.2016135442504137e-11, 0.0015946998028084636, -0.013466873206198215
v,-4.553603674684048e-11, 0.001438779872842133, -0.013084720820188522
v,6.682905617783064e-11, 0.003282468067482114, -0.013811646029353142
v,-2.2016135442504137e-11, 0.0015946998028084636, -0.013466873206198215
v,2.980833288535045e-11, 0.003091308055445552, -0.013155871070921421
v,-1.6142925884921056e-10, -0.0015947000356391072, -0.013466872274875641
v,-2.2013345313265376e-10, -0.003282468533143401, -0.013811646029353142
v,-2.4044244373300216e-10, -0.003091308521106839, -0.013155871070921421
v,-1.4812931437013788e-10, -0.0017242736648768187, -0.013900713995099068
v,-2.2013345313265376e-10, -0.003282468533143401, -0.013811646029353142
v,-1.6142925884921056e-10, -0.0015947000356391072, -0.013466872274875641
v,6.682905617783064e-11, 0.003282468067482114, -0.013811646029353142
v,2.611483945758053e-12, 0.001724273432046175, -0.013900713995099068
v,-2.2016135442504137e-11, 0.0015946998028084636, -0.013466873206198215
v,1.0415721063417038e-10, 0.003422051900997758, -0.014526030980050564
v,2.611483945758053e-12, 0.001724273432046175, -0.013900713995099068
v,6.682905617783064e-11, 0.003282468067482114, -0.013811646029353142
v,-1.4812931437013788e-10, -0.0017242736648768187, -0.013900713995099068
v,-1.9500807912908869e-10, -0.0034220523666590452, -0.014526030980050564
v,-2.2013345313265376e-10, -0.003282468533143401, -0.013811646029353142
v,-1.3146229937976983e-10, -0.001826607738621533, -0.014384344220161438
v,-1.9500807912908869e-10, -0.0034220523666590452, -0.014526030980050564
v,-1.4812931437013788e-10, -0.0017242736648768187, -0.013900713995099068
v,1.0415721063417038e-10, 0.003422051900997758, -0.014526030980050564
v,2.8224821785327592e-11, 0.0018266075057908893, -0.014384345151484013
v,2.611483945758053e-12, 0.001724273432046175, -0.013900713995099068
v,-1.1147212319873034e-10, -0.0019008091185241938, -0.01491586770862341
v,-1.9500807912908869e-10, -0.0034220523666590452, -0.014526030980050564
v,-1.3146229937976983e-10, -0.001826607738621533, -0.014384344220161438
v,1.0415721063417038e-10, 0.003422051900997758, -0.014526030980050564
v,5.4701899260267695e-11, 0.0019008088856935501, -0.014915868639945984
v,2.8224821785327592e-11, 0.0018266075057908893, -0.014384345151484013
v,1.415146333449968e-10, 0.0035076031927019358, -0.0152951180934906
v,5.4701899260267695e-11, 0.0019008088856935501, -0.014915868639945984
v,1.0415721063417038e-10, 0.003422051900997758, -0.014526030980050564
v,-1.1147212319873034e-10, -0.0019008091185241938, -0.01491586770862341
v,-1.6512977096816428e-10, -0.003507603658363223, -0.0152951180934906
v,-1.9500807912908869e-10, -0.0034220523666590452, -0.014526030980050564
v,-8.820270902543115e-11, -0.0019459848990663886, -0.01549338549375534
v,-1.6512977096816428e-10, -0.003507603658363223, -0.0152951180934906
v,-1.1147212319873034e-10, -0.0019008091185241938, -0.01491586770862341
v,1.415146333449968e-10, 0.0035076031927019358, -0.0152951180934906
v,8.19206993907251e-11, 0.0019459847826510668, -0.01549338549375534
v,5.4701899260267695e-11, 0.0019008088856935501, -0.014915868639945984
v,1.7862322732042912e-10, 0.0035366660449653864, -0.01611500047147274
v,8.19206993907251e-11, 0.0019459847826510668, -0.01549338549375534
v,1.415146333449968e-10, 0.0035076031927019358, -0.0152951180934906
v,-8.820270902543115e-11, -0.0019459848990663886, -0.01549338549375534
v,-1.3056196401795006e-10, -0.0035366665106266737, -0.01611500047147274
v,-1.6512977096816428e-10, -0.003507603658363223, -0.0152951180934906
v,-6.169798005828397e-11, -0.001961242174729705, -0.01611500047147274
v,-1.3056196401795006e-10, -0.0035366665106266737, -0.01611500047147274
v,-8.820270902543115e-11, -0.0019459848990663886, -0.01549338549375534
v,1.7862322732042912e-10, 0.0035366660449653864, -0.01611500047147274
v,1.0975924336076304e-10, 0.001961241941899061, -0.01611500047147274
v,8.19206993907251e-11, 0.0019459847826510668, -0.01549338549375534
v,2.1319102039285553e-10, 0.0035076031927019358, -0.01693488284945488
v,1.0975924336076304e-10, 0.001961241941899061, -0.01611500047147274
v,1.7862322732042912e-10, 0.0035366660449653864, -0.01611500047147274
v,2.1319102039285553e-10, 0.0035076031927019358, -0.01693488284945488
v,1.362639723279102e-10, 0.0019459848990663886, -0.01673661544919014
v,1.0975924336076304e-10, 0.001961241941899061, -0.01611500047147274
v,-3.3859443027139946e-11, -0.0019459850154817104, -0.01673661544919014
v,-1.3056196401795006e-10, -0.0035366665106266737, -0.01611500047147274
v,-6.169798005828397e-11, -0.001961242174729705, -0.01611500047147274
v,-3.3859443027139946e-11, -0.0019459850154817104, -0.01673661544919014
v,-9.345337698141165e-11, -0.0035076034255325794, -0.01693488284945488
v,-1.3056196401795006e-10, -0.0035366665106266737, -0.01611500047147274
v,2.1319102039285553e-10, 0.0035076031927019358, -0.01693488284945488
v,1.595333726234216e-10, 0.001900809002108872, -0.017314132302999496
v,1.362639723279102e-10, 0.0019459848990663886, -0.01673661544919014
v,-6.640629018894728e-12, -0.0019008091185241938, -0.017314132302999496
v,-9.345337698141165e-11, -0.0035076034255325794, -0.01693488284945488
v,-3.3859443027139946e-11, -0.0019459850154817104, -0.01673661544919014
v,2.4306931467599213e-10, 0.003422051900997758, -0.017703969031572342
v,1.595333726234216e-10, 0.001900809002108872, -0.017314132302999496
v,2.1319102039285553e-10, 0.0035076031927019358, -0.01693488284945488
v,-6.640629018894728e-12, -0.0019008091185241938, -0.017314132302999496
v,-5.609594386224437e-11, -0.0034220521338284016, -0.01770397089421749
v,-9.345337698141165e-11, -0.0035076034255325794, -0.01693488284945488
v,2.4306931467599213e-10, 0.003422051900997758, -0.017703969031572342
v,1.7952354880446109e-10, 0.001826607622206211, -0.017845656722784042
v,1.595333726234216e-10, 0.001900809002108872, -0.017314132302999496
v,1.983644151715147e-11, -0.001826607738621533, -0.017845656722784042
v,-5.609594386224437e-11, -0.0034220521338284016, -0.01770397089421749
v,-6.640629018894728e-12, -0.0019008091185241938, -0.017314132302999496
v,2.681947164351328e-10, 0.0032824683003127575, -0.01841835491359234
v,1.7952354880446109e-10, 0.001826607622206211, -0.017845656722784042
v,2.4306931467599213e-10, 0.003422051900997758, -0.017703969031572342
v,1.983644151715147e-11, -0.001826607738621533, -0.017845656722784042
v,-1.876778246701072e-11, -0.0032824683003127575, -0.01841835491359234
v,-5.609594386224437e-11, -0.0034220521338284016, -0.01770397089421749
v,2.681947164351328e-10, 0.0032824683003127575, -0.01841835491359234
v,1.9619056379482913e-10, 0.0017242735484614968, -0.018329286947846413
v,1.7952354880446109e-10, 0.001826607622206211, -0.017845656722784042
v,4.5449786295614913e-11, -0.0017242736648768187, -0.018329286947846413
v,-1.876778246701072e-11, -0.0032824683003127575, -0.01841835491359234
v,1.983644151715147e-11, -0.001826607738621533, -0.017845656722784042
v,2.681947164351328e-10, 0.0032824683003127575, -0.01841835491359234
v,2.094905082739018e-10, 0.0015946999192237854, -0.01876312680542469
v,1.9619056379482913e-10, 0.0017242735484614968, -0.018329286947846413
v,7.007741609221796e-11, -0.0015947000356391072, -0.01876312866806984
v,-1.876778246701072e-11, -0.0032824683003127575, -0.01841835491359234
v,4.5449786295614913e-11, -0.0017242736648768187, -0.018329286947846413
v,2.885036931576934e-10, 0.0030913082882761955, -0.019074130803346634
v,2.094905082739018e-10, 0.0015946999192237854, -0.01876312680542469
v,2.681947164351328e-10, 0.0032824683003127575, -0.01841835491359234
v,7.007741609221796e-11, -0.0015947000356391072, -0.01876312866806984
v,1.8252937356022514e-11, -0.0030913082882761955, -0.019074130803346634
v,-1.876778246701072e-11, -0.0032824683003127575, -0.01841835491359234
v,2.885036931576934e-10, 0.0030913082882761955, -0.019074130803346634
v,2.1937944516547958e-10, 0.0014387799892574549, -0.019145280122756958
v,2.094905082739018e-10, 0.0015946999192237854, -0.01876312680542469
v,9.359732433544821e-11, -0.0014387801056727767, -0.019145280122756958
v,1.8252937356022514e-11, -0.0030913082882761955, -0.019074130803346634
v,7.007741609221796e-11, -0.0015947000356391072, -0.01876312866806984
v,3.0393285110896784e-10, 0.002851027762517333, -0.01966738887131214
v,2.1937944516547958e-10, 0.0014387799892574549, -0.019145280122756958
v,2.885036931576934e-10, 0.0030913082882761955, -0.019074130803346634
v,9.359732433544821e-11, -0.0014387801056727767, -0.019145280122756958
v,5.4688083922505015e-11, -0.002851027762517333, -0.01966738887131214
v,1.8252937356022514e-11, -0.0030913082882761955, -0.019074130803346634
v,3.0393285110896784e-10, 0.002851027762517333, -0.01966738887131214
v,2.2581347902672633e-10, 0.0012574067804962397, -0.019473847001791
v,2.1937944516547958e-10, 0.0014387799892574549, -0.019145280122756958
v,1.1588750792324021e-10, -0.0012574068969115615, -0.019473847001791
v,5.4688083922505015e-11, -0.002851027762517333, -0.01966738887131214
v,9.359732433544821e-11, -0.0014387801056727767, -0.019145280122756958
v,3.0393285110896784e-10, 0.002851027762517333, -0.01966738887131214
v,2.2874870053701812e-10, 0.0010514733148738742, -0.01974692940711975
v,2.2581347902672633e-10, 0.0012574067804962397, -0.019473847001791
v,1.3682599497855108e-10, -0.001051473431289196, -0.0197469312697649
v,5.4688083922505015e-11, -0.002851027762517333, -0.01966738887131214
v,1.1588750792324021e-10, -0.0012574068969115615, -0.019473847001791
v,3.1441876879867436e-10, 0.0025640830863267183, -0.020194223150610924
v,2.2874870053701812e-10, 0.0010514733148738742, -0.01974692940711975
v,3.0393285110896784e-10, 0.002851027762517333, -0.01966738887131214
v,1.3682599497855108e-10, -0.001051473431289196, -0.0197469312697649
v,9.025950820085171e-11, -0.0025640830863267183, -0.020194223150610924
v,5.4688083922505015e-11, -0.002851027762517333, -0.01966738887131214
v,3.1441876879867436e-10, 0.0025640830863267183, -0.020194223150610924
v,2.2814117262015543e-10, 0.0008218729053623974, -0.019962631165981293
v,2.2874870053701812e-10, 0.0010514733148738742, -0.01974692940711975
v,1.562907581131867e-10, -0.0008218730217777193, -0.019962633028626442
v,9.025950820085171e-11, -0.0025640830863267183, -0.020194223150610924
v,1.3682599497855108e-10, -0.001051473431289196, -0.0197469312697649
v,3.1441876879867436e-10, 0.0025640830863267183, -0.020194223150610924
v,2.239469581999387e-10, 0.000569498457480222, -0.02011905424296856
v,2.2814117262015543e-10, 0.0008218729053623974, -0.019962631165981293
v,1.7415983932789203e-10, -0.0005694985738955438, -0.02011905424296856
v,9.025950820085171e-11, -0.0025640830863267183, -0.020194223150610924
v,1.562907581131867e-10, -0.0008218730217777193, -0.019962633028626442
v,3.1441876879867436e-10, 0.0025640830863267183, -0.020194223150610924
v,2.1612217571131964e-10, 0.0002952431095764041, -0.020214300602674484
v,2.239469581999387e-10, 0.000569498457480222, -0.02011905424296856
v,1.9031122511226073e-10, -0.0002952432259917259, -0.020214300602674484
v,9.025950820085171e-11, -0.0025640830863267183, -0.020194223150610924
v,1.7415983932789203e-10, -0.0005694985738955438, -0.02011905424296856
v,3.1989799698095567e-10, 0.0022329301573336124, -0.020650725811719894
v,2.1612217571131964e-10, 0.0002952431095764041, -0.020214300602674484
v,3.1441876879867436e-10, 0.0025640830863267183, -0.020194223150610924
v,1.9031122511226073e-10, -0.0002952432259917259, -0.020214300602674484
v,1.2468905075113668e-10, -0.002232929924502969, -0.020650725811719894
v,9.025950820085171e-11, -0.0025640830863267183, -0.020194223150610924
v,3.1989799698095567e-10, 0.0022329301573336124, -0.020650725811719894
v,2.046229019558865e-10, -7.89393926836809e-18, -0.020246470347046852
v,2.1612217571131964e-10, 0.0002952431095764041, -0.020214300602674484
v,2.046229019558865e-10, -7.89393926836809e-18, -0.020246470347046852
v,1.2468905075113668e-10, -0.002232929924502969, -0.020650725811719894
v,1.9031122511226073e-10, -0.0002952432259917259, -0.020214300602674484
v,3.1989799698095567e-10, 0.0022329301573336124, -0.020650725811719894
v,1.2468905075113668e-10, -0.002232929924502969, -0.020650725811719894
v,2.046229019558865e-10, -7.89393926836809e-18, -0.020246470347046852
v,3.203070864099544e-10, 0.0018600247567519546, -0.021032990887761116
v,1.2468905075113668e-10, -0.002232929924502969, -0.020650725811719894
v,3.1989799698095567e-10, 0.0022329301573336124, -0.020650725811719894
v,3.203070864099544e-10, 0.0018600247567519546, -0.021032990887761116
v,1.5769859029735045e-10, -0.001860024523921311, -0.021032990887761116
v,1.2468905075113668e-10, -0.002232929924502969, -0.020650725811719894
v,3.155826155953889e-10, 0.0014478231314569712, -0.021337108686566353
v,1.5769859029735045e-10, -0.001860024523921311, -0.021032990887761116
v,3.203070864099544e-10, 0.0018600247567519546, -0.021032990887761116
v,3.155826155953889e-10, 0.0014478231314569712, -0.021337108686566353
v,1.8900993270509758e-10, -0.0014478228986263275, -0.021337110549211502
v,1.5769859029735045e-10, -0.001860024523921311, -0.021032990887761116
v,3.056611352914018e-10, 0.0009987811790779233, -0.021559173241257668
v,1.8900993270509758e-10, -0.0014478228986263275, -0.021337110549211502
v,3.155826155953889e-10, 0.0014478231314569712, -0.021337108686566353
v,3.056611352914018e-10, 0.0009987811790779233, -0.021559173241257668
v,2.1834492547334605e-10, -0.0009987808298319578, -0.021559175103902817
v,1.8900993270509758e-10, -0.0014478228986263275, -0.021337110549211502
v,2.904791962521358e-10, 0.0005153549718670547, -0.021695278584957123
v,2.1834492547334605e-10, -0.0009987808298319578, -0.021559175103902817
v,3.056611352914018e-10, 0.0009987811790779233, -0.021559173241257668
v,2.904791962521358e-10, 0.0005153549718670547, -0.021695278584957123
v,2.4542548549000287e-10, -0.0005153545644134283, -0.021695278584957123
v,2.1834492547334605e-10, -0.0009987808298319578, -0.021559175103902817
v,2.699734047428848e-10, -1.0750500807520952e-17, -0.021741515025496483
v,2.4542548549000287e-10, -0.0005153545644134283, -0.021695278584957123
v,2.904791962521358e-10, 0.0005153549718670547, -0.021695278584957123
n,-62.20547866821289, 2.719087888181093e-06, -2.719087888181093e-06
n,-62.20547866821289, 2.719087888181093e-06, -2.719087888181093e-06
n,-62.20547866821289, 2.719087888181093e-06, -2.719087888181093e-06
n,-62.20547866821289, 2.719087888181093e-06, -2.719087888181093e-06
n,-62.20547866821289, 2.719087888181093e-06, -2.719087888181093e-06
n,-62.20547866821289, 2.719087888181093e-06, -2.719087888181093e-06
n,-62.20547866821289, 2.719087888181093e-06, -2.719087888181093e-06
n,-62.20547866821289, 2.719087888181093e-06, -2.719087888181093e-06
n,-62.20547866821289, 2.719087888181093e-06, -2.719087888181093e-06
n,-62.20547866821289, 2.719087888181093e-06, -2.719087888181093e-06
n,-62.20547866821289, 2.719087888181093e-06, -2.719087888181093e-06
n,-62.20547866821289, 2.719087888181093e-06, -2.719087888181093e-06
n,-62.20547866821289, 2.719087888181093e-06, -2.719087888181093e-06
n,-62.20547866821289, 2.719087888181093e-06, -2.719087888181093e-06
n,-62.20547866821289, 2.719087888181093e-06, -2.719087888181093e-06
n,-62.20547866821289, 2.719087888181093e-06, -2.719087888181093e-06
n,-62.20547866821289, 2.719087888181093e-06, -2.719087888181093e-06
n,-62.20547866821289, 2.719087888181093e-06, -2.719087888181093e-06
n,-62.20547866821289, 2.719087888181093e-06, -2.719087888181093e-06
n,-62.20547866821289, 2.719087888181093e-06, -2.719087888181093e-06
n,-62.20547866821289, 2.719087888181093e-06, -2.719087888181093e-06
n,-62.20547866821289, 2.719087888181093e-06, -2.719087888181093e-06
n,-62.20547866821289, 2.719087888181093e-06, -2.719087888181093e-06
n,-62.20547866821289, 2.719087888181093e-06, -2.719087888181093e-06
n,-62.20547866821289, 2.719087888181093e-06, -2.719087888181093e-06
n,-62.20547866821289, 2.719087888181093e-06, -2.719087888181093e-06
n,-62.20547866821289, 2.719087888181093e-06, -2.719087888181093e-06
n,-62.20547866821289, 2.719087888181093e-06, -2.719087888181093e-06
n,-62.20547866821289, 2.719087888181093e-06, -2.719087888181093e-06
n,-62.20547866821289, 2.719087888181093e-06, -2.719087888181093e-06
n,-62.20547866821289, 2.719087888181093e-06, -2.719087888181093e-06
n,-62.20547866821289, 2.719087888181093e-06, -2.719087888181093e-06
n,-62.20547866821289, 2.719087888181093e-06, -2.719087888181093e-06
n,-62.20547866821289, 2.719087888181093e-06, -2.719087888181093e-06
n,-62.20547866821289, 2.719087888181093e-06, -2.719087888181093e-06
n,-62.20547866821289, 2.719087888181093e-06, -2.719087888181093e-06
n,-62.20547866821289, 2.719087888181093e-06, -2.719087888181093e-06
n,-62.20547866821289, 2.719087888181093e-06, -2.719087888181093e-06
n,-62.20547866821289, 2.719087888181093e-06, -2.719087888181093e-06
n,-62.20547866821289, 2.719087888181093e-06, -2.719087888181093e-06
n,-62.20547866821289, 2.719087888181093e-06, -2.719087888181093e-06
n,-62.20547866821289, 2.719087888181093e-06, -2.719087888181093e-06
n,-62.20547866821289, 2.719087888181093e-06, -2.719087888181093e-06
n,-62.20547866821289, 2.719087888181093e-06, -2.719087888181093e-06
n,-62.20547866821289, 2.719087888181093e-06, -2.719087888181093e-06
n,-62.20547866821289, 2.719087888181093e-06, -2.719087888181093e-06
n,-62.20547866821289, 2.719087888181093e-06, -2.719087888181093e-06
n,-62.20547866821289, 2.719087888181093e-06, -2.719087888181093e-06
n,-62.20547866821289, 2.719087888181093e-06, -2.719087888181093e-06
n,-62.20547866821289, 2.719087888181093e-06, -2.719087888181093e-06
n,-62.20547866821289, 2.719087888181093e-06, -2.719087888181093e-06
n,-62.20547866821289, 2.719087888181093e-06, -2.719087888181093e-06
n,-62.20547866821289, 2.719087888181093e-06, -2.719087888181093e-06
n,-62.20547866821289, 2.719087888181093e-06, -2.719087888181093e-06
n,-62.20547866821289, 2.719087888181093e-06, -2.719087888181093e-06
n,-62.20547866821289, 2.719087888181093e-06, -2.719087888181093e-06
n,-62.20547866821289, 2.719087888181093e-06, -2.719087888181093e-06
n,-62.20547866821289, 2.719087888181093e-06, -2.719087888181093e-06
n,-62.20547866821289, 2.719087888181093e-06, -2.719087888181093e-06
n,-62.20547866821289, 2.719087888181093e-06, -2.719087888181093e-06
n,-62.20547866821289, 2.719087888181093e-06, -2.719087888181093e-06
n,-62.20547866821289, 2.719087888181093e-06, -2.719087888181093e-06
n,-62.20547866821289, 2.719087888181093e-06, -2.719087888181093e-06
n,-62.20547866821289, 2.719087888181093e-06, -2.719087888181093e-06
n,-62.20547866821289, 2.719087888181093e-06, -2.719087888181093e-06
n,-62.20547866821289, 2.719087888181093e-06, -2.719087888181093e-06
n,-62.20547866821289, 2.719087888181093e-06, -2.719087888181093e-06
n,-62.20547866821289, 2.719087888181093e-06, -2.719087888181093e-06
n,-62.20547866821289, 2.719087888181093e-06, -2.719087888181093e-06
n,-62.20547866821289, 2.719087888181093e-06, -2.719087888181093e-06
n,-62.20547866821289, 2.719087888181093e-06, -2.719087888181093e-06
n,-62.20547866821289, 2.719087888181093e-06, -2.719087888181093e-06
n,-62.20547866821289, 2.719087888181093e-06, -2.719087888181093e-06
n,-62.20547866821289, 2.719087888181093e-06, -2.719087888181093e-06
n,-62.20547866821289, 2.719087888181093e-06, -2.719087888181093e-06
n,-62.20547866821289, 2.719087888181093e-06, -2.719087888181093e-06
n,-62.20547866821289, 2.719087888181093e-06, -2.719087888181093e-06
n,-62.20547866821289, 2.719087888181093e-06, -2.719087888181093e-06
n,-62.20547866821289, 2.719087888181093e-06, -2.719087888181093e-06
n,-62.20547866821289, 2.719087888181093e-06, -2.719087888181093e-06
n,-62.20547866821289, 2.719087888181093e-06, -2.719087888181093e-06
n,-62.20547866821289, 2.719087888181093e-06, -2.719087888181093e-06
n,-62.20547866821289, 2.719087888181093e-06, -2.719087888181093e-06
n,-62.20547866821289, 2.719087888181093e-06, -2.719087888181093e-06
n,-62.20547866821289, 2.719087888181093e-06, -2.719087888181093e-06
n,-62.20547866821289, 2.719087888181093e-06, -2.719087888181093e-06
n,-62.20547866821289, 2.719087888181093e-06, -2.719087888181093e-06
n,-62.20547866821289, 2.719087888181093e-06, -2.719087888181093e-06
n,-62.20547866821289, 2.719087888181093e-06, -2.719087888181093e-06
n,-62.20547866821289, 2.719087888181093e-06, -2.719087888181093e-06
n,-62.20547866821289, 2.719087888181093e-06, -2.719087888181093e-06
n,-62.20547866821289, 2.719087888181093e-06, -2.719087888181093e-06
n,-62.20547866821289, 2.719087888181093e-06, -2.719087888181093e-06
n,-62.20547866821289, 2.719087888181093e-06, -2.719087888181093e-06
n,-62.20547866821289, 2.719087888181093e-06, -2.719087888181093e-06
n,-62.20547866821289, 2.719087888181093e-06, -2.719087888181093e-06
n,-62.20547866821289, 2.719087888181093e-06, -2.719087888181093e-06
n,-62.20547866821289, 2.719087888181093e-06, -2.719087888181093e-06
n,-62.20547866821289, 2.719087888181093e-06, -2.719087888181093e-06
n,-62.20547866821289, 2.719087888181093e-06, -2.719087888181093e-06
n,-62.20547866821289, 2.719087888181093e-06, -2.719087888181093e-06
n,-62.20547866821289, 2.719087888181093e-06, -2.719087888181093e-06
n,-62.20547866821289, 2.719087888181093e-06, -2.719087888181093e-06
n,-62.20547866821289, 2.719087888181093e-06, -2.719087888181093e-06
n,-62.20547866821289, 2.719087888181093e-06, -2.719087888181093e-06
n,-62.20547866821289, 2.719087888181093e-06, -2.719087888181093e-06
n,-62.20547866821289, 2.719087888181093e-06, -2.719087888181093e-06
n,-62.20547866821289, 2.719087888181093e-06, -2.719087888181093e-06
n,-62.20547866821289, 2.719087888181093e-06, -2.719087888181093e-06
n,-62.20547866821289, 2.719087888181093e-06, -2.719087888181093e-06
n,-62.20547866821289, 2.719087888181093e-06, -2.719087888181093e-06
n,-62.20547866821289, 2.719087888181093e-06, -2.719087888181093e-06
n,-62.20547866821289, 2.719087888181093e-06, -2.719087888181093e-06
n,-62.20547866821289, 2.719087888181093e-06, -2.719087888181093e-06
n,-62.20547866821289, 2.719087888181093e-06, -2.719087888181093e-06
n,-62.20547866821289, 2.719087888181093e-06, -2.719087888181093e-06
n,-62.20547866821289, 2.719087888181093e-06, -2.719087888181093e-06
n,-62.20547866821289, 2.719087888181093e-06, -2.719087888181093e-06
n,-62.20547866821289, 2.719087888181093e-06, -2.719087888181093e-06
n,-62.20547866821289, 2.719087888181093e-06, -2.719087888181093e-06
n,-62.20547866821289, 2.719087888181093e-06, -2.719087888181093e-06
n,-62.20547866821289, 2.719087888181093e-06, -2.719087888181093e-06
n,-62.20547866821289, 2.719087888181093e-06, -2.719087888181093e-06
n,-62.20547866821289, 2.719087888181093e-06, -2.719087888181093e-06
n,-62.20547866821289, 2.719087888181093e-06, -2.719087888181093e-06
n,-62.20547866821289, 2.719087888181093e-06, -2.719087888181093e-06
n,-62.20547866821289, 2.719087888181093e-06, -2.719087888181093e-06
n,-62.20547866821289, 2.719087888181093e-06, -2.719087888181093e-06
n,-62.20547866821289, 2.719087888181093e-06, -2.719087888181093e-06
n,-62.20547866821289, 2.719087888181093e-06, -2.719087888181093e-06
n,-62.20547866821289, 2.719087888181093e-06, -2.719087888181093e-06
n,-62.20547866821289, 2.719087888181093e-06, -2.719087888181093e-06
n,-62.20547866821289, 2.719087888181093e-06, -2.719087888181093e-06
n,-62.20547866821289, 2.719087888181093e-06, -2.719087888181093e-06
n,-62.20547866821289, 2.719087888181093e-06, -2.719087888181093e-06
n,-62.20547866821289, 2.719087888181093e-06, -2.719087888181093e-06
n,-62.20547866821289, 2.719087888181093e-06, -2.719087888181093e-06
n,-62.20547866821289, 2.719087888181093e-06, -2.719087888181093e-06
n,-62.20547866821289, 2.719087888181093e-06, -2.719087888181093e-06
n,-62.20547866821289, 2.719087888181093e-06, -2.719087888181093e-06
n,-62.20547866821289, 2.719087888181093e-06, -2.719087888181093e-06
n,-62.20547866821289, 2.719087888181093e-06, -2.719087888181093e-06
n,-62.20547866821289, 2.719087888181093e-06, -2.719087888181093e-06
n,-62.20547866821289, 2.719087888181093e-06, -2.719087888181093e-06
n,-62.20547866821289, 2.719087888181093e-06, -2.719087888181093e-06
n,-62.20547866821289, 2.719087888181093e-06, -2.719087888181093e-06
n,-62.20547866821289, 2.719087888181093e-06, -2.719087888181093e-06
n,-62.20547866821289, 2.719087888181093e-06, -2.719087888181093e-06
n,-62.20547866821289, 2.719087888181093e-06, -2.719087888181093e-06
n,-62.20547866821289, 2.719087888181093e-06, -2.719087888181093e-06
n,-62.20547866821289, 2.719087888181093e-06, -2.719087888181093e-06
n,-62.20547866821289, 2.719087888181093e-06, -2.719087888181093e-06
n,-62.20547866821289, 2.719087888181093e-06, -2.719087888181093e-06
n,-62.20547866821289, 2.719087888181093e-06, -2.719087888181093e-06
n,-62.20547866821289, 2.719087888181093e-06, -2.719087888181093e-06
n,-62.20547866821289, 2.719087888181093e-06, -2.719087888181093e-06
n,-62.20547866821289, 2.719087888181093e-06, -2.719087888181093e-06
n,-62.20547866821289, 2.719087888181093e-06, -2.719087888181093e-06
n,-62.20547866821289, 2.719087888181093e-06, -2.719087888181093e-06
n,-62.20547866821289, 2.719087888181093e-06, -2.719087888181093e-06
n,-62.20547866821289, 2.719087888181093e-06, -2.719087888181093e-06
n,-62.20547866821289, 2.719087888181093e-06, -2.719087888181093e-06
n,-62.20547866821289, 2.719087888181093e-06, -2.719087888181093e-06
n,-62.20547866821289, 2.719087888181093e-06, -2.719087888181093e-06
n,-62.20547866821289, 2.719087888181093e-06, -2.719087888181093e-06
n,-62.20547866821289, 2.719087888181093e-06, -2.719087888181093e-06
n,-62.20547866821289, 2.719087888181093e-06, -2.719087888181093e-06
n,-62.20547866821289, 2.719087888181093e-06, -2.719087888181093e-06
n,-62.20547866821289, 2.719087888181093e-06, -2.719087888181093e-06
n,-62.20547866821289, 2.719087888181093e-06, -2.719087888181093e-06
n,-62.20547866821289, 2.719087888181093e-06, -2.719087888181093e-06
n,-62.20547866821289, 2.719087888181093e-06, -2.719087888181093e-06
n,-62.20547866821289, 2.719087888181093e-06, -2.719087888181093e-06
n,-62.20547866821289, 2.719087888181093e-06, -2.719087888181093e-06
n,-62.20547866821289, 2.719087888181093e-06, -2.719087888181093e-06
n,-62.20547866821289, 2.719087888181093e-06, -2.719087888181093e-06
n,-62.20547866821289, 2.719087888181093e-06, -2.719087888181093e-06
n,-62.20547866821289, 2.719087888181093e-06, -2.719087888181093e-06
n,-62.20547866821289, 2.719087888181093e-06, -2.719087888181093e-06
n,-62.20547866821289, 2.719087888181093e-06, -2.719087888181093e-06
n,-62.20547866821289, 2.719087888181093e-06, -2.719087888181093e-06
n,-62.20547866821289, 2.719087888181093e-06, -2.719087888181093e-06
n,-62.20547866821289, 2.719087888181093e-06, -2.719087888181093e-06
n,-62.20547866821289, 2.719087888181093e-06, -2.719087888181093e-06
n,-62.20547866821289, 2.719087888181093e-06, -2.719087888181093e-06
n,-62.20547866821289, 2.719087888181093e-06, -2.719087888181093e-06
n,-62.20547866821289, 2.719087888181093e-06, -2.719087888181093e-06
n,-62.20547866821289, 2.719087888181093e-06, -2.719087888181093e-06
n,-62.20547866821289, 2.719087888181093e-06, -2.719087888181093e-06
n,-62.20547866821289, 2.719087888181093e-06, -2.719087888181093e-06
n,-62.20547866821289, 2.719087888181093e-06, -2.719087888181093e-06
n,-62.20547866821289, 2.719087888181093e-06, -2.719087888181093e-06
n,-62.20547866821289, 2.719087888181093e-06, -2.719087888181093e-06
n,-62.20547866821289, 2.719087888181093e-06, -2.719087888181093e-06
n,-62.20547866821289, 2.719087888181093e-06, -2.719087888181093e-06
n,-62.20547866821289, 2.719087888181093e-06, -2.719087888181093e-06
n,-62.20547866821289, 2.719087888181093e-06, -2.719087888181093e-06
n,-62.20547866821289, 2.719087888181093e-06, -2.719087888181093e-06
n,-62.20547866821289, 2.719087888181093e-06, -2.719087888181093e-06
n,-62.20547866821289, 2.719087888181093e-06, -2.719087888181093e-06
n,-62.20547866821289, 2.719087888181093e-06, -2.719087888181093e-06
n,-62.20547866821289, 2.719087888181093e-06, -2.719087888181093e-06
n,-62.20547866821289, 2.719087888181093e-06, -2.719087888181093e-06
n,-62.20547866821289, 2.719087888181093e-06, -2.719087888181093e-06
n,-62.20547866821289, 2.719087888181093e-06, -2.719087888181093e-06
n,-62.20547866821289, 2.719087888181093e-06, -2.719087888181093e-06
n,-62.20547866821289, 2.719087888181093e-06, -2.719087888181093e-06
n,-62.20547866821289, 2.719087888181093e-06, -2.719087888181093e-06
n,-62.20547866821289, 2.719087888181093e-06, -2.719087888181093e-06
n,-62.20547866821289, 2.719087888181093e-06, -2.719087888181093e-06
n,-62.20547866821289, 2.719087888181093e-06, -2.719087888181093e-06
n,-62.20547866821289, 2.719087888181093e-06, -2.719087888181093e-06
n,-62.20547866821289, 2.719087888181093e-06, -2.719087888181093e-06
n,-62.20547866821289, 2.719087888181093e-06, -2.719087888181093e-06
n,-62.20547866821289, 2.719087888181093e-06, -2.719087888181093e-06
n,-62.20547866821289, 2.719087888181093e-06, -2.719087888181093e-06
n,-62.20547866821289, 2.719087888181093e-06, -2.719087888181093e-06
n,-62.20547866821289, 2.719087888181093e-06, -2.719087888181093e-06
n,-62.20547866821289, 2.719087888181093e-06, -2.719087888181093e-06
n,-62.20547866821289, 2.719087888181093e-06, -2.719087888181093e-06
n,-62.20547866821289, 2.719087888181093e-06, -2.719087888181093e-06
n,-62.20547866821289, 2.719087888181093e-06, -2.719087888181093e-06
n,-62.20547866821289, 2.719087888181093e-06, -2.719087888181093e-06
n,-62.20547866821289, 2.719087888181093e-06, -2.719087888181093e-06
n,-62.20547866821289, 2.719087888181093e-06, -2.719087888181093e-06
n,-62.20547866821289, 2.719087888181093e-06, -2.719087888181093e-06
n,-62.20547866821289, 2.719087888181093e-06, -2.719087888181093e-06
n,-62.20547866821289, 2.719087888181093e-06, -2.719087888181093e-06
n,-62.20547866821289, 2.719087888181093e-06, -2.719087888181093e-06
n,-62.20547866821289, 2.719087888181093e-06, -2.719087888181093e-06
n,-62.20547866821289, 2.719087888181093e-06, -2.719087888181093e-06
n,-62.20547866821289, 2.719087888181093e-06, -2.719087888181093e-06
n,-62.20547866821289, 2.719087888181093e-06, -2.719087888181093e-06
n,-62.20547866821289, 2.719087888181093e-06, -2.719087888181093e-06
n,-62.20547866821289, 2.719087888181093e-06, -2.719087888181093e-06
n,-62.20547866821289, 2.719087888181093e-06, -2.719087888181093e-06
n,-62.20547866821289, 2.719087888181093e-06, -2.719087888181093e-06
n,-62.20547866821289, 2.719087888181093e-06, -2.719087888181093e-06
n,-62.20547866821289, 2.719087888181093e-06, -2.719087888181093e-06
n,-62.20547866821289, 2.719087888181093e-06, -2.719087888181093e-06
n,-62.20547866821289, 2.719087888181093e-06, -2.719087888181093e-06
n,-62.20547866821289, 2.719087888181093e-06, -2.719087888181093e-06
n,-62.20547866821289, 2.719087888181093e-06, -2.719087888181093e-06
n,-62.20547866821289, 2.719087888181093e-06, -2.719087888181093e-06
n,-62.20547866821289, 2.719087888181093e-06, -2.719087888181093e-06
n,-62.20547866821289, 2.719087888181093e-06, -2.719087888181093e-06
n,-62.20547866821289, 2.719087888181093e-06, -2.719087888181093e-06
n,-62.20547866821289, 2.719087888181093e-06, -2.719087888181093e-06
n,-62.20547866821289, 2.719087888181093e-06, -2.719087888181093e-06
n,-62.20547866821289, 2.719087888181093e-06, -2.719087888181093e-06
n,-62.20547866821289, 2.719087888181093e-06, -2.719087888181093e-06
n,-62.20547866821289, 2.719087888181093e-06, -2.719087888181093e-06
n,-62.20547866821289, 2.719087888181093e-06, -2.719087888181093e-06
n,-62.20547866821289, 2.719087888181093e-06, -2.719087888181093e-06
n,-62.20547866821289, 2.719087888181093e-06, -2.719087888181093e-06
n,-62.20547866821289, 2.719087888181093e-06, -2.719087888181093e-06
n,-62.20547866821289, 2.719087888181093e-06, -2.719087888181093e-06
n,-62.20547866821289, 2.719087888181093e-06, -2.719087888181093e-06
n,-62.20547866821289, 2.719087888181093e-06, -2.719087888181093e-06
n,-62.20547866821289, 2.719087888181093e-06, -2.719087888181093e-06
n,-62.20547866821289, 2.719087888181093e-06, -2.719087888181093e-06
n,-62.20547866821289, 2.719087888181093e-06, -2.719087888181093e-06
n,-62.20547866821289, 2.719087888181093e-06, -2.719087888181093e-06
n,-62.20547866821289, 2.719087888181093e-06, -2.719087888181093e-06
n,-62.20547866821289, 2.719087888181093e-06, -2.719087888181093e-06
n,-62.20547866821289, 2.719087888181093e-06, -2.719087888181093e-06
n,-62.20547866821289, 2.719087888181093e-06, -2.719087888181093e-06
n,-62.20547866821289, 2.719087888181093e-06, -2.719087888181093e-06
n,-62.20547866821289, 2.719087888181093e-06, -2.719087888181093e-06
n,-62.20547866821289, 2.719087888181093e-06, -2.719087888181093e-06
n,-62.20547866821289, 2.719087888181093e-06, -2.719087888181093e-06
n,-62.20547866821289, 2.719087888181093e-06, -2.719087888181093e-06
n,-62.20547866821289, 2.719087888181093e-06, -2.719087888181093e-06
n,-62.20547866821289, 2.719087888181093e-06, -2.719087888181093e-06
n,-62.20547866821289, 2.719087888181093e-06, -2.719087888181093e-06
n,-62.20547866821289, 2.719087888181093e-06, -2.719087888181093e-06
n,-62.20547866821289, 2.719087888181093e-06, -2.719087888181093e-06
n,-62.20547866821289, 2.719087888181093e-06, -2.719087888181093e-06
n,-62.20547866821289, 2.719087888181093e-06, -2.719087888181093e-06
n,-62.20547866821289, 2.719087888181093e-06, -2.719087888181093e-06
n,-62.20547866821289, 2.719087888181093e-06, -2.719087888181093e-06
n,-62.20547866821289, 2.719087888181093e-06, -2.719087888181093e-06
n,-62.20547866821289, 2.719087888181093e-06, -2.719087888181093e-06
n,-62.20547866821289, 2.719087888181093e-06, -2.719087888181093e-06
n,-62.20547866821289, 2.719087888181093e-06, -2.719087888181093e-06
n,-62.20547866821289, 2.719087888181093e-06, -2.719087888181093e-06
n,-62.20547866821289, 2.719087888181093e-06, -2.719087888181093e-06
n,-62.20547866821289, 2.719087888181093e-06, -2.719087888181093e-06
u,0.13684210181236267, 1.0, 0
u,0.11578947305679321, 1.0, 0
u,0.12631578743457794, 1.0, 0
u,0.13684210181236267, 1.0, 0
u,0.10526315867900848, 1.0, 0
u,0.11578947305679321, 1.0, 0
u,0.1473684161901474, 1.0, 0
u,0.10526315867900848, 1.0, 0
u,0.13684210181236267, 1.0, 0
u,0.1473684161901474, 1.0, 0
u,0.09473684430122375, 1.0, 0
u,0.10526315867900848, 1.0, 0
u,0.15789473056793213, 1.0, 0
u,0.09473684430122375, 1.0, 0
u,0.1473684161901474, 1.0, 0
u,0.15789473056793213, 1.0, 0
u,0.08421052992343903, 1.0, 0
u,0.09473684430122375, 1.0, 0
u,0.16842105984687805, 1.0, 0
u,0.08421052992343903, 1.0, 0
u,0.15789473056793213, 1.0, 0
u,0.16842105984687805, 1.0, 0
u,0.0736842080950737, 1.0, 0
u,0.08421052992343903, 1.0, 0
u,0.17894737422466278, 1.0, 0
u,0.0736842080950737, 1.0, 0
u,0.16842105984687805, 1.0, 0
u,0.17894737422466278, 1.0, 0
u,0.06315789371728897, 1.0, 0
u,0.0736842080950737, 1.0, 0
u,0.1894736886024475, 1.0, 0
u,0.8842105269432068, 1.0, 0
u,0.17894737422466278, 1.0, 0
u,0.8842105269432068, 1.0, 0
u,0.06315789371728897, 1.0, 0
u,0.17894737422466278, 1.0, 0
u,0.1894736886024475, 1.0, 0
u,0.8736842274665833, 1.0, 0
u,0.8842105269432068, 1.0, 0
u,0.8947368264198303, 1.0, 0
u,0.06315789371728897, 1.0, 0
u,0.8842105269432068, 1.0, 0
u,0.9052631855010986, 1.0, 0
u,0.06315789371728897, 1.0, 0
u,0.8947368264198303, 1.0, 0
u,0.1894736886024475, 1.0, 0
u,0.8631578683853149, 1.0, 0
u,0.8736842274665833, 1.0, 0
u,0.9052631855010986, 1.0, 0
u,0.05263157933950424, 1.0, 0
u,0.06315789371728897, 1.0, 0
u,0.20000000298023224, 1.0, 0
u,0.8631578683853149, 1.0, 0
u,0.1894736886024475, 1.0, 0
u,0.9157894849777222, 1.0, 0
u,0.05263157933950424, 1.0, 0
u,0.9052631855010986, 1.0, 0
u,0.20000000298023224, 1.0, 0
u,0.8526315689086914, 1.0, 0
u,0.8631578683853149, 1.0, 0
u,0.9263157844543457, 1.0, 0
u,0.05263157933950424, 1.0, 0
u,0.9157894849777222, 1.0, 0
u,0.20000000298023224, 1.0, 0
u,0.8421052694320679, 1.0, 0
u,0.8526315689086914, 1.0, 0
u,0.9368420839309692, 1.0, 0
u,0.05263157933950424, 1.0, 0
u,0.9263157844543457, 1.0, 0
u,0.20000000298023224, 1.0, 0
u,0.8315789699554443, 1.0, 0
u,0.8421052694320679, 1.0, 0
u,0.9368420839309692, 1.0, 0
u,0.04210526496171951, 1.0, 0
u,0.05263157933950424, 1.0, 0
u,0.21052631735801697, 1.0, 0
u,0.8315789699554443, 1.0, 0
u,0.20000000298023224, 1.0, 0
u,0.9473684430122375, 1.0, 0
u,0.04210526496171951, 1.0, 0
u,0.9368420839309692, 1.0, 0
u,0.21052631735801697, 1.0, 0
u,0.821052610874176, 1.0, 0
u,0.8315789699554443, 1.0, 0
u,0.9578947424888611, 1.0, 0
u,0.04210526496171951, 1.0, 0
u,0.9473684430122375, 1.0, 0
u,0.21052631735801697, 1.0, 0
u,0.8105263113975525, 1.0, 0
u,0.821052610874176, 1.0, 0
u,0.2210526317358017, 1.0, 0
u,0.8105263113975525, 1.0, 0
u,0.21052631735801697, 1.0, 0
u,0.9578947424888611, 1.0, 0
u,0.031578946858644485, 1.0, 0
u,0.04210526496171951, 1.0, 0
u,0.9684210419654846, 1.0, 0
u,0.031578946858644485, 1.0, 0
u,0.9578947424888611, 1.0, 0
u,0.2210526317358017, 1.0, 0
u,0.800000011920929, 1.0, 0
u,0.8105263113975525, 1.0, 0
u,0.23157894611358643, 1.0, 0
u,0.800000011920929, 1.0, 0
u,0.2210526317358017, 1.0, 0
u,0.9684210419654846, 1.0, 0
u,0.021052632480859756, 1.0, 0
u,0.031578946858644485, 1.0, 0
u,0.9789473414421082, 1.0, 0
u,0.021052632480859756, 1.0, 0
u,0.9684210419654846, 1.0, 0
u,0.23157894611358643, 1.0, 0
u,0.7894737124443054, 1.0, 0
u,0.800000011920929, 1.0, 0
u,0.9894737005233765, 1.0, 0
u,0.021052632480859756, 1.0, 0
u,0.9789473414421082, 1.0, 0
u,0.23157894611358643, 1.0, 0
u,0.7789473533630371, 1.0, 0
u,0.7894737124443054, 1.0, 0
u,0.24210526049137115, 1.0, 0
u,0.7789473533630371, 1.0, 0
u,0.23157894611358643, 1.0, 0
u,0.9894737005233765, 1.0, 0
u,0.010526316240429878, 1.0, 0
u,0.021052632480859756, 1.0, 0
u,1.0, 1.0, 0
u,0.010526316240429878, 1.0, 0
u,0.9894737005233765, 1.0, 0
u,0.24210526049137115, 1.0, 0
u,0.7684210538864136, 1.0, 0
u,0.7789473533630371, 1.0, 0
u,0.2526315748691559, 1.0, 0
u,0.7684210538864136, 1.0, 0
u,0.24210526049137115, 1.0, 0
u,1.0, 1.0, 0
u,0.0, 1.0, 0
u,0.010526316240429878, 1.0, 0
u,0.5052631497383118, 1.0, 0
u,0.0, 1.0, 0
u,1.0, 1.0, 0
u,0.2526315748691559, 1.0, 0
u,0.75789475440979, 1.0, 0
u,0.7684210538864136, 1.0, 0
u,0.2631579041481018, 1.0, 0
u,0.75789475440979, 1.0, 0
u,0.2526315748691559, 1.0, 0
u,0.2631579041481018, 1.0, 0
u,0.7473683953285217, 1.0, 0
u,0.75789475440979, 1.0, 0
u,0.5157894492149353, 1.0, 0
u,0.0, 1.0, 0
u,0.5052631497383118, 1.0, 0
u,0.5157894492149353, 1.0, 0
u,0.49473685026168823, 1.0, 0
u,0.0, 1.0, 0
u,0.2631579041481018, 1.0, 0
u,0.7368420958518982, 1.0, 0
u,0.7473683953285217, 1.0, 0
u,0.5263158082962036, 1.0, 0
u,0.49473685026168823, 1.0, 0
u,0.5157894492149353, 1.0, 0
u,0.27368420362472534, 1.0, 0
u,0.7368420958518982, 1.0, 0
u,0.2631579041481018, 1.0, 0
u,0.5263158082962036, 1.0, 0
u,0.4842105209827423, 1.0, 0
u,0.49473685026168823, 1.0, 0
u,0.27368420362472534, 1.0, 0
u,0.7263157963752747, 1.0, 0
u,0.7368420958518982, 1.0, 0
u,0.5368421077728271, 1.0, 0
u,0.4842105209827423, 1.0, 0
u,0.5263158082962036, 1.0, 0
u,0.28421053290367126, 1.0, 0
u,0.7263157963752747, 1.0, 0
u,0.27368420362472534, 1.0, 0
u,0.5368421077728271, 1.0, 0
u,0.4736842215061188, 1.0, 0
u,0.4842105209827423, 1.0, 0
u,0.28421053290367126, 1.0, 0
u,0.7157894968986511, 1.0, 0
u,0.7263157963752747, 1.0, 0
u,0.5473684072494507, 1.0, 0
u,0.4736842215061188, 1.0, 0
u,0.5368421077728271, 1.0, 0
u,0.28421053290367126, 1.0, 0
u,0.7052631378173828, 1.0, 0
u,0.7157894968986511, 1.0, 0
u,0.557894766330719, 1.0, 0
u,0.4736842215061188, 1.0, 0
u,0.5473684072494507, 1.0, 0
u,0.2947368323802948, 1.0, 0
u,0.7052631378173828, 1.0, 0
u,0.28421053290367126, 1.0, 0
u,0.557894766330719, 1.0, 0
u,0.46315789222717285, 1.0, 0
u,0.4736842215061188, 1.0, 0
u,0.2947368323802948, 1.0, 0
u,0.6947368383407593, 1.0, 0
u,0.7052631378173828, 1.0, 0
u,0.5684210658073425, 1.0, 0
u,0.46315789222717285, 1.0, 0
u,0.557894766330719, 1.0, 0
u,0.3052631616592407, 1.0, 0
u,0.6947368383407593, 1.0, 0
u,0.2947368323802948, 1.0, 0
u,0.5684210658073425, 1.0, 0
u,0.4526315927505493, 1.0, 0
u,0.46315789222717285, 1.0, 0
u,0.3052631616592407, 1.0, 0
u,0.6842105388641357, 1.0, 0
u,0.6947368383407593, 1.0, 0
u,0.5789473652839661, 1.0, 0
u,0.4526315927505493, 1.0, 0
u,0.5684210658073425, 1.0, 0
u,0.3052631616592407, 1.0, 0
u,0.6736842393875122, 1.0, 0
u,0.6842105388641357, 1.0, 0
u,0.5894736647605896, 1.0, 0
u,0.4526315927505493, 1.0, 0
u,0.5789473652839661, 1.0, 0
u,0.31578946113586426, 1.0, 0
u,0.6736842393875122, 1.0, 0
u,0.3052631616592407, 1.0, 0
u,0.5894736647605896, 1.0, 0
u,0.4421052634716034, 1.0, 0
u,0.4526315927505493, 1.0, 0
u,0.31578946113586426, 1.0, 0
u,0.6631578803062439, 1.0, 0
u,0.6736842393875122, 1.0, 0
u,0.6000000238418579, 1.0, 0
u,0.4421052634716034, 1.0, 0
u,0.5894736647605896, 1.0, 0
u,0.31578946113586426, 1.0, 0
u,0.6526315808296204, 1.0, 0
u,0.6631578803062439, 1.0, 0
u,0.6105263233184814, 1.0, 0
u,0.4421052634716034, 1.0, 0
u,0.6000000238418579, 1.0, 0
u,0.31578946113586426, 1.0, 0
u,0.6421052813529968, 1.0, 0
u,0.6526315808296204, 1.0, 0
u,0.621052622795105, 1.0, 0
u,0.4421052634716034, 1.0, 0
u,0.6105263233184814, 1.0, 0
u,0.3263157904148102, 1.0, 0
u,0.6421052813529968, 1.0, 0
u,0.31578946113586426, 1.0, 0
u,0.621052622795105, 1.0, 0
u,0.43157893419265747, 1.0, 0
u,0.4421052634716034, 1.0, 0
u,0.3263157904148102, 1.0, 0
u,0.6315789222717285, 1.0, 0
u,0.6421052813529968, 1.0, 0
u,0.6315789222717285, 1.0, 0
u,0.43157893419265747, 1.0, 0
u,0.621052622795105, 1.0, 0
u,0.3263157904148102, 1.0, 0
u,0.43157893419265747, 1.0, 0
u,0.6315789222717285, 1.0, 0
u,0.3368421196937561, 1.0, 0
u,0.43157893419265747, 1.0, 0
u,0.3263157904148102, 1.0, 0
u,0.3368421196937561, 1.0, 0
u,0.42105263471603394, 1.0, 0
u,0.43157893419265747, 1.0, 0
u,0.34736841917037964, 1.0, 0
u,0.42105263471603394, 1.0, 0
u,0.3368421196937561, 1.0, 0
u,0.34736841917037964, 1.0, 0
u,0.410526305437088, 1.0, 0
u,0.42105263471603394, 1.0, 0
u,0.35789474844932556, 1.0, 0
u,0.410526305437088, 1.0, 0
u,0.34736841917037964, 1.0, 0
u,0.35789474844932556, 1.0, 0
u,0.4000000059604645, 1.0, 0
u,0.410526305437088, 1.0, 0
u,0.3684210479259491, 1.0, 0
u,0.4000000059604645, 1.0, 0
u,0.35789474844932556, 1.0, 0
u,0.3684210479259491, 1.0, 0
u,0.38947367668151855, 1.0, 0
u,0.4000000059604645, 1.0, 0
u,0.378947377204895, 1.0, 0
u,0.38947367668151855, 1.0, 0
u,0.3684210479259491, 1.0, 0
