v,-1.86287860137746e-10, 0.0007155014318414032, -0.010491760447621346
v,-2.149860428568573e-10, 3.884952820953913e-05, -0.01051187515258789
v,-1.9520977889708746e-10, 0.0005144242313690484, -0.010488728061318398
v,-1.7741472180254902e-10, 0.0009093221742659807, -0.010500933974981308
v,-2.149860428568573e-10, 3.884952820953913e-05, -0.01051187515258789
v,-1.86287860137746e-10, 0.0007155014318414032, -0.010491760447621346
v,-1.6855136730775655e-10, 0.001096667954698205, -0.01051635853946209
v,-2.149860428568573e-10, 3.884952820953913e-05, -0.01051187515258789
v,-1.7741472180254902e-10, 0.0009093221742659807, -0.010500933974981308
v,-1.6855136730775655e-10, 0.001096667954698205, -0.01051635853946209
v,-2.3144403060726404e-10, -0.00040591295692138374, -0.010580122470855713
v,-2.149860428568573e-10, 3.884952820953913e-05, -0.01051187515258789
v,-1.5965871680290178e-10, 0.0012783202109858394, -0.010538145899772644
v,-2.3144403060726404e-10, -0.00040591295692138374, -0.010580122470855713
v,-1.6855136730775655e-10, 0.001096667954698205, -0.01051635853946209
v,-1.5069775982645695e-10, 0.001455060439184308, -0.0105664087459445
v,-2.3144403060726404e-10, -0.00040591295692138374, -0.010580122470855713
v,-1.5965871680290178e-10, 0.0012783202109858394, -0.010538145899772644
v,-1.4162940265016744e-10, 0.0016276701353490353, -0.010601257905364037
v,-2.3144403060726404e-10, -0.00040591295692138374, -0.010580122470855713
v,-1.5069775982645695e-10, 0.001455060439184308, -0.0105664087459445
v,-1.4162940265016744e-10, 0.0016276701353490353, -0.010601257905364037
v,-2.445739999412666e-10, -0.0008178541320376098, -0.010691684670746326
v,-2.3144403060726404e-10, -0.00040591295692138374, -0.010580122470855713
v,-1.3241469032365671e-10, 0.0017969307955354452, -0.010642806068062782
v,-2.445739999412666e-10, -0.0008178541320376098, -0.010691684670746326
v,-1.4162940265016744e-10, 0.0016276701353490353, -0.010601257905364037
v,-1.2301455687424578e-10, 0.0019636235665529966, -0.010691163130104542
v,-2.445739999412666e-10, -0.0008178541320376098, -0.010691684670746326
v,-1.3241469032365671e-10, 0.0017969307955354452, -0.010642806068062782
v,-1.1338994326814955e-10, 0.0021285302937030792, -0.010746441781520844
v,-2.445739999412666e-10, -0.0008178541320376098, -0.010691684670746326
v,-1.2301455687424578e-10, 0.0019636235665529966, -0.010691163130104542
v,-1.1338994326814955e-10, 0.0021285302937030792, -0.010746441781520844
v,-2.543661670184605e-10, -0.0011949645122513175, -0.010844776406884193
v,-2.445739999412666e-10, -0.0008178541320376098, -0.010691684670746326
v,-1.0350181128826463e-10, 0.0022924323566257954, -0.010808753781020641
v,-2.543661670184605e-10, -0.0011949645122513175, -0.010844776406884193
v,-1.1338994326814955e-10, 0.0021285302937030792, -0.010746441781520844
v,-9.331112965638155e-11, 0.002456110902130604, -0.010878210887312889
v,-2.543661670184605e-10, -0.0011949645122513175, -0.010844776406884193
v,-1.0350181128826463e-10, 0.0022924323566257954, -0.010808753781020641
v,-9.331112965638155e-11, 0.002456110902130604, -0.010878210887312889
v,-2.60810761876229e-10, -0.0015352346235886216, -0.011037611402571201
v,-2.543661670184605e-10, -0.0011949645122513175, -0.010844776406884193
v,-8.27788115831396e-11, 0.0026203482411801815, -0.01095492485910654
v,-2.60810761876229e-10, -0.0015352346235886216, -0.011037611402571201
v,-9.331112965638155e-11, 0.002456110902130604, -0.010878210887312889
v,-1.7428265428054424e-11, 0.0026203482411801815, -0.012449970468878746
v,-2.8974321206187703e-11, 0.002436295850202441, -0.012369880452752113
v,-8.27788115831396e-11, 0.0026203482411801815, -0.01095492485910654
v,-2.8974321206187703e-11, 0.002436295850202441, -0.012369880452752113
v,-3.976156903728878e-11, 0.0022611741442233324, -0.01229821890592575
v,-8.27788115831396e-11, 0.0026203482411801815, -0.01095492485910654
v,-3.976156903728878e-11, 0.0022611741442233324, -0.01229821890592575
v,-4.9851012207113854e-11, 0.0020938673987984657, -0.012234706431627274
v,-8.27788115831396e-11, 0.0026203482411801815, -0.01095492485910654
v,-4.9851012207113854e-11, 0.0020938673987984657, -0.012234706431627274
v,-5.930361757222613e-11, 0.0019332586089149117, -0.012179063633084297
v,-8.27788115831396e-11, 0.0026203482411801815, -0.01095492485910654
v,-5.930361757222613e-11, 0.0019332586089149117, -0.012179063633084297
v,-2.60810761876229e-10, -0.0015352346235886216, -0.011037611402571201
v,-8.27788115831396e-11, 0.0026203482411801815, -0.01095492485910654
v,-5.930361757222613e-11, 0.0019332586089149117, -0.012179063633084297
v,-6.818041964340438e-11, 0.0017782318172976375, -0.01213101390749216
v,-2.60810761876229e-10, -0.0015352346235886216, -0.011037611402571201
v,-6.818041964340438e-11, 0.0017782318172976375, -0.01213101390749216
v,-7.654238354248832e-11, 0.001627670368179679, -0.012090275064110756
v,-2.60810761876229e-10, -0.0015352346235886216, -0.011037611402571201
v,-7.654238354248832e-11, 0.001627670368179679, -0.012090275064110756
v,-2.638980700631066e-10, -0.0018366550793871284, -0.011268403381109238
v,-2.60810761876229e-10, -0.0015352346235886216, -0.011037611402571201
v,-7.654238354248832e-11, 0.001627670368179679, -0.012090275064110756
v,-8.445054378025674e-11, 0.0014804580714553595, -0.012056570500135422
v,-2.638980700631066e-10, -0.0018366550793871284, -0.011268403381109238
v,-8.445054378025674e-11, 0.0014804580714553595, -0.012056570500135422
v,-9.196585853965544e-11, 0.0013354786206036806, -0.012029619887471199
v,-2.638980700631066e-10, -0.0018366550793871284, -0.011268403381109238
v,-9.196585853965544e-11, 0.0013354786206036806, -0.012029619887471199
v,-2.636182938609011e-10, -0.0020972162019461393, -0.01153536420315504
v,-2.638980700631066e-10, -0.0018366550793871284, -0.011268403381109238
v,-9.196585853965544e-11, 0.0013354786206036806, -0.012029619887471199
v,-9.914936233146321e-11, 0.0011916153598576784, -0.012009143829345703
v,-2.636182938609011e-10, -0.0020972162019461393, -0.01153536420315504
v,-9.914936233146321e-11, 0.0011916153598576784, -0.012009143829345703
v,-1.0606202721641367e-10, 0.0010477523319423199, -0.01199486292898655
v,-2.636182938609011e-10, -0.0020972162019461393, -0.01153536420315504
v,-1.0606202721641367e-10, 0.0010477523319423199, -0.01199486292898655
v,-1.1276486688860388e-10, 0.000902772881090641, -0.011986499652266502
v,-2.636182938609011e-10, -0.0020972162019461393, -0.01153536420315504
v,-1.1276486688860388e-10, 0.000902772881090641, -0.011986499652266502
v,-2.599616910625713e-10, -0.0023149088956415653, -0.011836710385978222
v,-2.636182938609011e-10, -0.0020972162019461393, -0.01153536420315504
v,-1.1276486688860388e-10, 0.000902772881090641, -0.011986499652266502
v,-1.1931887422544918e-10, 0.0007555605843663216, -0.011983772739768028
v,-2.599616910625713e-10, -0.0023149088956415653, -0.011836710385978222
v,-1.1931887422544918e-10, 0.0007555605843663216, -0.011983772739768028
v,-1.3101375540003346e-10, 0.0004750906955450773, -0.011996695771813393
v,-2.599616910625713e-10, -0.0023149088956415653, -0.011836710385978222
v,-1.3101375540003346e-10, 0.0004750906955450773, -0.011996695771813393
v,-2.529184917055005e-10, -0.0024877230171114206, -0.01217065379023552
v,-2.599616910625713e-10, -0.0023149088956415653, -0.011836710385978222
v,-1.4079332144589785e-10, 0.00021315261255949736, -0.012034903280436993
v,-2.529184917055005e-10, -0.0024877230171114206, -0.01217065379023552
v,-1.3101375540003346e-10, 0.0004750906955450773, -0.011996695771813393
v,-1.4864534603198365e-10, -2.9137334422557615e-05, -0.012097559869289398
v,-2.529184917055005e-10, -0.0024877230171114206, -0.01217065379023552
v,-1.4079332144589785e-10, 0.00021315261255949736, -0.012034903280436993
v,-1.545576444605956e-10, -0.00025066276430152357, -0.012183827348053455
v,-2.529184917055005e-10, -0.0024877230171114206, -0.01217065379023552
v,-1.4864534603198365e-10, -2.9137334422557615e-05, -0.012097559869289398
v,-1.545576444605956e-10, -0.00025066276430152357, -0.012183827348053455
v,-2.424789258270721e-10, -0.0026136497035622597, -0.01253541000187397
v,-2.529184917055005e-10, -0.0024877230171114206, -0.01217065379023552
v,-1.5851801815625066e-10, -0.0004503072705119848, -0.01229286938905716
v,-2.424789258270721e-10, -0.0026136497035622597, -0.01253541000187397
v,-1.545576444605956e-10, -0.00025066276430152357, -0.012183827348053455
v,-1.6051426854346573e-10, -0.0006269544828683138, -0.012423847801983356
v,-2.424789258270721e-10, -0.0026136497035622597, -0.01253541000187397
v,-1.5851801815625066e-10, -0.0004503072705119848, -0.01229286938905716
v,-1.6053419704675775e-10, -0.0007794881239533424, -0.012575925327837467
v,-2.424789258270721e-10, -0.0026136497035622597, -0.01253541000187397
v,-1.6051426854346573e-10, -0.0006269544828683138, -0.012423847801983356
v,-1.6053419704675775e-10, -0.0007794881239533424, -0.012575925327837467
v,-2.2863325122024492e-10, -0.002690679393708706, -0.012929191812872887
v,-2.424789258270721e-10, -0.0026136497035622597, -0.01253541000187397
v,-1.5856559121285585e-10, -0.0009067917708307505, -0.012748265638947487
v,-2.2863325122024492e-10, -0.002690679393708706, -0.012929191812872887
v,-1.6053419704675775e-10, -0.0007794881239533424, -0.012575925327837467
v,-1.5459626634406476e-10, -0.0010077490005642176, -0.012940030544996262
v,-2.2863325122024492e-10, -0.002690679393708706, -0.012929191812872887
v,-1.5856559121285585e-10, -0.0009067917708307505, -0.012748265638947487
v,-1.5459626634406476e-10, -0.0010077490005642176, -0.012940030544996262
v,-2.113717118001901e-10, -0.0027168025262653828, -0.013350212946534157
v,-2.2863325122024492e-10, -0.002690679393708706, -0.012929191812872887
v,-1.486140238649014e-10, -0.0010812435066327453, -0.013150382786989212
v,-2.113717118001901e-10, -0.0027168025262653828, -0.013350212946534157
v,-1.5459626634406476e-10, -0.0010077490005642176, -0.012940030544996262
v,-1.4060665132209493e-10, -0.0011261588661000133, -0.013378485105931759
v,-2.113717118001901e-10, -0.0027168025262653828, -0.013350212946534157
v,-1.486140238649014e-10, -0.0010812435066327453, -0.013150382786989212
v,-1.4060665132209493e-10, -0.0011261588661000133, -0.013378485105931759
v,-1.9812300411370387e-10, -0.002708317944779992, -0.013644823804497719
v,-2.113717118001901e-10, -0.0027168025262653828, -0.013350212946534157
v,-1.3056196401795006e-10, -0.001141378772445023, -0.013623500242829323
v,-1.9812300411370387e-10, -0.002708317944779992, -0.013644823804497719
v,-1.4060665132209493e-10, -0.0011261588661000133, -0.013378485105931759
v,-1.193823095935187e-10, -0.00112630776129663, -0.013864190317690372
v,-1.9812300411370387e-10, -0.002708317944779992, -0.013644823804497719
v,-1.3056196401795006e-10, -0.001141378772445023, -0.013623500242829323
v,-1.193823095935187e-10, -0.00112630776129663, -0.013864190317690372
v,-1.8502069321080228e-10, -0.0026824180968105793, -0.013918669894337654
v,-1.9812300411370387e-10, -0.002708317944779992, -0.013644823804497719
v,-1.0764634322812938e-10, -0.0010810947278514504, -0.014087464660406113
v,-1.8502069321080228e-10, -0.0026824180968105793, -0.013918669894337654
v,-1.193823095935187e-10, -0.00112630776129663, -0.013864190317690372
v,-1.0764634322812938e-10, -0.0010810947278514504, -0.014087464660406113
v,-1.7197694657244966e-10, -0.002638433128595352, -0.01417309045791626
v,-1.8502069321080228e-10, -0.0026824180968105793, -0.013918669894337654
v,-9.538336093184441e-11, -0.0010057395556941628, -0.014292653650045395
v,-1.7197694657244966e-10, -0.002638433128595352, -0.01417309045791626
v,-1.0764634322812938e-10, -0.0010810947278514504, -0.014087464660406113
v,-9.538336093184441e-11, -0.0010057395556941628, -0.014292653650045395
v,-1.5890391780182256e-10, -0.002575692953541875, -0.014409426599740982
v,-1.7197694657244966e-10, -0.002638433128595352, -0.01417309045791626
v,-8.262263789804436e-11, -0.0009002424194477499, -0.01447908766567707
v,-1.5890391780182256e-10, -0.002575692953541875, -0.014409426599740982
v,-9.538336093184441e-11, -0.0010057395556941628, -0.014292653650045395
v,-8.262263789804436e-11, -0.0009002424194477499, -0.01447908766567707
v,-1.457137743798853e-10, -0.002493527950718999, -0.014629016630351543
v,-1.5890391780182256e-10, -0.002575692953541875, -0.014409426599740982
v,-6.939346319789763e-11, -0.0007646032609045506, -0.014646097086369991
v,-1.457137743798853e-10, -0.002493527950718999, -0.014629016630351543
v,-8.262263789804436e-11, -0.0009002424194477499, -0.01447908766567707
v,-6.939346319789763e-11, -0.0007646032609045506, -0.014646097086369991
v,-1.3231868378760225e-10, -0.002391268266364932, -0.01483320165425539
v,-1.457137743798853e-10, -0.002493527950718999, -0.014629016630351543
v,-5.5725094677550047e-11, -0.0005988219636492431, -0.014793012291193008
v,-1.3231868378760225e-10, -0.002391268266364932, -0.01483320165425539
v,-6.939346319789763e-11, -0.0007646032609045506, -0.014646097086369991
v,-4.164682487761695e-11, -0.0004028987023048103, -0.014919161796569824
v,-1.3231868378760225e-10, -0.002391268266364932, -0.01483320165425539
v,-5.5725094677550047e-11, -0.0005988219636492431, -0.014793012291193008
v,-4.164682487761695e-11, -0.0004028987023048103, -0.014919161796569824
v,-1.1863079962814993e-10, -0.002268244279548526, -0.01502331905066967
v,-1.3231868378760225e-10, -0.002391268266364932, -0.01483320165425539
v,-2.718792725675545e-11, -0.0001768333895597607, -0.01502387784421444
v,-1.1863079962814993e-10, -0.002268244279548526, -0.01502331905066967
v,-4.164682487761695e-11, -0.0004028987023048103, -0.014919161796569824
v,-2.718792725675545e-11, -0.0001768333895597607, -0.01502387784421444
v,-1.0456228938249268e-10, -0.0021237856708467007, -0.015200710855424404
v,-1.1863079962814993e-10, -0.002268244279548526, -0.01502331905066967
v,-1.2377684814601775e-11, 7.937397458590567e-05, -0.015106488950550556
v,-1.0456228938249268e-10, -0.0021237856708467007, -0.015200710855424404
v,-2.718792725675545e-11, -0.0001768333895597607, -0.01502387784421444
v,2.754626388101755e-12, 0.0003657233901321888, -0.0151663264259696
v,-1.0456228938249268e-10, -0.0021237856708467007, -0.015200710855424404
v,-1.2377684814601775e-11, 7.937397458590567e-05, -0.015106488950550556
v,1.8179726821165865e-11, 0.0006822148570790887, -0.015202720649540424
v,-1.0456228938249268e-10, -0.0021237856708467007, -0.015200710855424404
v,2.754626388101755e-12, 0.0003657233901321888, -0.0151663264259696
v,1.8179726821165865e-11, 0.0006822148570790887, -0.015202720649540424
v,-9.002532053159484e-11, -0.0019572230521589518, -0.015366715379059315
v,-1.0456228938249268e-10, -0.0021237856708467007, -0.015200710855424404
v,3.386835256691256e-11, 0.0010288484627380967, -0.01521500013768673
v,-9.002532053159484e-11, -0.0019572230521589518, -0.015366715379059315
v,1.8179726821165865e-11, 0.0006822148570790887, -0.015202720649540424
v,9.71107777525404e-11, 0.0010288484627380967, -0.01666181907057762
v,-9.002532053159484e-11, -0.0019572230521589518, -0.015366715379059315
v,3.386835256691256e-11, 0.0010288484627380967, -0.01521500013768673
v,9.71107777525404e-11, 0.0010288484627380967, -0.01666181907057762
v,-7.493204667863296e-11, -0.0017678863368928432, -0.015522672794759274
v,-9.002532053159484e-11, -0.0019572230521589518, -0.015366715379059315
v,9.71107777525404e-11, 0.0010288484627380967, -0.01666181907057762
v,-5.919463530457136e-11, -0.0015551059041172266, -0.015669921413064003
v,-7.493204667863296e-11, -0.0017678863368928432, -0.015522672794759274
v,9.71107777525404e-11, 0.0010288484627380967, -0.01666181907057762
v,-4.27252469514805e-11, -0.001318211667239666, -0.0158098042011261
v,-5.919463530457136e-11, -0.0015551059041172266, -0.015669921413064003
v,9.71107777525404e-11, 0.0010288484627380967, -0.01666181907057762
v,-4.9717629319046e-11, -0.0015788475284352899, -0.015910472720861435
v,-4.27252469514805e-11, -0.001318211667239666, -0.0158098042011261
v,9.71107777525404e-11, 0.0010288484627380967, -0.01666181907057762
v,-5.427741589514312e-11, -0.0018144765635952353, -0.01604178547859192
v,-4.9717629319046e-11, -0.0015788475284352899, -0.015910472720861435
v,9.71107777525404e-11, 0.0010288484627380967, -0.01666181907057762
v,-5.654857138104319e-11, -0.0020255453418940306, -0.016200896352529526
v,-5.427741589514312e-11, -0.0018144765635952353, -0.01604178547859192
v,9.71107777525404e-11, 0.0010288484627380967, -0.01666181907057762
v,-5.66750327224419e-11, -0.0022125004325062037, -0.01638495735824108
v,-5.654857138104319e-11, -0.0020255453418940306, -0.016200896352529526
v,9.71107777525404e-11, 0.0010288484627380967, -0.01666181907057762
v,-5.480077849839837e-11, -0.002375788288190961, -0.01659112423658371
v,-5.66750327224419e-11, -0.0022125004325062037, -0.01638495735824108
v,9.71107777525404e-11, 0.0010288484627380967, -0.01666181907057762
v,8.071256163422191e-11, 0.0006550964899361134, -0.016660422086715698
v,-5.480077849839837e-11, -0.002375788288190961, -0.01659112423658371
v,8.071256163422191e-11, 0.0006550964899361134, -0.016660422086715698
v,-5.106974565460831e-11, -0.002515855710953474, -0.016816547140479088
v,-5.480077849839837e-11, -0.002375788288190961, -0.01659112423658371
v,6.72885913655108e-11, 0.00031355180544778705, -0.01669486239552498
v,-5.106974565460831e-11, -0.002515855710953474, -0.016816547140479088
v,8.071256163422191e-11, 0.0006550964899361134, -0.016660422086715698
v,5.673883238244137e-11, 4.270291810826166e-06, -0.01676279492676258
v,-5.106974565460831e-11, -0.002515855710953474, -0.016816547140479088
v,6.72885913655108e-11, 0.00031355180544778705, -0.01669486239552498
v,4.896325012104796e-11, -0.0002726922684814781, -0.016861872747540474
v,-5.106974565460831e-11, -0.002515855710953474, -0.016816547140479088
v,5.673883238244137e-11, 4.270291810826166e-06, -0.01676279492676258
v,4.896325012104796e-11, -0.0002726922684814781, -0.016861872747540474
v,-4.5625905831236935e-11, -0.0026331492699682713, -0.01705838181078434
v,-5.106974565460831e-11, -0.002515855710953474, -0.016816547140479088
v,4.386181001736489e-11, -0.0005172800738364458, -0.016989752650260925
v,-4.5625905831236935e-11, -0.0026331492699682713, -0.01705838181078434
v,4.896325012104796e-11, -0.0002726922684814781, -0.016861872747540474
v,4.1334470568532566e-11, -0.000729437218979001, -0.017144091427326202
v,-4.5625905831236935e-11, -0.0026331492699682713, -0.01705838181078434
v,4.386181001736489e-11, -0.0005172800738364458, -0.016989752650260925
v,4.1334470568532566e-11, -0.000729437218979001, -0.017144091427326202
v,-3.8613202912873845e-11, -0.0027281150687485933, -0.017313780263066292
v,-4.5625905831236935e-11, -0.0026331492699682713, -0.01705838181078434
v,4.128120068003227e-11, -0.0009091079118661582, -0.017322544008493423
v,-3.8613202912873845e-11, -0.0027281150687485933, -0.017313780263066292
v,4.1334470568532566e-11, -0.000729437218979001, -0.017144091427326202
v,4.128120068003227e-11, -0.0009091079118661582, -0.017322544008493423
v,-3.01755911924495e-11, -0.0028012003749608994, -0.01757989451289177
v,-3.8613202912873845e-11, -0.0027281150687485933, -0.017313780263066292
v,4.3601955379557467e-11, -0.0010562364477664232, -0.017522763460874557
v,-3.01755911924495e-11, -0.0028012003749608994, -0.01757989451289177
v,4.128120068003227e-11, -0.0009091079118661582, -0.017322544008493423
v,4.819671051148333e-11, -0.0011707668891176581, -0.01774241030216217
v,-3.01755911924495e-11, -0.0028012003749608994, -0.01757989451289177
v,4.3601955379557467e-11, -0.0010562364477664232, -0.017522763460874557
v,4.819671051148333e-11, -0.0011707668891176581, -0.01774241030216217
v,-2.045702322817089e-11, -0.0028528510592877865, -0.017853880301117897
v,-3.01755911924495e-11, -0.0028012003749608994, -0.01757989451289177
v,5.4965428042397235e-11, -0.001252643414773047, -0.01797913759946823
v,-2.045702322817089e-11, -0.0028528510592877865, -0.017853880301117897
v,4.819671051148333e-11, -0.0011707668891176581, -0.01774241030216217
v,5.4965428042397235e-11, -0.001252643414773047, -0.01797913759946823
v,-9.601470660203226e-12, -0.00288351415656507, -0.0181328896433115
v,-2.045702322817089e-11, -0.0028528510592877865, -0.017853880301117897
v,6.380805606109874e-11, -0.0013018103782087564, -0.018230600282549858
v,-9.601470660203226e-12, -0.00288351415656507, -0.0181328896433115
v,5.4965428042397235e-11, -0.001252643414773047, -0.01797913759946823
v,6.380805606109874e-11, -0.0013018103782087564, -0.018230600282549858
v,2.2471208921404084e-12, -0.002893636003136635, -0.018414076417684555
v,-9.601470660203226e-12, -0.00288351415656507, -0.0181328896433115
v,7.462458428975083e-11, -0.001318211667239666, -0.01849445514380932
v,2.2471208921404084e-12, -0.002893636003136635, -0.018414076417684555
v,6.380805606109874e-11, -0.0013018103782087564, -0.018230600282549858
v,7.462458428975083e-11, -0.001318211667239666, -0.01849445514380932
v,2.439992131952895e-11, -0.002864312147721648, -0.018891548737883568
v,2.2471208921404084e-12, -0.002893636003136635, -0.018414076417684555
v,8.649595623078099e-11, -0.0013039872283115983, -0.01875181496143341
v,2.439992131952895e-11, -0.002864312147721648, -0.018891548737883568
v,7.462458428975083e-11, -0.001318211667239666, -0.01849445514380932
v,9.885775531515151e-11, -0.0012620209017768502, -0.018992654979228973
v,2.439992131952895e-11, -0.002864312147721648, -0.018891548737883568
v,8.649595623078099e-11, -0.0013039872283115983, -0.01875181496143341
v,9.885775531515151e-11, -0.0012620209017768502, -0.018992654979228973
v,4.7831162641731595e-11, -0.0027782770339399576, -0.01934155821800232
v,2.439992131952895e-11, -0.002864312147721648, -0.018891548737883568
v,1.1161481461297029e-10, -0.001193373347632587, -0.01921585388481617
v,4.7831162641731595e-11, -0.0027782770339399576, -0.01934155821800232
v,9.885775531515151e-11, -0.0012620209017768502, -0.018992654979228973
v,1.2467198107213306e-10, -0.0010991051094606519, -0.01942029967904091
v,4.7831162641731595e-11, -0.0027782770339399576, -0.01934155821800232
v,1.1161481461297029e-10, -0.001193373347632587, -0.01921585388481617
v,1.2467198107213306e-10, -0.0010991051094606519, -0.01942029967904091
v,7.229695314636686e-11, -0.0026384328957647085, -0.019761426374316216
v,4.7831162641731595e-11, -0.0027782770339399576, -0.01934155821800232
v,3.732693598657022e-10, 0.002893636003136635, -0.021114801988005638
v,2.955627131928651e-10, 0.0026853021699935198, -0.0195454154163599
v,2.9878383100978567e-10, 0.002893636003136635, -0.019410772249102592
v,1.3793410857942945e-10, -0.0009802766144275665, -0.019604872912168503
v,7.229695314636686e-11, -0.0026384328957647085, -0.019761426374316216
v,1.2467198107213306e-10, -0.0010991051094606519, -0.01942029967904091
v,3.732693598657022e-10, 0.002893636003136635, -0.021114801988005638
v,2.91870749791201e-10, 0.0024781967513263226, -0.019668059423565865
v,2.955627131928651e-10, 0.0026853021699935198, -0.0195454154163599
v,1.5130602326607345e-10, -0.000837948580738157, -0.019768457859754562
v,7.229695314636686e-11, -0.0026384328957647085, -0.019761426374316216
v,1.3793410857942945e-10, -0.0009802766144275665, -0.019604872912168503
v,3.732693598657022e-10, 0.002893636003136635, -0.021114801988005638
v,2.877054150474123e-10, 0.002272207522764802, -0.01977875642478466
v,2.91870749791201e-10, 0.0024781967513263226, -0.019668059423565865
v,1.5130602326607345e-10, -0.000837948580738157, -0.019768457859754562
v,9.755323632232304e-11, -0.00244768219999969, -0.020148470997810364
v,7.229695314636686e-11, -0.0026384328957647085, -0.019761426374316216
v,1.646925651410669e-10, -0.000673181377351284, -0.019909938797354698
v,9.755323632232304e-11, -0.00244768219999969, -0.020148470997810364
v,1.5130602326607345e-10, -0.000837948580738157, -0.019768457859754562
v,3.732693598657022e-10, 0.002893636003136635, -0.021114801988005638
v,2.8306429422642054e-10, 0.002067222958430648, -0.019877564162015915
v,2.877054150474123e-10, 0.002272207522764802, -0.01977875642478466
v,3.732693598657022e-10, 0.002893636003136635, -0.021114801988005638
v,2.779449725931471e-10, 0.0018631317652761936, -0.019964538514614105
v,2.8306429422642054e-10, 0.002067222958430648, -0.019877564162015915
v,1.779986019689872e-10, -0.0004870357224717736, -0.02002820000052452
v,9.755323632232304e-11, -0.00244768219999969, -0.020148470997810364
v,1.646925651410669e-10, -0.000673181377351284, -0.019909938797354698
v,3.732693598657022e-10, 0.002893636003136635, -0.021114801988005638
v,2.723449799013622e-10, 0.00165982183534652, -0.020039737224578857
v,2.779449725931471e-10, 0.0018631317652761936, -0.019964538514614105
v,1.911289598810484e-10, -0.00028057207236997783, -0.020122123882174492
v,9.755323632232304e-11, -0.00244768219999969, -0.020148470997810364
v,1.779986019689872e-10, -0.0004870357224717736, -0.02002820000052452
v,3.732693598657022e-10, 0.002893636003136635, -0.021114801988005638
v,2.6626187366041165e-10, 0.0014571817591786385, -0.02010321244597435
v,2.723449799013622e-10, 0.00165982183534652, -0.020039737224578857
v,3.732693598657022e-10, 0.002893636003136635, -0.021114801988005638
v,2.596932391352169e-10, 0.0012550997780635953, -0.02015502005815506
v,2.6626187366041165e-10, 0.0014571817591786385, -0.02010321244597435
v,2.0398849276404007e-10, -5.485098154167645e-05, -0.020190594717860222
v,9.755323632232304e-11, -0.00244768219999969, -0.020148470997810364
v,1.911289598810484e-10, -0.00028057207236997783, -0.020122123882174492
v,2.0398849276404007e-10, -5.485098154167645e-05, -0.020190594717860222
v,1.233560892321961e-10, -0.0022089274134486914, -0.02050001733005047
v,9.755323632232304e-11, -0.00244768219999969, -0.020148470997810364
v,3.732693598657022e-10, 0.002893636003136635, -0.021114801988005638
v,2.526366338351238e-10, 0.001053464482538402, -0.020195219665765762
v,2.596932391352169e-10, 0.0012550997780635953, -0.02015502005815506
v,2.1648205450475189e-10, 0.00018906696641352028, -0.02023249678313732
v,1.233560892321961e-10, -0.0022089274134486914, -0.02050001733005047
v,2.0398849276404007e-10, -5.485098154167645e-05, -0.020190594717860222
v,3.732693598657022e-10, 0.002893636003136635, -0.021114801988005638
v,2.4508958751390253e-10, 0.000852164055686444, -0.020223863422870636
v,2.526366338351238e-10, 0.001053464482538402, -0.020195219665765762
v,3.732693598657022e-10, 0.002893636003136635, -0.021114801988005638
v,2.3704968543647453e-10, 0.0006510868552140892, -0.020241009071469307
v,2.4508958751390253e-10, 0.000852164055686444, -0.020223863422870636
v,2.2851448511218564e-10, 0.00045012132613919675, -0.020246712490916252
v,1.233560892321961e-10, -0.0022089274134486914, -0.02050001733005047
v,2.1648205450475189e-10, 0.00018906696641352028, -0.02023249678313732
v,3.732693598657022e-10, 0.002893636003136635, -0.021114801988005638
v,2.2851448511218564e-10, 0.00045012132613919675, -0.020246712490916252
v,2.3704968543647453e-10, 0.0006510868552140892, -0.020241009071469307
v,3.732693598657022e-10, 0.002893636003136635, -0.021114801988005638
v,1.233560892321961e-10, -0.0022089274134486914, -0.02050001733005047
v,2.2851448511218564e-10, 0.00045012132613919675, -0.020246712490916252
v,3.732693598657022e-10, 0.002893636003136635, -0.021114801988005638
v,1.494614709773856e-10, -0.001925071352161467, -0.020813383162021637
v,1.233560892321961e-10, -0.0022089274134486914, -0.02050001733005047
v,3.732693598657022e-10, 0.002893636003136635, -0.021114801988005638
v,1.7562541698712408e-10, -0.0015990163665264845, -0.021085888147354126
v,1.494614709773856e-10, -0.001925071352161467, -0.020813383162021637
v,3.732693598657022e-10, 0.002893636003136635, -0.021114801988005638
v,2.0160392799617455e-10, -0.0012336650397628546, -0.02131485566496849
v,1.7562541698712408e-10, -0.0015990163665264845, -0.021085888147354126
v,3.688917504796052e-10, 0.002696726471185684, -0.021211564540863037
v,2.0160392799617455e-10, -0.0012336650397628546, -0.02131485566496849
v,3.732693598657022e-10, 0.002893636003136635, -0.021114801988005638
v,3.641896506589859e-10, 0.0024999286979436874, -0.0213007889688015
v,2.0160392799617455e-10, -0.0012336650397628546, -0.02131485566496849
v,3.688917504796052e-10, 0.002696726471185684, -0.021211564540863037
v,3.591605901576145e-10, 0.0023033542092889547, -0.02138231322169304
v,2.0160392799617455e-10, -0.0012336650397628546, -0.02131485566496849
v,3.641896506589859e-10, 0.0024999286979436874, -0.0213007889688015
v,3.591605901576145e-10, 0.0023033542092889547, -0.02138231322169304
v,2.2715304637266343e-10, -0.000831920129712671, -0.021497607231140137
v,2.0160392799617455e-10, -0.0012336650397628546, -0.02131485566496849
v,3.538021542404124e-10, 0.0021071145310997963, -0.02145596593618393
v,2.2715304637266343e-10, -0.000831920129712671, -0.021497607231140137
v,3.591605901576145e-10, 0.0023033542092889547, -0.02138231322169304
v,3.4811187266114985e-10, 0.0019113215385004878, -0.02152158133685589
v,2.2715304637266343e-10, -0.000831920129712671, -0.021497607231140137
v,3.538021542404124e-10, 0.0021071145310997963, -0.02145596593618393
v,3.4811187266114985e-10, 0.0019113215385004878, -0.02152158133685589
v,2.520287034624147e-10, -0.00039668395766057074, -0.021631460636854172
v,2.2715304637266343e-10, -0.000831920129712671, -0.021497607231140137
v,3.420873306847483e-10, 0.0017160867573693395, -0.021578989923000336
v,2.520287034624147e-10, -0.00039668395766057074, -0.021631460636854172
v,3.4811187266114985e-10, 0.0019113215385004878, -0.02152158133685589
v,3.357260858205535e-10, 0.0015215218299999833, -0.02162802778184414
v,2.520287034624147e-10, -0.00039668395766057074, -0.021631460636854172
v,3.420873306847483e-10, 0.0017160867573693395, -0.021578989923000336
v,3.290256955779114e-10, 0.0013277382822707295, -0.02166852355003357
v,2.520287034624147e-10, -0.00039668395766057074, -0.021631460636854172
v,3.357260858205535e-10, 0.0015215218299999833, -0.02162802778184414
v,3.290256955779114e-10, 0.0013277382822707295, -0.02166852355003357
v,2.7598698326691817e-10, 6.914080586284399e-05, -0.021713737398386
v,2.520287034624147e-10, -0.00039668395766057074, -0.021631460636854172
v,3.219837174661677e-10, 0.0011348477564752102, -0.021700311452150345
v,2.7598698326691817e-10, 6.914080586284399e-05, -0.021713737398386
v,3.290256955779114e-10, 0.0013277382822707295, -0.02166852355003357
v,3.145977089946683e-10, 0.0009429619531147182, -0.021723225712776184
v,2.7598698326691817e-10, 6.914080586284399e-05, -0.021713737398386
v,3.219837174661677e-10, 0.0011348477564752102, -0.021700311452150345
v,3.145977089946683e-10, 0.0009429619531147182, -0.021723225712776184
v,2.9878383100978567e-10, 0.0005626516067422926, -0.021741757169365883
v,2.7598698326691817e-10, 6.914080586284399e-05, -0.021713737398386
v,3.0686522767275903e-10, 0.0007521925726905465, -0.021737096831202507
v,2.9878383100978567e-10, 0.0005626516067422926, -0.021741757169365883
v,3.145977089946683e-10, 0.0009429619531147182, -0.021723225712776184
n,-62.20547866821289, 2.719087888181093e-06, -2.719087888181093e-06
n,-62.20547866821289, 2.719087888181093e-06, -2.719087888181093e-06
n,-62.20547866821289, 2.719087888181093e-06, -2.719087888181093e-06
n,-62.20547866821289, 2.719087888181093e-06, -2.719087888181093e-06
n,-62.20547866821289, 2.719087888181093e-06, -2.719087888181093e-06
n,-62.20547866821289, 2.719087888181093e-06, -2.719087888181093e-06
n,-62.20547866821289, 2.719087888181093e-06, -2.719087888181093e-06
n,-62.20547866821289, 2.719087888181093e-06, -2.719087888181093e-06
n,-62.20547866821289, 2.719087888181093e-06, -2.719087888181093e-06
n,-62.20547866821289, 2.719087888181093e-06, -2.719087888181093e-06
n,-62.20547866821289, 2.719087888181093e-06, -2.719087888181093e-06
n,-62.20547866821289, 2.719087888181093e-06, -2.719087888181093e-06
n,-62.20547866821289, 2.719087888181093e-06, -2.719087888181093e-06
n,-62.20547866821289, 2.719087888181093e-06, -2.719087888181093e-06
n,-62.20547866821289, 2.719087888181093e-06, -2.719087888181093e-06
n,-62.20547866821289, 2.719087888181093e-06, -2.719087888181093e-06
n,-62.20547866821289, 2.719087888181093e-06, -2.719087888181093e-06
n,-62.20547866821289, 2.719087888181093e-06, -2.719087888181093e-06
n,-62.20547866821289, 2.719087888181093e-06, -2.719087888181093e-06
n,-62.20547866821289, 2.719087888181093e-06, -2.719087888181093e-06
n,-62.20547866821289, 2.719087888181093e-06, -2.719087888181093e-06
n,-62.20547866821289, 2.719087888181093e-06, -2.719087888181093e-06
n,-62.20547866821289, 2.719087888181093e-06, -2.719087888181093e-06
n,-62.20547866821289, 2.719087888181093e-06, -2.719087888181093e-06
n,-62.20547866821289, 2.719087888181093e-06, -2.719087888181093e-06
n,-62.20547866821289, 2.719087888181093e-06, -2.719087888181093e-06
n,-62.20547866821289, 2.719087888181093e-06, -2.719087888181093e-06
n,-62.20547866821289, 2.719087888181093e-06, -2.719087888181093e-06
n,-62.20547866821289, 2.719087888181093e-06, -2.719087888181093e-06
n,-62.20547866821289, 2.719087888181093e-06, -2.719087888181093e-06
n,-62.20547866821289, 2.719087888181093e-06, -2.719087888181093e-06
n,-62.20547866821289, 2.719087888181093e-06, -2.719087888181093e-06
n,-62.20547866821289, 2.719087888181093e-06, -2.719087888181093e-06
n,-62.20547866821289, 2.719087888181093e-06, -2.719087888181093e-06
n,-62.20547866821289, 2.719087888181093e-06, -2.719087888181093e-06
n,-62.20547866821289, 2.719087888181093e-06, -2.719087888181093e-06
n,-62.20547866821289, 2.719087888181093e-06, -2.719087888181093e-06
n,-62.20547866821289, 2.719087888181093e-06, -2.719087888181093e-06
n,-62.20547866821289, 2.719087888181093e-06, -2.719087888181093e-06
n,-62.20547866821289, 2.719087888181093e-06, -2.719087888181093e-06
n,-62.20547866821289, 2.719087888181093e-06, -2.719087888181093e-06
n,-62.20547866821289, 2.719087888181093e-06, -2.719087888181093e-06
n,-62.20547866821289, 2.719087888181093e-06, -2.719087888181093e-06
n,-62.20547866821289, 2.719087888181093e-06, -2.719087888181093e-06
n,-62.20547866821289, 2.719087888181093e-06, -2.719087888181093e-06
n,-62.20547866821289, 2.719087888181093e-06, -2.719087888181093e-06
n,-62.20547866821289, 2.719087888181093e-06, -2.719087888181093e-06
n,-62.20547866821289, 2.719087888181093e-06, -2.719087888181093e-06
n,-62.20547866821289, 2.719087888181093e-06, -2.719087888181093e-06
n,-62.20547866821289, 2.719087888181093e-06, -2.719087888181093e-06
n,-62.20547866821289, 2.719087888181093e-06, -2.719087888181093e-06
n,-62.20547866821289, 2.719087888181093e-06, -2.719087888181093e-06
n,-62.20547866821289, 2.719087888181093e-06, -2.719087888181093e-06
n,-62.20547866821289, 2.719087888181093e-06, -2.719087888181093e-06
n,-62.20547866821289, 2.719087888181093e-06, -2.719087888181093e-06
n,-62.20547866821289, 2.719087888181093e-06, -2.719087888181093e-06
n,-62.20547866821289, 2.719087888181093e-06, -2.719087888181093e-06
n,-62.20547866821289, 2.719087888181093e-06, -2.719087888181093e-06
n,-62.20547866821289, 2.719087888181093e-06, -2.719087888181093e-06
n,-62.20547866821289, 2.719087888181093e-06, -2.719087888181093e-06
n,-62.20547866821289, 2.719087888181093e-06, -2.719087888181093e-06
n,-62.20547866821289, 2.719087888181093e-06, -2.719087888181093e-06
n,-62.20547866821289, 2.719087888181093e-06, -2.719087888181093e-06
n,-62.20547866821289, 2.719087888181093e-06, -2.719087888181093e-06
n,-62.20547866821289, 2.719087888181093e-06, -2.719087888181093e-06
n,-62.20547866821289, 2.719087888181093e-06, -2.719087888181093e-06
n,-62.20547866821289, 2.719087888181093e-06, -2.719087888181093e-06
n,-62.20547866821289, 2.719087888181093e-06, -2.719087888181093e-06
n,-62.20547866821289, 2.719087888181093e-06, -2.719087888181093e-06
n,-62.20547866821289, 2.719087888181093e-06, -2.719087888181093e-06
n,-62.20547866821289, 2.719087888181093e-06, -2.719087888181093e-06
n,-62.20547866821289, 2.719087888181093e-06, -2.719087888181093e-06
n,-62.20547866821289, 2.719087888181093e-06, -2.719087888181093e-06
n,-62.20547866821289, 2.719087888181093e-06, -2.719087888181093e-06
n,-62.20547866821289, 2.719087888181093e-06, -2.719087888181093e-06
n,-62.20547866821289, 2.719087888181093e-06, -2.719087888181093e-06
n,-62.20547866821289, 2.719087888181093e-06, -2.719087888181093e-06
n,-62.20547866821289, 2.719087888181093e-06, -2.719087888181093e-06
n,-62.20547866821289, 2.719087888181093e-06, -2.719087888181093e-06
n,-62.20547866821289, 2.719087888181093e-06, -2.719087888181093e-06
n,-62.20547866821289, 2.719087888181093e-06, -2.719087888181093e-06
n,-62.20547866821289, 2.719087888181093e-06, -2.719087888181093e-06
n,-62.20547866821289, 2.719087888181093e-06, -2.719087888181093e-06
n,-62.20547866821289, 2.719087888181093e-06, -2.719087888181093e-06
n,-62.20547866821289, 2.719087888181093e-06, -2.719087888181093e-06
n,-62.20547866821289, 2.719087888181093e-06, -2.719087888181093e-06
n,-62.20547866821289, 2.719087888181093e-06, -2.719087888181093e-06
n,-62.20547866821289, 2.719087888181093e-06, -2.719087888181093e-06
n,-62.20547866821289, 2.719087888181093e-06, -2.719087888181093e-06
n,-62.20547866821289, 2.719087888181093e-06, -2.719087888181093e-06
n,-62.20547866821289, 2.719087888181093e-06, -2.719087888181093e-06
n,-62.20547866821289, 2.719087888181093e-06, -2.719087888181093e-06
n,-62.20547866821289, 2.719087888181093e-06, -2.719087888181093e-06
n,-62.20547866821289, 2.719087888181093e-06, -2.719087888181093e-06
n,-62.20547866821289, 2.719087888181093e-06, -2.719087888181093e-06
n,-62.20547866821289, 2.719087888181093e-06, -2.719087888181093e-06
n,-62.20547866821289, 2.719087888181093e-06, -2.719087888181093e-06
n,-62.20547866821289, 2.719087888181093e-06, -2.719087888181093e-06
n,-62.20547866821289, 2.719087888181093e-06, -2.719087888181093e-06
n,-62.20547866821289, 2.719087888181093e-06, -2.719087888181093e-06
n,-62.20547866821289, 2.719087888181093e-06, -2.719087888181093e-06
n,-62.20547866821289, 2.719087888181093e-06, -2.719087888181093e-06
n,-62.20547866821289, 2.719087888181093e-06, -2.719087888181093e-06
n,-62.20547866821289, 2.719087888181093e-06, -2.719087888181093e-06
n,-62.20547866821289, 2.719087888181093e-06, -2.719087888181093e-06
n,-62.20547866821289, 2.719087888181093e-06, -2.719087888181093e-06
n,-62.20547866821289, 2.719087888181093e-06, -2.719087888181093e-06
n,-62.20547866821289, 2.719087888181093e-06, -2.719087888181093e-06
n,-62.20547866821289, 2.719087888181093e-06, -2.719087888181093e-06
n,-62.20547866821289, 2.719087888181093e-06, -2.719087888181093e-06
n,-62.20547866821289, 2.719087888181093e-06, -2.719087888181093e-06
n,-62.20547866821289, 2.719087888181093e-06, -2.719087888181093e-06
n,-62.20547866821289, 2.719087888181093e-06, -2.719087888181093e-06
n,-62.20547866821289, 2.719087888181093e-06, -2.719087888181093e-06
n,-62.20547866821289, 2.719087888181093e-06, -2.719087888181093e-06
n,-62.20547866821289, 2.719087888181093e-06, -2.719087888181093e-06
n,-62.20547866821289, 2.719087888181093e-06, -2.719087888181093e-06
n,-62.20547866821289, 2.719087888181093e-06, -2.719087888181093e-06
n,-62.20547866821289, 2.719087888181093e-06, -2.719087888181093e-06
n,-62.20547866821289, 2.719087888181093e-06, -2.719087888181093e-06
n,-62.20547866821289, 2.719087888181093e-06, -2.719087888181093e-06
n,-62.20547866821289, 2.719087888181093e-06, -2.719087888181093e-06
n,-62.20547866821289, 2.719087888181093e-06, -2.719087888181093e-06
n,-62.20547866821289, 2.719087888181093e-06, -2.719087888181093e-06
n,-62.20547866821289, 2.719087888181093e-06, -2.719087888181093e-06
n,-62.20547866821289, 2.719087888181093e-06, -2.719087888181093e-06
n,-62.20547866821289, 2.719087888181093e-06, -2.719087888181093e-06
n,-62.20547866821289, 2.719087888181093e-06, -2.719087888181093e-06
n,-62.20547866821289, 2.719087888181093e-06, -2.719087888181093e-06
n,-62.20547866821289, 2.719087888181093e-06, -2.719087888181093e-06
n,-62.20547866821289, 2.719087888181093e-06, -2.719087888181093e-06
n,-62.20547866821289, 2.719087888181093e-06, -2.719087888181093e-06
n,-62.20547866821289, 2.719087888181093e-06, -2.719087888181093e-06
n,-62.20547866821289, 2.719087888181093e-06, -2.719087888181093e-06
n,-62.20547866821289, 2.719087888181093e-06, -2.719087888181093e-06
n,-62.20547866821289, 2.719087888181093e-06, -2.719087888181093e-06
n,-62.20547866821289, 2.719087888181093e-06, -2.719087888181093e-06
n,-62.20547866821289, 2.719087888181093e-06, -2.719087888181093e-06
n,-62.20547866821289, 2.719087888181093e-06, -2.719087888181093e-06
n,-62.20547866821289, 2.719087888181093e-06, -2.719087888181093e-06
n,-62.20547866821289, 2.719087888181093e-06, -2.719087888181093e-06
n,-62.20547866821289, 2.719087888181093e-06, -2.719087888181093e-06
n,-62.20547866821289, 2.719087888181093e-06, -2.719087888181093e-06
n,-62.20547866821289, 2.719087888181093e-06, -2.719087888181093e-06
n,-62.20547866821289, 2.719087888181093e-06, -2.719087888181093e-06
n,-62.20547866821289, 2.719087888181093e-06, -2.719087888181093e-06
n,-62.20547866821289, 2.719087888181093e-06, -2.719087888181093e-06
n,-62.20547866821289, 2.719087888181093e-06, -2.719087888181093e-06
n,-62.20547866821289, 2.719087888181093e-06, -2.719087888181093e-06
n,-62.20547866821289, 2.719087888181093e-06, -2.719087888181093e-06
n,-62.20547866821289, 2.719087888181093e-06, -2.719087888181093e-06
n,-62.20547866821289, 2.719087888181093e-06, -2.719087888181093e-06
n,-62.20547866821289, 2.719087888181093e-06, -2.719087888181093e-06
n,-62.20547866821289, 2.719087888181093e-06, -2.719087888181093e-06
n,-62.20547866821289, 2.719087888181093e-06, -2.719087888181093e-06
n,-62.20547866821289, 2.719087888181093e-06, -2.719087888181093e-06
n,-62.20547866821289, 2.719087888181093e-06, -2.719087888181093e-06
n,-62.20547866821289, 2.719087888181093e-06, -2.719087888181093e-06
n,-62.20547866821289, 2.719087888181093e-06, -2.719087888181093e-06
n,-62.20547866821289, 2.719087888181093e-06, -2.719087888181093e-06
n,-62.20547866821289, 2.719087888181093e-06, -2.719087888181093e-06
n,-62.20547866821289, 2.719087888181093e-06, -2.719087888181093e-06
n,-62.20547866821289, 2.719087888181093e-06, -2.719087888181093e-06
n,-62.20547866821289, 2.719087888181093e-06, -2.719087888181093e-06
n,-62.20547866821289, 2.719087888181093e-06, -2.719087888181093e-06
n,-62.20547866821289, 2.719087888181093e-06, -2.719087888181093e-06
n,-62.20547866821289, 2.719087888181093e-06, -2.719087888181093e-06
n,-62.20547866821289, 2.719087888181093e-06, -2.719087888181093e-06
n,-62.20547866821289, 2.719087888181093e-06, -2.719087888181093e-06
n,-62.20547866821289, 2.719087888181093e-06, -2.719087888181093e-06
n,-62.20547866821289, 2.719087888181093e-06, -2.719087888181093e-06
n,-62.20547866821289, 2.719087888181093e-06, -2.719087888181093e-06
n,-62.20547866821289, 2.719087888181093e-06, -2.719087888181093e-06
n,-62.20547866821289, 2.719087888181093e-06, -2.719087888181093e-06
n,-62.20547866821289, 2.719087888181093e-06, -2.719087888181093e-06
n,-62.20547866821289, 2.719087888181093e-06, -2.719087888181093e-06
n,-62.20547866821289, 2.719087888181093e-06, -2.719087888181093e-06
n,-62.20547866821289, 2.719087888181093e-06, -2.719087888181093e-06
n,-62.20547866821289, 2.719087888181093e-06, -2.719087888181093e-06
n,-62.20547866821289, 2.719087888181093e-06, -2.719087888181093e-06
n,-62.20547866821289, 2.719087888181093e-06, -2.719087888181093e-06
n,-62.20547866821289, 2.719087888181093e-06, -2.719087888181093e-06
n,-62.20547866821289, 2.719087888181093e-06, -2.719087888181093e-06
n,-62.20547866821289, 2.719087888181093e-06, -2.719087888181093e-06
n,-62.20547866821289, 2.719087888181093e-06, -2.719087888181093e-06
n,-62.20547866821289, 2.719087888181093e-06, -2.719087888181093e-06
n,-62.20547866821289, 2.719087888181093e-06, -2.719087888181093e-06
n,-62.20547866821289, 2.719087888181093e-06, -2.719087888181093e-06
n,-62.20547866821289, 2.719087888181093e-06, -2.719087888181093e-06
n,-62.20547866821289, 2.719087888181093e-06, -2.719087888181093e-06
n,-62.20547866821289, 2.719087888181093e-06, -2.719087888181093e-06
n,-62.20547866821289, 2.719087888181093e-06, -2.719087888181093e-06
n,-62.20547866821289, 2.719087888181093e-06, -2.719087888181093e-06
n,-62.20547866821289, 2.719087888181093e-06, -2.719087888181093e-06
n,-62.20547866821289, 2.719087888181093e-06, -2.719087888181093e-06
n,-62.20547866821289, 2.719087888181093e-06, -2.719087888181093e-06
n,-62.20547866821289, 2.719087888181093e-06, -2.719087888181093e-06
n,-62.20547866821289, 2.719087888181093e-06, -2.719087888181093e-06
n,-62.20547866821289, 2.719087888181093e-06, -2.719087888181093e-06
n,-62.20547866821289, 2.719087888181093e-06, -2.719087888181093e-06
n,-62.20547866821289, 2.719087888181093e-06, -2.719087888181093e-06
n,-62.20547866821289, 2.719087888181093e-06, -2.719087888181093e-06
n,-62.20547866821289, 2.719087888181093e-06, -2.719087888181093e-06
n,-62.20547866821289, 2.719087888181093e-06, -2.719087888181093e-06
n,-62.20547866821289, 2.719087888181093e-06, -2.719087888181093e-06
n,-62.20547866821289, 2.719087888181093e-06, -2.719087888181093e-06
n,-62.20547866821289, 2.719087888181093e-06, -2.719087888181093e-06
n,-62.20547866821289, 2.719087888181093e-06, -2.719087888181093e-06
n,-62.20547866821289, 2.719087888181093e-06, -2.719087888181093e-06
n,-62.20547866821289, 2.719087888181093e-06, -2.719087888181093e-06
n,-62.20547866821289, 2.719087888181093e-06, -2.719087888181093e-06
n,-62.20547866821289, 2.719087888181093e-06, -2.719087888181093e-06
n,-62.20547866821289, 2.719087888181093e-06, -2.719087888181093e-06
n,-62.20547866821289, 2.719087888181093e-06, -2.719087888181093e-06
n,-62.20547866821289, 2.719087888181093e-06, -2.719087888181093e-06
n,-62.20547866821289, 2.719087888181093e-06, -2.719087888181093e-06
n,-62.20547866821289, 2.719087888181093e-06, -2.719087888181093e-06
n,-62.20547866821289, 2.719087888181093e-06, -2.719087888181093e-06
n,-62.20547866821289, 2.719087888181093e-06, -2.719087888181093e-06
n,-62.20547866821289, 2.719087888181093e-06, -2.719087888181093e-06
n,-62.20547866821289, 2.719087888181093e-06, -2.719087888181093e-06
n,-62.20547866821289, 2.719087888181093e-06, -2.719087888181093e-06
n,-62.20547866821289, 2.719087888181093e-06, -2.719087888181093e-06
n,-62.20547866821289, 2.719087888181093e-06, -2.719087888181093e-06
n,-62.20547866821289, 2.719087888181093e-06, -2.719087888181093e-06
n,-62.20547866821289, 2.719087888181093e-06, -2.719087888181093e-06
n,-62.20547866821289, 2.719087888181093e-06, -2.719087888181093e-06
n,-62.20547866821289, 2.719087888181093e-06, -2.719087888181093e-06
n,-62.20547866821289, 2.719087888181093e-06, -2.719087888181093e-06
n,-62.20547866821289, 2.719087888181093e-06, -2.719087888181093e-06
n,-62.20547866821289, 2.719087888181093e-06, -2.719087888181093e-06
n,-62.20547866821289, 2.719087888181093e-06, -2.719087888181093e-06
n,-62.20547866821289, 2.719087888181093e-06, -2.719087888181093e-06
n,-62.20547866821289, 2.719087888181093e-06, -2.719087888181093e-06
n,-62.20547866821289, 2.719087888181093e-06, -2.719087888181093e-06
n,-62.20547866821289, 2.719087888181093e-06, -2.719087888181093e-06
n,-62.20547866821289, 2.719087888181093e-06, -2.719087888181093e-06
n,-62.20547866821289, 2.719087888181093e-06, -2.719087888181093e-06
n,-62.20547866821289, 2.719087888181093e-06, -2.719087888181093e-06
n,-62.20547866821289, 2.719087888181093e-06, -2.719087888181093e-06
n,-62.20547866821289, 2.719087888181093e-06, -2.719087888181093e-06
n,-62.20547866821289, 2.719087888181093e-06, -2.719087888181093e-06
n,-62.20547866821289, 2.719087888181093e-06, -2.719087888181093e-06
n,-62.20547866821289, 2.719087888181093e-06, -2.719087888181093e-06
n,-62.20547866821289, 2.719087888181093e-06, -2.719087888181093e-06
n,-62.20547866821289, 2.719087888181093e-06, -2.719087888181093e-06
n,-62.20547866821289, 2.719087888181093e-06, -2.719087888181093e-06
n,-62.20547866821289, 2.719087888181093e-06, -2.719087888181093e-06
n,-62.20547866821289, 2.719087888181093e-06, -2.719087888181093e-06
n,-62.20547866821289, 2.719087888181093e-06, -2.719087888181093e-06
n,-62.20547866821289, 2.719087888181093e-06, -2.719087888181093e-06
n,-62.20547866821289, 2.719087888181093e-06, -2.719087888181093e-06
n,-62.20547866821289, 2.719087888181093e-06, -2.719087888181093e-06
n,-62.20547866821289, 2.719087888181093e-06, -2.719087888181093e-06
n,-62.20547866821289, 2.719087888181093e-06, -2.719087888181093e-06
n,-62.20547866821289, 2.719087888181093e-06, -2.719087888181093e-06
n,-62.20547866821289, 2.719087888181093e-06, -2.719087888181093e-06
n,-62.20547866821289, 2.719087888181093e-06, -2.719087888181093e-06
n,-62.20547866821289, 2.719087888181093e-06, -2.719087888181093e-06
n,-62.20547866821289, 2.719087888181093e-06, -2.719087888181093e-06
n,-62.20547866821289, 2.719087888181093e-06, -2.719087888181093e-06
n,-62.20547866821289, 2.719087888181093e-06, -2.719087888181093e-06
n,-62.20547866821289, 2.719087888181093e-06, -2.719087888181093e-06
n,-62.20547866821289, 2.719087888181093e-06, -2.719087888181093e-06
n,-62.20547866821289, 2.719087888181093e-06, -2.719087888181093e-06
n,-62.20547866821289, 2.719087888181093e-06, -2.719087888181093e-06
n,-62.20547866821289, 2.719087888181093e-06, -2.719087888181093e-06
n,-62.20547866821289, 2.719087888181093e-06, -2.719087888181093e-06
n,-62.20547866821289, 2.719087888181093e-06, -2.719087888181093e-06
n,-62.20547866821289, 2.719087888181093e-06, -2.719087888181093e-06
n,-62.20547866821289, 2.719087888181093e-06, -2.719087888181093e-06
n,-62.20547866821289, 2.719087888181093e-06, -2.719087888181093e-06
n,-62.20547866821289, 2.719087888181093e-06, -2.719087888181093e-06
n,-62.20547866821289, 2.719087888181093e-06, -2.719087888181093e-06
n,-62.20547866821289, 2.719087888181093e-06, -2.719087888181093e-06
n,-62.20547866821289, 2.719087888181093e-06, -2.719087888181093e-06
n,-62.20547866821289, 2.719087888181093e-06, -2.719087888181093e-06
n,-62.20547866821289, 2.719087888181093e-06, -2.719087888181093e-06
n,-62.20547866821289, 2.719087888181093e-06, -2.719087888181093e-06
n,-62.20547866821289, 2.719087888181093e-06, -2.719087888181093e-06
n,-62.20547866821289, 2.719087888181093e-06, -2.719087888181093e-06
n,-62.20547866821289, 2.719087888181093e-06, -2.719087888181093e-06
n,-62.20547866821289, 2.719087888181093e-06, -2.719087888181093e-06
n,-62.20547866821289, 2.719087888181093e-06, -2.719087888181093e-06
n,-62.20547866821289, 2.719087888181093e-06, -2.719087888181093e-06
n,-62.20547866821289, 2.719087888181093e-06, -2.719087888181093e-06
n,-62.20547866821289, 2.719087888181093e-06, -2.719087888181093e-06
n,-62.20547866821289, 2.719087888181093e-06, -2.719087888181093e-06
n,-62.20547866821289, 2.719087888181093e-06, -2.719087888181093e-06
n,-62.20547866821289, 2.719087888181093e-06, -2.719087888181093e-06
n,-62.20547866821289, 2.719087888181093e-06, -2.719087888181093e-06
n,-62.20547866821289, 2.719087888181093e-06, -2.719087888181093e-06
n,-62.20547866821289, 2.719087888181093e-06, -2.719087888181093e-06
n,-62.20547866821289, 2.719087888181093e-06, -2.719087888181093e-06
n,-62.20547866821289, 2.719087888181093e-06, -2.719087888181093e-06
n,-62.20547866821289, 2.719087888181093e-06, -2.719087888181093e-06
n,-62.20547866821289, 2.719087888181093e-06, -2.719087888181093e-06
n,-62.20547866821289, 2.719087888181093e-06, -2.719087888181093e-06
n,-62.20547866821289, 2.719087888181093e-06, -2.719087888181093e-06
n,-62.20547866821289, 2.719087888181093e-06, -2.719087888181093e-06
n,-62.20547866821289, 2.719087888181093e-06, -2.719087888181093e-06
n,-62.20547866821289, 2.719087888181093e-06, -2.719087888181093e-06
n,-62.20547866821289, 2.719087888181093e-06, -2.719087888181093e-06
n,-62.20547866821289, 2.719087888181093e-06, -2.719087888181093e-06
n,-62.20547866821289, 2.719087888181093e-06, -2.719087888181093e-06
n,-62.20547866821289, 2.719087888181093e-06, -2.719087888181093e-06
n,-62.20547866821289, 2.719087888181093e-06, -2.719087888181093e-06
n,-62.20547866821289, 2.719087888181093e-06, -2.719087888181093e-06
n,-62.20547866821289, 2.719087888181093e-06, -2.719087888181093e-06
n,-62.20547866821289, 2.719087888181093e-06, -2.719087888181093e-06
n,-62.20547866821289, 2.719087888181093e-06, -2.719087888181093e-06
n,-62.20547866821289, 2.719087888181093e-06, -2.719087888181093e-06
n,-62.20547866821289, 2.719087888181093e-06, -2.719087888181093e-06
n,-62.20547866821289, 2.719087888181093e-06, -2.719087888181093e-06
n,-62.20547866821289, 2.719087888181093e-06, -2.719087888181093e-06
n,-62.20547866821289, 2.719087888181093e-06, -2.719087888181093e-06
n,-62.20547866821289, 2.719087888181093e-06, -2.719087888181093e-06
n,-62.20547866821289, 2.719087888181093e-06, -2.719087888181093e-06
n,-62.20547866821289, 2.719087888181093e-06, -2.719087888181093e-06
n,-62.20547866821289, 2.719087888181093e-06, -2.719087888181093e-06
n,-62.20547866821289, 2.719087888181093e-06, -2.719087888181093e-06
n,-62.20547866821289, 2.719087888181093e-06, -2.719087888181093e-06
n,-62.20547866821289, 2.719087888181093e-06, -2.719087888181093e-06
n,-62.20547866821289, 2.719087888181093e-06, -2.719087888181093e-06
n,-62.20547866821289, 2.719087888181093e-06, -2.719087888181093e-06
n,-62.20547866821289, 2.719087888181093e-06, -2.719087888181093e-06
n,-62.20547866821289, 2.719087888181093e-06, -2.719087888181093e-06
n,-62.20547866821289, 2.719087888181093e-06, -2.719087888181093e-06
n,-62.20547866821289, 2.719087888181093e-06, -2.719087888181093e-06
n,-62.20547866821289, 2.719087888181093e-06, -2.719087888181093e-06
n,-62.20547866821289, 2.719087888181093e-06, -2.719087888181093e-06
n,-62.20547866821289, 2.719087888181093e-06, -2.719087888181093e-06
n,-62.20547866821289, 2.719087888181093e-06, -2.719087888181093e-06
n,-62.20547866821289, 2.719087888181093e-06, -2.719087888181093e-06
n,-62.20547866821289, 2.719087888181093e-06, -2.719087888181093e-06
n,-62.20547866821289, 2.719087888181093e-06, -2.719087888181093e-06
n,-62.20547866821289, 2.719087888181093e-06, -2.719087888181093e-06
n,-62.20547866821289, 2.719087888181093e-06, -2.719087888181093e-06
n,-62.20547866821289, 2.719087888181093e-06, -2.719087888181093e-06
n,-62.20547866821289, 2.719087888181093e-06, -2.719087888181093e-06
n,-62.20547866821289, 2.719087888181093e-06, -2.719087888181093e-06
n,-62.20547866821289, 2.719087888181093e-06, -2.719087888181093e-06
n,-62.20547866821289, 2.719087888181093e-06, -2.719087888181093e-06
n,-62.20547866821289, 2.719087888181093e-06, -2.719087888181093e-06
n,-62.20547866821289, 2.719087888181093e-06, -2.719087888181093e-06
n,-62.20547866821289, 2.719087888181093e-06, -2.719087888181093e-06
n,-62.20547866821289, 2.719087888181093e-06, -2.719087888181093e-06
n,-62.20547866821289, 2.719087888181093e-06, -2.719087888181093e-06
n,-62.20547866821289, 2.719087888181093e-06, -2.719087888181093e-06
n,-62.20547866821289, 2.719087888181093e-06, -2.719087888181093e-06
n,-62.20547866821289, 2.719087888181093e-06, -2.719087888181093e-06
n,-62.20547866821289, 2.719087888181093e-06, -2.719087888181093e-06
n,-62.20547866821289, 2.719087888181093e-06, -2.719087888181093e-06
n,-62.20547866821289, 2.719087888181093e-06, -2.719087888181093e-06
n,-62.20547866821289, 2.719087888181093e-06, -2.719087888181093e-06
n,-62.20547866821289, 2.719087888181093e-06, -2.719087888181093e-06
n,-62.20547866821289, 2.719087888181093e-06, -2.719087888181093e-06
n,-62.20547866821289, 2.719087888181093e-06, -2.719087888181093e-06
n,-62.20547866821289, 2.719087888181093e-06, -2.719087888181093e-06
n,-62.20547866821289, 2.719087888181093e-06, -2.719087888181093e-06
n,-62.20547866821289, 2.719087888181093e-06, -2.719087888181093e-06
n,-62.20547866821289, 2.719087888181093e-06, -2.719087888181093e-06
n,-62.20547866821289, 2.719087888181093e-06, -2.719087888181093e-06
n,-62.20547866821289, 2.719087888181093e-06, -2.719087888181093e-06
n,-62.20547866821289, 2.719087888181093e-06, -2.719087888181093e-06
n,-62.20547866821289, 2.719087888181093e-06, -2.719087888181093e-06
n,-62.20547866821289, 2.719087888181093e-06, -2.719087888181093e-06
n,-62.20547866821289, 2.719087888181093e-06, -2.719087888181093e-06
n,-62.20547866821289, 2.719087888181093e-06, -2.719087888181093e-06
n,-62.20547866821289, 2.719087888181093e-06, -2.719087888181093e-06
n,-62.20547866821289, 2.719087888181093e-06, -2.719087888181093e-06
n,-62.20547866821289, 2.719087888181093e-06, -2.719087888181093e-06
n,-62.20547866821289, 2.719087888181093e-06, -2.719087888181093e-06
n,-62.20547866821289, 2.719087888181093e-06, -2.719087888181093e-06
n,-62.20547866821289, 2.719087888181093e-06, -2.719087888181093e-06
n,-62.20547866821289, 2.719087888181093e-06, -2.719087888181093e-06
n,-62.20547866821289, 2.719087888181093e-06, -2.719087888181093e-06
n,-62.20547866821289, 2.719087888181093e-06, -2.719087888181093e-06
n,-62.20547866821289, 2.719087888181093e-06, -2.719087888181093e-06
n,-62.20547866821289, 2.719087888181093e-06, -2.719087888181093e-06
n,-62.20547866821289, 2.719087888181093e-06, -2.719087888181093e-06
n,-62.20547866821289, 2.719087888181093e-06, -2.719087888181093e-06
n,-62.20547866821289, 2.719087888181093e-06, -2.719087888181093e-06
n,-62.20547866821289, 2.719087888181093e-06, -2.719087888181093e-06
n,-62.20547866821289, 2.719087888181093e-06, -2.719087888181093e-06
n,-62.20547866821289, 2.719087888181093e-06, -2.719087888181093e-06
n,-62.20547866821289, 2.719087888181093e-06, -2.719087888181093e-06
n,-62.20547866821289, 2.719087888181093e-06, -2.719087888181093e-06
n,-62.20547866821289, 2.719087888181093e-06, -2.719087888181093e-06
n,-62.20547866821289, 2.719087888181093e-06, -2.719087888181093e-06
n,-62.20547866821289, 2.719087888181093e-06, -2.719087888181093e-06
n,-62.20547866821289, 2.719087888181093e-06, -2.719087888181093e-06
n,-62.20547866821289, 2.719087888181093e-06, -2.719087888181093e-06
n,-62.20547866821289, 2.719087888181093e-06, -2.719087888181093e-06
n,-62.20547866821289, 2.719087888181093e-06, -2.719087888181093e-06
n,-62.20547866821289, 2.719087888181093e-06, -2.719087888181093e-06
n,-62.20547866821289, 2.719087888181093e-06, -2.719087888181093e-06
n,-62.20547866821289, 2.719087888181093e-06, -2.719087888181093e-06
n,-62.20547866821289, 2.719087888181093e-06, -2.719087888181093e-06
n,-62.20547866821289, 2.719087888181093e-06, -2.719087888181093e-06
n,-62.20547866821289, 2.719087888181093e-06, -2.719087888181093e-06
n,-62.20547866821289, 2.719087888181093e-06, -2.719087888181093e-06
n,-62.20547866821289, 2.719087888181093e-06, -2.719087888181093e-06
n,-62.20547866821289, 2.719087888181093e-06, -2.719087888181093e-06
n,-62.20547866821289, 2.719087888181093e-06, -2.719087888181093e-06
n,-62.20547866821289, 2.719087888181093e-06, -2.719087888181093e-06
n,-62.20547866821289, 2.719087888181093e-06, -2.719087888181093e-06
n,-62.20547866821289, 2.719087888181093e-06, -2.719087888181093e-06
n,-62.20547866821289, 2.719087888181093e-06, -2.719087888181093e-06
n,-62.20547866821289, 2.719087888181093e-06, -2.719087888181093e-06
n,-62.20547866821289, 2.719087888181093e-06, -2.719087888181093e-06
n,-62.20547866821289, 2.719087888181093e-06, -2.719087888181093e-06
n,-62.20547866821289, 2.719087888181093e-06, -2.719087888181093e-06
n,-62.20547866821289, 2.719087888181093e-06, -2.719087888181093e-06
n,-62.20547866821289, 2.719087888181093e-06, -2.719087888181093e-06
n,-62.20547866821289, 2.719087888181093e-06, -2.719087888181093e-06
n,-62.20547866821289, 2.719087888181093e-06, -2.719087888181093e-06
n,-62.20547866821289, 2.719087888181093e-06, -2.719087888181093e-06
n,-62.20547866821289, 2.719087888181093e-06, -2.719087888181093e-06
n,-62.20547866821289, 2.719087888181093e-06, -2.719087888181093e-06
n,-62.20547866821289, 2.719087888181093e-06, -2.719087888181093e-06
n,-62.20547866821289, 2.719087888181093e-06, -2.719087888181093e-06
n,-62.20547866821289, 2.719087888181093e-06, -2.719087888181093e-06
n,-62.20547866821289, 2.719087888181093e-06, -2.719087888181093e-06
n,-62.20547866821289, 2.719087888181093e-06, -2.719087888181093e-06
n,-62.20547866821289, 2.719087888181093e-06, -2.719087888181093e-06
n,-62.20547866821289, 2.719087888181093e-06, -2.719087888181093e-06
n,-62.20547866821289, 2.719087888181093e-06, -2.719087888181093e-06
n,-62.20547866821289, 2.719087888181093e-06, -2.719087888181093e-06
n,-62.20547866821289, 2.719087888181093e-06, -2.719087888181093e-06
n,-62.20547866821289, 2.719087888181093e-06, -2.719087888181093e-06
n,-62.20547866821289, 2.719087888181093e-06, -2.719087888181093e-06
n,-62.20547866821289, 2.719087888181093e-06, -2.719087888181093e-06
n,-62.20547866821289, 2.719087888181093e-06, -2.719087888181093e-06
n,-62.20547866821289, 2.719087888181093e-06, -2.719087888181093e-06
u,0.9246575236320496, 1.0, 0
u,0.9109588861465454, 1.0, 0
u,0.9178082346916199, 1.0, 0
u,0.931506872177124, 1.0, 0
u,0.9109588861465454, 1.0, 0
u,0.9246575236320496, 1.0, 0
u,0.9383561611175537, 1.0, 0
u,0.9109588861465454, 1.0, 0
u,0.931506872177124, 1.0, 0
u,0.9383561611175537, 1.0, 0
u,0.9041095972061157, 1.0, 0
u,0.9109588861465454, 1.0, 0
u,0.9452054500579834, 1.0, 0
u,0.9041095972061157, 1.0, 0
u,0.9383561611175537, 1.0, 0
u,0.9520547986030579, 1.0, 0
u,0.9041095972061157, 1.0, 0
u,0.9452054500579834, 1.0, 0
u,0.9589040875434875, 1.0, 0
u,0.9041095972061157, 1.0, 0
u,0.9520547986030579, 1.0, 0
u,0.9589040875434875, 1.0, 0
u,0.8972602486610413, 1.0, 0
u,0.9041095972061157, 1.0, 0
u,0.965753436088562, 1.0, 0
u,0.8972602486610413, 1.0, 0
u,0.9589040875434875, 1.0, 0
u,0.9726027250289917, 1.0, 0
u,0.8972602486610413, 1.0, 0
u,0.965753436088562, 1.0, 0
u,0.9794520735740662, 1.0, 0
u,0.8972602486610413, 1.0, 0
u,0.9726027250289917, 1.0, 0
u,0.9794520735740662, 1.0, 0
u,0.8904109597206116, 1.0, 0
u,0.8972602486610413, 1.0, 0
u,0.9863013625144958, 1.0, 0
u,0.8904109597206116, 1.0, 0
u,0.9794520735740662, 1.0, 0
u,0.9931507110595703, 1.0, 0
u,0.8904109597206116, 1.0, 0
u,0.9863013625144958, 1.0, 0
u,0.9931507110595703, 1.0, 0
u,0.8835616707801819, 1.0, 0
u,0.8904109597206116, 1.0, 0
u,1.0, 1.0, 0
u,0.8835616707801819, 1.0, 0
u,0.9931507110595703, 1.0, 0
u,0.0, 1.0, 0
u,0.006849315017461777, 1.0, 0
u,1.0, 1.0, 0
u,0.006849315017461777, 1.0, 0
u,0.013698630034923553, 1.0, 0
u,1.0, 1.0, 0
u,0.013698630034923553, 1.0, 0
u,0.02054794505238533, 1.0, 0
u,1.0, 1.0, 0
u,0.02054794505238533, 1.0, 0
u,0.027397260069847107, 1.0, 0
u,1.0, 1.0, 0
u,0.027397260069847107, 1.0, 0
u,0.8835616707801819, 1.0, 0
u,1.0, 1.0, 0
u,0.027397260069847107, 1.0, 0
u,0.034246575087308884, 1.0, 0
u,0.8835616707801819, 1.0, 0
u,0.034246575087308884, 1.0, 0
u,0.04109589010477066, 1.0, 0
u,0.8835616707801819, 1.0, 0
u,0.04109589010477066, 1.0, 0
u,0.8767123222351074, 1.0, 0
u,0.8835616707801819, 1.0, 0
u,0.04109589010477066, 1.0, 0
u,0.04794520512223244, 1.0, 0
u,0.8767123222351074, 1.0, 0
u,0.04794520512223244, 1.0, 0
u,0.054794520139694214, 1.0, 0
u,0.8767123222351074, 1.0, 0
u,0.054794520139694214, 1.0, 0
u,0.8698630332946777, 1.0, 0
u,0.8767123222351074, 1.0, 0
u,0.054794520139694214, 1.0, 0
u,0.06164383515715599, 1.0, 0
u,0.8698630332946777, 1.0, 0
u,0.06164383515715599, 1.0, 0
u,0.06849315017461777, 1.0, 0
u,0.8698630332946777, 1.0, 0
u,0.06849315017461777, 1.0, 0
u,0.07534246891736984, 1.0, 0
u,0.8698630332946777, 1.0, 0
u,0.07534246891736984, 1.0, 0
u,0.8630136847496033, 1.0, 0
u,0.8698630332946777, 1.0, 0
u,0.07534246891736984, 1.0, 0
u,0.08219178020954132, 1.0, 0
u,0.8630136847496033, 1.0, 0
u,0.08219178020954132, 1.0, 0
u,0.0890410989522934, 1.0, 0
u,0.8630136847496033, 1.0, 0
u,0.0890410989522934, 1.0, 0
u,0.8561643958091736, 1.0, 0
u,0.8630136847496033, 1.0, 0
u,0.09589041024446487, 1.0, 0
u,0.8561643958091736, 1.0, 0
u,0.0890410989522934, 1.0, 0
u,0.10273972898721695, 1.0, 0
u,0.8561643958091736, 1.0, 0
u,0.09589041024446487, 1.0, 0
u,0.10958904027938843, 1.0, 0
u,0.8561643958091736, 1.0, 0
u,0.10273972898721695, 1.0, 0
u,0.10958904027938843, 1.0, 0
u,0.8493150472640991, 1.0, 0
u,0.8561643958091736, 1.0, 0
u,0.1164383590221405, 1.0, 0
u,0.8493150472640991, 1.0, 0
u,0.10958904027938843, 1.0, 0
u,0.12328767031431198, 1.0, 0
u,0.8493150472640991, 1.0, 0
u,0.1164383590221405, 1.0, 0
u,0.13013698160648346, 1.0, 0
u,0.8493150472640991, 1.0, 0
u,0.12328767031431198, 1.0, 0
u,0.13013698160648346, 1.0, 0
u,0.8424657583236694, 1.0, 0
u,0.8493150472640991, 1.0, 0
u,0.13698630034923553, 1.0, 0
u,0.8424657583236694, 1.0, 0
u,0.13013698160648346, 1.0, 0
u,0.1438356190919876, 1.0, 0
u,0.8424657583236694, 1.0, 0
u,0.13698630034923553, 1.0, 0
u,0.1438356190919876, 1.0, 0
u,0.835616409778595, 1.0, 0
u,0.8424657583236694, 1.0, 0
u,0.15068493783473969, 1.0, 0
u,0.835616409778595, 1.0, 0
u,0.1438356190919876, 1.0, 0
u,0.15753424167633057, 1.0, 0
u,0.835616409778595, 1.0, 0
u,0.15068493783473969, 1.0, 0
u,0.15753424167633057, 1.0, 0
u,0.8287671208381653, 1.0, 0
u,0.835616409778595, 1.0, 0
u,0.16438356041908264, 1.0, 0
u,0.8287671208381653, 1.0, 0
u,0.15753424167633057, 1.0, 0
u,0.17123287916183472, 1.0, 0
u,0.8287671208381653, 1.0, 0
u,0.16438356041908264, 1.0, 0
u,0.17123287916183472, 1.0, 0
u,0.8219178318977356, 1.0, 0
u,0.8287671208381653, 1.0, 0
u,0.1780821979045868, 1.0, 0
u,0.8219178318977356, 1.0, 0
u,0.17123287916183472, 1.0, 0
u,0.1780821979045868, 1.0, 0
u,0.8150684833526611, 1.0, 0
u,0.8219178318977356, 1.0, 0
u,0.18493150174617767, 1.0, 0
u,0.8150684833526611, 1.0, 0
u,0.1780821979045868, 1.0, 0
u,0.18493150174617767, 1.0, 0
u,0.8082191944122314, 1.0, 0
u,0.8150684833526611, 1.0, 0
u,0.19178082048892975, 1.0, 0
u,0.8082191944122314, 1.0, 0
u,0.18493150174617767, 1.0, 0
u,0.19178082048892975, 1.0, 0
u,0.801369845867157, 1.0, 0
u,0.8082191944122314, 1.0, 0
u,0.19863013923168182, 1.0, 0
u,0.801369845867157, 1.0, 0
u,0.19178082048892975, 1.0, 0
u,0.19863013923168182, 1.0, 0
u,0.7945205569267273, 1.0, 0
u,0.801369845867157, 1.0, 0
u,0.2054794579744339, 1.0, 0
u,0.7945205569267273, 1.0, 0
u,0.19863013923168182, 1.0, 0
u,0.21232876181602478, 1.0, 0
u,0.7945205569267273, 1.0, 0
u,0.2054794579744339, 1.0, 0
u,0.21232876181602478, 1.0, 0
u,0.7876712083816528, 1.0, 0
u,0.7945205569267273, 1.0, 0
u,0.21917808055877686, 1.0, 0
u,0.7876712083816528, 1.0, 0
u,0.21232876181602478, 1.0, 0
u,0.21917808055877686, 1.0, 0
u,0.7808219194412231, 1.0, 0
u,0.7876712083816528, 1.0, 0
u,0.22602739930152893, 1.0, 0
u,0.7808219194412231, 1.0, 0
u,0.21917808055877686, 1.0, 0
u,0.232876718044281, 1.0, 0
u,0.7808219194412231, 1.0, 0
u,0.22602739930152893, 1.0, 0
u,0.2397260218858719, 1.0, 0
u,0.7808219194412231, 1.0, 0
u,0.232876718044281, 1.0, 0
u,0.2397260218858719, 1.0, 0
u,0.7739726305007935, 1.0, 0
u,0.7808219194412231, 1.0, 0
u,0.24657534062862396, 1.0, 0
u,0.7739726305007935, 1.0, 0
u,0.2397260218858719, 1.0, 0
u,0.25342464447021484, 1.0, 0
u,0.7739726305007935, 1.0, 0
u,0.24657534062862396, 1.0, 0
u,0.25342464447021484, 1.0, 0
u,0.767123281955719, 1.0, 0
u,0.7739726305007935, 1.0, 0
u,0.25342464447021484, 1.0, 0
u,0.7602739930152893, 1.0, 0
u,0.767123281955719, 1.0, 0
u,0.25342464447021484, 1.0, 0
u,0.7534246444702148, 1.0, 0
u,0.7602739930152893, 1.0, 0
u,0.25342464447021484, 1.0, 0
u,0.7465753555297852, 1.0, 0
u,0.7534246444702148, 1.0, 0
u,0.25342464447021484, 1.0, 0
u,0.7397260069847107, 1.0, 0
u,0.7465753555297852, 1.0, 0
u,0.25342464447021484, 1.0, 0
u,0.732876718044281, 1.0, 0
u,0.7397260069847107, 1.0, 0
u,0.25342464447021484, 1.0, 0
u,0.7260273694992065, 1.0, 0
u,0.732876718044281, 1.0, 0
u,0.25342464447021484, 1.0, 0
u,0.7191780805587769, 1.0, 0
u,0.7260273694992065, 1.0, 0
u,0.25342464447021484, 1.0, 0
u,0.2602739632129669, 1.0, 0
u,0.7191780805587769, 1.0, 0
u,0.2602739632129669, 1.0, 0
u,0.7123287916183472, 1.0, 0
u,0.7191780805587769, 1.0, 0
u,0.267123281955719, 1.0, 0
u,0.7123287916183472, 1.0, 0
u,0.2602739632129669, 1.0, 0
u,0.27397260069847107, 1.0, 0
u,0.7123287916183472, 1.0, 0
u,0.267123281955719, 1.0, 0
u,0.28082191944122314, 1.0, 0
u,0.7123287916183472, 1.0, 0
u,0.27397260069847107, 1.0, 0
u,0.28082191944122314, 1.0, 0
u,0.7054794430732727, 1.0, 0
u,0.7123287916183472, 1.0, 0
u,0.2876712381839752, 1.0, 0
u,0.7054794430732727, 1.0, 0
u,0.28082191944122314, 1.0, 0
u,0.2945205569267273, 1.0, 0
u,0.7054794430732727, 1.0, 0
u,0.2876712381839752, 1.0, 0
u,0.2945205569267273, 1.0, 0
u,0.698630154132843, 1.0, 0
u,0.7054794430732727, 1.0, 0
u,0.30136987566947937, 1.0, 0
u,0.698630154132843, 1.0, 0
u,0.2945205569267273, 1.0, 0
u,0.30136987566947937, 1.0, 0
u,0.6917808055877686, 1.0, 0
u,0.698630154132843, 1.0, 0
u,0.30821916460990906, 1.0, 0
u,0.6917808055877686, 1.0, 0
u,0.30136987566947937, 1.0, 0
u,0.31506848335266113, 1.0, 0
u,0.6917808055877686, 1.0, 0
u,0.30821916460990906, 1.0, 0
u,0.31506848335266113, 1.0, 0
u,0.6849315166473389, 1.0, 0
u,0.6917808055877686, 1.0, 0
u,0.3219178020954132, 1.0, 0
u,0.6849315166473389, 1.0, 0
u,0.31506848335266113, 1.0, 0
u,0.3219178020954132, 1.0, 0
u,0.6780821681022644, 1.0, 0
u,0.6849315166473389, 1.0, 0
u,0.3287671208381653, 1.0, 0
u,0.6780821681022644, 1.0, 0
u,0.3219178020954132, 1.0, 0
u,0.3287671208381653, 1.0, 0
u,0.6712328791618347, 1.0, 0
u,0.6780821681022644, 1.0, 0
u,0.33561643958091736, 1.0, 0
u,0.6712328791618347, 1.0, 0
u,0.3287671208381653, 1.0, 0
u,0.33561643958091736, 1.0, 0
u,0.664383590221405, 1.0, 0
u,0.6712328791618347, 1.0, 0
u,0.34246575832366943, 1.0, 0
u,0.664383590221405, 1.0, 0
u,0.33561643958091736, 1.0, 0
u,0.3493150770664215, 1.0, 0
u,0.664383590221405, 1.0, 0
u,0.34246575832366943, 1.0, 0
u,0.3493150770664215, 1.0, 0
u,0.6575342416763306, 1.0, 0
u,0.664383590221405, 1.0, 0
u,0.3561643958091736, 1.0, 0
u,0.6575342416763306, 1.0, 0
u,0.3493150770664215, 1.0, 0
u,0.36301368474960327, 1.0, 0
u,0.6575342416763306, 1.0, 0
u,0.3561643958091736, 1.0, 0
u,0.36301368474960327, 1.0, 0
u,0.6506849527359009, 1.0, 0
u,0.6575342416763306, 1.0, 0
u,0.5068492889404297, 1.0, 0
u,0.4931506812572479, 1.0, 0
u,0.5, 1.0, 0
u,0.36986300349235535, 1.0, 0
u,0.6506849527359009, 1.0, 0
u,0.36301368474960327, 1.0, 0
u,0.5068492889404297, 1.0, 0
u,0.48630136251449585, 1.0, 0
u,0.4931506812572479, 1.0, 0
u,0.3767123222351074, 1.0, 0
u,0.6506849527359009, 1.0, 0
u,0.36986300349235535, 1.0, 0
u,0.5068492889404297, 1.0, 0
u,0.4794520437717438, 1.0, 0
u,0.48630136251449585, 1.0, 0
u,0.3767123222351074, 1.0, 0
u,0.6438356041908264, 1.0, 0
u,0.6506849527359009, 1.0, 0
u,0.3835616409778595, 1.0, 0
u,0.6438356041908264, 1.0, 0
u,0.3767123222351074, 1.0, 0
u,0.5068492889404297, 1.0, 0
u,0.4726027250289917, 1.0, 0
u,0.4794520437717438, 1.0, 0
u,0.5068492889404297, 1.0, 0
u,0.465753436088562, 1.0, 0
u,0.4726027250289917, 1.0, 0
u,0.3904109597206116, 1.0, 0
u,0.6438356041908264, 1.0, 0
u,0.3835616409778595, 1.0, 0
u,0.5068492889404297, 1.0, 0
u,0.45890411734580994, 1.0, 0
u,0.465753436088562, 1.0, 0
u,0.39726027846336365, 1.0, 0
u,0.6438356041908264, 1.0, 0
u,0.3904109597206116, 1.0, 0
u,0.5068492889404297, 1.0, 0
u,0.45205479860305786, 1.0, 0
u,0.45890411734580994, 1.0, 0
u,0.5068492889404297, 1.0, 0
u,0.4452054798603058, 1.0, 0
u,0.45205479860305786, 1.0, 0
u,0.4041095972061157, 1.0, 0
u,0.6438356041908264, 1.0, 0
u,0.39726027846336365, 1.0, 0
u,0.4041095972061157, 1.0, 0
u,0.6369863152503967, 1.0, 0
u,0.6438356041908264, 1.0, 0
u,0.5068492889404297, 1.0, 0
u,0.4383561611175537, 1.0, 0
u,0.4452054798603058, 1.0, 0
u,0.4109589159488678, 1.0, 0
u,0.6369863152503967, 1.0, 0
u,0.4041095972061157, 1.0, 0
u,0.5068492889404297, 1.0, 0
u,0.43150684237480164, 1.0, 0
u,0.4383561611175537, 1.0, 0
u,0.5068492889404297, 1.0, 0
u,0.42465752363204956, 1.0, 0
u,0.43150684237480164, 1.0, 0
u,0.4178082048892975, 1.0, 0
u,0.6369863152503967, 1.0, 0
u,0.4109589159488678, 1.0, 0
u,0.5068492889404297, 1.0, 0
u,0.4178082048892975, 1.0, 0
u,0.42465752363204956, 1.0, 0
u,0.5068492889404297, 1.0, 0
u,0.6369863152503967, 1.0, 0
u,0.4178082048892975, 1.0, 0
u,0.5068492889404297, 1.0, 0
u,0.6301369667053223, 1.0, 0
u,0.6369863152503967, 1.0, 0
u,0.5068492889404297, 1.0, 0
u,0.6232876777648926, 1.0, 0
u,0.6301369667053223, 1.0, 0
u,0.5068492889404297, 1.0, 0
u,0.6164383292198181, 1.0, 0
u,0.6232876777648926, 1.0, 0
u,0.5136986374855042, 1.0, 0
u,0.6164383292198181, 1.0, 0
u,0.5068492889404297, 1.0, 0
u,0.5205479264259338, 1.0, 0
u,0.6164383292198181, 1.0, 0
u,0.5136986374855042, 1.0, 0
u,0.5273972749710083, 1.0, 0
u,0.6164383292198181, 1.0, 0
u,0.5205479264259338, 1.0, 0
u,0.5273972749710083, 1.0, 0
u,0.6095890402793884, 1.0, 0
u,0.6164383292198181, 1.0, 0
u,0.534246563911438, 1.0, 0
u,0.6095890402793884, 1.0, 0
u,0.5273972749710083, 1.0, 0
u,0.5410959124565125, 1.0, 0
u,0.6095890402793884, 1.0, 0
u,0.534246563911438, 1.0, 0
u,0.5410959124565125, 1.0, 0
u,0.6027397513389587, 1.0, 0
u,0.6095890402793884, 1.0, 0
u,0.5479452013969421, 1.0, 0
u,0.6027397513389587, 1.0, 0
u,0.5410959124565125, 1.0, 0
u,0.5547945499420166, 1.0, 0
u,0.6027397513389587, 1.0, 0
u,0.5479452013969421, 1.0, 0
u,0.5616438388824463, 1.0, 0
u,0.6027397513389587, 1.0, 0
u,0.5547945499420166, 1.0, 0
u,0.5616438388824463, 1.0, 0
u,0.5958904027938843, 1.0, 0
u,0.6027397513389587, 1.0, 0
u,0.568493127822876, 1.0, 0
u,0.5958904027938843, 1.0, 0
u,0.5616438388824463, 1.0, 0
u,0.5753424763679504, 1.0, 0
u,0.5958904027938843, 1.0, 0
u,0.568493127822876, 1.0, 0
u,0.5753424763679504, 1.0, 0
u,0.5890411138534546, 1.0, 0
u,0.5958904027938843, 1.0, 0
u,0.5821917653083801, 1.0, 0
u,0.5890411138534546, 1.0, 0
u,0.5753424763679504, 1.0, 0
