v,-2.1763416069298103e-10, -0.0003206494147889316, -0.010979587212204933
v,-2.5774954393043004e-10, -0.0019532039295881987, -0.01169440895318985
v,-2.689926059673553e-10, -0.0010047341929748654, -0.010488728061318398
v,-1.673102489885281e-10, 0.000308342365315184, -0.011501872912049294
v,-2.5774954393043004e-10, -0.0019532039295881987, -0.01169440895318985
v,-2.1763416069298103e-10, -0.0003206494147889316, -0.010979587212204933
v,-1.181769820890466e-10, 0.0008814039174467325, -0.012052848935127258
v,-2.5774954393043004e-10, -0.0019532039295881987, -0.01169440895318985
v,-1.673102489885281e-10, 0.000308342365315184, -0.011501872912049294
v,-1.181769820890466e-10, 0.0008814039174467325, -0.012052848935127258
v,-2.3061651199807187e-10, -0.0015714975306764245, -0.011933434754610062
v,-2.5774954393043004e-10, -0.0019532039295881987, -0.01169440895318985
v,-1.181769820890466e-10, 0.0008814039174467325, -0.012052848935127258
v,-2.0277350631925373e-10, -0.0011997270630672574, -0.012198638170957565
v,-2.3061651199807187e-10, -0.0015714975306764245, -0.011933434754610062
v,-7.03905753129952e-11, 0.0013976979535073042, -0.012629780918359756
v,-2.0277350631925373e-10, -0.0011997270630672574, -0.012198638170957565
v,-1.181769820890466e-10, 0.0008814039174467325, -0.012052848935127258
v,-7.03905753129952e-11, 0.0013976979535073042, -0.012629780918359756
v,-1.7444737321348214e-10, -0.0008404600666835904, -0.012487396597862244
v,-2.0277350631925373e-10, -0.0011997270630672574, -0.012198638170957565
v,-7.03905753129952e-11, 0.0013976979535073042, -0.012629780918359756
v,-1.458650700225661e-10, -0.0004962640232406557, -0.01279708743095398
v,-1.7444737321348214e-10, -0.0008404600666835904, -0.012487396597862244
v,-2.4107141630147488e-11, 0.0018563871271908283, -0.013229932636022568
v,-1.458650700225661e-10, -0.0004962640232406557, -0.01279708743095398
v,-7.03905753129952e-11, 0.0013976979535073042, -0.012629780918359756
v,-2.4107141630147488e-11, 0.0018563871271908283, -0.013229932636022568
v,-1.1725348469937558e-10, -0.0001697066763881594, -0.013125087134540081
v,-1.458650700225661e-10, -0.0004962640232406557, -0.01279708743095398
v,-2.4107141630147488e-11, 0.0018563871271908283, -0.013229932636022568
v,-8.883953295235614e-11, 0.00013664434663951397, -0.013468771241605282
v,-1.1725348469937558e-10, -0.0001697066763881594, -0.013125087134540081
v,2.051715568274215e-11, 0.0022566344123333693, -0.013850570656359196
v,-8.883953295235614e-11, 0.00013664434663951397, -0.013468771241605282
v,-2.4107141630147488e-11, 0.0018563871271908283, -0.013229932636022568
v,2.051715568274215e-11, 0.0022566344123333693, -0.013850570656359196
v,-6.085012355105945e-11, 0.0004202213604003191, -0.013825517147779465
v,-8.883953295235614e-11, 0.00013664434663951397, -0.013468771241605282
v,2.051715568274215e-11, 0.0022566344123333693, -0.013850570656359196
v,-3.35121722039311e-11, 0.0006784567958675325, -0.014192701317369938
v,-6.085012355105945e-11, 0.0004202213604003191, -0.013825517147779465
v,6.332616375726019e-11, 0.002597602317109704, -0.01448895875364542
v,-3.35121722039311e-11, 0.0006784567958675325, -0.014192701317369938
v,2.051715568274215e-11, 0.0022566344123333693, -0.013850570656359196
v,6.332616375726019e-11, 0.002597602317109704, -0.01448895875364542
v,-7.052589415246224e-12, 0.0009087828802876174, -0.01456770021468401
v,-3.35121722039311e-11, 0.0006784567958675325, -0.014192701317369938
v,1.0416371931665225e-10, 0.0028784533496946096, -0.015142361633479595
v,-7.052589415246224e-12, 0.0009087828802876174, -0.01456770021468401
v,6.332616375726019e-11, 0.002597602317109704, -0.01448895875364542
v,1.0416371931665225e-10, 0.0028784533496946096, -0.015142361633479595
v,1.8301712575996554e-11, 0.001108631957322359, -0.014947889372706413
v,-7.052589415246224e-12, 0.0009087828802876174, -0.01456770021468401
v,1.0416371931665225e-10, 0.0028784533496946096, -0.015142361633479595
v,4.232382500024556e-11, 0.0012754364870488644, -0.015330647118389606
v,1.8301712575996554e-11, 0.001108631957322359, -0.014947889372706413
v,1.4287368510501608e-10, 0.003098350716754794, -0.015808045864105225
v,4.232382500024556e-11, 0.0012754364870488644, -0.015330647118389606
v,1.0416371931665225e-10, 0.0028784533496946096, -0.015142361633479595
v,-2.2117807585431137e-11, -0.00013595526979770511, -0.015267785638570786
v,-4.757252924925126e-11, -0.0007419867324642837, -0.015291481278836727
v,-3.007679175159872e-11, -0.00031347700860351324, -0.015263227745890617
v,-1.4070993502313112e-11, 3.497987927403301e-05, -0.01528094056993723
v,-4.757252924925126e-11, -0.0007419867324642837, -0.015291481278836727
v,-2.2117807585431137e-11, -0.00013595526979770511, -0.015267785638570786
v,-5.965616889369585e-12, 0.00019944008090533316, -0.015301910229027271
v,-4.757252924925126e-11, -0.0007419867324642837, -0.015291481278836727
v,-1.4070993502313112e-11, 3.497987927403301e-05, -0.01528094056993723
v,-5.965616889369585e-12, 0.00019944008090533316, -0.015301910229027271
v,-6.176954781000887e-11, -0.0011493415804579854, -0.015374046750366688
v,-4.757252924925126e-11, -0.0007419867324642837, -0.015291481278836727
v,2.1690392537632164e-12, 0.00035753697738982737, -0.015329912304878235
v,-6.176954781000887e-11, -0.0011493415804579854, -0.015374046750366688
v,-5.965616889369585e-12, 0.00019944008090533316, -0.015301910229027271
v,1.0303695396896018e-11, 0.000509382167365402, -0.015364166349172592
v,-6.176954781000887e-11, -0.0011493415804579854, -0.015374046750366688
v,2.1690392537632164e-12, 0.00035753697738982737, -0.015329912304878235
v,1.4287368510501608e-10, 0.003098350716754794, -0.015808045864105225
v,6.478684949628999e-11, 0.0014066288713365793, -0.015713348984718323
v,4.232382500024556e-11, 0.0012754364870488644, -0.015330647118389606
v,1.840906940775433e-11, 0.000655087293125689, -0.015403890050947666
v,-6.176954781000887e-11, -0.0011493415804579854, -0.015374046750366688
v,1.0303695396896018e-11, 0.000509382167365402, -0.015364166349172592
v,1.840906940775433e-11, 0.000655087293125689, -0.015403890050947666
v,-7.267756535478398e-11, -0.001532471040263772, -0.01550762914121151
v,-6.176954781000887e-11, -0.0011493415804579854, -0.015374046750366688
v,2.6455887827681046e-11, 0.000794764026068151, -0.015448303893208504
v,-7.267756535478398e-11, -0.001532471040263772, -0.01550762914121151
v,1.840906940775433e-11, 0.000655087293125689, -0.015403890050947666
v,3.44148667896782e-11, 0.0009285240084864199, -0.015496623702347279
v,-7.267756535478398e-11, -0.001532471040263772, -0.01550762914121151
v,2.6455887827681046e-11, 0.000794764026068151, -0.015448303893208504
v,4.2256732835088684e-11, 0.001056478824466467, -0.015548069961369038
v,-7.267756535478398e-11, -0.001532471040263772, -0.01550762914121151
v,3.44148667896782e-11, 0.0009285240084864199, -0.015496623702347279
v,4.2256732835088684e-11, 0.001056478824466467, -0.015548069961369038
v,-8.030634490729938e-11, -0.0018883052980527282, -0.015688937157392502
v,-7.267756535478398e-11, -0.001532471040263772, -0.01550762914121151
v,4.995219862746758e-11, 0.001178740058094263, -0.015601860359311104
v,-8.030634490729938e-11, -0.0018883052980527282, -0.015688937157392502
v,4.2256732835088684e-11, 0.001056478824466467, -0.015548069961369038
v,5.747199591232821e-11, 0.0012954195262864232, -0.01565721444785595
v,-8.030634490729938e-11, -0.0018883052980527282, -0.015688937157392502
v,4.995219862746758e-11, 0.001178740058094263, -0.015601860359311104
v,6.478684949628999e-11, 0.0014066288713365793, -0.015713348984718323
v,-8.030634490729938e-11, -0.0018883052980527282, -0.015688937157392502
v,5.747199591232821e-11, 0.0012954195262864232, -0.01565721444785595
v,6.478684949628999e-11, 0.0014066288713365793, -0.015713348984718323
v,-8.466565643017177e-11, -0.002213774248957634, -0.01591467671096325
v,-8.030634490729938e-11, -0.0018883052980527282, -0.015688937157392502
v,1.4287368510501608e-10, 0.003098350716754794, -0.015808045864105225
v,-8.466565643017177e-11, -0.002213774248957634, -0.01591467671096325
v,6.478684949628999e-11, 0.0014066288713365793, -0.015713348984718323
v,1.7929986662057473e-10, 0.0032564569264650345, -0.01648327335715294
v,-8.466565643017177e-11, -0.002213774248957634, -0.01591467671096325
v,1.4287368510501608e-10, 0.003098350716754794, -0.015808045864105225
v,1.7929986662057473e-10, 0.0032564569264650345, -0.01648327335715294
v,-8.576524906933614e-11, -0.0025058079045265913, -0.01618155464529991
v,-8.466565643017177e-11, -0.002213774248957634, -0.01591467671096325
v,1.7929986662057473e-10, 0.0032564569264650345, -0.01648327335715294
v,-8.361488584851529e-11, -0.002761336276307702, -0.01648627780377865
v,-8.576524906933614e-11, -0.0025058079045265913, -0.01618155464529991
v,2.1328618038385372e-10, 0.0033519344870001078, -0.01716531068086624
v,7.057308903934967e-11, 0.0004669508198276162, -0.016785399988293648
v,1.7929986662057473e-10, 0.0032564569264650345, -0.01648327335715294
v,7.057308903934967e-11, 0.0004669508198276162, -0.016785399988293648
v,6.360593302057183e-11, 0.00032307839137502015, -0.016769882291555405
v,1.7929986662057473e-10, 0.0032564569264650345, -0.01648327335715294
v,6.360593302057183e-11, 0.00032307839137502015, -0.016769882291555405
v,-8.361488584851529e-11, -0.002761336276307702, -0.01648627780377865
v,1.7929986662057473e-10, 0.0032564569264650345, -0.01648327335715294
v,6.360593302057183e-11, 0.00032307839137502015, -0.016769882291555405
v,5.6565578610001666e-11, 0.00017083319835364819, -0.016761064529418945
v,-8.361488584851529e-11, -0.002761336276307702, -0.01648627780377865
v,5.6565578610001666e-11, 0.00017083319835364819, -0.016761064529418945
v,4.932758715381347e-11, 8.038253326958511e-06, -0.016758272424340248
v,-8.361488584851529e-11, -0.002761336276307702, -0.01648627780377865
v,4.932758715381347e-11, 8.038253326958511e-06, -0.016758272424340248
v,-7.82243159136442e-11, -0.0029772892594337463, -0.01682555302977562
v,-8.361488584851529e-11, -0.002761336276307702, -0.01648627780377865
v,3.881686985729438e-11, -0.00024721084628254175, -0.01677306368947029
v,-7.82243159136442e-11, -0.0029772892594337463, -0.01682555302977562
v,4.932758715381347e-11, 8.038253326958511e-06, -0.016758272424340248
v,3.0123882555077586e-11, -0.0004893426084890962, -0.01681632362306118
v,-7.82243159136442e-11, -0.0029772892594337463, -0.01682555302977562
v,3.881686985729438e-11, -0.00024721084628254175, -0.01677306368947029
v,2.1328618038385372e-10, 0.0033519344870001078, -0.01716531068086624
v,7.759148878960787e-11, 0.0006046273629181087, -0.01680828630924225
v,7.057308903934967e-11, 0.0004669508198276162, -0.016785399988293648
v,2.1328618038385372e-10, 0.0033519344870001078, -0.01716531068086624
v,8.478556051683128e-11, 0.0007382850162684917, -0.01683920994400978
v,7.759148878960787e-11, 0.0006046273629181087, -0.01680828630924225
v,2.3251069472540742e-11, -0.0007166266441345215, -0.016886375844478607
v,-7.82243159136442e-11, -0.0029772892594337463, -0.01682555302977562
v,3.0123882555077586e-11, -0.0004893426084890962, -0.01681632362306118
v,2.3251069472540742e-11, -0.0007166266441345215, -0.016886375844478607
v,-6.96033092273396e-11, -0.003150596749037504, -0.017196085304021835
v,-7.82243159136442e-11, -0.0029772892594337463, -0.01682555302977562
v,2.1328618038385372e-10, 0.0033519344870001078, -0.01716531068086624
v,9.227973940539869e-11, 0.0008701005717739463, -0.016878841444849968
v,8.478556051683128e-11, 0.0007382850162684917, -0.01683920994400978
v,2.1328618038385372e-10, 0.0033519344870001078, -0.01716531068086624
v,1.0019846063968885e-10, 0.001002251054160297, -0.016927849501371384
v,9.227973940539869e-11, 0.0008701005717739463, -0.016878841444849968
v,1.820086963089107e-11, -0.0009273324976675212, -0.016981547698378563
v,-6.96033092273396e-11, -0.003150596749037504, -0.017196085304021835
v,2.3251069472540742e-11, -0.0007166266441345215, -0.016886375844478607
v,2.1328618038385372e-10, 0.0033519344870001078, -0.01716531068086624
v,1.0866616634297444e-10, 0.0011369134299457073, -0.0169869065284729
v,1.0019846063968885e-10, 0.001002251054160297, -0.016927849501371384
v,1.4975716847165366e-11, -0.0011197298299521208, -0.01710016094148159
v,-6.96033092273396e-11, -0.003150596749037504, -0.017196085304021835
v,1.820086963089107e-11, -0.0009273324976675212, -0.016981547698378563
v,2.1328618038385372e-10, 0.0033519344870001078, -0.01716531068086624
v,1.178072778218464e-10, 0.0012762645492330194, -0.017056679353117943
v,1.0866616634297444e-10, 0.0011369134299457073, -0.0169869065284729
v,2.1328618038385372e-10, 0.0033519344870001078, -0.01716531068086624
v,1.2774624413847135e-10, 0.0014224812621250749, -0.017137838527560234
v,1.178072778218464e-10, 0.0012762645492330194, -0.017056679353117943
v,1.3578053612017804e-11, -0.0012920884182676673, -0.01724054478108883
v,-6.96033092273396e-11, -0.003150596749037504, -0.017196085304021835
v,1.4975716847165366e-11, -0.0011197298299521208, -0.01710016094148159
v,2.1328618038385372e-10, 0.0033519344870001078, -0.01716531068086624
v,1.3860748659944022e-10, 0.0015777406515553594, -0.017231056466698647
v,1.2774624413847135e-10, 0.0014224812621250749, -0.017137838527560234
v,2.446764180152883e-10, 0.0033839468378573656, -0.01785142347216606
v,1.3860748659944022e-10, 0.0015777406515553594, -0.017231056466698647
v,2.1328618038385372e-10, 0.0033519344870001078, -0.01716531068086624
v,1.3578053612017804e-11, -0.0012920884182676673, -0.01724054478108883
v,-5.776161493553644e-11, -0.0032781888730823994, -0.017594583332538605
v,-6.96033092273396e-11, -0.003150596749037504, -0.017196085304021835
v,2.446764180152883e-10, 0.0033839468378573656, -0.01785142347216606
v,1.505154612058135e-10, 0.0017442196840420365, -0.017336999997496605
v,1.3860748659944022e-10, 0.0015777406515553594, -0.017231056466698647
v,1.4010325885549513e-11, -0.0014426775742322206, -0.01740102469921112
v,-5.776161493553644e-11, -0.0032781888730823994, -0.017594583332538605
v,1.3578053612017804e-11, -0.0012920884182676673, -0.01724054478108883
v,2.446764180152883e-10, 0.0033839468378573656, -0.01785142347216606
v,1.727930576400638e-10, 0.0018183932406827807, -0.017772478982806206
v,1.505154612058135e-10, 0.0017442196840420365, -0.017336999997496605
v,1.627496575007381e-11, -0.0015697672497481108, -0.017579922452569008
v,-5.776161493553644e-11, -0.0032781888730823994, -0.017594583332538605
v,1.4010325885549513e-11, -0.0014426775742322206, -0.01740102469921112
v,2.0374415696244874e-11, -0.0016716268146410584, -0.01777556724846363
v,-5.776161493553644e-11, -0.0032781888730823994, -0.017594583332538605
v,1.627496575007381e-11, -0.0015697672497481108, -0.017579922452569008
v,2.0374415696244874e-11, -0.0016716268146410584, -0.01777556724846363
v,-4.270900300085145e-11, -0.0033569952938705683, -0.018017753958702087
v,-5.776161493553644e-11, -0.0032781888730823994, -0.017594583332538605
v,2.446764180152883e-10, 0.0033839468378573656, -0.01785142347216606
v,1.9124242467416508e-10, 0.0018352412153035402, -0.018177703022956848
v,1.727930576400638e-10, 0.0018183932406827807, -0.017772478982806206
v,2.631112515361078e-11, -0.0017465261043980718, -0.01798628270626068
v,-4.270900300085145e-11, -0.0033569952938705683, -0.018017753958702087
v,2.0374415696244874e-11, -0.0016716268146410584, -0.01777556724846363
v,2.6799501506857837e-10, 0.0033545768819749355, -0.018414262682199478
v,1.9124242467416508e-10, 0.0018352412153035402, -0.018177703022956848
v,2.446764180152883e-10, 0.0033839468378573656, -0.01785142347216606
v,3.4087524469761377e-11, -0.0017927346052601933, -0.01821039244532585
v,-4.270900300085145e-11, -0.0033569952938705683, -0.018017753958702087
v,2.631112515361078e-11, -0.0017465261043980718, -0.01798628270626068
v,3.4087524469761377e-11, -0.0017927346052601933, -0.01821039244532585
v,-2.4455245120624802e-11, -0.0033839463721960783, -0.018462304025888443
v,-4.270900300085145e-11, -0.0033569952938705683, -0.018017753958702087
v,2.6799501506857837e-10, 0.0033545768819749355, -0.018414262682199478
v,2.0601728656366447e-10, 0.001799731282517314, -0.01855122298002243
v,1.9124242467416508e-10, 0.0018352412153035402, -0.018177703022956848
v,4.370604572700998e-11, -0.0018085221527144313, -0.01844622753560543
v,-2.4455245120624802e-11, -0.0033839463721960783, -0.018462304025888443
v,3.4087524469761377e-11, -0.0017927346052601933, -0.01821039244532585
v,2.873487836563271e-10, 0.003268216270953417, -0.018943384289741516
v,2.0601728656366447e-10, 0.001799731282517314, -0.01855122298002243
v,2.6799501506857837e-10, 0.0033545768819749355, -0.018414262682199478
v,5.577952683077925e-11, -0.0017940000398084521, -0.018707914277911186
v,-2.4455245120624802e-11, -0.0033839463721960783, -0.018462304025888443
v,4.370604572700998e-11, -0.0018085221527144313, -0.01844622753560543
v,5.577952683077925e-11, -0.0017940000398084521, -0.018707914277911186
v,-3.9331610884874024e-12, -0.003353832056745887, -0.018901679664850235
v,-2.4455245120624802e-11, -0.0033839463721960783, -0.018462304025888443
v,2.873487836563271e-10, 0.003268216270953417, -0.018943384289741516
v,2.1727135368632133e-10, 0.0017168313497677445, -0.018891584128141403
v,2.0601728656366447e-10, 0.001799731282517314, -0.01855122298002243
v,6.838490884675252e-11, -0.0017512894701212645, -0.018953580409288406
v,-3.9331610884874024e-12, -0.003353832056745887, -0.018901679664850235
v,5.577952683077925e-11, -0.0017940000398084521, -0.018707914277911186
v,2.873487836563271e-10, 0.003268216270953417, -0.018943384289741516
v,2.2515836417547064e-10, 0.0015915094409137964, -0.019197341054677963
v,2.1727135368632133e-10, 0.0017168313497677445, -0.018891584128141403
v,6.838490884675252e-11, -0.0017512894701212645, -0.018953580409288406
v,1.8389565911713923e-11, -0.003266280749812722, -0.019324813038110733
v,-3.9331610884874024e-12, -0.003353832056745887, -0.018901679664850235
v,3.027255113252636e-10, 0.0031274883076548576, -0.019435890018939972
v,2.2515836417547064e-10, 0.0015915094409137964, -0.019197341054677963
v,2.873487836563271e-10, 0.003268216270953417, -0.018943384289741516
v,8.14099482271402e-11, -0.0016816742718219757, -0.01918194442987442
v,1.8389565911713923e-11, -0.003266280749812722, -0.019324813038110733
v,6.838490884675252e-11, -0.0017512894701212645, -0.018953580409288406
v,9.47424222408344e-11, -0.001586438505910337, -0.01939171925187111
v,1.8389565911713923e-11, -0.003266280749812722, -0.019324813038110733
v,8.14099482271402e-11, -0.0016816742718219757, -0.01918194442987442
v,3.027255113252636e-10, 0.0031274883076548576, -0.019435890018939972
v,2.2983201453108393e-10, 0.0014287331141531467, -0.019467037171125412
v,2.2515836417547064e-10, 0.0015915094409137964, -0.019197341054677963
v,9.47424222408344e-11, -0.001586438505910337, -0.01939171925187111
v,4.214695259463497e-11, -0.0031254782807081938, -0.019727515056729317
v,1.8389565911713923e-11, -0.003266280749812722, -0.019324813038110733
v,1.082700804011516e-10, -0.001466865767724812, -0.019581623375415802
v,4.214695259463497e-11, -0.0031254782807081938, -0.019727515056729317
v,9.47424222408344e-11, -0.001586438505910337, -0.01939171925187111
v,3.1411295786654136e-10, 0.0029350165277719498, -0.019888877868652344
v,2.2983201453108393e-10, 0.0014287331141531467, -0.019467037171125412
v,3.027255113252636e-10, 0.0031274883076548576, -0.019435890018939972
v,3.1411295786654136e-10, 0.0029350165277719498, -0.019888877868652344
v,2.3144601513092056e-10, 0.00123347039334476, -0.019699225202202797
v,2.2983201453108393e-10, 0.0014287331141531467, -0.019467037171125412
v,1.2188069997698392e-10, -0.0013242400018498302, -0.01975037343800068
v,4.214695259463497e-11, -0.0031254782807081938, -0.019727515056729317
v,1.082700804011516e-10, -0.001466865767724812, -0.019581623375415802
v,3.1411295786654136e-10, 0.0029350165277719498, -0.019888877868652344
v,2.3015409023052769e-10, 0.001010688953101635, -0.01989245042204857
v,2.3144601513092056e-10, 0.00123347039334476, -0.019699225202202797
v,1.2188069997698392e-10, -0.0013242400018498302, -0.01975037343800068
v,6.69730243485489e-11, -0.0029356114100664854, -0.020105602219700813
v,4.214695259463497e-11, -0.0031254782807081938, -0.019727515056729317
v,1.3546204435943565e-10, -0.001159844920039177, -0.01989668235182762
v,6.69730243485489e-11, -0.0029356114100664854, -0.020105602219700813
v,1.2188069997698392e-10, -0.0013242400018498302, -0.01975037343800068
v,3.2149896633804076e-10, 0.002693424466997385, -0.02029944211244583
v,2.3015409023052769e-10, 0.001010688953101635, -0.01989245042204857
v,3.1411295786654136e-10, 0.0029350165277719498, -0.019888877868652344
v,3.2149896633804076e-10, 0.002693424466997385, -0.02029944211244583
v,2.2610993632987686e-10, 0.000765356991905719, -0.020045261830091476
v,2.3015409023052769e-10, 0.001010688953101635, -0.01989245042204857
v,1.489018769396111e-10, -0.0009749644668772817, -0.02001926861703396
v,6.69730243485489e-11, -0.0029356114100664854, -0.020105602219700813
v,1.3546204435943565e-10, -0.001159844920039177, -0.01989668235182762
v,1.6208795416972066e-10, -0.0007708824123255908, -0.02011684887111187
v,6.69730243485489e-11, -0.0029356114100664854, -0.020105602219700813
v,1.489018769396111e-10, -0.0009749644668772817, -0.02001926861703396
v,3.2149896633804076e-10, 0.002693424466997385, -0.02029944211244583
v,2.1946727768451524e-10, 0.0005024420679546893, -0.020156212151050568
v,2.2610993632987686e-10, 0.000765356991905719, -0.020045261830091476
v,1.6208795416972066e-10, -0.0007708824123255908, -0.02011684887111187
v,9.250177013253591e-11, -0.00270086620002985, -0.02045488730072975
v,6.69730243485489e-11, -0.0029356114100664854, -0.020105602219700813
v,1.7490804637976254e-10, -0.0005488826427608728, -0.020188139751553535
v,9.250177013253591e-11, -0.00270086620002985, -0.02045488730072975
v,1.6208795416972066e-10, -0.0007708824123255908, -0.02011684887111187
v,3.2149896633804076e-10, 0.002693424466997385, -0.02029944211244583
v,2.103798524277778e-10, 0.00022691217600367963, -0.020223844796419144
v,2.1946727768451524e-10, 0.0005024420679546893, -0.020156212151050568
v,1.8724989614415932e-10, -0.0003102488990407437, -0.020231854170560837
v,9.250177013253591e-11, -0.00270086620002985, -0.02045488730072975
v,1.7490804637976254e-10, -0.0005488826427608728, -0.020188139751553535
v,3.2149896633804076e-10, 0.002693424466997385, -0.02029944211244583
v,1.9900132930406045e-10, -5.626489655696787e-05, -0.020246712490916252
v,2.103798524277778e-10, 0.00022691217600367963, -0.020223844796419144
v,1.9900132930406045e-10, -5.626489655696787e-05, -0.020246712490916252
v,9.250177013253591e-11, -0.00270086620002985, -0.02045488730072975
v,1.8724989614415932e-10, -0.0003102488990407437, -0.020231854170560837
v,3.2149896633804076e-10, 0.002693424466997385, -0.02029944211244583
v,9.250177013253591e-11, -0.00270086620002985, -0.02045488730072975
v,1.9900132930406045e-10, -5.626489655696787e-05, -0.020246712490916252
v,3.248713520420665e-10, 0.002405335195362568, -0.020664682611823082
v,9.250177013253591e-11, -0.00270086620002985, -0.02045488730072975
v,3.2149896633804076e-10, 0.002693424466997385, -0.02029944211244583
v,3.248713520420665e-10, 0.002405335195362568, -0.020664682611823082
v,1.1836723268210392e-10, -0.002425429178401828, -0.02077118307352066
v,9.250177013253591e-11, -0.00270086620002985, -0.02045488730072975
v,3.2421784701419654e-10, 0.002073372947052121, -0.020981693640351295
v,1.1836723268210392e-10, -0.002425429178401828, -0.02077118307352066
v,3.248713520420665e-10, 0.002405335195362568, -0.020664682611823082
v,3.2421784701419654e-10, 0.002073372947052121, -0.020981693640351295
v,1.4420341309939744e-10, -0.0021134871058166027, -0.021050304174423218
v,1.1836723268210392e-10, -0.002425429178401828, -0.02077118307352066
v,3.195263220678868e-10, 0.0017001604428514838, -0.02124757692217827
v,1.4420341309939744e-10, -0.0021134871058166027, -0.021050304174423218
v,3.2421784701419654e-10, 0.002073372947052121, -0.020981693640351295
v,3.195263220678868e-10, 0.0017001604428514838, -0.02124757692217827
v,1.696443402421366e-10, -0.0017692259280011058, -0.021288063377141953
v,1.4420341309939744e-10, -0.0021134871058166027, -0.021050304174423218
v,3.1078453699429076e-10, 0.0012883215676993132, -0.0214594267308712
v,1.696443402421366e-10, -0.0017692259280011058, -0.021288063377141953
v,3.195263220678868e-10, 0.0017001604428514838, -0.02124757692217827
v,3.1078453699429076e-10, 0.0012883215676993132, -0.0214594267308712
v,1.943240290902537e-10, -0.0013968320563435555, -0.021480275318026543
v,1.696443402421366e-10, -0.0017692259280011058, -0.021288063377141953
v,2.979803070957132e-10, 0.0008404796244576573, -0.02161434292793274
v,1.943240290902537e-10, -0.0013968320563435555, -0.021480275318026543
v,3.1078453699429076e-10, 0.0012883215676993132, -0.0214594267308712
v,2.979803070957132e-10, 0.0008404796244576573, -0.02161434292793274
v,2.1787645299031766e-10, -0.0010004921350628138, -0.021622750908136368
v,1.943240290902537e-10, -0.0013968320563435555, -0.021480275318026543
v,2.8110141991888327e-10, 0.0003592582361306995, -0.021709419786930084
v,2.1787645299031766e-10, -0.0010004921350628138, -0.021622750908136368
v,2.979803070957132e-10, 0.0008404796244576573, -0.02161434292793274
v,2.8110141991888327e-10, 0.0003592582361306995, -0.021709419786930084
v,2.39935682433412e-10, -0.0005843923427164555, -0.021711308509111404
v,2.1787645299031766e-10, -0.0010004921350628138, -0.021622750908136368
v,2.6013569076610565e-10, -0.00015271913434844464, -0.021741757169365883
v,2.39935682433412e-10, -0.0005843923427164555, -0.021711308509111404
v,2.8110141991888327e-10, 0.0003592582361306995, -0.021709419786930084
n,-62.20547866821289, 2.719087888181093e-06, -2.719087888181093e-06
n,-62.20547866821289, 2.719087888181093e-06, -2.719087888181093e-06
n,-62.20547866821289, 2.719087888181093e-06, -2.719087888181093e-06
n,-62.20547866821289, 2.719087888181093e-06, -2.719087888181093e-06
n,-62.20547866821289, 2.719087888181093e-06, -2.719087888181093e-06
n,-62.20547866821289, 2.719087888181093e-06, -2.719087888181093e-06
n,-62.20547866821289, 2.719087888181093e-06, -2.719087888181093e-06
n,-62.20547866821289, 2.719087888181093e-06, -2.719087888181093e-06
n,-62.20547866821289, 2.719087888181093e-06, -2.719087888181093e-06
n,-62.20547866821289, 2.719087888181093e-06, -2.719087888181093e-06
n,-62.20547866821289, 2.719087888181093e-06, -2.719087888181093e-06
n,-62.20547866821289, 2.719087888181093e-06, -2.719087888181093e-06
n,-62.20547866821289, 2.719087888181093e-06, -2.719087888181093e-06
n,-62.20547866821289, 2.719087888181093e-06, -2.719087888181093e-06
n,-62.20547866821289, 2.719087888181093e-06, -2.719087888181093e-06
n,-62.20547866821289, 2.719087888181093e-06, -2.719087888181093e-06
n,-62.20547866821289, 2.719087888181093e-06, -2.719087888181093e-06
n,-62.20547866821289, 2.719087888181093e-06, -2.719087888181093e-06
n,-62.20547866821289, 2.719087888181093e-06, -2.719087888181093e-06
n,-62.20547866821289, 2.719087888181093e-06, -2.719087888181093e-06
n,-62.20547866821289, 2.719087888181093e-06, -2.719087888181093e-06
n,-62.20547866821289, 2.719087888181093e-06, -2.719087888181093e-06
n,-62.20547866821289, 2.719087888181093e-06, -2.719087888181093e-06
n,-62.20547866821289, 2.719087888181093e-06, -2.719087888181093e-06
n,-62.20547866821289, 2.719087888181093e-06, -2.719087888181093e-06
n,-62.20547866821289, 2.719087888181093e-06, -2.719087888181093e-06
n,-62.20547866821289, 2.719087888181093e-06, -2.719087888181093e-06
n,-62.20547866821289, 2.719087888181093e-06, -2.719087888181093e-06
n,-62.20547866821289, 2.719087888181093e-06, -2.719087888181093e-06
n,-62.20547866821289, 2.719087888181093e-06, -2.719087888181093e-06
n,-62.20547866821289, 2.719087888181093e-06, -2.719087888181093e-06
n,-62.20547866821289, 2.719087888181093e-06, -2.719087888181093e-06
n,-62.20547866821289, 2.719087888181093e-06, -2.719087888181093e-06
n,-62.20547866821289, 2.719087888181093e-06, -2.719087888181093e-06
n,-62.20547866821289, 2.719087888181093e-06, -2.719087888181093e-06
n,-62.20547866821289, 2.719087888181093e-06, -2.719087888181093e-06
n,-62.20547866821289, 2.719087888181093e-06, -2.719087888181093e-06
n,-62.20547866821289, 2.719087888181093e-06, -2.719087888181093e-06
n,-62.20547866821289, 2.719087888181093e-06, -2.719087888181093e-06
n,-62.20547866821289, 2.719087888181093e-06, -2.719087888181093e-06
n,-62.20547866821289, 2.719087888181093e-06, -2.719087888181093e-06
n,-62.20547866821289, 2.719087888181093e-06, -2.719087888181093e-06
n,-62.20547866821289, 2.719087888181093e-06, -2.719087888181093e-06
n,-62.20547866821289, 2.719087888181093e-06, -2.719087888181093e-06
n,-62.20547866821289, 2.719087888181093e-06, -2.719087888181093e-06
n,-62.20547866821289, 2.719087888181093e-06, -2.719087888181093e-06
n,-62.20547866821289, 2.719087888181093e-06, -2.719087888181093e-06
n,-62.20547866821289, 2.719087888181093e-06, -2.719087888181093e-06
n,-62.20547866821289, 2.719087888181093e-06, -2.719087888181093e-06
n,-62.20547866821289, 2.719087888181093e-06, -2.719087888181093e-06
n,-62.20547866821289, 2.719087888181093e-06, -2.719087888181093e-06
n,-62.20547866821289, 2.719087888181093e-06, -2.719087888181093e-06
n,-62.20547866821289, 2.719087888181093e-06, -2.719087888181093e-06
n,-62.20547866821289, 2.719087888181093e-06, -2.719087888181093e-06
n,-62.20547866821289, 2.719087888181093e-06, -2.719087888181093e-06
n,-62.20547866821289, 2.719087888181093e-06, -2.719087888181093e-06
n,-62.20547866821289, 2.719087888181093e-06, -2.719087888181093e-06
n,-62.20547866821289, 2.719087888181093e-06, -2.719087888181093e-06
n,-62.20547866821289, 2.719087888181093e-06, -2.719087888181093e-06
n,-62.20547866821289, 2.719087888181093e-06, -2.719087888181093e-06
n,-62.20547866821289, 2.719087888181093e-06, -2.719087888181093e-06
n,-62.20547866821289, 2.719087888181093e-06, -2.719087888181093e-06
n,-62.20547866821289, 2.719087888181093e-06, -2.719087888181093e-06
n,-62.20547866821289, 2.719087888181093e-06, -2.719087888181093e-06
n,-62.20547866821289, 2.719087888181093e-06, -2.719087888181093e-06
n,-62.20547866821289, 2.719087888181093e-06, -2.719087888181093e-06
n,-62.20547866821289, 2.719087888181093e-06, -2.719087888181093e-06
n,-62.20547866821289, 2.719087888181093e-06, -2.719087888181093e-06
n,-62.20547866821289, 2.719087888181093e-06, -2.719087888181093e-06
n,-62.20547866821289, 2.719087888181093e-06, -2.719087888181093e-06
n,-62.20547866821289, 2.719087888181093e-06, -2.719087888181093e-06
n,-62.20547866821289, 2.719087888181093e-06, -2.719087888181093e-06
n,-62.20547866821289, 2.719087888181093e-06, -2.719087888181093e-06
n,-62.20547866821289, 2.719087888181093e-06, -2.719087888181093e-06
n,-62.20547866821289, 2.719087888181093e-06, -2.719087888181093e-06
n,-62.20547866821289, 2.719087888181093e-06, -2.719087888181093e-06
n,-62.20547866821289, 2.719087888181093e-06, -2.719087888181093e-06
n,-62.20547866821289, 2.719087888181093e-06, -2.719087888181093e-06
n,-62.20547866821289, 2.719087888181093e-06, -2.719087888181093e-06
n,-62.20547866821289, 2.719087888181093e-06, -2.719087888181093e-06
n,-62.20547866821289, 2.719087888181093e-06, -2.719087888181093e-06
n,-62.20547866821289, 2.719087888181093e-06, -2.719087888181093e-06
n,-62.20547866821289, 2.719087888181093e-06, -2.719087888181093e-06
n,-62.20547866821289, 2.719087888181093e-06, -2.719087888181093e-06
n,-62.20547866821289, 2.719087888181093e-06, -2.719087888181093e-06
n,-62.20547866821289, 2.719087888181093e-06, -2.719087888181093e-06
n,-62.20547866821289, 2.719087888181093e-06, -2.719087888181093e-06
n,-62.20547866821289, 2.719087888181093e-06, -2.719087888181093e-06
n,-62.20547866821289, 2.719087888181093e-06, -2.719087888181093e-06
n,-62.20547866821289, 2.719087888181093e-06, -2.719087888181093e-06
n,-62.20547866821289, 2.719087888181093e-06, -2.719087888181093e-06
n,-62.20547866821289, 2.719087888181093e-06, -2.719087888181093e-06
n,-62.20547866821289, 2.719087888181093e-06, -2.719087888181093e-06
n,-62.20547866821289, 2.719087888181093e-06, -2.719087888181093e-06
n,-62.20547866821289, 2.719087888181093e-06, -2.719087888181093e-06
n,-62.20547866821289, 2.719087888181093e-06, -2.719087888181093e-06
n,-62.20547866821289, 2.719087888181093e-06, -2.719087888181093e-06
n,-62.20547866821289, 2.719087888181093e-06, -2.719087888181093e-06
n,-62.20547866821289, 2.719087888181093e-06, -2.719087888181093e-06
n,-62.20547866821289, 2.719087888181093e-06, -2.719087888181093e-06
n,-62.20547866821289, 2.719087888181093e-06, -2.719087888181093e-06
n,-62.20547866821289, 2.719087888181093e-06, -2.719087888181093e-06
n,-62.20547866821289, 2.719087888181093e-06, -2.719087888181093e-06
n,-62.20547866821289, 2.719087888181093e-06, -2.719087888181093e-06
n,-62.20547866821289, 2.719087888181093e-06, -2.719087888181093e-06
n,-62.20547866821289, 2.719087888181093e-06, -2.719087888181093e-06
n,-62.20547866821289, 2.719087888181093e-06, -2.719087888181093e-06
n,-62.20547866821289, 2.719087888181093e-06, -2.719087888181093e-06
n,-62.20547866821289, 2.719087888181093e-06, -2.719087888181093e-06
n,-62.20547866821289, 2.719087888181093e-06, -2.719087888181093e-06
n,-62.20547866821289, 2.719087888181093e-06, -2.719087888181093e-06
n,-62.20547866821289, 2.719087888181093e-06, -2.719087888181093e-06
n,-62.20547866821289, 2.719087888181093e-06, -2.719087888181093e-06
n,-62.20547866821289, 2.719087888181093e-06, -2.719087888181093e-06
n,-62.20547866821289, 2.719087888181093e-06, -2.719087888181093e-06
n,-62.20547866821289, 2.719087888181093e-06, -2.719087888181093e-06
n,-62.20547866821289, 2.719087888181093e-06, -2.719087888181093e-06
n,-62.20547866821289, 2.719087888181093e-06, -2.719087888181093e-06
n,-62.20547866821289, 2.719087888181093e-06, -2.719087888181093e-06
n,-62.20547866821289, 2.719087888181093e-06, -2.719087888181093e-06
n,-62.20547866821289, 2.719087888181093e-06, -2.719087888181093e-06
n,-62.20547866821289, 2.719087888181093e-06, -2.719087888181093e-06
n,-62.20547866821289, 2.719087888181093e-06, -2.719087888181093e-06
n,-62.20547866821289, 2.719087888181093e-06, -2.719087888181093e-06
n,-62.20547866821289, 2.719087888181093e-06, -2.719087888181093e-06
n,-62.20547866821289, 2.719087888181093e-06, -2.719087888181093e-06
n,-62.20547866821289, 2.719087888181093e-06, -2.719087888181093e-06
n,-62.20547866821289, 2.719087888181093e-06, -2.719087888181093e-06
n,-62.20547866821289, 2.719087888181093e-06, -2.719087888181093e-06
n,-62.20547866821289, 2.719087888181093e-06, -2.719087888181093e-06
n,-62.20547866821289, 2.719087888181093e-06, -2.719087888181093e-06
n,-62.20547866821289, 2.719087888181093e-06, -2.719087888181093e-06
n,-62.20547866821289, 2.719087888181093e-06, -2.719087888181093e-06
n,-62.20547866821289, 2.719087888181093e-06, -2.719087888181093e-06
n,-62.20547866821289, 2.719087888181093e-06, -2.719087888181093e-06
n,-62.20547866821289, 2.719087888181093e-06, -2.719087888181093e-06
n,-62.20547866821289, 2.719087888181093e-06, -2.719087888181093e-06
n,-62.20547866821289, 2.719087888181093e-06, -2.719087888181093e-06
n,-62.20547866821289, 2.719087888181093e-06, -2.719087888181093e-06
n,-62.20547866821289, 2.719087888181093e-06, -2.719087888181093e-06
n,-62.20547866821289, 2.719087888181093e-06, -2.719087888181093e-06
n,-62.20547866821289, 2.719087888181093e-06, -2.719087888181093e-06
n,-62.20547866821289, 2.719087888181093e-06, -2.719087888181093e-06
n,-62.20547866821289, 2.719087888181093e-06, -2.719087888181093e-06
n,-62.20547866821289, 2.719087888181093e-06, -2.719087888181093e-06
n,-62.20547866821289, 2.719087888181093e-06, -2.719087888181093e-06
n,-62.20547866821289, 2.719087888181093e-06, -2.719087888181093e-06
n,-62.20547866821289, 2.719087888181093e-06, -2.719087888181093e-06
n,-62.20547866821289, 2.719087888181093e-06, -2.719087888181093e-06
n,-62.20547866821289, 2.719087888181093e-06, -2.719087888181093e-06
n,-62.20547866821289, 2.719087888181093e-06, -2.719087888181093e-06
n,-62.20547866821289, 2.719087888181093e-06, -2.719087888181093e-06
n,-62.20547866821289, 2.719087888181093e-06, -2.719087888181093e-06
n,-62.20547866821289, 2.719087888181093e-06, -2.719087888181093e-06
n,-62.20547866821289, 2.719087888181093e-06, -2.719087888181093e-06
n,-62.20547866821289, 2.719087888181093e-06, -2.719087888181093e-06
n,-62.20547866821289, 2.719087888181093e-06, -2.719087888181093e-06
n,-62.20547866821289, 2.719087888181093e-06, -2.719087888181093e-06
n,-62.20547866821289, 2.719087888181093e-06, -2.719087888181093e-06
n,-62.20547866821289, 2.719087888181093e-06, -2.719087888181093e-06
n,-62.20547866821289, 2.719087888181093e-06, -2.719087888181093e-06
n,-62.20547866821289, 2.719087888181093e-06, -2.719087888181093e-06
n,-62.20547866821289, 2.719087888181093e-06, -2.719087888181093e-06
n,-62.20547866821289, 2.719087888181093e-06, -2.719087888181093e-06
n,-62.20547866821289, 2.719087888181093e-06, -2.719087888181093e-06
n,-62.20547866821289, 2.719087888181093e-06, -2.719087888181093e-06
n,-62.20547866821289, 2.719087888181093e-06, -2.719087888181093e-06
n,-62.20547866821289, 2.719087888181093e-06, -2.719087888181093e-06
n,-62.20547866821289, 2.719087888181093e-06, -2.719087888181093e-06
n,-62.20547866821289, 2.719087888181093e-06, -2.719087888181093e-06
n,-62.20547866821289, 2.719087888181093e-06, -2.719087888181093e-06
n,-62.20547866821289, 2.719087888181093e-06, -2.719087888181093e-06
n,-62.20547866821289, 2.719087888181093e-06, -2.719087888181093e-06
n,-62.20547866821289, 2.719087888181093e-06, -2.719087888181093e-06
n,-62.20547866821289, 2.719087888181093e-06, -2.719087888181093e-06
n,-62.20547866821289, 2.719087888181093e-06, -2.719087888181093e-06
n,-62.20547866821289, 2.719087888181093e-06, -2.719087888181093e-06
n,-62.20547866821289, 2.719087888181093e-06, -2.719087888181093e-06
n,-62.20547866821289, 2.719087888181093e-06, -2.719087888181093e-06
n,-62.20547866821289, 2.719087888181093e-06, -2.719087888181093e-06
n,-62.20547866821289, 2.719087888181093e-06, -2.719087888181093e-06
n,-62.20547866821289, 2.719087888181093e-06, -2.719087888181093e-06
n,-62.20547866821289, 2.719087888181093e-06, -2.719087888181093e-06
n,-62.20547866821289, 2.719087888181093e-06, -2.719087888181093e-06
n,-62.20547866821289, 2.719087888181093e-06, -2.719087888181093e-06
n,-62.20547866821289, 2.719087888181093e-06, -2.719087888181093e-06
n,-62.20547866821289, 2.719087888181093e-06, -2.719087888181093e-06
n,-62.20547866821289, 2.719087888181093e-06, -2.719087888181093e-06
n,-62.20547866821289, 2.719087888181093e-06, -2.719087888181093e-06
n,-62.20547866821289, 2.719087888181093e-06, -2.719087888181093e-06
n,-62.20547866821289, 2.719087888181093e-06, -2.719087888181093e-06
n,-62.20547866821289, 2.719087888181093e-06, -2.719087888181093e-06
n,-62.20547866821289, 2.719087888181093e-06, -2.719087888181093e-06
n,-62.20547866821289, 2.719087888181093e-06, -2.719087888181093e-06
n,-62.20547866821289, 2.719087888181093e-06, -2.719087888181093e-06
n,-62.20547866821289, 2.719087888181093e-06, -2.719087888181093e-06
n,-62.20547866821289, 2.719087888181093e-06, -2.719087888181093e-06
n,-62.20547866821289, 2.719087888181093e-06, -2.719087888181093e-06
n,-62.20547866821289, 2.719087888181093e-06, -2.719087888181093e-06
n,-62.20547866821289, 2.719087888181093e-06, -2.719087888181093e-06
n,-62.20547866821289, 2.719087888181093e-06, -2.719087888181093e-06
n,-62.20547866821289, 2.719087888181093e-06, -2.719087888181093e-06
n,-62.20547866821289, 2.719087888181093e-06, -2.719087888181093e-06
n,-62.20547866821289, 2.719087888181093e-06, -2.719087888181093e-06
n,-62.20547866821289, 2.719087888181093e-06, -2.719087888181093e-06
n,-62.20547866821289, 2.719087888181093e-06, -2.719087888181093e-06
n,-62.20547866821289, 2.719087888181093e-06, -2.719087888181093e-06
n,-62.20547866821289, 2.719087888181093e-06, -2.719087888181093e-06
n,-62.20547866821289, 2.719087888181093e-06, -2.719087888181093e-06
n,-62.20547866821289, 2.719087888181093e-06, -2.719087888181093e-06
n,-62.20547866821289, 2.719087888181093e-06, -2.719087888181093e-06
n,-62.20547866821289, 2.719087888181093e-06, -2.719087888181093e-06
n,-62.20547866821289, 2.719087888181093e-06, -2.719087888181093e-06
n,-62.20547866821289, 2.719087888181093e-06, -2.719087888181093e-06
n,-62.20547866821289, 2.719087888181093e-06, -2.719087888181093e-06
n,-62.20547866821289, 2.719087888181093e-06, -2.719087888181093e-06
n,-62.20547866821289, 2.719087888181093e-06, -2.719087888181093e-06
n,-62.20547866821289, 2.719087888181093e-06, -2.719087888181093e-06
n,-62.20547866821289, 2.719087888181093e-06, -2.719087888181093e-06
n,-62.20547866821289, 2.719087888181093e-06, -2.719087888181093e-06
n,-62.20547866821289, 2.719087888181093e-06, -2.719087888181093e-06
n,-62.20547866821289, 2.719087888181093e-06, -2.719087888181093e-06
n,-62.20547866821289, 2.719087888181093e-06, -2.719087888181093e-06
n,-62.20547866821289, 2.719087888181093e-06, -2.719087888181093e-06
n,-62.20547866821289, 2.719087888181093e-06, -2.719087888181093e-06
n,-62.20547866821289, 2.719087888181093e-06, -2.719087888181093e-06
n,-62.20547866821289, 2.719087888181093e-06, -2.719087888181093e-06
n,-62.20547866821289, 2.719087888181093e-06, -2.719087888181093e-06
n,-62.20547866821289, 2.719087888181093e-06, -2.719087888181093e-06
n,-62.20547866821289, 2.719087888181093e-06, -2.719087888181093e-06
n,-62.20547866821289, 2.719087888181093e-06, -2.719087888181093e-06
n,-62.20547866821289, 2.719087888181093e-06, -2.719087888181093e-06
n,-62.20547866821289, 2.719087888181093e-06, -2.719087888181093e-06
n,-62.20547866821289, 2.719087888181093e-06, -2.719087888181093e-06
n,-62.20547866821289, 2.719087888181093e-06, -2.719087888181093e-06
n,-62.20547866821289, 2.719087888181093e-06, -2.719087888181093e-06
n,-62.20547866821289, 2.719087888181093e-06, -2.719087888181093e-06
n,-62.20547866821289, 2.719087888181093e-06, -2.719087888181093e-06
n,-62.20547866821289, 2.719087888181093e-06, -2.719087888181093e-06
n,-62.20547866821289, 2.719087888181093e-06, -2.719087888181093e-06
n,-62.20547866821289, 2.719087888181093e-06, -2.719087888181093e-06
n,-62.20547866821289, 2.719087888181093e-06, -2.719087888181093e-06
n,-62.20547866821289, 2.719087888181093e-06, -2.719087888181093e-06
n,-62.20547866821289, 2.719087888181093e-06, -2.719087888181093e-06
n,-62.20547866821289, 2.719087888181093e-06, -2.719087888181093e-06
n,-62.20547866821289, 2.719087888181093e-06, -2.719087888181093e-06
n,-62.20547866821289, 2.719087888181093e-06, -2.719087888181093e-06
n,-62.20547866821289, 2.719087888181093e-06, -2.719087888181093e-06
n,-62.20547866821289, 2.719087888181093e-06, -2.719087888181093e-06
n,-62.20547866821289, 2.719087888181093e-06, -2.719087888181093e-06
n,-62.20547866821289, 2.719087888181093e-06, -2.719087888181093e-06
n,-62.20547866821289, 2.719087888181093e-06, -2.719087888181093e-06
n,-62.20547866821289, 2.719087888181093e-06, -2.719087888181093e-06
n,-62.20547866821289, 2.719087888181093e-06, -2.719087888181093e-06
n,-62.20547866821289, 2.719087888181093e-06, -2.719087888181093e-06
n,-62.20547866821289, 2.719087888181093e-06, -2.719087888181093e-06
n,-62.20547866821289, 2.719087888181093e-06, -2.719087888181093e-06
n,-62.20547866821289, 2.719087888181093e-06, -2.719087888181093e-06
n,-62.20547866821289, 2.719087888181093e-06, -2.719087888181093e-06
n,-62.20547866821289, 2.719087888181093e-06, -2.719087888181093e-06
n,-62.20547866821289, 2.719087888181093e-06, -2.719087888181093e-06
n,-62.20547866821289, 2.719087888181093e-06, -2.719087888181093e-06
n,-62.20547866821289, 2.719087888181093e-06, -2.719087888181093e-06
n,-62.20547866821289, 2.719087888181093e-06, -2.719087888181093e-06
n,-62.20547866821289, 2.719087888181093e-06, -2.719087888181093e-06
n,-62.20547866821289, 2.719087888181093e-06, -2.719087888181093e-06
n,-62.20547866821289, 2.719087888181093e-06, -2.719087888181093e-06
n,-62.20547866821289, 2.719087888181093e-06, -2.719087888181093e-06
n,-62.20547866821289, 2.719087888181093e-06, -2.719087888181093e-06
n,-62.20547866821289, 2.719087888181093e-06, -2.719087888181093e-06
n,-62.20547866821289, 2.719087888181093e-06, -2.719087888181093e-06
n,-62.20547866821289, 2.719087888181093e-06, -2.719087888181093e-06
n,-62.20547866821289, 2.719087888181093e-06, -2.719087888181093e-06
n,-62.20547866821289, 2.719087888181093e-06, -2.719087888181093e-06
n,-62.20547866821289, 2.719087888181093e-06, -2.719087888181093e-06
n,-62.20547866821289, 2.719087888181093e-06, -2.719087888181093e-06
n,-62.20547866821289, 2.719087888181093e-06, -2.719087888181093e-06
n,-62.20547866821289, 2.719087888181093e-06, -2.719087888181093e-06
n,-62.20547866821289, 2.719087888181093e-06, -2.719087888181093e-06
n,-62.20547866821289, 2.719087888181093e-06, -2.719087888181093e-06
n,-62.20547866821289, 2.719087888181093e-06, -2.719087888181093e-06
n,-62.20547866821289, 2.719087888181093e-06, -2.719087888181093e-06
n,-62.20547866821289, 2.719087888181093e-06, -2.719087888181093e-06
n,-62.20547866821289, 2.719087888181093e-06, -2.719087888181093e-06
n,-62.20547866821289, 2.719087888181093e-06, -2.719087888181093e-06
n,-62.20547866821289, 2.719087888181093e-06, -2.719087888181093e-06
n,-62.20547866821289, 2.719087888181093e-06, -2.719087888181093e-06
n,-62.20547866821289, 2.719087888181093e-06, -2.719087888181093e-06
n,-62.20547866821289, 2.719087888181093e-06, -2.719087888181093e-06
n,-62.20547866821289, 2.719087888181093e-06, -2.719087888181093e-06
n,-62.20547866821289, 2.719087888181093e-06, -2.719087888181093e-06
n,-62.20547866821289, 2.719087888181093e-06, -2.719087888181093e-06
n,-62.20547866821289, 2.719087888181093e-06, -2.719087888181093e-06
n,-62.20547866821289, 2.719087888181093e-06, -2.719087888181093e-06
n,-62.20547866821289, 2.719087888181093e-06, -2.719087888181093e-06
n,-62.20547866821289, 2.719087888181093e-06, -2.719087888181093e-06
n,-62.20547866821289, 2.719087888181093e-06, -2.719087888181093e-06
n,-62.20547866821289, 2.719087888181093e-06, -2.719087888181093e-06
n,-62.20547866821289, 2.719087888181093e-06, -2.719087888181093e-06
n,-62.20547866821289, 2.719087888181093e-06, -2.719087888181093e-06
n,-62.20547866821289, 2.719087888181093e-06, -2.719087888181093e-06
n,-62.20547866821289, 2.719087888181093e-06, -2.719087888181093e-06
n,-62.20547866821289, 2.719087888181093e-06, -2.719087888181093e-06
n,-62.20547866821289, 2.719087888181093e-06, -2.719087888181093e-06
n,-62.20547866821289, 2.719087888181093e-06, -2.719087888181093e-06
n,-62.20547866821289, 2.719087888181093e-06, -2.719087888181093e-06
n,-62.20547866821289, 2.719087888181093e-06, -2.719087888181093e-06
n,-62.20547866821289, 2.719087888181093e-06, -2.719087888181093e-06
n,-62.20547866821289, 2.719087888181093e-06, -2.719087888181093e-06
n,-62.20547866821289, 2.719087888181093e-06, -2.719087888181093e-06
n,-62.20547866821289, 2.719087888181093e-06, -2.719087888181093e-06
n,-62.20547866821289, 2.719087888181093e-06, -2.719087888181093e-06
n,-62.20547866821289, 2.719087888181093e-06, -2.719087888181093e-06
n,-62.20547866821289, 2.719087888181093e-06, -2.719087888181093e-06
n,-62.20547866821289, 2.719087888181093e-06, -2.719087888181093e-06
n,-62.20547866821289, 2.719087888181093e-06, -2.719087888181093e-06
n,-62.20547866821289, 2.719087888181093e-06, -2.719087888181093e-06
n,-62.20547866821289, 2.719087888181093e-06, -2.719087888181093e-06
n,-62.20547866821289, 2.719087888181093e-06, -2.719087888181093e-06
n,-62.20547866821289, 2.719087888181093e-06, -2.719087888181093e-06
n,-62.20547866821289, 2.719087888181093e-06, -2.719087888181093e-06
n,-62.20547866821289, 2.719087888181093e-06, -2.719087888181093e-06
n,-62.20547866821289, 2.719087888181093e-06, -2.719087888181093e-06
n,-62.20547866821289, 2.719087888181093e-06, -2.719087888181093e-06
n,-62.20547866821289, 2.719087888181093e-06, -2.719087888181093e-06
n,-62.20547866821289, 2.719087888181093e-06, -2.719087888181093e-06
n,-62.20547866821289, 2.719087888181093e-06, -2.719087888181093e-06
n,-62.20547866821289, 2.719087888181093e-06, -2.719087888181093e-06
n,-62.20547866821289, 2.719087888181093e-06, -2.719087888181093e-06
n,-62.20547866821289, 2.719087888181093e-06, -2.719087888181093e-06
n,-62.20547866821289, 2.719087888181093e-06, -2.719087888181093e-06
n,-62.20547866821289, 2.719087888181093e-06, -2.719087888181093e-06
n,-62.20547866821289, 2.719087888181093e-06, -2.719087888181093e-06
n,-62.20547866821289, 2.719087888181093e-06, -2.719087888181093e-06
n,-62.20547866821289, 2.719087888181093e-06, -2.719087888181093e-06
n,-62.20547866821289, 2.719087888181093e-06, -2.719087888181093e-06
n,-62.20547866821289, 2.719087888181093e-06, -2.719087888181093e-06
n,-62.20547866821289, 2.719087888181093e-06, -2.719087888181093e-06
n,-62.20547866821289, 2.719087888181093e-06, -2.719087888181093e-06
n,-62.20547866821289, 2.719087888181093e-06, -2.719087888181093e-06
n,-62.20547866821289, 2.719087888181093e-06, -2.719087888181093e-06
n,-62.20547866821289, 2.719087888181093e-06, -2.719087888181093e-06
n,-62.20547866821289, 2.719087888181093e-06, -2.719087888181093e-06
n,-62.20547866821289, 2.719087888181093e-06, -2.719087888181093e-06
n,-62.20547866821289, 2.719087888181093e-06, -2.719087888181093e-06
n,-62.20547866821289, 2.719087888181093e-06, -2.719087888181093e-06
n,-62.20547866821289, 2.719087888181093e-06, -2.719087888181093e-06
n,-62.20547866821289, 2.719087888181093e-06, -2.719087888181093e-06
n,-62.20547866821289, 2.719087888181093e-06, -2.719087888181093e-06
n,-62.20547866821289, 2.719087888181093e-06, -2.719087888181093e-06
n,-62.20547866821289, 2.719087888181093e-06, -2.719087888181093e-06
n,-62.20547866821289, 2.719087888181093e-06, -2.719087888181093e-06
n,-62.20547866821289, 2.719087888181093e-06, -2.719087888181093e-06
n,-62.20547866821289, 2.719087888181093e-06, -2.719087888181093e-06
n,-62.20547866821289, 2.719087888181093e-06, -2.719087888181093e-06
n,-62.20547866821289, 2.719087888181093e-06, -2.719087888181093e-06
n,-62.20547866821289, 2.719087888181093e-06, -2.719087888181093e-06
n,-62.20547866821289, 2.719087888181093e-06, -2.719087888181093e-06
n,-62.20547866821289, 2.719087888181093e-06, -2.719087888181093e-06
n,-62.20547866821289, 2.719087888181093e-06, -2.719087888181093e-06
n,-62.20547866821289, 2.719087888181093e-06, -2.719087888181093e-06
n,-62.20547866821289, 2.719087888181093e-06, -2.719087888181093e-06
n,-62.20547866821289, 2.719087888181093e-06, -2.719087888181093e-06
u,0.008333333767950535, 1.0, 0
u,0.6000000238418579, 1.0, 0
u,0.0, 1.0, 0
u,0.01666666753590107, 1.0, 0
u,0.6000000238418579, 1.0, 0
u,0.008333333767950535, 1.0, 0
u,0.02500000037252903, 1.0, 0
u,0.6000000238418579, 1.0, 0
u,0.01666666753590107, 1.0, 0
u,0.02500000037252903, 1.0, 0
u,0.5916666388511658, 1.0, 0
u,0.6000000238418579, 1.0, 0
u,0.02500000037252903, 1.0, 0
u,0.5833333134651184, 1.0, 0
u,0.5916666388511658, 1.0, 0
u,0.03333333507180214, 1.0, 0
u,0.5833333134651184, 1.0, 0
u,0.02500000037252903, 1.0, 0
u,0.03333333507180214, 1.0, 0
u,0.574999988079071, 1.0, 0
u,0.5833333134651184, 1.0, 0
u,0.03333333507180214, 1.0, 0
u,0.5666666626930237, 1.0, 0
u,0.574999988079071, 1.0, 0
u,0.0416666679084301, 1.0, 0
u,0.5666666626930237, 1.0, 0
u,0.03333333507180214, 1.0, 0
u,0.0416666679084301, 1.0, 0
u,0.5583333373069763, 1.0, 0
u,0.5666666626930237, 1.0, 0
u,0.0416666679084301, 1.0, 0
u,0.550000011920929, 1.0, 0
u,0.5583333373069763, 1.0, 0
u,0.05000000074505806, 1.0, 0
u,0.550000011920929, 1.0, 0
u,0.0416666679084301, 1.0, 0
u,0.05000000074505806, 1.0, 0
u,0.5416666865348816, 1.0, 0
u,0.550000011920929, 1.0, 0
u,0.05000000074505806, 1.0, 0
u,0.5333333611488342, 1.0, 0
u,0.5416666865348816, 1.0, 0
u,0.05833333358168602, 1.0, 0
u,0.5333333611488342, 1.0, 0
u,0.05000000074505806, 1.0, 0
u,0.05833333358168602, 1.0, 0
u,0.5249999761581421, 1.0, 0
u,0.5333333611488342, 1.0, 0
u,0.06666667014360428, 1.0, 0
u,0.5249999761581421, 1.0, 0
u,0.05833333358168602, 1.0, 0
u,0.06666667014360428, 1.0, 0
u,0.5166666507720947, 1.0, 0
u,0.5249999761581421, 1.0, 0
u,0.06666667014360428, 1.0, 0
u,0.5083333253860474, 1.0, 0
u,0.5166666507720947, 1.0, 0
u,0.07500000298023224, 1.0, 0
u,0.5083333253860474, 1.0, 0
u,0.06666667014360428, 1.0, 0
u,0.40833333134651184, 1.0, 0
u,0.3916666805744171, 1.0, 0
u,0.4000000059604645, 1.0, 0
u,0.4166666567325592, 1.0, 0
u,0.3916666805744171, 1.0, 0
u,0.40833333134651184, 1.0, 0
u,0.42500001192092896, 1.0, 0
u,0.3916666805744171, 1.0, 0
u,0.4166666567325592, 1.0, 0
u,0.42500001192092896, 1.0, 0
u,0.38333332538604736, 1.0, 0
u,0.3916666805744171, 1.0, 0
u,0.4333333373069763, 1.0, 0
u,0.38333332538604736, 1.0, 0
u,0.42500001192092896, 1.0, 0
u,0.4416666626930237, 1.0, 0
u,0.38333332538604736, 1.0, 0
u,0.4333333373069763, 1.0, 0
u,0.07500000298023224, 1.0, 0
u,0.5, 1.0, 0
u,0.5083333253860474, 1.0, 0
u,0.44999998807907104, 1.0, 0
u,0.38333332538604736, 1.0, 0
u,0.4416666626930237, 1.0, 0
u,0.44999998807907104, 1.0, 0
u,0.375, 1.0, 0
u,0.38333332538604736, 1.0, 0
u,0.4583333432674408, 1.0, 0
u,0.375, 1.0, 0
u,0.44999998807907104, 1.0, 0
u,0.46666666865348816, 1.0, 0
u,0.375, 1.0, 0
u,0.4583333432674408, 1.0, 0
u,0.4749999940395355, 1.0, 0
u,0.375, 1.0, 0
u,0.46666666865348816, 1.0, 0
u,0.4749999940395355, 1.0, 0
u,0.36666667461395264, 1.0, 0
u,0.375, 1.0, 0
u,0.4833333194255829, 1.0, 0
u,0.36666667461395264, 1.0, 0
u,0.4749999940395355, 1.0, 0
u,0.49166667461395264, 1.0, 0
u,0.36666667461395264, 1.0, 0
u,0.4833333194255829, 1.0, 0
u,0.5, 1.0, 0
u,0.36666667461395264, 1.0, 0
u,0.49166667461395264, 1.0, 0
u,0.5, 1.0, 0
u,0.3583333194255829, 1.0, 0
u,0.36666667461395264, 1.0, 0
u,0.07500000298023224, 1.0, 0
u,0.3583333194255829, 1.0, 0
u,0.5, 1.0, 0
u,0.0833333358168602, 1.0, 0
u,0.3583333194255829, 1.0, 0
u,0.07500000298023224, 1.0, 0
u,0.0833333358168602, 1.0, 0
u,0.3499999940395355, 1.0, 0
u,0.3583333194255829, 1.0, 0
u,0.0833333358168602, 1.0, 0
u,0.34166666865348816, 1.0, 0
u,0.3499999940395355, 1.0, 0
u,0.09166666865348816, 1.0, 0
u,0.6833333373069763, 1.0, 0
u,0.0833333358168602, 1.0, 0
u,0.6833333373069763, 1.0, 0
u,0.6916666626930237, 1.0, 0
u,0.0833333358168602, 1.0, 0
u,0.6916666626930237, 1.0, 0
u,0.34166666865348816, 1.0, 0
u,0.0833333358168602, 1.0, 0
u,0.6916666626930237, 1.0, 0
u,0.699999988079071, 1.0, 0
u,0.34166666865348816, 1.0, 0
u,0.699999988079071, 1.0, 0
u,0.7083333134651184, 1.0, 0
u,0.34166666865348816, 1.0, 0
u,0.7083333134651184, 1.0, 0
u,0.3333333432674408, 1.0, 0
u,0.34166666865348816, 1.0, 0
u,0.7166666388511658, 1.0, 0
u,0.3333333432674408, 1.0, 0
u,0.7083333134651184, 1.0, 0
u,0.7250000238418579, 1.0, 0
u,0.3333333432674408, 1.0, 0
u,0.7166666388511658, 1.0, 0
u,0.09166666865348816, 1.0, 0
u,0.675000011920929, 1.0, 0
u,0.6833333373069763, 1.0, 0
u,0.09166666865348816, 1.0, 0
u,0.6666666865348816, 1.0, 0
u,0.675000011920929, 1.0, 0
u,0.7333333492279053, 1.0, 0
u,0.3333333432674408, 1.0, 0
u,0.7250000238418579, 1.0, 0
u,0.7333333492279053, 1.0, 0
u,0.32499998807907104, 1.0, 0
u,0.3333333432674408, 1.0, 0
u,0.09166666865348816, 1.0, 0
u,0.6583333611488342, 1.0, 0
u,0.6666666865348816, 1.0, 0
u,0.09166666865348816, 1.0, 0
u,0.6499999761581421, 1.0, 0
u,0.6583333611488342, 1.0, 0
u,0.7416666746139526, 1.0, 0
u,0.32499998807907104, 1.0, 0
u,0.7333333492279053, 1.0, 0
u,0.09166666865348816, 1.0, 0
u,0.6416666507720947, 1.0, 0
u,0.6499999761581421, 1.0, 0
u,0.75, 1.0, 0
u,0.32499998807907104, 1.0, 0
u,0.7416666746139526, 1.0, 0
u,0.09166666865348816, 1.0, 0
u,0.6333333253860474, 1.0, 0
u,0.6416666507720947, 1.0, 0
u,0.09166666865348816, 1.0, 0
u,0.625, 1.0, 0
u,0.6333333253860474, 1.0, 0
u,0.7583333253860474, 1.0, 0
u,0.32499998807907104, 1.0, 0
u,0.75, 1.0, 0
u,0.09166666865348816, 1.0, 0
u,0.6166666746139526, 1.0, 0
u,0.625, 1.0, 0
u,0.10000000149011612, 1.0, 0
u,0.6166666746139526, 1.0, 0
u,0.09166666865348816, 1.0, 0
u,0.7583333253860474, 1.0, 0
u,0.3166666626930237, 1.0, 0
u,0.32499998807907104, 1.0, 0
u,0.10000000149011612, 1.0, 0
u,0.6083333492279053, 1.0, 0
u,0.6166666746139526, 1.0, 0
u,0.7666666507720947, 1.0, 0
u,0.3166666626930237, 1.0, 0
u,0.7583333253860474, 1.0, 0
u,0.10000000149011612, 1.0, 0
u,1.0, 1.0, 0
u,0.6083333492279053, 1.0, 0
u,0.7749999761581421, 1.0, 0
u,0.3166666626930237, 1.0, 0
u,0.7666666507720947, 1.0, 0
u,0.7833333611488342, 1.0, 0
u,0.3166666626930237, 1.0, 0
u,0.7749999761581421, 1.0, 0
u,0.7833333611488342, 1.0, 0
u,0.3083333373069763, 1.0, 0
u,0.3166666626930237, 1.0, 0
u,0.10000000149011612, 1.0, 0
u,0.9916666746139526, 1.0, 0
u,1.0, 1.0, 0
u,0.7916666865348816, 1.0, 0
u,0.3083333373069763, 1.0, 0
u,0.7833333611488342, 1.0, 0
u,0.10833333432674408, 1.0, 0
u,0.9916666746139526, 1.0, 0
u,0.10000000149011612, 1.0, 0
u,0.800000011920929, 1.0, 0
u,0.3083333373069763, 1.0, 0
u,0.7916666865348816, 1.0, 0
u,0.800000011920929, 1.0, 0
u,0.30000001192092896, 1.0, 0
u,0.3083333373069763, 1.0, 0
u,0.10833333432674408, 1.0, 0
u,0.9833333492279053, 1.0, 0
u,0.9916666746139526, 1.0, 0
u,0.8083333373069763, 1.0, 0
u,0.30000001192092896, 1.0, 0
u,0.800000011920929, 1.0, 0
u,0.11666666716337204, 1.0, 0
u,0.9833333492279053, 1.0, 0
u,0.10833333432674408, 1.0, 0
u,0.8166666626930237, 1.0, 0
u,0.30000001192092896, 1.0, 0
u,0.8083333373069763, 1.0, 0
u,0.8166666626930237, 1.0, 0
u,0.2916666567325592, 1.0, 0
u,0.30000001192092896, 1.0, 0
u,0.11666666716337204, 1.0, 0
u,0.9750000238418579, 1.0, 0
u,0.9833333492279053, 1.0, 0
u,0.824999988079071, 1.0, 0
u,0.2916666567325592, 1.0, 0
u,0.8166666626930237, 1.0, 0
u,0.11666666716337204, 1.0, 0
u,0.9666666388511658, 1.0, 0
u,0.9750000238418579, 1.0, 0
u,0.824999988079071, 1.0, 0
u,0.28333333134651184, 1.0, 0
u,0.2916666567325592, 1.0, 0
u,0.125, 1.0, 0
u,0.9666666388511658, 1.0, 0
u,0.11666666716337204, 1.0, 0
u,0.8333333134651184, 1.0, 0
u,0.28333333134651184, 1.0, 0
u,0.824999988079071, 1.0, 0
u,0.8416666388511658, 1.0, 0
u,0.28333333134651184, 1.0, 0
u,0.8333333134651184, 1.0, 0
u,0.125, 1.0, 0
u,0.9583333134651184, 1.0, 0
u,0.9666666388511658, 1.0, 0
u,0.8416666388511658, 1.0, 0
u,0.2750000059604645, 1.0, 0
u,0.28333333134651184, 1.0, 0
u,0.8500000238418579, 1.0, 0
u,0.2750000059604645, 1.0, 0
u,0.8416666388511658, 1.0, 0
u,0.13333334028720856, 1.0, 0
u,0.9583333134651184, 1.0, 0
u,0.125, 1.0, 0
u,0.13333334028720856, 1.0, 0
u,0.949999988079071, 1.0, 0
u,0.9583333134651184, 1.0, 0
u,0.8583333492279053, 1.0, 0
u,0.2750000059604645, 1.0, 0
u,0.8500000238418579, 1.0, 0
u,0.13333334028720856, 1.0, 0
u,0.9416666626930237, 1.0, 0
u,0.949999988079071, 1.0, 0
u,0.8583333492279053, 1.0, 0
u,0.2666666805744171, 1.0, 0
u,0.2750000059604645, 1.0, 0
u,0.8666666746139526, 1.0, 0
u,0.2666666805744171, 1.0, 0
u,0.8583333492279053, 1.0, 0
u,0.14166666567325592, 1.0, 0
u,0.9416666626930237, 1.0, 0
u,0.13333334028720856, 1.0, 0
u,0.14166666567325592, 1.0, 0
u,0.9333333373069763, 1.0, 0
u,0.9416666626930237, 1.0, 0
u,0.875, 1.0, 0
u,0.2666666805744171, 1.0, 0
u,0.8666666746139526, 1.0, 0
u,0.8833333253860474, 1.0, 0
u,0.2666666805744171, 1.0, 0
u,0.875, 1.0, 0
u,0.14166666567325592, 1.0, 0
u,0.925000011920929, 1.0, 0
u,0.9333333373069763, 1.0, 0
u,0.8833333253860474, 1.0, 0
u,0.25833332538604736, 1.0, 0
u,0.2666666805744171, 1.0, 0
u,0.8916666507720947, 1.0, 0
u,0.25833332538604736, 1.0, 0
u,0.8833333253860474, 1.0, 0
u,0.14166666567325592, 1.0, 0
u,0.9166666865348816, 1.0, 0
u,0.925000011920929, 1.0, 0
u,0.8999999761581421, 1.0, 0
u,0.25833332538604736, 1.0, 0
u,0.8916666507720947, 1.0, 0
u,0.14166666567325592, 1.0, 0
u,0.9083333611488342, 1.0, 0
u,0.9166666865348816, 1.0, 0
u,0.9083333611488342, 1.0, 0
u,0.25833332538604736, 1.0, 0
u,0.8999999761581421, 1.0, 0
u,0.14166666567325592, 1.0, 0
u,0.25833332538604736, 1.0, 0
u,0.9083333611488342, 1.0, 0
u,0.15000000596046448, 1.0, 0
u,0.25833332538604736, 1.0, 0
u,0.14166666567325592, 1.0, 0
u,0.15000000596046448, 1.0, 0
u,0.25, 1.0, 0
u,0.25833332538604736, 1.0, 0
u,0.15833333134651184, 1.0, 0
u,0.25, 1.0, 0
u,0.15000000596046448, 1.0, 0
u,0.15833333134651184, 1.0, 0
u,0.24166665971279144, 1.0, 0
u,0.25, 1.0, 0
u,0.1666666716337204, 1.0, 0
u,0.24166665971279144, 1.0, 0
u,0.15833333134651184, 1.0, 0
u,0.1666666716337204, 1.0, 0
u,0.23333333432674408, 1.0, 0
u,0.24166665971279144, 1.0, 0
u,0.17499999701976776, 1.0, 0
u,0.23333333432674408, 1.0, 0
u,0.1666666716337204, 1.0, 0
u,0.17499999701976776, 1.0, 0
u,0.22499999403953552, 1.0, 0
u,0.23333333432674408, 1.0, 0
u,0.18333333730697632, 1.0, 0
u,0.22499999403953552, 1.0, 0
u,0.17499999701976776, 1.0, 0
u,0.18333333730697632, 1.0, 0
u,0.21666666865348816, 1.0, 0
u,0.22499999403953552, 1.0, 0
u,0.19166666269302368, 1.0, 0
u,0.21666666865348816, 1.0, 0
u,0.18333333730697632, 1.0, 0
u,0.19166666269302368, 1.0, 0
u,0.2083333283662796, 1.0, 0
u,0.21666666865348816, 1.0, 0
u,0.20000000298023224, 1.0, 0
u,0.2083333283662796, 1.0, 0
u,0.19166666269302368, 1.0, 0
