v,-4.2249010334671766e-07, 9.95833969116211, 0.29289233684539795
v,-4.257667853835301e-07, 10.087397575378418, 0.34698858857154846
v,-4.226252201533498e-07, 10.087397575378418, 0.4188592731952667
v,-4.2249010334671766e-07, 9.95833969116211, 0.29289233684539795
v,-4.305635741275182e-07, 10.197135925292969, 0.34698858857154846
v,-4.257667853835301e-07, 10.087397575378418, 0.34698858857154846
v,-4.2249010334671766e-07, 9.95833969116211, 0.29289233684539795
v,-4.3326599552528933e-07, 10.197135925292969, 0.28516432642936707
v,-4.305635741275182e-07, 10.197135925292969, 0.34698858857154846
v,-4.22827895363298e-07, 9.95833969116211, 0.28516432642936707
v,-4.3326599552528933e-07, 10.197135925292969, 0.28516432642936707
v,-4.2249010334671766e-07, 9.95833969116211, 0.29289233684539795
v,-4.2546275835775305e-07, 10.018617630004883, 0.28516432642936707
v,-4.3326599552528933e-07, 10.197135925292969, 0.28516432642936707
v,-4.22827895363298e-07, 9.95833969116211, 0.28516432642936707
v,-4.362235017651983e-07, 10.025943756103516, 0.04631354287266731
v,-4.284692067813012e-07, 10.087397575378418, 0.28516432642936707
v,-4.2546275835775305e-07, 10.018617630004883, 0.28516432642936707
v,-4.284692067813012e-07, 10.087397575378418, 0.28516432642936707
v,-4.3326599552528933e-07, 10.197135925292969, 0.28516432642936707
v,-4.2546275835775305e-07, 10.018617630004883, 0.28516432642936707
v,-4.362235017651983e-07, 10.025943756103516, 0.04631354287266731
v,-4.384347676023026e-07, 10.096573829650879, 0.06635565310716629
v,-4.284692067813012e-07, 10.087397575378418, 0.28516432642936707
v,-4.362235017651983e-07, 10.025943756103516, 0.04631354287266731
v,-4.4281324562689406e-07, 10.195389747619629, 0.06500282138586044
v,-4.384347676023026e-07, 10.096573829650879, 0.06635565310716629
v,-4.362235017651983e-07, 10.025943756103516, 0.04631354287266731
v,-4.4583453018276487e-07, 10.214503288269043, 0.014997926540672779
v,-4.4281324562689406e-07, 10.195389747619629, 0.06500282138586044
v,-4.4275910227042914e-07, 10.117778778076172, -0.011368694715201855
v,-4.4583453018276487e-07, 10.214503288269043, 0.014997926540672779
v,-4.362235017651983e-07, 10.025943756103516, 0.04631354287266731
v,-4.280976497739175e-07, 9.615987777709961, -0.17774470150470734
v,-4.1086966007242154e-07, 9.68476676940918, 0.28516432642936707
v,-4.0516081867281173e-07, 9.615987777709961, 0.34698858857154846
v,-4.1086966007242154e-07, 9.68476676940918, 0.28516432642936707
v,-4.127840895762347e-07, 9.787858009338379, 0.3444586396217346
v,-4.0516081867281173e-07, 9.615987777709961, 0.34698858857154846
v,-4.1086966007242154e-07, 9.68476676940918, 0.28516432642936707
v,-4.2069956407431164e-07, 9.90782356262207, 0.28333941102027893
v,-4.127840895762347e-07, 9.787858009338379, 0.3444586396217346
v,-4.1086966007242154e-07, 9.68476676940918, 0.28516432642936707
v,-4.1668431549624074e-07, 9.809883117675781, 0.2772570550441742
v,-4.2069956407431164e-07, 9.90782356262207, 0.28333941102027893
v,-4.280976497739175e-07, 9.615987777709961, -0.17774470150470734
v,-4.203095045340888e-07, 9.685039520263672, 0.06947944313287735
v,-4.1086966007242154e-07, 9.68476676940918, 0.28516432642936707
v,-4.214333273466764e-07, 9.85586929321289, 0.21459892392158508
v,-4.2069956407431164e-07, 9.90782356262207, 0.28333941102027893
v,-4.1668431549624074e-07, 9.809883117675781, 0.2772570550441742
v,-4.214333273466764e-07, 9.85586929321289, 0.21459892392158508
v,-4.2871417349488183e-07, 9.927152633666992, 0.11931529641151428
v,-4.2069956407431164e-07, 9.90782356262207, 0.28333941102027893
v,-4.2542237110865244e-07, 9.85496997833252, 0.12244011461734772
v,-4.2871417349488183e-07, 9.927152633666992, 0.11931529641151428
v,-4.214333273466764e-07, 9.85586929321289, 0.21459892392158508
v,-4.2487542373237375e-07, 9.770868301391602, 0.050852011889219284
v,-4.2871417349488183e-07, 9.927152633666992, 0.11931529641151428
v,-4.2542237110865244e-07, 9.85496997833252, 0.12244011461734772
v,-4.2487542373237375e-07, 9.770868301391602, 0.050852011889219284
v,-4.301348326407606e-07, 9.87417984008789, 0.033842213451862335
v,-4.2871417349488183e-07, 9.927152633666992, 0.11931529641151428
v,-4.280976497739175e-07, 9.615987777709961, -0.17774470150470734
v,-4.230033709973213e-07, 9.684965133666992, 0.0077758305706083775
v,-4.203095045340888e-07, 9.685039520263672, 0.06947944313287735
v,-4.230033709973213e-07, 9.684965133666992, 0.0077758305706083775
v,-4.2487542373237375e-07, 9.770868301391602, 0.050852011889219284
v,-4.203095045340888e-07, 9.685039520263672, 0.06947944313287735
v,-4.230033709973213e-07, 9.684965133666992, 0.0077758305706083775
v,-4.301348326407606e-07, 9.87417984008789, 0.033842213451862335
v,-4.2487542373237375e-07, 9.770868301391602, 0.050852011889219284
v,-4.230033709973213e-07, 9.684965133666992, 0.0077758305706083775
v,-4.2743408812384587e-07, 9.7680082321167, -0.01054383721202612
v,-4.301348326407606e-07, 9.87417984008789, 0.033842213451862335
v,-4.280976497739175e-07, 9.615987777709961, -0.17774470150470734
v,-4.311040697757562e-07, 9.68476676940918, -0.17774470150470734
v,-4.230033709973213e-07, 9.684965133666992, 0.0077758305706083775
v,-3.750626262899459e-07, 8.884916305541992, 0.30448439717292786
v,-3.7124542018318607e-07, 8.948286056518555, 0.4551810026168823
v,-3.684754688038083e-07, 8.884916305541992, 0.4551810026168823
v,-3.750626262899459e-07, 8.884916305541992, 0.30448439717292786
v,-3.7783257766932365e-07, 8.948286056518555, 0.30448439717292786
v,-3.7124542018318607e-07, 8.948286056518555, 0.4551810026168823
v,-3.7124542018318607e-07, 8.734219551086426, 0.241114541888237
v,-3.750626262899459e-07, 8.884916305541992, 0.30448439717292786
v,-3.684754403820989e-07, 8.734219551086426, 0.30448439717292786
v,-3.7124542018318607e-07, 8.734219551086426, 0.241114541888237
v,-3.7783257766932365e-07, 8.948286056518555, 0.30448439717292786
v,-3.750626262899459e-07, 8.884916305541992, 0.30448439717292786
v,-3.7124542018318607e-07, 8.734219551086426, 0.241114541888237
v,-3.8441973515546124e-07, 9.098982810974121, 0.30448439717292786
v,-3.7783257766932365e-07, 8.948286056518555, 0.30448439717292786
v,-3.7124542018318607e-07, 8.734219551086426, 0.241114541888237
v,-3.871897149565484e-07, 9.098982810974121, 0.241114541888237
v,-3.8441973515546124e-07, 9.098982810974121, 0.30448439717292786
v,-3.778326060910331e-07, 8.884916305541992, 0.241114541888237
v,-3.871897149565484e-07, 9.098982810974121, 0.241114541888237
v,-3.7124542018318607e-07, 8.734219551086426, 0.241114541888237
v,-3.8441976357717067e-07, 8.884916305541992, 0.09041795879602432
v,-3.8060255747041083e-07, 8.948286056518555, 0.241114541888237
v,-3.778326060910331e-07, 8.884916305541992, 0.241114541888237
v,-3.8060255747041083e-07, 8.948286056518555, 0.241114541888237
v,-3.871897149565484e-07, 9.098982810974121, 0.241114541888237
v,-3.778326060910331e-07, 8.884916305541992, 0.241114541888237
v,-3.8441976357717067e-07, 8.884916305541992, 0.09041795879602432
v,-3.871897149565484e-07, 8.948286056518555, 0.09041795879602432
v,-3.8060255747041083e-07, 8.948286056518555, 0.241114541888237
v,-3.2926075732575555e-07, 7.553467273712158, 0.020859185606241226
v,-3.07840764435241e-07, 7.620750427246094, 0.5781747102737427
v,-3.048811834105436e-07, 7.552633285522461, 0.5777647495269775
v,-3.2926075732575555e-07, 7.553467273712158, 0.020859185606241226
v,-3.29710815094586e-07, 7.619067192077637, 0.07616245001554489
v,-3.07840764435241e-07, 7.620750427246094, 0.5781747102737427
v,-3.316670529329713e-07, 7.730391502380371, 0.14273323118686676
v,-3.35418150143596e-07, 7.882199287414551, 0.20872625708580017
v,-3.313440117835853e-07, 7.84538459777832, 0.2651170492172241
v,-3.316670529329713e-07, 7.730391502380371, 0.14273323118686676
v,-3.347873587244976e-07, 7.712959289550781, 0.05391671508550644
v,-3.35418150143596e-07, 7.882199287414551, 0.20872625708580017
v,-3.29710815094586e-07, 7.619067192077637, 0.07616245001554489
v,-3.347873587244976e-07, 7.712959289550781, 0.05391671508550644
v,-3.316670529329713e-07, 7.730391502380371, 0.14273323118686676
v,-3.2926075732575555e-07, 7.553467273712158, 0.020859185606241226
v,-3.347873587244976e-07, 7.712959289550781, 0.05391671508550644
v,-3.29710815094586e-07, 7.619067192077637, 0.07616245001554489
v,-3.3255528819609026e-07, 7.591598987579346, -0.016378842294216156
v,-3.347873587244976e-07, 7.712959289550781, 0.05391671508550644
v,-3.2926075732575555e-07, 7.553467273712158, 0.020859185606241226
v,-3.095255465268565e-07, 7.3444504737854, 0.2633318603038788
v,-2.990951202264114e-07, 7.418415546417236, 0.5759166479110718
v,-2.9635276632689056e-07, 7.352001667022705, 0.5722410082817078
v,-3.095255465268565e-07, 7.3444504737854, 0.2633318603038788
v,-3.156384877911478e-07, 7.394472599029541, 0.17350538074970245
v,-2.990951202264114e-07, 7.418415546417236, 0.5759166479110718
v,-3.1379522624774836e-07, 7.287211894989014, 0.10841378569602966
v,-3.156384877911478e-07, 7.394472599029541, 0.17350538074970245
v,-3.095255465268565e-07, 7.3444504737854, 0.2633318603038788
v,-3.1379522624774836e-07, 7.287211894989014, 0.10841378569602966
v,-3.181284284892172e-07, 7.2587480545043945, -0.019181929528713226
v,-3.156384877911478e-07, 7.394472599029541, 0.17350538074970245
v,-3.137095347938157e-07, 7.196730136871338, 0.019892621785402298
v,-3.181284284892172e-07, 7.2587480545043945, -0.019181929528713226
v,-3.1379522624774836e-07, 7.287211894989014, 0.10841378569602966
v,-2.651012493970484e-07, 6.66256856918335, 0.5977591276168823
v,-2.7447325123830524e-07, 6.753563404083252, 0.4743472933769226
v,-2.674647134881525e-07, 6.729687213897705, 0.6108081936836243
v,-2.721735938848724e-07, 6.691721439361572, 0.4651152491569519
v,-2.7447325123830524e-07, 6.753563404083252, 0.4743472933769226
v,-2.651012493970484e-07, 6.66256856918335, 0.5977591276168823
v,-2.7447325123830524e-07, 6.753563404083252, 0.4743472933769226
v,-2.8617409952857997e-07, 6.999959945678711, 0.4530596435070038
v,-2.8280169317440595e-07, 6.985698223114014, 0.515950083732605
v,-2.721735938848724e-07, 6.691721439361572, 0.4651152491569519
v,-2.8617409952857997e-07, 6.999959945678711, 0.4530596435070038
v,-2.7447325123830524e-07, 6.753563404083252, 0.4743472933769226
v,-2.634257327827072e-07, 6.459835529327393, 0.43335726857185364
v,-2.8617409952857997e-07, 6.999959945678711, 0.4530596435070038
v,-2.721735938848724e-07, 6.691721439361572, 0.4651152491569519
v,-2.634257327827072e-07, 6.459835529327393, 0.43335726857185364
v,-2.7747134367928084e-07, 6.764345169067383, 0.41654086112976074
v,-2.8617409952857997e-07, 6.999959945678711, 0.4530596435070038
v,-2.668520835413801e-07, 6.47067403793335, 0.3658096492290497
v,-2.750670944351441e-07, 6.702463150024414, 0.409661203622818
v,-2.634257327827072e-07, 6.459835529327393, 0.43335726857185364
v,-2.750670944351441e-07, 6.702463150024414, 0.409661203622818
v,-2.7747134367928084e-07, 6.764345169067383, 0.41654086112976074
v,-2.634257327827072e-07, 6.459835529327393, 0.43335726857185364
v,-2.750670944351441e-07, 6.702463150024414, 0.409661203622818
v,-2.8561237286339747e-07, 6.795257091522217, 0.2612074315547943
v,-2.7747134367928084e-07, 6.764345169067383, 0.41654086112976074
v,-2.8338465085653297e-07, 6.7342119216918945, 0.2511267364025116
v,-2.8561237286339747e-07, 6.795257091522217, 0.2612074315547943
v,-2.750670944351441e-07, 6.702463150024414, 0.409661203622818
v,-2.8561237286339747e-07, 6.795257091522217, 0.2612074315547943
v,-2.981758484565944e-07, 7.066232204437256, 0.24476422369480133
v,-2.9486025709957175e-07, 7.053951263427734, 0.30833467841148376
v,-2.8338465085653297e-07, 6.7342119216918945, 0.2511267364025116
v,-2.981758484565944e-07, 7.066232204437256, 0.24476422369480133
v,-2.8561237286339747e-07, 6.795257091522217, 0.2612074315547943
v,-2.730765515934763e-07, 6.45726203918457, 0.20999886095523834
v,-2.981758484565944e-07, 7.066232204437256, 0.24476422369480133
v,-2.8338465085653297e-07, 6.7342119216918945, 0.2511267364025116
v,-2.730765515934763e-07, 6.45726203918457, 0.20999886095523834
v,-2.8861884970865503e-07, 6.806849479675293, 0.20401999354362488
v,-2.981758484565944e-07, 7.066232204437256, 0.24476422369480133
v,-2.764106739050476e-07, 6.469748020172119, 0.14620903134346008
v,-2.863554016130365e-07, 6.74502420425415, 0.19397670030593872
v,-2.730765515934763e-07, 6.45726203918457, 0.20999886095523834
v,-2.863554016130365e-07, 6.74502420425415, 0.19397670030593872
v,-2.8861884970865503e-07, 6.806849479675293, 0.20401999354362488
v,-2.730765515934763e-07, 6.45726203918457, 0.20999886095523834
v,-2.863554016130365e-07, 6.74502420425415, 0.19397670030593872
v,-3.006200017807714e-07, 6.856003761291504, -0.021380530670285225
v,-2.8861884970865503e-07, 6.806849479675293, 0.20401999354362488
v,-2.9816843039043306e-07, 6.787660598754883, -0.0336381234228611
v,-3.006200017807714e-07, 6.856003761291504, -0.021380530670285225
v,-2.863554016130365e-07, 6.74502420425415, 0.19397670030593872
v,-2.2532866239544092e-07, 5.661964416503906, 0.507045328617096
v,-2.526733453578345e-07, 6.27670431137085, 0.49621209502220154
v,-2.4978982082757284e-07, 6.275277614593506, 0.5607525706291199
v,-2.2832062995803426e-07, 5.668489456176758, 0.4451219439506531
v,-2.4171447421394987e-07, 6.011891841888428, 0.48210954666137695
v,-2.2532866239544092e-07, 5.661964416503906, 0.507045328617096
v,-2.4171447421394987e-07, 6.011891841888428, 0.48210954666137695
v,-2.4707480861252407e-07, 6.143002033233643, 0.4905889928340912
v,-2.2532866239544092e-07, 5.661964416503906, 0.507045328617096
v,-2.4707480861252407e-07, 6.143002033233643, 0.4905889928340912
v,-2.526733453578345e-07, 6.27670431137085, 0.49621209502220154
v,-2.2532866239544092e-07, 5.661964416503906, 0.507045328617096
v,-2.4171447421394987e-07, 6.011891841888428, 0.48210954666137695
v,-2.447392546400806e-07, 6.000864028930664, 0.401882141828537
v,-2.4707480861252407e-07, 6.143002033233643, 0.4905889928340912
v,-2.431356733723078e-07, 5.9114089012146, 0.34911322593688965
v,-2.447392546400806e-07, 6.000864028930664, 0.401882141828537
v,-2.4171447421394987e-07, 6.011891841888428, 0.48210954666137695
v,-2.5342413323414803e-07, 6.213530540466309, 0.4158627688884735
v,-2.61832099113235e-07, 6.317805290222168, 0.3277852535247803
v,-2.5423886995668e-07, 6.2499518394470215, 0.4336445927619934
v,-2.510701904157031e-07, 6.127922534942627, 0.3841060996055603
v,-2.594129000499379e-07, 6.230082988739014, 0.295407772064209
v,-2.519701354231074e-07, 6.165529251098633, 0.4011247456073761
v,-2.609245939311222e-07, 6.277110576629639, 0.307851642370224
v,-2.61832099113235e-07, 6.317805290222168, 0.3277852535247803
v,-2.5342413323414803e-07, 6.213530540466309, 0.4158627688884735
v,-2.58526057450581e-07, 6.1897358894348145, 0.2753491997718811
v,-2.594129000499379e-07, 6.230082988739014, 0.295407772064209
v,-2.510701904157031e-07, 6.127922534942627, 0.3841060996055603
v,-2.488871473360632e-07, 5.881831169128418, 0.18795697391033173
v,-2.447392546400806e-07, 6.000864028930664, 0.401882141828537
v,-2.431356733723078e-07, 5.9114089012146, 0.34911322593688965
v,-2.488871473360632e-07, 5.881831169128418, 0.18795697391033173
v,-2.49349312753111e-07, 5.946050643920898, 0.2416030615568161
v,-2.447392546400806e-07, 6.000864028930664, 0.401882141828537
v,-2.488871473360632e-07, 5.881831169128418, 0.18795697391033173
v,-2.554631919338135e-07, 5.976260185241699, 0.13194404542446136
v,-2.49349312753111e-07, 5.946050643920898, 0.2416030615568161
v,-2.5869661612887285e-07, 5.96584939956665, 0.047560419887304306
v,-2.554631919338135e-07, 5.976260185241699, 0.13194404542446136
v,-2.488871473360632e-07, 5.881831169128418, 0.18795697391033173
v,-2.5869661612887285e-07, 5.96584939956665, 0.047560419887304306
v,-2.625355079999281e-07, 6.068718433380127, 0.06260547041893005
v,-2.554631919338135e-07, 5.976260185241699, 0.13194404542446136
v,-2.5869661612887285e-07, 5.96584939956665, 0.047560419887304306
v,-2.701369510305085e-07, 6.2135844230651855, 0.033571161329746246
v,-2.625355079999281e-07, 6.068718433380127, 0.06260547041893005
v,-2.5869661612887285e-07, 5.96584939956665, 0.047560419887304306
v,-2.717159190979146e-07, 6.179455280303955, -0.03668057918548584
v,-2.701369510305085e-07, 6.2135844230651855, 0.033571161329746246
v,-2.2224055840069923e-07, 5.084271430969238, 0.0
v,-2.1514671288969112e-07, 5.33620548248291, 0.4142224192619324
v,-2.0975258507860417e-07, 5.337143421173096, 0.5385635495185852
v,-2.1514671288969112e-07, 5.33620548248291, 0.4142224192619324
v,-2.4477199644934444e-07, 5.599730968475342, 0.0
v,-2.0975258507860417e-07, 5.337143421173096, 0.5385635495185852
v,-2.2224055840069923e-07, 5.084271430969238, 0.0
v,-2.2004483923865337e-07, 5.257379055023193, 0.22334007918834686
v,-2.1514671288969112e-07, 5.33620548248291, 0.4142224192619324
v,-2.2720625736383226e-07, 5.421213150024414, 0.22334007918834686
v,-2.4477199644934444e-07, 5.599730968475342, 0.0
v,-2.1514671288969112e-07, 5.33620548248291, 0.4142224192619324
v,-2.2224055840069923e-07, 5.084271430969238, 0.0
v,-2.2173385616497399e-07, 5.228012561798096, 0.15533341467380524
v,-2.2004483923865337e-07, 5.257379055023193, 0.22334007918834686
v,-2.2173385616497399e-07, 5.228012561798096, 0.15533341467380524
v,-2.2720625736383226e-07, 5.421213150024414, 0.22334007918834686
v,-2.2004483923865337e-07, 5.257379055023193, 0.22334007918834686
v,-2.2173385616497399e-07, 5.228012561798096, 0.15533341467380524
v,-2.3153013728460792e-07, 5.452125549316406, 0.15533341467380524
v,-2.2720625736383226e-07, 5.421213150024414, 0.22334007918834686
v,-2.3153013728460792e-07, 5.452125549316406, 0.15533341467380524
v,-2.4477199644934444e-07, 5.599730968475342, 0.0
v,-2.2720625736383226e-07, 5.421213150024414, 0.22334007918834686
v,-2.2224055840069923e-07, 5.084271430969238, 0.0
v,-2.2561859225334047e-07, 5.161551475524902, 0.0
v,-2.2173385616497399e-07, 5.228012561798096, 0.15533341467380524
v,-2.4139399101841263e-07, 5.5224504470825195, 0.0
v,-2.4477199644934444e-07, 5.599730968475342, 0.0
v,-2.3153013728460792e-07, 5.452125549316406, 0.15533341467380524
v,-2.195594248632915e-07, 4.941337585449219, -0.08159663528203964
v,-1.9663508510348038e-07, 5.025537967681885, 0.5270516872406006
v,-1.9332463807586464e-07, 4.949803829193115, 0.5270516872406006
v,-2.195594248632915e-07, 4.941337585449219, -0.08159663528203964
v,-2.2355744988544757e-07, 5.016290187835693, -0.09810816496610641
v,-1.9663508510348038e-07, 5.025537967681885, 0.5270516872406006
v,-2.1642412662004062e-07, 4.843979358673096, -0.1072271540760994
v,-2.2355744988544757e-07, 5.016290187835693, -0.09810816496610641
v,-2.195594248632915e-07, 4.941337585449219, -0.08159663528203964
v,-2.2006901190252393e-07, 4.857838153839111, -0.17675437033176422
v,-2.2355744988544757e-07, 5.016290187835693, -0.09810816496610641
v,-2.1642412662004062e-07, 4.843979358673096, -0.1072271540760994
v,-2.2006901190252393e-07, 4.857838153839111, -0.17675437033176422
v,-2.233689428976504e-07, 4.940082550048828, -0.17000305652618408
v,-2.2355744988544757e-07, 5.016290187835693, -0.09810816496610641
v,-1.8991281081071065e-07, 4.344698905944824, 0.0
v,-1.7528594753457583e-07, 4.415796756744385, 0.40572160482406616
v,-1.6734539087792655e-07, 4.363844394683838, 0.5354278683662415
v,-1.7528594753457583e-07, 4.415796756744385, 0.40572160482406616
v,-2.0295199476549897e-07, 4.762012481689453, 0.11901167780160904
v,-1.6734539087792655e-07, 4.363844394683838, 0.5354278683662415
v,-2.0295199476549897e-07, 4.762012481689453, 0.11901167780160904
v,-1.8822379388439003e-07, 4.833110332489014, 0.5270516872406006
v,-1.8511599364501308e-07, 4.762012481689453, 0.5270516872406006
v,-2.0295199476549897e-07, 4.762012481689453, 0.11901167780160904
v,-2.112619483796152e-07, 4.833110332489014, 0.0
v,-1.8822379388439003e-07, 4.833110332489014, 0.5270516872406006
v,-1.8991281081071065e-07, 4.344698905944824, 0.0
v,-1.930205968392329e-07, 4.415796756744385, 0.0
v,-1.7528594753457583e-07, 4.415796756744385, 0.40572160482406616
v,-2.0842442438606668e-07, 4.768195152282715, 0.0
v,-2.0295199476549897e-07, 4.762012481689453, 0.11901167780160904
v,-1.7528594753457583e-07, 4.415796756744385, 0.40572160482406616
v,-2.0842442438606668e-07, 4.768195152282715, 0.0
v,-2.112619483796152e-07, 4.833110332489014, 0.0
v,-2.0295199476549897e-07, 4.762012481689453, 0.11901167780160904
v,-1.8153531300413306e-07, 4.153043746948242, 0.0
v,-1.6180760553652362e-07, 4.22877836227417, 0.5270516872406006
v,-1.584971585089079e-07, 4.153043746948242, 0.5270516872406006
v,-1.8153531300413306e-07, 4.153043746948242, 0.0
v,-1.848457600317488e-07, 4.22877836227417, 0.0
v,-1.6180760553652362e-07, 4.22877836227417, 0.5270516872406006
v,-1.550853312437539e-07, 3.547938585281372, 0.0
v,-1.4045846796761907e-07, 3.6190366744995117, 0.40572160482406616
v,-1.3251789710011508e-07, 3.5670840740203857, 0.5354278683662415
v,-1.4045846796761907e-07, 3.6190366744995117, 0.40572160482406616
v,-1.681245151985422e-07, 3.965252161026001, 0.11901167780160904
v,-1.3251789710011508e-07, 3.5670840740203857, 0.5354278683662415
v,-1.681245151985422e-07, 3.965252161026001, 0.11901167780160904
v,-1.5339631431743328e-07, 4.036350250244141, 0.5270516872406006
v,-1.5028851407805632e-07, 3.965252161026001, 0.5270516872406006
v,-1.681245151985422e-07, 3.965252161026001, 0.11901167780160904
v,-1.7643446881265845e-07, 4.036350250244141, 0.0
v,-1.5339631431743328e-07, 4.036350250244141, 0.5270516872406006
v,-1.550853312437539e-07, 3.547938585281372, 0.0
v,-1.5819311727227614e-07, 3.6190366744995117, 0.0
v,-1.4045846796761907e-07, 3.6190366744995117, 0.40572160482406616
v,-1.735969306082552e-07, 3.971435070037842, 0.0
v,-1.681245151985422e-07, 3.965252161026001, 0.11901167780160904
v,-1.4045846796761907e-07, 3.6190366744995117, 0.40572160482406616
v,-1.735969306082552e-07, 3.971435070037842, 0.0
v,-1.7643446881265845e-07, 4.036350250244141, 0.0
v,-1.681245151985422e-07, 3.965252161026001, 0.11901167780160904
v,-1.1931199139780801e-07, 2.7295403480529785, 0.0
v,-1.0468512101624583e-07, 2.800638198852539, 0.40572160482406616
v,-9.674458567587862e-08, 2.748685836791992, 0.5354278683662415
v,-1.0468512101624583e-07, 2.800638198852539, 0.40572160482406616
v,-1.3235118956345104e-07, 3.1468539237976074, 0.11901167780160904
v,-9.674458567587862e-08, 2.748685836791992, 0.5354278683662415
v,-1.3235118956345104e-07, 3.1468539237976074, 0.11901167780160904
v,-1.1762298157691475e-07, 3.217951774597168, 0.5270516872406006
v,-1.1451519554839251e-07, 3.1468539237976074, 0.5270516872406006
v,-1.3235118956345104e-07, 3.1468539237976074, 0.11901167780160904
v,-1.4066114317756728e-07, 3.217951774597168, 0.0
v,-1.1762298157691475e-07, 3.217951774597168, 0.5270516872406006
v,-1.1931199139780801e-07, 2.7295403480529785, 0.0
v,-1.2241977742633026e-07, 2.800638198852539, 0.0
v,-1.0468512101624583e-07, 2.800638198852539, 0.40572160482406616
v,-1.3782360497316404e-07, 3.153036594390869, 0.0
v,-1.3235118956345104e-07, 3.1468539237976074, 0.11901167780160904
v,-1.0468512101624583e-07, 2.800638198852539, 0.40572160482406616
v,-1.3782360497316404e-07, 3.153036594390869, 0.0
v,-1.4066114317756728e-07, 3.217951774597168, 0.0
v,-1.3235118956345104e-07, 3.1468539237976074, 0.11901167780160904
v,-9.901003750201198e-08, 2.2650856971740723, 0.0
v,-8.211988955508787e-08, 2.3408203125, 0.46213623881340027
v,-7.597187590135945e-08, 2.2650856971740723, 0.5270516872406006
v,-8.211988955508787e-08, 2.3408203125, 0.46213623881340027
v,-8.691050368270226e-08, 2.5013439655303955, 0.513063371181488
v,-7.597187590135945e-08, 2.2650856971740723, 0.5270516872406006
v,-8.211988955508787e-08, 2.3408203125, 0.46213623881340027
v,-8.71713581318545e-08, 2.4502851963043213, 0.45603689551353455
v,-8.691050368270226e-08, 2.5013439655303955, 0.513063371181488
v,-9.901003750201198e-08, 2.2650856971740723, 0.0
v,-8.934887318901019e-08, 2.3408203125, 0.2967563569545746
v,-8.211988955508787e-08, 2.3408203125, 0.46213623881340027
v,-8.71713581318545e-08, 2.4502851963043213, 0.45603689551353455
v,-9.505504294793354e-08, 2.5734760761260986, 0.39886993169784546
v,-8.691050368270226e-08, 2.5013439655303955, 0.513063371181488
v,-9.198618045047624e-08, 2.4962639808654785, 0.39186549186706543
v,-9.505504294793354e-08, 2.5734760761260986, 0.39886993169784546
v,-8.71713581318545e-08, 2.4502851963043213, 0.45603689551353455
v,-9.40945383831604e-08, 2.4587173461914062, 0.30608507990837097
v,-9.505504294793354e-08, 2.5734760761260986, 0.39886993169784546
v,-9.198618045047624e-08, 2.4962639808654785, 0.39186549186706543
v,-9.40945383831604e-08, 2.4587173461914062, 0.30608507990837097
v,-9.814748125336337e-08, 2.5562503337860107, 0.31089770793914795
v,-9.505504294793354e-08, 2.5734760761260986, 0.39886993169784546
v,-9.901003750201198e-08, 2.2650856971740723, 0.0
v,-9.256563515691596e-08, 2.352703094482422, 0.23504814505577087
v,-8.934887318901019e-08, 2.3408203125, 0.2967563569545746
v,-9.256563515691596e-08, 2.352703094482422, 0.23504814505577087
v,-9.40945383831604e-08, 2.4587173461914062, 0.30608507990837097
v,-8.934887318901019e-08, 2.3408203125, 0.2967563569545746
v,-9.256563515691596e-08, 2.352703094482422, 0.23504814505577087
v,-9.814748125336337e-08, 2.5562503337860107, 0.31089770793914795
v,-9.40945383831604e-08, 2.4587173461914062, 0.30608507990837097
v,-9.256563515691596e-08, 2.352703094482422, 0.23504814505577087
v,-9.817603086048621e-08, 2.49780535697937, 0.25179943442344666
v,-9.814748125336337e-08, 2.5562503337860107, 0.31089770793914795
v,-9.901003750201198e-08, 2.2650856971740723, 0.0
v,-1.0232050584590979e-07, 2.3408203125, 0.0
v,-9.256563515691596e-08, 2.352703094482422, 0.23504814505577087
v,-9.876272599740332e-08, 2.4525299072265625, 0.19310200214385986
v,-9.817603086048621e-08, 2.49780535697937, 0.25179943442344666
v,-9.256563515691596e-08, 2.352703094482422, 0.23504814505577087
v,-9.876272599740332e-08, 2.4525299072265625, 0.19310200214385986
v,-1.1658356413590809e-07, 2.668733596801758, 0.0016126860864460468
v,-9.817603086048621e-08, 2.49780535697937, 0.25179943442344666
v,-1.1285995782372993e-07, 2.581934928894043, 0.0
v,-1.1658356413590809e-07, 2.668733596801758, 0.0016126860864460468
v,-9.876272599740332e-08, 2.4525299072265625, 0.19310200214385986
v,-8.205233825719915e-08, 1.877138614654541, 0.0
v,-6.529731422233453e-08, 1.9528733491897583, 0.45904502272605896
v,-5.9014176656546624e-08, 1.877138614654541, 0.5270516872406006
v,-6.529731422233453e-08, 1.9528733491897583, 0.45904502272605896
v,-7.208713981299297e-08, 2.176213264465332, 0.5270516872406006
v,-5.9014176656546624e-08, 1.877138614654541, 0.5270516872406006
v,-6.529731422233453e-08, 1.9528733491897583, 0.45904502272605896
v,-7.505980192945572e-08, 2.176213264465332, 0.45904502272605896
v,-7.208713981299297e-08, 2.176213264465332, 0.5270516872406006
v,-8.205233825719915e-08, 1.877138614654541, 0.0
v,-7.225605003213786e-08, 1.9528733491897583, 0.2998475730419159
v,-6.529731422233453e-08, 1.9528733491897583, 0.45904502272605896
v,-8.205233825719915e-08, 1.877138614654541, 0.0
v,-7.522871925402796e-08, 1.9528733491897583, 0.23184090852737427
v,-7.225605003213786e-08, 1.9528733491897583, 0.2998475730419159
v,-7.522871925402796e-08, 1.9528733491897583, 0.23184090852737427
v,-8.168075282810605e-08, 2.168485403060913, 0.2998475730419159
v,-7.225605003213786e-08, 1.9528733491897583, 0.2998475730419159
v,-7.522871925402796e-08, 1.9528733491897583, 0.23184090852737427
v,-8.465342204999615e-08, 2.168485403060913, 0.23184090852737427
v,-8.168075282810605e-08, 2.168485403060913, 0.2998475730419159
v,-8.205233825719915e-08, 1.877138614654541, 0.0
v,-8.239013737920686e-08, 1.9528733491897583, 0.06800667196512222
v,-7.522871925402796e-08, 1.9528733491897583, 0.23184090852737427
v,-8.205233825719915e-08, 1.877138614654541, 0.0
v,-9.245665921753243e-08, 2.183168649673462, 0.06800667196512222
v,-8.239013737920686e-08, 1.9528733491897583, 0.06800667196512222
v,-8.205233825719915e-08, 1.877138614654541, 0.0
v,-9.542932843942253e-08, 2.183168649673462, 0.0
v,-9.245665921753243e-08, 2.183168649673462, 0.06800667196512222
v,-5.6750891985757335e-08, 1.298309087753296, 0.0
v,-3.999586439817904e-08, 1.3740438222885132, 0.45904502272605896
v,-3.3712730385104805e-08, 1.298309087753296, 0.5270516872406006
v,-3.999586439817904e-08, 1.3740438222885132, 0.45904502272605896
v,-4.625286464943201e-08, 1.580179214477539, 0.5220369100570679
v,-3.3712730385104805e-08, 1.298309087753296, 0.5270516872406006
v,-3.999586439817904e-08, 1.3740438222885132, 0.45904502272605896
v,-5.453460261151122e-08, 1.7052103281021118, 0.4576040506362915
v,-4.625286464943201e-08, 1.580179214477539, 0.5220369100570679
v,-3.999586439817904e-08, 1.3740438222885132, 0.45904502272605896
v,-5.094509702985306e-08, 1.609265685081482, 0.44377774000167847
v,-5.453460261151122e-08, 1.7052103281021118, 0.4576040506362915
v,-5.6750891985757335e-08, 1.298309087753296, 0.0
v,-5.708869466047872e-08, 1.3740438222885132, 0.06800667196512222
v,-3.999586439817904e-08, 1.3740438222885132, 0.45904502272605896
v,-5.094509702985306e-08, 1.609265685081482, 0.44377774000167847
v,-6.250930084661377e-08, 1.7740914821624756, 0.3440454304218292
v,-5.453460261151122e-08, 1.7052103281021118, 0.4576040506362915
v,-6.224395576737152e-08, 1.7113232612609863, 0.2873474359512329
v,-6.250930084661377e-08, 1.7740914821624756, 0.3440454304218292
v,-5.094509702985306e-08, 1.609265685081482, 0.44377774000167847
v,-6.224395576737152e-08, 1.7113232612609863, 0.2873474359512329
v,-6.857682421923528e-08, 1.7812367677688599, 0.21238188445568085
v,-6.250930084661377e-08, 1.7740914821624756, 0.3440454304218292
v,-6.661445439704039e-08, 1.6714614629745483, 0.14750048518180847
v,-6.857682421923528e-08, 1.7812367677688599, 0.21238188445568085
v,-6.224395576737152e-08, 1.7113232612609863, 0.2873474359512329
v,-6.661445439704039e-08, 1.6714614629745483, 0.14750048518180847
v,-7.129036561082103e-08, 1.7221790552139282, 0.0912456065416336
v,-6.857682421923528e-08, 1.7812367677688599, 0.21238188445568085
v,-6.562987664437969e-08, 1.5768002271652222, 0.07536349445581436
v,-7.129036561082103e-08, 1.7221790552139282, 0.0912456065416336
v,-6.661445439704039e-08, 1.6714614629745483, 0.14750048518180847
v,-5.6750891985757335e-08, 1.298309087753296, 0.0
v,-6.562987664437969e-08, 1.5768002271652222, 0.07536349445581436
v,-5.708869466047872e-08, 1.3740438222885132, 0.06800667196512222
v,-5.6750891985757335e-08, 1.298309087753296, 0.0
v,-7.129036561082103e-08, 1.7221790552139282, 0.0912456065416336
v,-6.562987664437969e-08, 1.5768002271652222, 0.07536349445581436
v,-5.6750891985757335e-08, 1.298309087753296, 0.0
v,-6.926771334292425e-08, 1.5919690132141113, 0.007308387663215399
v,-7.129036561082103e-08, 1.7221790552139282, 0.0912456065416336
v,-1.151088824258295e-08, 0.7413374185562134, 0.4779989719390869
v,-2.3963352191458398e-08, 1.0593085289001465, 0.5110909342765808
v,-1.4309893714425925e-08, 0.8586759567260742, 0.5313037633895874
v,-1.6220978338310488e-08, 0.8227574825286865, 0.4516647756099701
v,-2.3963352191458398e-08, 1.0593085289001465, 0.5110909342765808
v,-1.151088824258295e-08, 0.7413374185562134, 0.4779989719390869
v,-2.567513845974645e-08, 1.0310343503952026, 0.4436556398868561
v,-2.3963352191458398e-08, 1.0593085289001465, 0.5110909342765808
v,-1.6220978338310488e-08, 0.8227574825286865, 0.4516647756099701
v,-2.567513845974645e-08, 1.0310343503952026, 0.4436556398868561
v,-3.3706101021380164e-08, 1.1710621118545532, 0.39995649456977844
v,-2.3963352191458398e-08, 1.0593085289001465, 0.5110909342765808
v,-1.2459056009106462e-08, 0.6544444561004639, 0.36941447854042053
v,-1.6220978338310488e-08, 0.8227574825286865, 0.4516647756099701
v,-1.151088824258295e-08, 0.7413374185562134, 0.4779989719390869
v,-3.433742534753037e-08, 1.117897868156433, 0.33234912157058716
v,-3.3706101021380164e-08, 1.1710621118545532, 0.39995649456977844
v,-2.567513845974645e-08, 1.0310343503952026, 0.4436556398868561
v,-1.2459056009106462e-08, 0.6544444561004639, 0.36941447854042053
v,-1.7174130562125356e-08, 0.725227415561676, 0.332329124212265
v,-1.6220978338310488e-08, 0.8227574825286865, 0.4516647756099701
v,-3.433742534753037e-08, 1.117897868156433, 0.33234912157058716
v,-4.131221231773452e-08, 1.209291696548462, 0.26417842507362366
v,-3.3706101021380164e-08, 1.1710621118545532, 0.39995649456977844
v,-2.0603668104968165e-08, 0.6461117267608643, 0.17475470900535583
v,-1.7174130562125356e-08, 0.725227415561676, 0.332329124212265
v,-1.2459056009106462e-08, 0.6544444561004639, 0.36941447854042053
v,-4.05026305827505e-08, 1.120597004890442, 0.1940048187971115
v,-4.131221231773452e-08, 1.209291696548462, 0.26417842507362366
v,-3.433742534753037e-08, 1.117897868156433, 0.33234912157058716
v,-2.0603668104968165e-08, 0.6461117267608643, 0.17475470900535583
v,-2.3100749757531958e-08, 0.7225266695022583, 0.1940431445837021
v,-1.7174130562125356e-08, 0.725227415561676, 0.332329124212265
v,-4.05026305827505e-08, 1.120597004890442, 0.1940048187971115
v,-4.591151636645918e-08, 1.163586139678955, 0.11325313150882721
v,-4.131221231773452e-08, 1.209291696548462, 0.26417842507362366
v,-4.132381903332316e-08, 1.0395102500915527, 0.09413152188062668
v,-4.591151636645918e-08, 1.163586139678955, 0.11325313150882721
v,-4.05026305827505e-08, 1.120597004890442, 0.1940048187971115
v,-2.0603668104968165e-08, 0.6461117267608643, 0.17475470900535583
v,-3.100616297047054e-08, 0.8034611344337463, 0.09412278980016708
v,-2.3100749757531958e-08, 0.7225266695022583, 0.1940431445837021
v,-3.127473746644682e-08, 0.7536542415618896, 0.03817161172628403
v,-3.100616297047054e-08, 0.8034611344337463, 0.09412278980016708
v,-2.0603668104968165e-08, 0.6461117267608643, 0.17475470900535583
v,-3.768648326740731e-08, 0.9211841821670532, 0.05901795253157616
v,-4.591151636645918e-08, 1.163586139678955, 0.11325313150882721
v,-4.132381903332316e-08, 1.0395102500915527, 0.09413152188062668
v,-3.127473746644682e-08, 0.7536542415618896, 0.03817161172628403
v,-3.768648326740731e-08, 0.9211841821670532, 0.05901795253157616
v,-3.100616297047054e-08, 0.8034611344337463, 0.09412278980016708
v,-3.768648326740731e-08, 0.9211841821670532, 0.05901795253157616
v,-4.5365347034476144e-08, 1.0579863786697388, 0.02014821395277977
v,-4.591151636645918e-08, 1.163586139678955, 0.11325313150882721
v,-3.127473746644682e-08, 0.7536542415618896, 0.03817161172628403
v,-4.5365347034476144e-08, 1.0579863786697388, 0.02014821395277977
v,-3.768648326740731e-08, 0.9211841821670532, 0.05901795253157616
v,-3.966770734109559e-08, 0.8979189395904541, -0.009572411887347698
v,-4.5365347034476144e-08, 1.0579863786697388, 0.02014821395277977
v,-3.127473746644682e-08, 0.7536542415618896, 0.03817161172628403
v,-2.46596165709434e-09, 0.05641462281346321, 0.0
v,1.746441213867911e-08, 0.12751249969005585, 0.5270516872406006
v,2.057219994355819e-08, 0.05641462281346321, 0.5270516872406006
v,-2.46596165709434e-09, 0.05641462281346321, 0.0
v,1.2147107320004125e-08, 0.13267341256141663, 0.4105668365955353
v,1.746441213867911e-08, 0.12751249969005585, 0.5270516872406006
v,1.2147107320004125e-08, 0.13267341256141663, 0.4105668365955353
v,3.715827645578429e-10, 0.30216601490974426, 0.3106668293476105
v,1.746441213867911e-08, 0.12751249969005585, 0.5270516872406006
v,3.715827645578429e-10, 0.30216601490974426, 0.3106668293476105
v,-9.120668664763798e-10, 0.547917366027832, 0.5270516872406006
v,2.1619399603878264e-09, 0.4775922894477844, 0.5270516872406006
v,3.715827645578429e-10, 0.30216601490974426, 0.3106668293476105
v,-2.6704025657409147e-09, 0.47165852785110474, 0.4105668365955353
v,-9.120668664763798e-10, 0.547917366027832, 0.5270516872406006
v,-2.6704025657409147e-09, 0.47165852785110474, 0.4105668365955353
v,-2.395022846712891e-08, 0.547917366027832, 0.0
v,-9.120668664763798e-10, 0.547917366027832, 0.5270516872406006
v,-2.46596165709434e-09, 0.05641462281346321, 0.0
v,-5.77643000099215e-09, 0.1321493238210678, 0.0
v,1.2147107320004125e-08, 0.13267341256141663, 0.4105668365955353
v,-4.283641885649558e-09, 0.3021659851074219, 0.2041676640510559
v,3.715827645578429e-10, 0.30216601490974426, 0.3106668293476105
v,1.2147107320004125e-08, 0.13267341256141663, 0.4105668365955353
v,3.715827645578429e-10, 0.30216601490974426, 0.3106668293476105
v,-4.283641885649558e-09, 0.3021659851074219, 0.2041676640510559
v,-2.6704025657409147e-09, 0.47165852785110474, 0.4105668365955353
v,-2.063975834687426e-08, 0.47218263149261475, 0.0
v,-2.395022846712891e-08, 0.547917366027832, 0.0
v,-2.6704025657409147e-09, 0.47165852785110474, 0.4105668365955353
n,1.2939907312393188, 5.6562136308002664e-08, -5.6562136308002664e-08
n,1.2939907312393188, 5.6562136308002664e-08, -5.6562136308002664e-08
n,1.2939907312393188, 5.6562136308002664e-08, -5.6562136308002664e-08
n,1.2939907312393188, 5.6562136308002664e-08, -5.6562136308002664e-08
n,1.2939907312393188, 5.6562136308002664e-08, -5.6562136308002664e-08
n,1.2939907312393188, 5.6562136308002664e-08, -5.6562136308002664e-08
n,1.2939907312393188, 5.6562136308002664e-08, -5.6562136308002664e-08
n,1.2939907312393188, 5.6562136308002664e-08, -5.6562136308002664e-08
n,1.2939907312393188, 5.6562136308002664e-08, -5.6562136308002664e-08
n,1.2939907312393188, 5.6562136308002664e-08, -5.6562136308002664e-08
n,1.2939907312393188, 5.6562136308002664e-08, -5.6562136308002664e-08
n,1.2939907312393188, 5.6562136308002664e-08, -5.6562136308002664e-08
n,1.2939907312393188, 5.6562136308002664e-08, -5.6562136308002664e-08
n,1.2939907312393188, 5.6562136308002664e-08, -5.6562136308002664e-08
n,1.2939907312393188, 5.6562136308002664e-08, -5.6562136308002664e-08
n,1.2939907312393188, 5.6562136308002664e-08, -5.6562136308002664e-08
n,1.2939907312393188, 5.6562136308002664e-08, -5.6562136308002664e-08
n,1.2939907312393188, 5.6562136308002664e-08, -5.6562136308002664e-08
n,1.2939907312393188, 5.6562136308002664e-08, -5.6562136308002664e-08
n,1.2939907312393188, 5.6562136308002664e-08, -5.6562136308002664e-08
n,1.2939907312393188, 5.6562136308002664e-08, -5.6562136308002664e-08
n,1.2939907312393188, 5.6562136308002664e-08, -5.6562136308002664e-08
n,1.2939907312393188, 5.6562136308002664e-08, -5.6562136308002664e-08
n,1.2939907312393188, 5.6562136308002664e-08, -5.6562136308002664e-08
n,1.2939907312393188, 5.6562136308002664e-08, -5.6562136308002664e-08
n,1.2939907312393188, 5.6562136308002664e-08, -5.6562136308002664e-08
n,1.2939907312393188, 5.6562136308002664e-08, -5.6562136308002664e-08
n,1.2939907312393188, 5.6562136308002664e-08, -5.6562136308002664e-08
n,1.2939907312393188, 5.6562136308002664e-08, -5.6562136308002664e-08
n,1.2939907312393188, 5.6562136308002664e-08, -5.6562136308002664e-08
n,1.2939907312393188, 5.6562136308002664e-08, -5.6562136308002664e-08
n,1.2939907312393188, 5.6562136308002664e-08, -5.6562136308002664e-08
n,1.2939907312393188, 5.6562136308002664e-08, -5.6562136308002664e-08
n,1.2939907312393188, 5.6562136308002664e-08, -5.6562136308002664e-08
n,1.2939907312393188, 5.6562136308002664e-08, -5.6562136308002664e-08
n,1.2939907312393188, 5.6562136308002664e-08, -5.6562136308002664e-08
n,1.2939907312393188, 5.6562136308002664e-08, -5.6562136308002664e-08
n,1.2939907312393188, 5.6562136308002664e-08, -5.6562136308002664e-08
n,1.2939907312393188, 5.6562136308002664e-08, -5.6562136308002664e-08
n,1.2939907312393188, 5.6562136308002664e-08, -5.6562136308002664e-08
n,1.2939907312393188, 5.6562136308002664e-08, -5.6562136308002664e-08
n,1.2939907312393188, 5.6562136308002664e-08, -5.6562136308002664e-08
n,1.2939907312393188, 5.6562136308002664e-08, -5.6562136308002664e-08
n,1.2939907312393188, 5.6562136308002664e-08, -5.6562136308002664e-08
n,1.2939907312393188, 5.6562136308002664e-08, -5.6562136308002664e-08
n,1.2939907312393188, 5.6562136308002664e-08, -5.6562136308002664e-08
n,1.2939907312393188, 5.6562136308002664e-08, -5.6562136308002664e-08
n,1.2939907312393188, 5.6562136308002664e-08, -5.6562136308002664e-08
n,1.2939907312393188, 5.6562136308002664e-08, -5.6562136308002664e-08
n,1.2939907312393188, 5.6562136308002664e-08, -5.6562136308002664e-08
n,1.2939907312393188, 5.6562136308002664e-08, -5.6562136308002664e-08
n,1.2939907312393188, 5.6562136308002664e-08, -5.6562136308002664e-08
n,1.2939907312393188, 5.6562136308002664e-08, -5.6562136308002664e-08
n,1.2939907312393188, 5.6562136308002664e-08, -5.6562136308002664e-08
n,1.2939907312393188, 5.6562136308002664e-08, -5.6562136308002664e-08
n,1.2939907312393188, 5.6562136308002664e-08, -5.6562136308002664e-08
n,1.2939907312393188, 5.6562136308002664e-08, -5.6562136308002664e-08
n,1.2939907312393188, 5.6562136308002664e-08, -5.6562136308002664e-08
n,1.2939907312393188, 5.6562136308002664e-08, -5.6562136308002664e-08
n,1.2939907312393188, 5.6562136308002664e-08, -5.6562136308002664e-08
n,1.2939907312393188, 5.6562136308002664e-08, -5.6562136308002664e-08
n,1.2939907312393188, 5.6562136308002664e-08, -5.6562136308002664e-08
n,1.2939907312393188, 5.6562136308002664e-08, -5.6562136308002664e-08
n,1.2939907312393188, 5.6562136308002664e-08, -5.6562136308002664e-08
n,1.2939907312393188, 5.6562136308002664e-08, -5.6562136308002664e-08
n,1.2939907312393188, 5.6562136308002664e-08, -5.6562136308002664e-08
n,1.2939907312393188, 5.6562136308002664e-08, -5.6562136308002664e-08
n,1.2939907312393188, 5.6562136308002664e-08, -5.6562136308002664e-08
n,1.2939907312393188, 5.6562136308002664e-08, -5.6562136308002664e-08
n,1.2939907312393188, 5.6562136308002664e-08, -5.6562136308002664e-08
n,1.2939907312393188, 5.6562136308002664e-08, -5.6562136308002664e-08
n,1.2939907312393188, 5.6562136308002664e-08, -5.6562136308002664e-08
n,1.2939907312393188, 5.6562136308002664e-08, -5.6562136308002664e-08
n,1.2939907312393188, 5.6562136308002664e-08, -5.6562136308002664e-08
n,1.2939907312393188, 5.6562136308002664e-08, -5.6562136308002664e-08
n,1.2939907312393188, 5.6562136308002664e-08, -5.6562136308002664e-08
n,1.2939907312393188, 5.6562136308002664e-08, -5.6562136308002664e-08
n,1.2939907312393188, 5.6562136308002664e-08, -5.6562136308002664e-08
n,1.2939907312393188, 5.6562136308002664e-08, -5.6562136308002664e-08
n,1.2939907312393188, 5.6562136308002664e-08, -5.6562136308002664e-08
n,1.2939907312393188, 5.6562136308002664e-08, -5.6562136308002664e-08
n,1.2939907312393188, 5.6562136308002664e-08, -5.6562136308002664e-08
n,1.2939907312393188, 5.6562136308002664e-08, -5.6562136308002664e-08
n,1.2939907312393188, 5.6562136308002664e-08, -5.6562136308002664e-08
n,1.2939907312393188, 5.6562136308002664e-08, -5.6562136308002664e-08
n,1.2939907312393188, 5.6562136308002664e-08, -5.6562136308002664e-08
n,1.2939907312393188, 5.6562136308002664e-08, -5.6562136308002664e-08
n,1.2939907312393188, 5.6562136308002664e-08, -5.6562136308002664e-08
n,1.2939907312393188, 5.6562136308002664e-08, -5.6562136308002664e-08
n,1.2939907312393188, 5.6562136308002664e-08, -5.6562136308002664e-08
n,1.2939907312393188, 5.6562136308002664e-08, -5.6562136308002664e-08
n,1.2939907312393188, 5.6562136308002664e-08, -5.6562136308002664e-08
n,1.2939907312393188, 5.6562136308002664e-08, -5.6562136308002664e-08
n,1.2939907312393188, 5.6562136308002664e-08, -5.6562136308002664e-08
n,1.2939907312393188, 5.6562136308002664e-08, -5.6562136308002664e-08
n,1.2939907312393188, 5.6562136308002664e-08, -5.6562136308002664e-08
n,1.2939907312393188, 5.6562136308002664e-08, -5.6562136308002664e-08
n,1.2939907312393188, 5.6562136308002664e-08, -5.6562136308002664e-08
n,1.2939907312393188, 5.6562136308002664e-08, -5.6562136308002664e-08
n,1.2939907312393188, 5.6562136308002664e-08, -5.6562136308002664e-08
n,1.2939907312393188, 5.6562136308002664e-08, -5.6562136308002664e-08
n,1.2939907312393188, 5.6562136308002664e-08, -5.6562136308002664e-08
n,1.2939907312393188, 5.6562136308002664e-08, -5.6562136308002664e-08
n,1.2939907312393188, 5.6562136308002664e-08, -5.6562136308002664e-08
n,1.2939907312393188, 5.6562136308002664e-08, -5.6562136308002664e-08
n,1.2939907312393188, 5.6562136308002664e-08, -5.6562136308002664e-08
n,1.2939907312393188, 5.6562136308002664e-08, -5.6562136308002664e-08
n,1.2939907312393188, 5.6562136308002664e-08, -5.6562136308002664e-08
n,1.2939907312393188, 5.6562136308002664e-08, -5.6562136308002664e-08
n,1.2939907312393188, 5.6562136308002664e-08, -5.6562136308002664e-08
n,1.2939907312393188, 5.6562136308002664e-08, -5.6562136308002664e-08
n,1.2939907312393188, 5.6562136308002664e-08, -5.6562136308002664e-08
n,1.2939907312393188, 5.6562136308002664e-08, -5.6562136308002664e-08
n,1.2939907312393188, 5.6562136308002664e-08, -5.6562136308002664e-08
n,1.2939907312393188, 5.6562136308002664e-08, -5.6562136308002664e-08
n,1.2939907312393188, 5.6562136308002664e-08, -5.6562136308002664e-08
n,1.2939907312393188, 5.6562136308002664e-08, -5.6562136308002664e-08
n,1.2939907312393188, 5.6562136308002664e-08, -5.6562136308002664e-08
n,1.2939907312393188, 5.6562136308002664e-08, -5.6562136308002664e-08
n,1.2939907312393188, 5.6562136308002664e-08, -5.6562136308002664e-08
n,1.2939907312393188, 5.6562136308002664e-08, -5.6562136308002664e-08
n,1.2939907312393188, 5.6562136308002664e-08, -5.6562136308002664e-08
n,1.2939907312393188, 5.6562136308002664e-08, -5.6562136308002664e-08
n,1.2939907312393188, 5.6562136308002664e-08, -5.6562136308002664e-08
n,1.2939907312393188, 5.6562136308002664e-08, -5.6562136308002664e-08
n,1.2939907312393188, 5.6562136308002664e-08, -5.6562136308002664e-08
n,1.2939907312393188, 5.6562136308002664e-08, -5.6562136308002664e-08
n,1.2939907312393188, 5.6562136308002664e-08, -5.6562136308002664e-08
n,1.2939907312393188, 5.6562136308002664e-08, -5.6562136308002664e-08
n,1.2939907312393188, 5.6562136308002664e-08, -5.6562136308002664e-08
n,1.2939907312393188, 5.6562136308002664e-08, -5.6562136308002664e-08
n,1.2939907312393188, 5.6562136308002664e-08, -5.6562136308002664e-08
n,1.2939907312393188, 5.6562136308002664e-08, -5.6562136308002664e-08
n,1.2939907312393188, 5.6562136308002664e-08, -5.6562136308002664e-08
n,1.2939907312393188, 5.6562136308002664e-08, -5.6562136308002664e-08
n,1.2939907312393188, 5.6562136308002664e-08, -5.6562136308002664e-08
n,1.2939907312393188, 5.6562136308002664e-08, -5.6562136308002664e-08
n,1.2939907312393188, 5.6562136308002664e-08, -5.6562136308002664e-08
n,1.2939907312393188, 5.6562136308002664e-08, -5.6562136308002664e-08
n,1.2939907312393188, 5.6562136308002664e-08, -5.6562136308002664e-08
n,1.2939907312393188, 5.6562136308002664e-08, -5.6562136308002664e-08
n,1.2939907312393188, 5.6562136308002664e-08, -5.6562136308002664e-08
n,1.2939907312393188, 5.6562136308002664e-08, -5.6562136308002664e-08
n,1.2939907312393188, 5.6562136308002664e-08, -5.6562136308002664e-08
n,1.2939907312393188, 5.6562136308002664e-08, -5.6562136308002664e-08
n,1.2939907312393188, 5.6562136308002664e-08, -5.6562136308002664e-08
n,1.2939907312393188, 5.6562136308002664e-08, -5.6562136308002664e-08
n,1.2939907312393188, 5.6562136308002664e-08, -5.6562136308002664e-08
n,1.2939907312393188, 5.6562136308002664e-08, -5.6562136308002664e-08
n,1.2939907312393188, 5.6562136308002664e-08, -5.6562136308002664e-08
n,1.2939907312393188, 5.6562136308002664e-08, -5.6562136308002664e-08
n,1.2939907312393188, 5.6562136308002664e-08, -5.6562136308002664e-08
n,1.2939907312393188, 5.6562136308002664e-08, -5.6562136308002664e-08
n,1.2939907312393188, 5.6562136308002664e-08, -5.6562136308002664e-08
n,1.2939907312393188, 5.6562136308002664e-08, -5.6562136308002664e-08
n,1.2939907312393188, 5.6562136308002664e-08, -5.6562136308002664e-08
n,1.2939907312393188, 5.6562136308002664e-08, -5.6562136308002664e-08
n,1.2939907312393188, 5.6562136308002664e-08, -5.6562136308002664e-08
n,1.2939907312393188, 5.6562136308002664e-08, -5.6562136308002664e-08
n,1.2939907312393188, 5.6562136308002664e-08, -5.6562136308002664e-08
n,1.2939907312393188, 5.6562136308002664e-08, -5.6562136308002664e-08
n,1.2939907312393188, 5.6562136308002664e-08, -5.6562136308002664e-08
n,1.2939907312393188, 5.6562136308002664e-08, -5.6562136308002664e-08
n,1.2939907312393188, 5.6562136308002664e-08, -5.6562136308002664e-08
n,1.2939907312393188, 5.6562136308002664e-08, -5.6562136308002664e-08
n,1.2939907312393188, 5.6562136308002664e-08, -5.6562136308002664e-08
n,1.2939907312393188, 5.6562136308002664e-08, -5.6562136308002664e-08
n,1.2939907312393188, 5.6562136308002664e-08, -5.6562136308002664e-08
n,1.2939907312393188, 5.6562136308002664e-08, -5.6562136308002664e-08
n,1.2939907312393188, 5.6562136308002664e-08, -5.6562136308002664e-08
n,1.2939907312393188, 5.6562136308002664e-08, -5.6562136308002664e-08
n,1.2939907312393188, 5.6562136308002664e-08, -5.6562136308002664e-08
n,1.2939907312393188, 5.6562136308002664e-08, -5.6562136308002664e-08
n,1.2939907312393188, 5.6562136308002664e-08, -5.6562136308002664e-08
n,1.2939907312393188, 5.6562136308002664e-08, -5.6562136308002664e-08
n,1.2939907312393188, 5.6562136308002664e-08, -5.6562136308002664e-08
n,1.2939907312393188, 5.6562136308002664e-08, -5.6562136308002664e-08
n,1.2939907312393188, 5.6562136308002664e-08, -5.6562136308002664e-08
n,1.2939907312393188, 5.6562136308002664e-08, -5.6562136308002664e-08
n,1.2939907312393188, 5.6562136308002664e-08, -5.6562136308002664e-08
n,1.2939907312393188, 5.6562136308002664e-08, -5.6562136308002664e-08
n,1.2939907312393188, 5.6562136308002664e-08, -5.6562136308002664e-08
n,1.2939907312393188, 5.6562136308002664e-08, -5.6562136308002664e-08
n,1.2939907312393188, 5.6562136308002664e-08, -5.6562136308002664e-08
n,1.2939907312393188, 5.6562136308002664e-08, -5.6562136308002664e-08
n,1.2939907312393188, 5.6562136308002664e-08, -5.6562136308002664e-08
n,1.2939907312393188, 5.6562136308002664e-08, -5.6562136308002664e-08
n,1.2939907312393188, 5.6562136308002664e-08, -5.6562136308002664e-08
n,1.2939907312393188, 5.6562136308002664e-08, -5.6562136308002664e-08
n,1.2939907312393188, 5.6562136308002664e-08, -5.6562136308002664e-08
n,1.2939907312393188, 5.6562136308002664e-08, -5.6562136308002664e-08
n,1.2939907312393188, 5.6562136308002664e-08, -5.6562136308002664e-08
n,1.2939907312393188, 5.6562136308002664e-08, -5.6562136308002664e-08
n,1.2939907312393188, 5.6562136308002664e-08, -5.6562136308002664e-08
n,1.2939907312393188, 5.6562136308002664e-08, -5.6562136308002664e-08
n,1.2939907312393188, 5.6562136308002664e-08, -5.6562136308002664e-08
n,1.2939907312393188, 5.6562136308002664e-08, -5.6562136308002664e-08
n,1.2939907312393188, 5.6562136308002664e-08, -5.6562136308002664e-08
n,1.2939907312393188, 5.6562136308002664e-08, -5.6562136308002664e-08
n,1.2939907312393188, 5.6562136308002664e-08, -5.6562136308002664e-08
n,1.2939907312393188, 5.6562136308002664e-08, -5.6562136308002664e-08
n,1.2939907312393188, 5.6562136308002664e-08, -5.6562136308002664e-08
n,1.2939907312393188, 5.6562136308002664e-08, -5.6562136308002664e-08
n,1.2939907312393188, 5.6562136308002664e-08, -5.6562136308002664e-08
n,1.2939907312393188, 5.6562136308002664e-08, -5.6562136308002664e-08
n,1.2939907312393188, 5.6562136308002664e-08, -5.6562136308002664e-08
n,1.2939907312393188, 5.6562136308002664e-08, -5.6562136308002664e-08
n,1.2939907312393188, 5.6562136308002664e-08, -5.6562136308002664e-08
n,1.2939907312393188, 5.6562136308002664e-08, -5.6562136308002664e-08
n,1.2939907312393188, 5.6562136308002664e-08, -5.6562136308002664e-08
n,1.2939907312393188, 5.6562136308002664e-08, -5.6562136308002664e-08
n,1.2939907312393188, 5.6562136308002664e-08, -5.6562136308002664e-08
n,1.2939907312393188, 5.6562136308002664e-08, -5.6562136308002664e-08
n,1.2939907312393188, 5.6562136308002664e-08, -5.6562136308002664e-08
n,1.2939907312393188, 5.6562136308002664e-08, -5.6562136308002664e-08
n,1.2939907312393188, 5.6562136308002664e-08, -5.6562136308002664e-08
n,1.2939907312393188, 5.6562136308002664e-08, -5.6562136308002664e-08
n,1.2939907312393188, 5.6562136308002664e-08, -5.6562136308002664e-08
n,1.2939907312393188, 5.6562136308002664e-08, -5.6562136308002664e-08
n,1.2939907312393188, 5.6562136308002664e-08, -5.6562136308002664e-08
n,1.2939907312393188, 5.6562136308002664e-08, -5.6562136308002664e-08
n,1.2939907312393188, 5.6562136308002664e-08, -5.6562136308002664e-08
n,1.2939907312393188, 5.6562136308002664e-08, -5.6562136308002664e-08
n,1.2939907312393188, 5.6562136308002664e-08, -5.6562136308002664e-08
n,1.2939907312393188, 5.6562136308002664e-08, -5.6562136308002664e-08
n,1.2939907312393188, 5.6562136308002664e-08, -5.6562136308002664e-08
n,1.2939907312393188, 5.6562136308002664e-08, -5.6562136308002664e-08
n,1.2939907312393188, 5.6562136308002664e-08, -5.6562136308002664e-08
n,1.2939907312393188, 5.6562136308002664e-08, -5.6562136308002664e-08
n,1.2939907312393188, 5.6562136308002664e-08, -5.6562136308002664e-08
n,1.2939907312393188, 5.6562136308002664e-08, -5.6562136308002664e-08
n,1.2939907312393188, 5.6562136308002664e-08, -5.6562136308002664e-08
n,1.2939907312393188, 5.6562136308002664e-08, -5.6562136308002664e-08
n,1.2939907312393188, 5.6562136308002664e-08, -5.6562136308002664e-08
n,1.2939907312393188, 5.6562136308002664e-08, -5.6562136308002664e-08
n,1.2939907312393188, 5.6562136308002664e-08, -5.6562136308002664e-08
n,1.2939907312393188, 5.6562136308002664e-08, -5.6562136308002664e-08
n,1.2939907312393188, 5.6562136308002664e-08, -5.6562136308002664e-08
n,1.2939907312393188, 5.6562136308002664e-08, -5.6562136308002664e-08
n,1.2939907312393188, 5.6562136308002664e-08, -5.6562136308002664e-08
n,1.2939907312393188, 5.6562136308002664e-08, -5.6562136308002664e-08
n,1.2939907312393188, 5.6562136308002664e-08, -5.6562136308002664e-08
n,1.2939907312393188, 5.6562136308002664e-08, -5.6562136308002664e-08
n,1.2939907312393188, 5.6562136308002664e-08, -5.6562136308002664e-08
n,1.2939907312393188, 5.6562136308002664e-08, -5.6562136308002664e-08
n,1.2939907312393188, 5.6562136308002664e-08, -5.6562136308002664e-08
n,1.2939907312393188, 5.6562136308002664e-08, -5.6562136308002664e-08
n,1.2939907312393188, 5.6562136308002664e-08, -5.6562136308002664e-08
n,1.2939907312393188, 5.6562136308002664e-08, -5.6562136308002664e-08
n,1.2939907312393188, 5.6562136308002664e-08, -5.6562136308002664e-08
n,1.2939907312393188, 5.6562136308002664e-08, -5.6562136308002664e-08
n,1.2939907312393188, 5.6562136308002664e-08, -5.6562136308002664e-08
n,1.2939907312393188, 5.6562136308002664e-08, -5.6562136308002664e-08
n,1.2939907312393188, 5.6562136308002664e-08, -5.6562136308002664e-08
n,1.2939907312393188, 5.6562136308002664e-08, -5.6562136308002664e-08
n,1.2939907312393188, 5.6562136308002664e-08, -5.6562136308002664e-08
n,1.2939907312393188, 5.6562136308002664e-08, -5.6562136308002664e-08
n,1.2939907312393188, 5.6562136308002664e-08, -5.6562136308002664e-08
n,1.2939907312393188, 5.6562136308002664e-08, -5.6562136308002664e-08
n,1.2939907312393188, 5.6562136308002664e-08, -5.6562136308002664e-08
n,1.2939907312393188, 5.6562136308002664e-08, -5.6562136308002664e-08
n,1.2939907312393188, 5.6562136308002664e-08, -5.6562136308002664e-08
n,1.2939907312393188, 5.6562136308002664e-08, -5.6562136308002664e-08
n,1.2939907312393188, 5.6562136308002664e-08, -5.6562136308002664e-08
n,1.2939907312393188, 5.6562136308002664e-08, -5.6562136308002664e-08
n,1.2939907312393188, 5.6562136308002664e-08, -5.6562136308002664e-08
n,1.2939907312393188, 5.6562136308002664e-08, -5.6562136308002664e-08
n,1.2939907312393188, 5.6562136308002664e-08, -5.6562136308002664e-08
n,1.2939907312393188, 5.6562136308002664e-08, -5.6562136308002664e-08
n,1.2939907312393188, 5.6562136308002664e-08, -5.6562136308002664e-08
n,1.2939907312393188, 5.6562136308002664e-08, -5.6562136308002664e-08
n,1.2939907312393188, 5.6562136308002664e-08, -5.6562136308002664e-08
n,1.2939907312393188, 5.6562136308002664e-08, -5.6562136308002664e-08
n,1.2939907312393188, 5.6562136308002664e-08, -5.6562136308002664e-08
n,1.2939907312393188, 5.6562136308002664e-08, -5.6562136308002664e-08
n,1.2939907312393188, 5.6562136308002664e-08, -5.6562136308002664e-08
n,1.2939907312393188, 5.6562136308002664e-08, -5.6562136308002664e-08
n,1.2939907312393188, 5.6562136308002664e-08, -5.6562136308002664e-08
n,1.2939907312393188, 5.6562136308002664e-08, -5.6562136308002664e-08
n,1.2939907312393188, 5.6562136308002664e-08, -5.6562136308002664e-08
n,1.2939907312393188, 5.6562136308002664e-08, -5.6562136308002664e-08
n,1.2939907312393188, 5.6562136308002664e-08, -5.6562136308002664e-08
n,1.2939907312393188, 5.6562136308002664e-08, -5.6562136308002664e-08
n,1.2939907312393188, 5.6562136308002664e-08, -5.6562136308002664e-08
n,1.2939907312393188, 5.6562136308002664e-08, -5.6562136308002664e-08
n,1.2939907312393188, 5.6562136308002664e-08, -5.6562136308002664e-08
n,1.2939907312393188, 5.6562136308002664e-08, -5.6562136308002664e-08
n,1.2939907312393188, 5.6562136308002664e-08, -5.6562136308002664e-08
n,1.2939907312393188, 5.6562136308002664e-08, -5.6562136308002664e-08
n,1.2939907312393188, 5.6562136308002664e-08, -5.6562136308002664e-08
n,1.2939907312393188, 5.6562136308002664e-08, -5.6562136308002664e-08
n,1.2939907312393188, 5.6562136308002664e-08, -5.6562136308002664e-08
n,1.2939907312393188, 5.6562136308002664e-08, -5.6562136308002664e-08
n,1.2939907312393188, 5.6562136308002664e-08, -5.6562136308002664e-08
n,1.2939907312393188, 5.6562136308002664e-08, -5.6562136308002664e-08
n,1.2939907312393188, 5.6562136308002664e-08, -5.6562136308002664e-08
n,1.2939907312393188, 5.6562136308002664e-08, -5.6562136308002664e-08
n,1.2939907312393188, 5.6562136308002664e-08, -5.6562136308002664e-08
n,1.2939907312393188, 5.6562136308002664e-08, -5.6562136308002664e-08
n,1.2939907312393188, 5.6562136308002664e-08, -5.6562136308002664e-08
n,1.2939907312393188, 5.6562136308002664e-08, -5.6562136308002664e-08
n,1.2939907312393188, 5.6562136308002664e-08, -5.6562136308002664e-08
n,1.2939907312393188, 5.6562136308002664e-08, -5.6562136308002664e-08
n,1.2939907312393188, 5.6562136308002664e-08, -5.6562136308002664e-08
n,1.2939907312393188, 5.6562136308002664e-08, -5.6562136308002664e-08
n,1.2939907312393188, 5.6562136308002664e-08, -5.6562136308002664e-08
n,1.2939907312393188, 5.6562136308002664e-08, -5.6562136308002664e-08
n,1.2939907312393188, 5.6562136308002664e-08, -5.6562136308002664e-08
n,1.2939907312393188, 5.6562136308002664e-08, -5.6562136308002664e-08
n,1.2939907312393188, 5.6562136308002664e-08, -5.6562136308002664e-08
n,1.2939907312393188, 5.6562136308002664e-08, -5.6562136308002664e-08
n,1.2939907312393188, 5.6562136308002664e-08, -5.6562136308002664e-08
n,1.2939907312393188, 5.6562136308002664e-08, -5.6562136308002664e-08
n,1.2939907312393188, 5.6562136308002664e-08, -5.6562136308002664e-08
n,1.2939907312393188, 5.6562136308002664e-08, -5.6562136308002664e-08
n,1.2939907312393188, 5.6562136308002664e-08, -5.6562136308002664e-08
n,1.2939907312393188, 5.6562136308002664e-08, -5.6562136308002664e-08
n,1.2939907312393188, 5.6562136308002664e-08, -5.6562136308002664e-08
n,1.2939907312393188, 5.6562136308002664e-08, -5.6562136308002664e-08
n,1.2939907312393188, 5.6562136308002664e-08, -5.6562136308002664e-08
n,1.2939907312393188, 5.6562136308002664e-08, -5.6562136308002664e-08
n,1.2939907312393188, 5.6562136308002664e-08, -5.6562136308002664e-08
n,1.2939907312393188, 5.6562136308002664e-08, -5.6562136308002664e-08
n,1.2939907312393188, 5.6562136308002664e-08, -5.6562136308002664e-08
n,1.2939907312393188, 5.6562136308002664e-08, -5.6562136308002664e-08
n,1.2939907312393188, 5.6562136308002664e-08, -5.6562136308002664e-08
n,1.2939907312393188, 5.6562136308002664e-08, -5.6562136308002664e-08
n,1.2939907312393188, 5.6562136308002664e-08, -5.6562136308002664e-08
n,1.2939907312393188, 5.6562136308002664e-08, -5.6562136308002664e-08
n,1.2939907312393188, 5.6562136308002664e-08, -5.6562136308002664e-08
n,1.2939907312393188, 5.6562136308002664e-08, -5.6562136308002664e-08
n,1.2939907312393188, 5.6562136308002664e-08, -5.6562136308002664e-08
n,1.2939907312393188, 5.6562136308002664e-08, -5.6562136308002664e-08
n,1.2939907312393188, 5.6562136308002664e-08, -5.6562136308002664e-08
n,1.2939907312393188, 5.6562136308002664e-08, -5.6562136308002664e-08
n,1.2939907312393188, 5.6562136308002664e-08, -5.6562136308002664e-08
n,1.2939907312393188, 5.6562136308002664e-08, -5.6562136308002664e-08
n,1.2939907312393188, 5.6562136308002664e-08, -5.6562136308002664e-08
n,1.2939907312393188, 5.6562136308002664e-08, -5.6562136308002664e-08
n,1.2939907312393188, 5.6562136308002664e-08, -5.6562136308002664e-08
n,1.2939907312393188, 5.6562136308002664e-08, -5.6562136308002664e-08
n,1.2939907312393188, 5.6562136308002664e-08, -5.6562136308002664e-08
n,1.2939907312393188, 5.6562136308002664e-08, -5.6562136308002664e-08
n,1.2939907312393188, 5.6562136308002664e-08, -5.6562136308002664e-08
n,1.2939907312393188, 5.6562136308002664e-08, -5.6562136308002664e-08
n,1.2939907312393188, 5.6562136308002664e-08, -5.6562136308002664e-08
n,1.2939907312393188, 5.6562136308002664e-08, -5.6562136308002664e-08
n,1.2939907312393188, 5.6562136308002664e-08, -5.6562136308002664e-08
n,1.2939907312393188, 5.6562136308002664e-08, -5.6562136308002664e-08
n,1.2939907312393188, 5.6562136308002664e-08, -5.6562136308002664e-08
n,1.2939907312393188, 5.6562136308002664e-08, -5.6562136308002664e-08
n,1.2939907312393188, 5.6562136308002664e-08, -5.6562136308002664e-08
n,1.2939907312393188, 5.6562136308002664e-08, -5.6562136308002664e-08
n,1.2939907312393188, 5.6562136308002664e-08, -5.6562136308002664e-08
n,1.2939907312393188, 5.6562136308002664e-08, -5.6562136308002664e-08
n,1.2939907312393188, 5.6562136308002664e-08, -5.6562136308002664e-08
n,1.2939907312393188, 5.6562136308002664e-08, -5.6562136308002664e-08
n,1.2939907312393188, 5.6562136308002664e-08, -5.6562136308002664e-08
n,1.2939907312393188, 5.6562136308002664e-08, -5.6562136308002664e-08
n,1.2939907312393188, 5.6562136308002664e-08, -5.6562136308002664e-08
n,1.2939907312393188, 5.6562136308002664e-08, -5.6562136308002664e-08
n,1.2939907312393188, 5.6562136308002664e-08, -5.6562136308002664e-08
n,1.2939907312393188, 5.6562136308002664e-08, -5.6562136308002664e-08
n,1.2939907312393188, 5.6562136308002664e-08, -5.6562136308002664e-08
n,1.2939907312393188, 5.6562136308002664e-08, -5.6562136308002664e-08
n,1.2939907312393188, 5.6562136308002664e-08, -5.6562136308002664e-08
n,1.2939907312393188, 5.6562136308002664e-08, -5.6562136308002664e-08
n,1.2939907312393188, 5.6562136308002664e-08, -5.6562136308002664e-08
n,1.2939907312393188, 5.6562136308002664e-08, -5.6562136308002664e-08
n,1.2939907312393188, 5.6562136308002664e-08, -5.6562136308002664e-08
n,1.2939907312393188, 5.6562136308002664e-08, -5.6562136308002664e-08
n,1.2939907312393188, 5.6562136308002664e-08, -5.6562136308002664e-08
n,1.2939907312393188, 5.6562136308002664e-08, -5.6562136308002664e-08
n,1.2939907312393188, 5.6562136308002664e-08, -5.6562136308002664e-08
n,1.2939907312393188, 5.6562136308002664e-08, -5.6562136308002664e-08
n,1.2939907312393188, 5.6562136308002664e-08, -5.6562136308002664e-08
n,1.2939907312393188, 5.6562136308002664e-08, -5.6562136308002664e-08
n,1.2939907312393188, 5.6562136308002664e-08, -5.6562136308002664e-08
n,1.2939907312393188, 5.6562136308002664e-08, -5.6562136308002664e-08
n,1.2939907312393188, 5.6562136308002664e-08, -5.6562136308002664e-08
n,1.2939907312393188, 5.6562136308002664e-08, -5.6562136308002664e-08
n,1.2939907312393188, 5.6562136308002664e-08, -5.6562136308002664e-08
n,1.2939907312393188, 5.6562136308002664e-08, -5.6562136308002664e-08
n,1.2939907312393188, 5.6562136308002664e-08, -5.6562136308002664e-08
n,1.2939907312393188, 5.6562136308002664e-08, -5.6562136308002664e-08
n,1.2939907312393188, 5.6562136308002664e-08, -5.6562136308002664e-08
n,1.2939907312393188, 5.6562136308002664e-08, -5.6562136308002664e-08
n,1.2939907312393188, 5.6562136308002664e-08, -5.6562136308002664e-08
n,1.2939907312393188, 5.6562136308002664e-08, -5.6562136308002664e-08
n,1.2939907312393188, 5.6562136308002664e-08, -5.6562136308002664e-08
n,1.2939907312393188, 5.6562136308002664e-08, -5.6562136308002664e-08
n,1.2939907312393188, 5.6562136308002664e-08, -5.6562136308002664e-08
n,1.2939907312393188, 5.6562136308002664e-08, -5.6562136308002664e-08
n,1.2939907312393188, 5.6562136308002664e-08, -5.6562136308002664e-08
n,1.2939907312393188, 5.6562136308002664e-08, -5.6562136308002664e-08
n,1.2939907312393188, 5.6562136308002664e-08, -5.6562136308002664e-08
n,1.2939907312393188, 5.6562136308002664e-08, -5.6562136308002664e-08
n,1.2939907312393188, 5.6562136308002664e-08, -5.6562136308002664e-08
n,1.2939907312393188, 5.6562136308002664e-08, -5.6562136308002664e-08
n,1.2939907312393188, 5.6562136308002664e-08, -5.6562136308002664e-08
n,1.2939907312393188, 5.6562136308002664e-08, -5.6562136308002664e-08
n,1.2939907312393188, 5.6562136308002664e-08, -5.6562136308002664e-08
n,1.2939907312393188, 5.6562136308002664e-08, -5.6562136308002664e-08
n,1.2939907312393188, 5.6562136308002664e-08, -5.6562136308002664e-08
n,1.2939907312393188, 5.6562136308002664e-08, -5.6562136308002664e-08
n,1.2939907312393188, 5.6562136308002664e-08, -5.6562136308002664e-08
n,1.2939907312393188, 5.6562136308002664e-08, -5.6562136308002664e-08
n,1.2939907312393188, 5.6562136308002664e-08, -5.6562136308002664e-08
n,1.2939907312393188, 5.6562136308002664e-08, -5.6562136308002664e-08
n,1.2939907312393188, 5.6562136308002664e-08, -5.6562136308002664e-08
n,1.2939907312393188, 5.6562136308002664e-08, -5.6562136308002664e-08
n,1.2939907312393188, 5.6562136308002664e-08, -5.6562136308002664e-08
n,1.2939907312393188, 5.6562136308002664e-08, -5.6562136308002664e-08
n,1.2939907312393188, 5.6562136308002664e-08, -5.6562136308002664e-08
n,1.2939907312393188, 5.6562136308002664e-08, -5.6562136308002664e-08
n,1.2939907312393188, 5.6562136308002664e-08, -5.6562136308002664e-08
n,1.2939907312393188, 5.6562136308002664e-08, -5.6562136308002664e-08
n,1.2939907312393188, 5.6562136308002664e-08, -5.6562136308002664e-08
n,1.2939907312393188, 5.6562136308002664e-08, -5.6562136308002664e-08
n,1.2939907312393188, 5.6562136308002664e-08, -5.6562136308002664e-08
n,1.2939907312393188, 5.6562136308002664e-08, -5.6562136308002664e-08
n,1.2939907312393188, 5.6562136308002664e-08, -5.6562136308002664e-08
n,1.2939907312393188, 5.6562136308002664e-08, -5.6562136308002664e-08
n,1.2939907312393188, 5.6562136308002664e-08, -5.6562136308002664e-08
n,1.2939907312393188, 5.6562136308002664e-08, -5.6562136308002664e-08
n,1.2939907312393188, 5.6562136308002664e-08, -5.6562136308002664e-08
n,1.2939907312393188, 5.6562136308002664e-08, -5.6562136308002664e-08
n,1.2939907312393188, 5.6562136308002664e-08, -5.6562136308002664e-08
n,1.2939907312393188, 5.6562136308002664e-08, -5.6562136308002664e-08
n,1.2939907312393188, 5.6562136308002664e-08, -5.6562136308002664e-08
n,1.2939907312393188, 5.6562136308002664e-08, -5.6562136308002664e-08
n,1.2939907312393188, 5.6562136308002664e-08, -5.6562136308002664e-08
n,1.2939907312393188, 5.6562136308002664e-08, -5.6562136308002664e-08
n,1.2939907312393188, 5.6562136308002664e-08, -5.6562136308002664e-08
n,1.2939907312393188, 5.6562136308002664e-08, -5.6562136308002664e-08
n,1.2939907312393188, 5.6562136308002664e-08, -5.6562136308002664e-08
n,1.2939907312393188, 5.6562136308002664e-08, -5.6562136308002664e-08
n,1.2939907312393188, 5.6562136308002664e-08, -5.6562136308002664e-08
n,1.2939907312393188, 5.6562136308002664e-08, -5.6562136308002664e-08
n,1.2939907312393188, 5.6562136308002664e-08, -5.6562136308002664e-08
n,1.2939907312393188, 5.6562136308002664e-08, -5.6562136308002664e-08
n,1.2939907312393188, 5.6562136308002664e-08, -5.6562136308002664e-08
n,1.2939907312393188, 5.6562136308002664e-08, -5.6562136308002664e-08
n,1.2939907312393188, 5.6562136308002664e-08, -5.6562136308002664e-08
n,1.2939907312393188, 5.6562136308002664e-08, -5.6562136308002664e-08
n,1.2939907312393188, 5.6562136308002664e-08, -5.6562136308002664e-08
n,1.2939907312393188, 5.6562136308002664e-08, -5.6562136308002664e-08
n,1.2939907312393188, 5.6562136308002664e-08, -5.6562136308002664e-08
n,1.2939907312393188, 5.6562136308002664e-08, -5.6562136308002664e-08
n,1.2939907312393188, 5.6562136308002664e-08, -5.6562136308002664e-08
n,1.2939907312393188, 5.6562136308002664e-08, -5.6562136308002664e-08
n,1.2939907312393188, 5.6562136308002664e-08, -5.6562136308002664e-08
n,1.2939907312393188, 5.6562136308002664e-08, -5.6562136308002664e-08
n,1.2939907312393188, 5.6562136308002664e-08, -5.6562136308002664e-08
n,1.2939907312393188, 5.6562136308002664e-08, -5.6562136308002664e-08
n,1.2939907312393188, 5.6562136308002664e-08, -5.6562136308002664e-08
n,1.2939907312393188, 5.6562136308002664e-08, -5.6562136308002664e-08
n,1.2939907312393188, 5.6562136308002664e-08, -5.6562136308002664e-08
n,1.2939907312393188, 5.6562136308002664e-08, -5.6562136308002664e-08
n,1.2939907312393188, 5.6562136308002664e-08, -5.6562136308002664e-08
n,1.2939907312393188, 5.6562136308002664e-08, -5.6562136308002664e-08
n,1.2939907312393188, 5.6562136308002664e-08, -5.6562136308002664e-08
n,1.2939907312393188, 5.6562136308002664e-08, -5.6562136308002664e-08
n,1.2939907312393188, 5.6562136308002664e-08, -5.6562136308002664e-08
n,1.2939907312393188, 5.6562136308002664e-08, -5.6562136308002664e-08
n,1.2939907312393188, 5.6562136308002664e-08, -5.6562136308002664e-08
n,1.2939907312393188, 5.6562136308002664e-08, -5.6562136308002664e-08
n,1.2939907312393188, 5.6562136308002664e-08, -5.6562136308002664e-08
n,1.2939907312393188, 5.6562136308002664e-08, -5.6562136308002664e-08
n,1.2939907312393188, 5.6562136308002664e-08, -5.6562136308002664e-08
n,1.2939907312393188, 5.6562136308002664e-08, -5.6562136308002664e-08
n,1.2939907312393188, 5.6562136308002664e-08, -5.6562136308002664e-08
n,1.2939907312393188, 5.6562136308002664e-08, -5.6562136308002664e-08
n,1.2939907312393188, 5.6562136308002664e-08, -5.6562136308002664e-08
n,1.2939907312393188, 5.6562136308002664e-08, -5.6562136308002664e-08
n,1.2939907312393188, 5.6562136308002664e-08, -5.6562136308002664e-08
n,1.2939907312393188, 5.6562136308002664e-08, -5.6562136308002664e-08
n,1.2939907312393188, 5.6562136308002664e-08, -5.6562136308002664e-08
n,1.2939907312393188, 5.6562136308002664e-08, -5.6562136308002664e-08
n,1.2939907312393188, 5.6562136308002664e-08, -5.6562136308002664e-08
n,1.2939907312393188, 5.6562136308002664e-08, -5.6562136308002664e-08
n,1.2939907312393188, 5.6562136308002664e-08, -5.6562136308002664e-08
n,1.2939907312393188, 5.6562136308002664e-08, -5.6562136308002664e-08
n,1.2939907312393188, 5.6562136308002664e-08, -5.6562136308002664e-08
n,1.2939907312393188, 5.6562136308002664e-08, -5.6562136308002664e-08
n,1.2939907312393188, 5.6562136308002664e-08, -5.6562136308002664e-08
n,1.2939907312393188, 5.6562136308002664e-08, -5.6562136308002664e-08
n,1.2939907312393188, 5.6562136308002664e-08, -5.6562136308002664e-08
n,1.2939907312393188, 5.6562136308002664e-08, -5.6562136308002664e-08
n,1.2939907312393188, 5.6562136308002664e-08, -5.6562136308002664e-08
n,1.2939907312393188, 5.6562136308002664e-08, -5.6562136308002664e-08
n,1.2939907312393188, 5.6562136308002664e-08, -5.6562136308002664e-08
n,1.2939907312393188, 5.6562136308002664e-08, -5.6562136308002664e-08
n,1.2939907312393188, 5.6562136308002664e-08, -5.6562136308002664e-08
n,1.2939907312393188, 5.6562136308002664e-08, -5.6562136308002664e-08
n,1.2939907312393188, 5.6562136308002664e-08, -5.6562136308002664e-08
n,1.2939907312393188, 5.6562136308002664e-08, -5.6562136308002664e-08
n,1.2939907312393188, 5.6562136308002664e-08, -5.6562136308002664e-08
n,1.2939907312393188, 5.6562136308002664e-08, -5.6562136308002664e-08
n,1.2939907312393188, 5.6562136308002664e-08, -5.6562136308002664e-08
n,1.2939907312393188, 5.6562136308002664e-08, -5.6562136308002664e-08
n,1.2939907312393188, 5.6562136308002664e-08, -5.6562136308002664e-08
n,1.2939907312393188, 5.6562136308002664e-08, -5.6562136308002664e-08
n,1.2939907312393188, 5.6562136308002664e-08, -5.6562136308002664e-08
n,1.2939907312393188, 5.6562136308002664e-08, -5.6562136308002664e-08
n,1.2939907312393188, 5.6562136308002664e-08, -5.6562136308002664e-08
n,1.2939907312393188, 5.6562136308002664e-08, -5.6562136308002664e-08
n,1.2939907312393188, 5.6562136308002664e-08, -5.6562136308002664e-08
n,1.2939907312393188, 5.6562136308002664e-08, -5.6562136308002664e-08
n,1.2939907312393188, 5.6562136308002664e-08, -5.6562136308002664e-08
n,1.2939907312393188, 5.6562136308002664e-08, -5.6562136308002664e-08
n,1.2939907312393188, 5.6562136308002664e-08, -5.6562136308002664e-08
n,1.2939907312393188, 5.6562136308002664e-08, -5.6562136308002664e-08
n,1.2939907312393188, 5.6562136308002664e-08, -5.6562136308002664e-08
n,1.2939907312393188, 5.6562136308002664e-08, -5.6562136308002664e-08
n,1.2939907312393188, 5.6562136308002664e-08, -5.6562136308002664e-08
n,1.2939907312393188, 5.6562136308002664e-08, -5.6562136308002664e-08
n,1.2939907312393188, 5.6562136308002664e-08, -5.6562136308002664e-08
n,1.2939907312393188, 5.6562136308002664e-08, -5.6562136308002664e-08
n,1.2939907312393188, 5.6562136308002664e-08, -5.6562136308002664e-08
n,1.2939907312393188, 5.6562136308002664e-08, -5.6562136308002664e-08
n,1.2939907312393188, 5.6562136308002664e-08, -5.6562136308002664e-08
n,1.2939907312393188, 5.6562136308002664e-08, -5.6562136308002664e-08
n,1.2939907312393188, 5.6562136308002664e-08, -5.6562136308002664e-08
n,1.2939907312393188, 5.6562136308002664e-08, -5.6562136308002664e-08
n,1.2939907312393188, 5.6562136308002664e-08, -5.6562136308002664e-08
n,1.2939907312393188, 5.6562136308002664e-08, -5.6562136308002664e-08
n,1.2939907312393188, 5.6562136308002664e-08, -5.6562136308002664e-08
n,1.2939907312393188, 5.6562136308002664e-08, -5.6562136308002664e-08
n,1.2939907312393188, 5.6562136308002664e-08, -5.6562136308002664e-08
n,1.2939907312393188, 5.6562136308002664e-08, -5.6562136308002664e-08
n,1.2939907312393188, 5.6562136308002664e-08, -5.6562136308002664e-08
n,1.2939907312393188, 5.6562136308002664e-08, -5.6562136308002664e-08
n,1.2939907312393188, 5.6562136308002664e-08, -5.6562136308002664e-08
n,1.2939907312393188, 5.6562136308002664e-08, -5.6562136308002664e-08
n,1.2939907312393188, 5.6562136308002664e-08, -5.6562136308002664e-08
n,1.2939907312393188, 5.6562136308002664e-08, -5.6562136308002664e-08
n,1.2939907312393188, 5.6562136308002664e-08, -5.6562136308002664e-08
n,1.2939907312393188, 5.6562136308002664e-08, -5.6562136308002664e-08
n,1.2939907312393188, 5.6562136308002664e-08, -5.6562136308002664e-08
n,1.2939907312393188, 5.6562136308002664e-08, -5.6562136308002664e-08
n,1.2939907312393188, 5.6562136308002664e-08, -5.6562136308002664e-08
n,1.2939907312393188, 5.6562136308002664e-08, -5.6562136308002664e-08
n,1.2939907312393188, 5.6562136308002664e-08, -5.6562136308002664e-08
n,1.2939907312393188, 5.6562136308002664e-08, -5.6562136308002664e-08
n,1.2939907312393188, 5.6562136308002664e-08, -5.6562136308002664e-08
n,1.2939907312393188, 5.6562136308002664e-08, -5.6562136308002664e-08
n,1.2939907312393188, 5.6562136308002664e-08, -5.6562136308002664e-08
n,1.2939907312393188, 5.6562136308002664e-08, -5.6562136308002664e-08
n,1.2939907312393188, 5.6562136308002664e-08, -5.6562136308002664e-08
n,1.2939907312393188, 5.6562136308002664e-08, -5.6562136308002664e-08
n,1.2939907312393188, 5.6562136308002664e-08, -5.6562136308002664e-08
n,1.2939907312393188, 5.6562136308002664e-08, -5.6562136308002664e-08
n,1.2939907312393188, 5.6562136308002664e-08, -5.6562136308002664e-08
n,1.2939907312393188, 5.6562136308002664e-08, -5.6562136308002664e-08
n,1.2939907312393188, 5.6562136308002664e-08, -5.6562136308002664e-08
n,1.2939907312393188, 5.6562136308002664e-08, -5.6562136308002664e-08
n,1.2939907312393188, 5.6562136308002664e-08, -5.6562136308002664e-08
n,1.2939907312393188, 5.6562136308002664e-08, -5.6562136308002664e-08
n,1.2939907312393188, 5.6562136308002664e-08, -5.6562136308002664e-08
n,1.2939907312393188, 5.6562136308002664e-08, -5.6562136308002664e-08
n,1.2939907312393188, 5.6562136308002664e-08, -5.6562136308002664e-08
n,1.2939907312393188, 5.6562136308002664e-08, -5.6562136308002664e-08
n,1.2939907312393188, 5.6562136308002664e-08, -5.6562136308002664e-08
n,1.2939907312393188, 5.6562136308002664e-08, -5.6562136308002664e-08
n,1.2939907312393188, 5.6562136308002664e-08, -5.6562136308002664e-08
n,1.2939907312393188, 5.6562136308002664e-08, -5.6562136308002664e-08
n,1.2939907312393188, 5.6562136308002664e-08, -5.6562136308002664e-08
n,1.2939907312393188, 5.6562136308002664e-08, -5.6562136308002664e-08
n,1.2939907312393188, 5.6562136308002664e-08, -5.6562136308002664e-08
n,1.2939907312393188, 5.6562136308002664e-08, -5.6562136308002664e-08
n,1.2939907312393188, 5.6562136308002664e-08, -5.6562136308002664e-08
n,1.2939907312393188, 5.6562136308002664e-08, -5.6562136308002664e-08
u,0.017543859779834747, 1.0, 0
u,1.0, 1.0, 0
u,0.0, 1.0, 0
u,0.017543859779834747, 1.0, 0
u,0.9824561476707458, 1.0, 0
u,1.0, 1.0, 0
u,0.017543859779834747, 1.0, 0
u,0.9649122953414917, 1.0, 0
u,0.9824561476707458, 1.0, 0
u,0.035087719559669495, 1.0, 0
u,0.9649122953414917, 1.0, 0
u,0.017543859779834747, 1.0, 0
u,0.05263157933950424, 1.0, 0
u,0.9649122953414917, 1.0, 0
u,0.035087719559669495, 1.0, 0
u,0.13786862790584564, 1.0, 0
u,0.9473684430122375, 1.0, 0
u,0.05263157933950424, 1.0, 0
u,0.9473684430122375, 1.0, 0
u,0.9649122953414917, 1.0, 0
u,0.05263157933950424, 1.0, 0
u,0.13786862790584564, 1.0, 0
u,0.83475261926651, 1.0, 0
u,0.9473684430122375, 1.0, 0
u,0.13786862790584564, 1.0, 0
u,0.5676916837692261, 1.0, 0
u,0.83475261926651, 1.0, 0
u,0.13786862790584564, 1.0, 0
u,0.48905491828918457, 1.0, 0
u,0.5676916837692261, 1.0, 0
u,0.28093665838241577, 1.0, 0
u,0.48905491828918457, 1.0, 0
u,0.13786862790584564, 1.0, 0
u,0.4935064911842346, 1.0, 0
u,0.5194805264472961, 1.0, 0
u,0.48051947355270386, 1.0, 0
u,0.5194805264472961, 1.0, 0
u,0.4438990354537964, 1.0, 0
u,0.48051947355270386, 1.0, 0
u,0.5194805264472961, 1.0, 0
u,0.3721778690814972, 1.0, 0
u,0.4438990354537964, 1.0, 0
u,0.5194805264472961, 1.0, 0
u,0.5836068391799927, 1.0, 0
u,0.3721778690814972, 1.0, 0
u,0.4935064911842346, 1.0, 0
u,0.9986679553985596, 1.0, 0
u,0.5194805264472961, 1.0, 0
u,0.6537412405014038, 1.0, 0
u,0.3721778690814972, 1.0, 0
u,0.5836068391799927, 1.0, 0
u,0.6537412405014038, 1.0, 0
u,0.2845630943775177, 1.0, 0
u,0.3721778690814972, 1.0, 0
u,0.7291589975357056, 1.0, 0
u,0.2845630943775177, 1.0, 0
u,0.6537412405014038, 1.0, 0
u,0.8372476100921631, 1.0, 0
u,0.2845630943775177, 1.0, 0
u,0.7291589975357056, 1.0, 0
u,0.8372476100921631, 1.0, 0
u,0.22733213007450104, 1.0, 0
u,0.2845630943775177, 1.0, 0
u,0.4935064911842346, 1.0, 0
u,0.0008652859251014888, 1.0, 0
u,0.9986679553985596, 1.0, 0
u,0.0008652859251014888, 1.0, 0
u,0.8372476100921631, 1.0, 0
u,0.9986679553985596, 1.0, 0
u,0.0008652859251014888, 1.0, 0
u,0.22733213007450104, 1.0, 0
u,0.8372476100921631, 1.0, 0
u,0.0008652859251014888, 1.0, 0
u,0.14577051997184753, 1.0, 0
u,0.22733213007450104, 1.0, 0
u,0.4935064911842346, 1.0, 0
u,0.5064935088157654, 1.0, 0
u,0.0008652859251014888, 1.0, 0
u,0.09090909361839294, 1.0, 0
u,1.0, 1.0, 0
u,0.0, 1.0, 0
u,0.09090909361839294, 1.0, 0
u,0.9090909361839294, 1.0, 0
u,1.0, 1.0, 0
u,0.27272728085517883, 1.0, 0
u,0.09090909361839294, 1.0, 0
u,0.1818181872367859, 1.0, 0
u,0.27272728085517883, 1.0, 0
u,0.9090909361839294, 1.0, 0
u,0.09090909361839294, 1.0, 0
u,0.27272728085517883, 1.0, 0
u,0.8181818127632141, 1.0, 0
u,0.9090909361839294, 1.0, 0
u,0.27272728085517883, 1.0, 0
u,0.7272727489471436, 1.0, 0
u,0.8181818127632141, 1.0, 0
u,0.3636363744735718, 1.0, 0
u,0.7272727489471436, 1.0, 0
u,0.27272728085517883, 1.0, 0
u,0.4545454680919647, 1.0, 0
u,0.6363636255264282, 1.0, 0
u,0.3636363744735718, 1.0, 0
u,0.6363636255264282, 1.0, 0
u,0.7272727489471436, 1.0, 0
u,0.3636363744735718, 1.0, 0
u,0.4545454680919647, 1.0, 0
u,0.5454545617103577, 1.0, 0
u,0.6363636255264282, 1.0, 0
u,0.5111694931983948, 1.0, 0
u,0.7886207699775696, 1.0, 0
u,0.7991539239883423, 1.0, 0
u,0.5111694931983948, 1.0, 0
u,0.6512055397033691, 1.0, 0
u,0.7886207699775696, 1.0, 0
u,0.6188540458679199, 1.0, 0
u,0.5748955607414246, 1.0, 0
u,0.5815731883049011, 1.0, 0
u,0.6188540458679199, 1.0, 0
u,0.5290487408638, 1.0, 0
u,0.5748955607414246, 1.0, 0
u,0.6512055397033691, 1.0, 0
u,0.5290487408638, 1.0, 0
u,0.6188540458679199, 1.0, 0
u,0.5111694931983948, 1.0, 0
u,0.5290487408638, 1.0, 0
u,0.6512055397033691, 1.0, 0
u,0.43866679072380066, 1.0, 0
u,0.5290487408638, 1.0, 0
u,0.5111694931983948, 1.0, 0
u,0.34689652919769287, 1.0, 0
u,0.2129753828048706, 1.0, 0
u,0.22696882486343384, 1.0, 0
u,0.34689652919769287, 1.0, 0
u,0.06946223229169846, 1.0, 0
u,0.2129753828048706, 1.0, 0
u,0.39307838678359985, 1.0, 0
u,0.06946223229169846, 1.0, 0
u,0.34689652919769287, 1.0, 0
u,0.39307838678359985, 1.0, 0
u,0.006598921492695808, 1.0, 0
u,0.06946223229169846, 1.0, 0
u,0.0040066600777208805, 1.0, 0
u,0.006598921492695808, 1.0, 0
u,0.39307838678359985, 1.0, 0
u,0.6394734978675842, 1.0, 0
u,0.5700450539588928, 1.0, 0
u,0.6324000954627991, 1.0, 0
u,0.7004824876785278, 1.0, 0
u,0.5700450539588928, 1.0, 0
u,0.6394734978675842, 1.0, 0
u,0.5700450539588928, 1.0, 0
u,0.44920918345451355, 1.0, 0
u,0.45586347579956055, 1.0, 0
u,0.7004824876785278, 1.0, 0
u,0.44920918345451355, 1.0, 0
u,0.5700450539588928, 1.0, 0
u,0.8146827220916748, 1.0, 0
u,0.44920918345451355, 1.0, 0
u,0.7004824876785278, 1.0, 0
u,0.8146827220916748, 1.0, 0
u,0.3864734172821045, 1.0, 0
u,0.44920918345451355, 1.0, 0
u,0.8213040232658386, 1.0, 0
u,0.8840421438217163, 1.0, 0
u,0.8146827220916748, 1.0, 0
u,0.8840421438217163, 1.0, 0
u,0.3864734172821045, 1.0, 0
u,0.8146827220916748, 1.0, 0
u,0.8840421438217163, 1.0, 0
u,0.38164252042770386, 1.0, 0
u,0.3864734172821045, 1.0, 0
u,0.8888887763023376, 1.0, 0
u,0.38164252042770386, 1.0, 0
u,0.8840421438217163, 1.0, 0
u,0.38164252042770386, 1.0, 0
u,0.31381240487098694, 1.0, 0
u,0.31916967034339905, 1.0, 0
u,0.8888887763023376, 1.0, 0
u,0.31381240487098694, 1.0, 0
u,0.38164252042770386, 1.0, 0
u,0.030702928081154823, 1.0, 0
u,0.31381240487098694, 1.0, 0
u,0.8888887763023376, 1.0, 0
u,0.030702928081154823, 1.0, 0
u,0.25120773911476135, 1.0, 0
u,0.31381240487098694, 1.0, 0
u,0.005537800490856171, 1.0, 0
u,0.12077290564775467, 1.0, 0
u,0.030702928081154823, 1.0, 0
u,0.12077290564775467, 1.0, 0
u,0.25120773911476135, 1.0, 0
u,0.030702928081154823, 1.0, 0
u,0.12077290564775467, 1.0, 0
u,0.18883711099624634, 1.0, 0
u,0.25120773911476135, 1.0, 0
u,0.18279530107975006, 1.0, 0
u,0.18883711099624634, 1.0, 0
u,0.12077290564775467, 1.0, 0
u,0.014001449570059776, 1.0, 0
u,0.4567890763282776, 1.0, 0
u,0.4633679986000061, 1.0, 0
u,0.006460053846240044, 1.0, 0
u,0.08504347503185272, 1.0, 0
u,0.014001449570059776, 1.0, 0
u,0.08504347503185272, 1.0, 0
u,0.3938964009284973, 1.0, 0
u,0.014001449570059776, 1.0, 0
u,0.3938964009284973, 1.0, 0
u,0.4567890763282776, 1.0, 0
u,0.014001449570059776, 1.0, 0
u,0.08504347503185272, 1.0, 0
u,0.34972453117370605, 1.0, 0
u,0.3938964009284973, 1.0, 0
u,0.12684926390647888, 1.0, 0
u,0.34972453117370605, 1.0, 0
u,0.08504347503185272, 1.0, 0
u,0.8523926734924316, 1.0, 0
u,0.9322836995124817, 1.0, 0
u,0.8462608456611633, 1.0, 0
u,0.6919854879379272, 1.0, 0
u,0.7721431851387024, 1.0, 0
u,0.685520589351654, 1.0, 0
u,0.9258889555931091, 1.0, 0
u,0.9322836995124817, 1.0, 0
u,0.8523926734924316, 1.0, 0
u,0.7654029130935669, 1.0, 0
u,0.7721431851387024, 1.0, 0
u,0.6919854879379272, 1.0, 0
u,0.15942296385765076, 1.0, 0
u,0.34972453117370605, 1.0, 0
u,0.12684926390647888, 1.0, 0
u,0.15942296385765076, 1.0, 0
u,0.3103850781917572, 1.0, 0
u,0.34972453117370605, 1.0, 0
u,0.15942296385765076, 1.0, 0
u,0.2874879240989685, 1.0, 0
u,0.3103850781917572, 1.0, 0
u,0.18737947940826416, 1.0, 0
u,0.2874879240989685, 1.0, 0
u,0.15942296385765076, 1.0, 0
u,0.18737947940826416, 1.0, 0
u,0.2636573314666748, 1.0, 0
u,0.2874879240989685, 1.0, 0
u,0.18737947940826416, 1.0, 0
u,0.23478886485099792, 1.0, 0
u,0.2636573314666748, 1.0, 0
u,0.18737947940826416, 1.0, 0
u,0.2263847291469574, 1.0, 0
u,0.23478886485099792, 1.0, 0
u,0.20000000298023224, 1.0, 0
u,0.800000011920929, 1.0, 0
u,0.05041429400444031, 1.0, 0
u,0.800000011920929, 1.0, 0
u,0.699999988079071, 1.0, 0
u,0.05041429400444031, 1.0, 0
u,0.20000000298023224, 1.0, 0
u,1.0, 1.0, 0
u,0.800000011920929, 1.0, 0
u,0.8999999761581421, 1.0, 0
u,0.699999988079071, 1.0, 0
u,0.800000011920929, 1.0, 0
u,0.20000000298023224, 1.0, 0
u,0.4000000059604645, 1.0, 0
u,1.0, 1.0, 0
u,0.4000000059604645, 1.0, 0
u,0.8999999761581421, 1.0, 0
u,1.0, 1.0, 0
u,0.4000000059604645, 1.0, 0
u,0.5, 1.0, 0
u,0.8999999761581421, 1.0, 0
u,0.5, 1.0, 0
u,0.699999988079071, 1.0, 0
u,0.8999999761581421, 1.0, 0
u,0.20000000298023224, 1.0, 0
u,0.30000001192092896, 1.0, 0
u,0.4000000059604645, 1.0, 0
u,0.6000000238418579, 1.0, 0
u,0.699999988079071, 1.0, 0
u,0.5, 1.0, 0
u,0.2067386507987976, 1.0, 0
u,0.0, 1.0, 0
u,0.02500000037252903, 1.0, 0
u,0.2067386507987976, 1.0, 0
u,0.8952745199203491, 1.0, 0
u,0.0, 1.0, 0
u,0.3739388883113861, 1.0, 0
u,0.8952745199203491, 1.0, 0
u,0.2067386507987976, 1.0, 0
u,0.4107827842235565, 1.0, 0
u,0.8952745199203491, 1.0, 0
u,0.3739388883113861, 1.0, 0
u,0.4107827842235565, 1.0, 0
u,0.7653137445449829, 1.0, 0
u,0.8952745199203491, 1.0, 0
u,0.5555555820465088, 1.0, 0
u,0.7777777910232544, 1.0, 0
u,0.4091537594795227, 1.0, 0
u,0.7777777910232544, 1.0, 0
u,0.2222222238779068, 1.0, 0
u,0.4091537594795227, 1.0, 0
u,0.2222222238779068, 1.0, 0
u,0.0, 1.0, 0
u,0.1111111119389534, 1.0, 0
u,0.2222222238779068, 1.0, 0
u,1.0, 1.0, 0
u,0.0, 1.0, 0
u,0.5555555820465088, 1.0, 0
u,0.6666666865348816, 1.0, 0
u,0.7777777910232544, 1.0, 0
u,0.8888888955116272, 1.0, 0
u,0.2222222238779068, 1.0, 0
u,0.7777777910232544, 1.0, 0
u,0.8888888955116272, 1.0, 0
u,1.0, 1.0, 0
u,0.2222222238779068, 1.0, 0
u,0.6666666865348816, 1.0, 0
u,0.0, 1.0, 0
u,0.3333333432674408, 1.0, 0
u,0.6666666865348816, 1.0, 0
u,1.0, 1.0, 0
u,0.0, 1.0, 0
u,0.5555555820465088, 1.0, 0
u,0.7777777910232544, 1.0, 0
u,0.4091537594795227, 1.0, 0
u,0.7777777910232544, 1.0, 0
u,0.2222222238779068, 1.0, 0
u,0.4091537594795227, 1.0, 0
u,0.2222222238779068, 1.0, 0
u,0.0, 1.0, 0
u,0.1111111119389534, 1.0, 0
u,0.2222222238779068, 1.0, 0
u,1.0, 1.0, 0
u,0.0, 1.0, 0
u,0.5555555820465088, 1.0, 0
u,0.6666666865348816, 1.0, 0
u,0.7777777910232544, 1.0, 0
u,0.8888888955116272, 1.0, 0
u,0.2222222238779068, 1.0, 0
u,0.7777777910232544, 1.0, 0
u,0.8888888955116272, 1.0, 0
u,1.0, 1.0, 0
u,0.2222222238779068, 1.0, 0
u,0.5555555820465088, 1.0, 0
u,0.7777777910232544, 1.0, 0
u,0.40915343165397644, 1.0, 0
u,0.7777777910232544, 1.0, 0
u,0.2222222238779068, 1.0, 0
u,0.40915343165397644, 1.0, 0
u,0.2222222238779068, 1.0, 0
u,0.0, 1.0, 0
u,0.1111111119389534, 1.0, 0
u,0.2222222238779068, 1.0, 0
u,1.0, 1.0, 0
u,0.0, 1.0, 0
u,0.5555555820465088, 1.0, 0
u,0.6666666865348816, 1.0, 0
u,0.7777777910232544, 1.0, 0
u,0.8888888955116272, 1.0, 0
u,0.2222222238779068, 1.0, 0
u,0.7777777910232544, 1.0, 0
u,0.8888888955116272, 1.0, 0
u,1.0, 1.0, 0
u,0.2222222238779068, 1.0, 0
u,0.01075268816202879, 1.0, 0
u,0.7204301357269287, 1.0, 0
u,0.0, 1.0, 0
u,0.7204301357269287, 1.0, 0
u,0.6609451770782471, 1.0, 0
u,0.0, 1.0, 0
u,0.7204301357269287, 1.0, 0
u,0.7763924598693848, 1.0, 0
u,0.6609451770782471, 1.0, 0
u,0.01075268816202879, 1.0, 0
u,1.0, 1.0, 0
u,0.7204301357269287, 1.0, 0
u,0.7763924598693848, 1.0, 0
u,0.5887641906738281, 1.0, 0
u,0.6609451770782471, 1.0, 0
u,0.8519788980484009, 1.0, 0
u,0.5887641906738281, 1.0, 0
u,0.7763924598693848, 1.0, 0
u,0.9401895999908447, 1.0, 0
u,0.5887641906738281, 1.0, 0
u,0.8519788980484009, 1.0, 0
u,0.9401895999908447, 1.0, 0
u,0.5266604423522949, 1.0, 0
u,0.5887641906738281, 1.0, 0
u,0.01075268816202879, 1.0, 0
u,0.040072206407785416, 1.0, 0
u,1.0, 1.0, 0
u,0.040072206407785416, 1.0, 0
u,0.9401895999908447, 1.0, 0
u,1.0, 1.0, 0
u,0.040072206407785416, 1.0, 0
u,0.5266604423522949, 1.0, 0
u,0.9401895999908447, 1.0, 0
u,0.040072206407785416, 1.0, 0
u,0.44898802042007446, 1.0, 0
u,0.5266604423522949, 1.0, 0
u,0.01075268816202879, 1.0, 0
u,0.02150537632405758, 1.0, 0
u,0.040072206407785416, 1.0, 0
u,0.12252025306224823, 1.0, 0
u,0.44898802042007446, 1.0, 0
u,0.040072206407785416, 1.0, 0
u,0.12252025306224823, 1.0, 0
u,0.1968521773815155, 1.0, 0
u,0.44898802042007446, 1.0, 0
u,0.1827957034111023, 1.0, 0
u,0.1968521773815155, 1.0, 0
u,0.12252025306224823, 1.0, 0
u,0.1818181872367859, 1.0, 0
u,0.9090909361839294, 1.0, 0
u,0.09090909361839294, 1.0, 0
u,0.9090909361839294, 1.0, 0
u,0.0, 1.0, 0
u,0.09090909361839294, 1.0, 0
u,0.9090909361839294, 1.0, 0
u,1.0, 1.0, 0
u,0.0, 1.0, 0
u,0.1818181872367859, 1.0, 0
u,0.8181818127632141, 1.0, 0
u,0.9090909361839294, 1.0, 0
u,0.1818181872367859, 1.0, 0
u,0.5454545617103577, 1.0, 0
u,0.8181818127632141, 1.0, 0
u,0.5454545617103577, 1.0, 0
u,0.7272727489471436, 1.0, 0
u,0.8181818127632141, 1.0, 0
u,0.5454545617103577, 1.0, 0
u,0.6363636255264282, 1.0, 0
u,0.7272727489471436, 1.0, 0
u,0.1818181872367859, 1.0, 0
u,0.4545454680919647, 1.0, 0
u,0.5454545617103577, 1.0, 0
u,0.1818181872367859, 1.0, 0
u,0.3636363744735718, 1.0, 0
u,0.4545454680919647, 1.0, 0
u,0.1818181872367859, 1.0, 0
u,0.27272728085517883, 1.0, 0
u,0.3636363744735718, 1.0, 0
u,0.0, 1.0, 0
u,0.5094339847564697, 1.0, 0
u,0.49056604504585266, 1.0, 0
u,0.5094339847564697, 1.0, 0
u,0.4388144612312317, 1.0, 0
u,0.49056604504585266, 1.0, 0
u,0.5094339847564697, 1.0, 0
u,0.3685571849346161, 1.0, 0
u,0.4388144612312317, 1.0, 0
u,0.5094339847564697, 1.0, 0
u,0.6010879278182983, 1.0, 0
u,0.3685571849346161, 1.0, 0
u,0.0, 1.0, 0
u,1.0, 1.0, 0
u,0.5094339847564697, 1.0, 0
u,0.6010879278182983, 1.0, 0
u,0.2932514250278473, 1.0, 0
u,0.3685571849346161, 1.0, 0
u,0.7407956719398499, 1.0, 0
u,0.2932514250278473, 1.0, 0
u,0.6010879278182983, 1.0, 0
u,0.7407956719398499, 1.0, 0
u,0.2166736125946045, 1.0, 0
u,0.2932514250278473, 1.0, 0
u,0.8607847094535828, 1.0, 0
u,0.2166736125946045, 1.0, 0
u,0.7407956719398499, 1.0, 0
u,0.8607847094535828, 1.0, 0
u,0.1412508189678192, 1.0, 0
u,0.2166736125946045, 1.0, 0
u,0.9386497735977173, 1.0, 0
u,0.1412508189678192, 1.0, 0
u,0.8607847094535828, 1.0, 0
u,0.0, 1.0, 0
u,0.9386497735977173, 1.0, 0
u,1.0, 1.0, 0
u,0.0, 1.0, 0
u,0.1412508189678192, 1.0, 0
u,0.9386497735977173, 1.0, 0
u,0.0, 1.0, 0
u,0.0601685605943203, 1.0, 0
u,0.1412508189678192, 1.0, 0
u,0.4315704107284546, 1.0, 0
u,0.3413447141647339, 1.0, 0
u,0.39523494243621826, 1.0, 0
u,0.5937411785125732, 1.0, 0
u,0.3413447141647339, 1.0, 0
u,0.4315704107284546, 1.0, 0
u,0.674472451210022, 1.0, 0
u,0.3413447141647339, 1.0, 0
u,0.5937411785125732, 1.0, 0
u,0.674472451210022, 1.0, 0
u,0.29483696818351746, 1.0, 0
u,0.3413447141647339, 1.0, 0
u,0.4734724760055542, 1.0, 0
u,0.5937411785125732, 1.0, 0
u,0.4315704107284546, 1.0, 0
u,0.7313371300697327, 1.0, 0
u,0.29483696818351746, 1.0, 0
u,0.674472451210022, 1.0, 0
u,0.4734724760055542, 1.0, 0
u,0.5318140983581543, 1.0, 0
u,0.5937411785125732, 1.0, 0
u,0.7313371300697327, 1.0, 0
u,0.252618670463562, 1.0, 0
u,0.29483696818351746, 1.0, 0
u,0.026438333094120026, 1.0, 0
u,0.5318140983581543, 1.0, 0
u,0.4734724760055542, 1.0, 0
u,0.784797728061676, 1.0, 0
u,0.252618670463562, 1.0, 0
u,0.7313371300697327, 1.0, 0
u,0.026438333094120026, 1.0, 0
u,0.9047704935073853, 1.0, 0
u,0.5318140983581543, 1.0, 0
u,0.784797728061676, 1.0, 0
u,0.20505137741565704, 1.0, 0
u,0.252618670463562, 1.0, 0
u,0.8366702198982239, 1.0, 0
u,0.20505137741565704, 1.0, 0
u,0.784797728061676, 1.0, 0
u,0.026438333094120026, 1.0, 0
u,0.9317339658737183, 1.0, 0
u,0.9047704935073853, 1.0, 0
u,0.07895096391439438, 1.0, 0
u,0.9317339658737183, 1.0, 0
u,0.026438333094120026, 1.0, 0
u,0.8842944502830505, 1.0, 0
u,0.20505137741565704, 1.0, 0
u,0.8366702198982239, 1.0, 0
u,0.07895096391439438, 1.0, 0
u,0.8842944502830505, 1.0, 0
u,0.9317339658737183, 1.0, 0
u,0.8842944502830505, 1.0, 0
u,0.16339267790317535, 1.0, 0
u,0.20505137741565704, 1.0, 0
u,0.07895096391439438, 1.0, 0
u,0.16339267790317535, 1.0, 0
u,0.8842944502830505, 1.0, 0
u,0.12067055702209473, 1.0, 0
u,0.16339267790317535, 1.0, 0
u,0.07895096391439438, 1.0, 0
u,0.3571428656578064, 1.0, 0
u,0.2142857164144516, 1.0, 0
u,0.2857142984867096, 1.0, 0
u,0.3571428656578064, 1.0, 0
u,0.5242201685905457, 1.0, 0
u,0.2142857164144516, 1.0, 0
u,0.5242201685905457, 1.0, 0
u,0.1428571492433548, 1.0, 0
u,0.2142857164144516, 1.0, 0
u,0.1428571492433548, 1.0, 0
u,0.0, 1.0, 0
u,0.0714285746216774, 1.0, 0
u,0.1428571492433548, 1.0, 0
u,0.8329217433929443, 1.0, 0
u,0.0, 1.0, 0
u,0.8329217433929443, 1.0, 0
u,1.0, 1.0, 0
u,0.0, 1.0, 0
u,0.3571428656578064, 1.0, 0
u,0.4285714328289032, 1.0, 0
u,0.5242201685905457, 1.0, 0
u,0.6785714030265808, 1.0, 0
u,0.1428571492433548, 1.0, 0
u,0.5242201685905457, 1.0, 0
u,0.1428571492433548, 1.0, 0
u,0.6785714030265808, 1.0, 0
u,0.8329217433929443, 1.0, 0
u,0.9285714030265808, 1.0, 0
u,1.0, 1.0, 0
u,0.8329217433929443, 1.0, 0
