v,-4.141801355217467e-07, 9.768229484558105, 0.29289233684539795
v,-4.174568175585591e-07, 9.897287368774414, 0.34698858857154846
v,-4.1431525232837885e-07, 9.897287368774414, 0.4188592731952667
v,-4.141801355217467e-07, 9.768229484558105, 0.29289233684539795
v,-4.222536347242567e-07, 10.007025718688965, 0.34698858857154846
v,-4.174568175585591e-07, 9.897287368774414, 0.34698858857154846
v,-4.141801355217467e-07, 9.768229484558105, 0.29289233684539795
v,-4.249560561220278e-07, 10.007025718688965, 0.28516432642936707
v,-4.222536347242567e-07, 10.007025718688965, 0.34698858857154846
v,-4.1451792753832706e-07, 9.768229484558105, 0.28516432642936707
v,-4.249560561220278e-07, 10.007025718688965, 0.28516432642936707
v,-4.141801355217467e-07, 9.768229484558105, 0.29289233684539795
v,-4.171527905327821e-07, 9.828508377075195, 0.28516432642936707
v,-4.249560561220278e-07, 10.007025718688965, 0.28516432642936707
v,-4.1451792753832706e-07, 9.768229484558105, 0.28516432642936707
v,-4.2791353394022735e-07, 9.835834503173828, 0.04631354287266731
v,-4.2015923895633023e-07, 9.897287368774414, 0.28516432642936707
v,-4.171527905327821e-07, 9.828508377075195, 0.28516432642936707
v,-4.2015923895633023e-07, 9.897287368774414, 0.28516432642936707
v,-4.249560561220278e-07, 10.007025718688965, 0.28516432642936707
v,-4.171527905327821e-07, 9.828508377075195, 0.28516432642936707
v,-4.2791353394022735e-07, 9.835834503173828, 0.04631354287266731
v,-4.3012479977733165e-07, 9.906463623046875, 0.06635565310716629
v,-4.2015923895633023e-07, 9.897287368774414, 0.28516432642936707
v,-4.2791353394022735e-07, 9.835834503173828, 0.04631354287266731
v,-4.345032778019231e-07, 10.005279541015625, 0.06500282138586044
v,-4.3012479977733165e-07, 9.906463623046875, 0.06635565310716629
v,-4.2791353394022735e-07, 9.835834503173828, 0.04631354287266731
v,-4.375245623577939e-07, 10.024393081665039, 0.014997926540672779
v,-4.345032778019231e-07, 10.005279541015625, 0.06500282138586044
v,-4.344491344454582e-07, 9.927668571472168, -0.011368694715201855
v,-4.375245623577939e-07, 10.024393081665039, 0.014997926540672779
v,-4.2791353394022735e-07, 9.835834503173828, 0.04631354287266731
v,-4.1978768194894656e-07, 9.425877571105957, -0.17774470150470734
v,-4.0255972066916e-07, 9.494657516479492, 0.28516432642936707
v,-3.968508508478408e-07, 9.425877571105957, 0.34698858857154846
v,-4.0255972066916e-07, 9.494657516479492, 0.28516432642936707
v,-4.0447412175126374e-07, 9.597748756408691, 0.3444586396217346
v,-3.968508508478408e-07, 9.425877571105957, 0.34698858857154846
v,-4.0255972066916e-07, 9.494657516479492, 0.28516432642936707
v,-4.10433528941212e-07, 9.693202018737793, 0.30357736349105835
v,-4.0447412175126374e-07, 9.597748756408691, 0.3444586396217346
v,-4.0255972066916e-07, 9.494657516479492, 0.28516432642936707
v,-4.083743476712698e-07, 9.619773864746094, 0.2772570550441742
v,-4.10433528941212e-07, 9.693202018737793, 0.30357736349105835
v,-4.1978768194894656e-07, 9.425877571105957, -0.17774470150470734
v,-4.119995367091178e-07, 9.494930267333984, 0.06947944313287735
v,-4.0255972066916e-07, 9.494657516479492, 0.28516432642936707
v,-4.083743476712698e-07, 9.619773864746094, 0.2772570550441742
v,-4.1568634401301097e-07, 9.73534107208252, 0.2255457639694214
v,-4.10433528941212e-07, 9.693202018737793, 0.30357736349105835
v,-4.131233595217054e-07, 9.665760040283203, 0.21459892392158508
v,-4.1568634401301097e-07, 9.73534107208252, 0.2255457639694214
v,-4.083743476712698e-07, 9.619773864746094, 0.2772570550441742
v,-4.131233595217054e-07, 9.665760040283203, 0.21459892392158508
v,-4.204042056699109e-07, 9.737042427062988, 0.11931529641151428
v,-4.1568634401301097e-07, 9.73534107208252, 0.2255457639694214
v,-4.171124032836815e-07, 9.664859771728516, 0.12244011461734772
v,-4.204042056699109e-07, 9.737042427062988, 0.11931529641151428
v,-4.131233595217054e-07, 9.665760040283203, 0.21459892392158508
v,-4.165654843291122e-07, 9.580759048461914, 0.050852011889219284
v,-4.204042056699109e-07, 9.737042427062988, 0.11931529641151428
v,-4.171124032836815e-07, 9.664859771728516, 0.12244011461734772
v,-4.165654843291122e-07, 9.580759048461914, 0.050852011889219284
v,-4.218248648157896e-07, 9.684070587158203, 0.033842213451862335
v,-4.204042056699109e-07, 9.737042427062988, 0.11931529641151428
v,-4.1978768194894656e-07, 9.425877571105957, -0.17774470150470734
v,-4.146934315940598e-07, 9.494855880737305, 0.0077758305706083775
v,-4.119995367091178e-07, 9.494930267333984, 0.06947944313287735
v,-4.146934315940598e-07, 9.494855880737305, 0.0077758305706083775
v,-4.165654843291122e-07, 9.580759048461914, 0.050852011889219284
v,-4.119995367091178e-07, 9.494930267333984, 0.06947944313287735
v,-4.146934315940598e-07, 9.494855880737305, 0.0077758305706083775
v,-4.218248648157896e-07, 9.684070587158203, 0.033842213451862335
v,-4.165654843291122e-07, 9.580759048461914, 0.050852011889219284
v,-4.146934315940598e-07, 9.494855880737305, 0.0077758305706083775
v,-4.1912414872058434e-07, 9.577898979187012, -0.01054383721202612
v,-4.218248648157896e-07, 9.684070587158203, 0.033842213451862335
v,-4.1978768194894656e-07, 9.425877571105957, -0.17774470150470734
v,-4.227941303724947e-07, 9.494657516479492, -0.17774470150470734
v,-4.146934315940598e-07, 9.494855880737305, 0.0077758305706083775
v,-3.6675265846497496e-07, 8.694807052612305, 0.30448439717292786
v,-3.6293548077992455e-07, 8.758176803588867, 0.4551810026168823
v,-3.6016550097883737e-07, 8.694807052612305, 0.4551810026168823
v,-3.6675265846497496e-07, 8.694807052612305, 0.30448439717292786
v,-3.6952263826606213e-07, 8.758176803588867, 0.30448439717292786
v,-3.6293548077992455e-07, 8.758176803588867, 0.4551810026168823
v,-3.629354523582151e-07, 8.544110298156738, 0.241114541888237
v,-3.6675265846497496e-07, 8.694807052612305, 0.30448439717292786
v,-3.6016547255712794e-07, 8.544110298156738, 0.30448439717292786
v,-3.629354523582151e-07, 8.544110298156738, 0.241114541888237
v,-3.6952263826606213e-07, 8.758176803588867, 0.30448439717292786
v,-3.6675265846497496e-07, 8.694807052612305, 0.30448439717292786
v,-3.629354523582151e-07, 8.544110298156738, 0.241114541888237
v,-3.761097673304903e-07, 8.908872604370117, 0.30448439717292786
v,-3.6952263826606213e-07, 8.758176803588867, 0.30448439717292786
v,-3.629354523582151e-07, 8.544110298156738, 0.241114541888237
v,-3.7887974713157746e-07, 8.908872604370117, 0.241114541888237
v,-3.761097673304903e-07, 8.908872604370117, 0.30448439717292786
v,-3.6952263826606213e-07, 8.694807052612305, 0.241114541888237
v,-3.7887974713157746e-07, 8.908872604370117, 0.241114541888237
v,-3.629354523582151e-07, 8.544110298156738, 0.241114541888237
v,-3.761097957521997e-07, 8.694807052612305, 0.09041795879602432
v,-3.722926180671493e-07, 8.758176803588867, 0.241114541888237
v,-3.6952263826606213e-07, 8.694807052612305, 0.241114541888237
v,-3.722926180671493e-07, 8.758176803588867, 0.241114541888237
v,-3.7887974713157746e-07, 8.908872604370117, 0.241114541888237
v,-3.6952263826606213e-07, 8.694807052612305, 0.241114541888237
v,-3.761097957521997e-07, 8.694807052612305, 0.09041795879602432
v,-3.788797755532869e-07, 8.758176803588867, 0.09041795879602432
v,-3.722926180671493e-07, 8.758176803588867, 0.241114541888237
v,-2.826016043400159e-07, 7.045599937438965, 0.5804290175437927
v,-3.066937495077582e-07, 7.614989280700684, 0.5986539721488953
v,-3.029920208064141e-07, 7.571209907531738, 0.6395606994628906
v,-2.8537772323034005e-07, 7.06030797958374, 0.5316272974014282
v,-3.066937495077582e-07, 7.614989280700684, 0.5986539721488953
v,-2.826016043400159e-07, 7.045599937438965, 0.5804290175437927
v,-2.8537772323034005e-07, 7.06030797958374, 0.5316272974014282
v,-2.9801501000292774e-07, 7.372637748718262, 0.5548492670059204
v,-3.066937495077582e-07, 7.614989280700684, 0.5986539721488953
v,-2.8537772323034005e-07, 7.06030797958374, 0.5316272974014282
v,-2.957199569664226e-07, 7.312872886657715, 0.5475892424583435
v,-2.9801501000292774e-07, 7.372637748718262, 0.5548492670059204
v,-2.957199569664226e-07, 7.312872886657715, 0.5475892424583435
v,-3.034821531855414e-07, 7.372540473937988, 0.4296784996986389
v,-2.9801501000292774e-07, 7.372637748718262, 0.5548492670059204
v,-3.008810836035991e-07, 7.313035011291504, 0.4296784996986389
v,-3.034821531855414e-07, 7.372540473937988, 0.4296784996986389
v,-2.957199569664226e-07, 7.312872886657715, 0.5475892424583435
v,-2.916252412887843e-07, 7.045644760131836, 0.37403666973114014
v,-3.008810836035991e-07, 7.313035011291504, 0.4296784996986389
v,-2.891930819259869e-07, 7.045644760131836, 0.4296784996986389
v,-2.916252412887843e-07, 7.045644760131836, 0.37403666973114014
v,-3.034821531855414e-07, 7.372540473937988, 0.4296784996986389
v,-3.008810836035991e-07, 7.313035011291504, 0.4296784996986389
v,-2.916252412887843e-07, 7.045644760131836, 0.37403666973114014
v,-3.1550794687973394e-07, 7.647658348083496, 0.4296784996986389
v,-3.034821531855414e-07, 7.372540473937988, 0.4296784996986389
v,-2.916252412887843e-07, 7.045644760131836, 0.37403666973114014
v,-3.1794010624253133e-07, 7.647658348083496, 0.37403666973114014
v,-3.1550794687973394e-07, 7.647658348083496, 0.4296784996986389
v,-3.033132429663965e-07, 7.313035011291504, 0.37403666973114014
v,-3.1794010624253133e-07, 7.647658348083496, 0.37403666973114014
v,-2.916252412887843e-07, 7.045644760131836, 0.37403666973114014
v,-3.087856725869642e-07, 7.313035011291504, 0.24884258210659027
v,-3.059143125483388e-07, 7.372540473937988, 0.37403666973114014
v,-3.033132429663965e-07, 7.313035011291504, 0.37403666973114014
v,-3.059143125483388e-07, 7.372540473937988, 0.37403666973114014
v,-3.1794010624253133e-07, 7.647658348083496, 0.37403666973114014
v,-3.033132429663965e-07, 7.313035011291504, 0.37403666973114014
v,-3.087856725869642e-07, 7.313035011291504, 0.24884258210659027
v,-3.113867421689065e-07, 7.372540473937988, 0.24884258210659027
v,-3.059143125483388e-07, 7.372540473937988, 0.37403666973114014
v,-2.97334139531813e-07, 6.99386739730835, 0.19165515899658203
v,-3.087856725869642e-07, 7.313035011291504, 0.24884258210659027
v,-2.948344217656995e-07, 6.99386739730835, 0.24884258210659027
v,-2.97334139531813e-07, 6.99386739730835, 0.19165515899658203
v,-3.113867421689065e-07, 7.372540473937988, 0.24884258210659027
v,-3.087856725869642e-07, 7.313035011291504, 0.24884258210659027
v,-2.97334139531813e-07, 6.99386739730835, 0.19165515899658203
v,-3.253380214118806e-07, 7.691708564758301, 0.24884258210659027
v,-3.113867421689065e-07, 7.372540473937988, 0.24884258210659027
v,-2.97334139531813e-07, 6.99386739730835, 0.19165515899658203
v,-3.278377391779941e-07, 7.691708564758301, 0.19165515899658203
v,-3.253380214118806e-07, 7.691708564758301, 0.24884258210659027
v,-3.1128539035307767e-07, 7.313035011291504, 0.19165515899658203
v,-3.278377391779941e-07, 7.691708564758301, 0.19165515899658203
v,-2.97334139531813e-07, 6.99386739730835, 0.19165515899658203
v,-3.194765270109201e-07, 7.308335304260254, -0.0004355375131126493
v,-3.1388645993501996e-07, 7.372540473937988, 0.19165515899658203
v,-3.1128539035307767e-07, 7.313035011291504, 0.19165515899658203
v,-3.1388645993501996e-07, 7.372540473937988, 0.19165515899658203
v,-3.278377391779941e-07, 7.691708564758301, 0.19165515899658203
v,-3.1128539035307767e-07, 7.313035011291504, 0.19165515899658203
v,-3.194765270109201e-07, 7.308335304260254, -0.0004355375131126493
v,-3.229647234093136e-07, 7.369037628173828, -0.019533883780241013
v,-3.1388645993501996e-07, 7.372540473937988, 0.19165515899658203
v,-3.16087209739635e-07, 7.172386169433594, -0.05884651839733124
v,-3.194765270109201e-07, 7.308335304260254, -0.0004355375131126493
v,-3.124234524420899e-07, 7.145548343658447, -0.0018676613690331578
v,-3.16087209739635e-07, 7.172386169433594, -0.05884651839733124
v,-3.229647234093136e-07, 7.369037628173828, -0.019533883780241013
v,-3.194765270109201e-07, 7.308335304260254, -0.0004355375131126493
v,-3.16087209739635e-07, 7.172386169433594, -0.05884651839733124
v,-3.2253282711280917e-07, 7.325829982757568, -0.05286113917827606
v,-3.229647234093136e-07, 7.369037628173828, -0.019533883780241013
v,-2.548932513946056e-07, 6.415863037109375, 0.5845852494239807
v,-2.6698822352955176e-07, 6.591902732849121, 0.4839245080947876
v,-2.541148091950163e-07, 6.448398590087891, 0.6349297165870667
v,-2.6585428258840693e-07, 6.537356853485107, 0.4553198516368866
v,-2.6698822352955176e-07, 6.591902732849121, 0.4839245080947876
v,-2.548932513946056e-07, 6.415863037109375, 0.5845852494239807
v,-2.718776386245736e-07, 6.587276935577393, 0.3674415349960327
v,-2.6698822352955176e-07, 6.591902732849121, 0.4839245080947876
v,-2.6585428258840693e-07, 6.537356853485107, 0.4553198516368866
v,-2.718776386245736e-07, 6.587276935577393, 0.3674415349960327
v,-2.8878321245429106e-07, 6.765780448913574, 0.159190833568573
v,-2.6698822352955176e-07, 6.591902732849121, 0.4839245080947876
v,-2.7214571218792116e-07, 6.45689058303833, 0.23092226684093475
v,-2.718776386245736e-07, 6.587276935577393, 0.3674415349960327
v,-2.6585428258840693e-07, 6.537356853485107, 0.4553198516368866
v,-2.861002599274798e-07, 6.697511196136475, 0.15229977667331696
v,-2.8878321245429106e-07, 6.765780448913574, 0.159190833568573
v,-2.718776386245736e-07, 6.587276935577393, 0.3674415349960327
v,-2.7214571218792116e-07, 6.45689058303833, 0.23092226684093475
v,-2.77757550293245e-07, 6.4356913566589355, 0.08133899420499802
v,-2.718776386245736e-07, 6.587276935577393, 0.3674415349960327
v,-2.738635203058948e-07, 6.348272323608398, 0.08300580829381943
v,-2.77757550293245e-07, 6.4356913566589355, 0.08133899420499802
v,-2.7214571218792116e-07, 6.45689058303833, 0.23092226684093475
v,-2.969883894365921e-07, 6.805336952209473, 0.011034862138330936
v,-2.8878321245429106e-07, 6.765780448913574, 0.159190833568573
v,-2.861002599274798e-07, 6.697511196136475, 0.15229977667331696
v,-2.969883894365921e-07, 6.805336952209473, 0.011034862138330936
v,-3.023294539161725e-07, 6.92539119720459, 0.008899212814867496
v,-2.8878321245429106e-07, 6.765780448913574, 0.159190833568573
v,-2.721908174407872e-07, 6.2165422439575195, -0.01045825146138668
v,-2.77757550293245e-07, 6.4356913566589355, 0.08133899420499802
v,-2.738635203058948e-07, 6.348272323608398, 0.08300580829381943
v,-2.721908174407872e-07, 6.2165422439575195, -0.01045825146138668
v,-2.766260820408206e-07, 6.269934177398682, -0.05853302776813507
v,-2.77757550293245e-07, 6.4356913566589355, 0.08133899420499802
v,-2.969883894365921e-07, 6.805336952209473, 0.011034862138330936
v,-3.0364438430297014e-07, 6.897525787353516, -0.049048278480768204
v,-3.023294539161725e-07, 6.92539119720459, 0.008899212814867496
v,-2.4009005983316456e-07, 5.582285404205322, 0.08966527879238129
v,-2.288505243086547e-07, 5.811117649078369, 0.5756277441978455
v,-2.250998107911073e-07, 5.737556457519531, 0.5878733396530151
v,-2.4009005983316456e-07, 5.582285404205322, 0.08966527879238129
v,-2.429168546314031e-07, 5.651609897613525, 0.09431960433721542
v,-2.288505243086547e-07, 5.811117649078369, 0.5756277441978455
v,-2.563676844147267e-07, 5.997206687927246, 0.13219808042049408
v,-2.4681631316525454e-07, 5.964408874511719, 0.3179100751876831
v,-2.4535711418138817e-07, 5.904521942138672, 0.2914050221443176
v,-2.563676844147267e-07, 5.997206687927246, 0.13219808042049408
v,-2.625085926410975e-07, 6.092525959014893, 0.08703000098466873
v,-2.4681631316525454e-07, 5.964408874511719, 0.3179100751876831
v,-2.429168546314031e-07, 5.651609897613525, 0.09431960433721542
v,-2.625085926410975e-07, 6.092525959014893, 0.08703000098466873
v,-2.563676844147267e-07, 5.997206687927246, 0.13219808042049408
v,-2.4009005983316456e-07, 5.582285404205322, 0.08966527879238129
v,-2.625085926410975e-07, 6.092525959014893, 0.08703000098466873
v,-2.429168546314031e-07, 5.651609897613525, 0.09431960433721542
v,-2.3530806458893494e-07, 5.467338562011719, 0.08411764353513718
v,-2.625085926410975e-07, 6.092525959014893, 0.08703000098466873
v,-2.4009005983316456e-07, 5.582285404205322, 0.08966527879238129
v,-2.388738096215093e-07, 5.478879928588867, 0.014083980582654476
v,-2.6009695375250885e-07, 6.024408340454102, 0.07408322393894196
v,-2.3530806458893494e-07, 5.467338562011719, 0.08411764353513718
v,-2.6009695375250885e-07, 6.024408340454102, 0.07408322393894196
v,-2.625085926410975e-07, 6.092525959014893, 0.08703000098466873
v,-2.3530806458893494e-07, 5.467338562011719, 0.08411764353513718
v,-2.6009695375250885e-07, 6.024408340454102, 0.07408322393894196
v,-2.678870885119977e-07, 6.131909370422363, 0.003367189085111022
v,-2.625085926410975e-07, 6.092525959014893, 0.08703000098466873
v,-2.663217628651182e-07, 6.067373752593994, -0.025358403101563454
v,-2.678870885119977e-07, 6.131909370422363, 0.003367189085111022
v,-2.6009695375250885e-07, 6.024408340454102, 0.07408322393894196
v,-1.8772705345782015e-07, 4.803526878356934, 0.5088324546813965
v,-2.048210632210612e-07, 5.2552690505981445, 0.5695094466209412
v,-1.852019124726212e-07, 4.806039333343506, 0.569113552570343
v,-1.8772705345782015e-07, 4.803526878356934, 0.5088324546813965
v,-2.0752062823703454e-07, 5.256638050079346, 0.5091197490692139
v,-2.048210632210612e-07, 5.2552690505981445, 0.5695094466209412
v,-1.9215276836348494e-07, 4.710511207580566, 0.31456848978996277
v,-2.1708589770241815e-07, 5.342075824737549, 0.37572935223579407
v,-1.8957442193823226e-07, 4.7124834060668945, 0.37552621960639954
v,-1.9215276836348494e-07, 4.710511207580566, 0.31456848978996277
v,-2.052660335039036e-07, 5.010773658752441, 0.31483396887779236
v,-2.1708589770241815e-07, 5.342075824737549, 0.37572935223579407
v,-2.052660335039036e-07, 5.010773658752441, 0.31483396887779236
v,-2.0808832346119743e-07, 5.07523250579834, 0.3147265911102295
v,-2.1708589770241815e-07, 5.342075824737549, 0.37572935223579407
v,-2.0808832346119743e-07, 5.07523250579834, 0.3147265911102295
v,-2.1984934051033633e-07, 5.343785762786865, 0.3142189383506775
v,-2.1708589770241815e-07, 5.342075824737549, 0.37572935223579407
v,-2.1072025901958114e-07, 4.988609790802002, 0.16789188981056213
v,-2.0808832346119743e-07, 5.07523250579834, 0.3147265911102295
v,-2.052660335039036e-07, 5.010773658752441, 0.31483396887779236
v,-2.1072025901958114e-07, 4.988609790802002, 0.16789188981056213
v,-2.1441600495109014e-07, 5.0481767654418945, 0.14291022717952728
v,-2.0808832346119743e-07, 5.07523250579834, 0.3147265911102295
v,-2.1212002820902853e-07, 4.92437219619751, 0.07163127511739731
v,-2.1441600495109014e-07, 5.0481767654418945, 0.14291022717952728
v,-2.1072025901958114e-07, 4.988609790802002, 0.16789188981056213
v,-2.1212002820902853e-07, 4.92437219619751, 0.07163127511739731
v,-2.1604107303119235e-07, 4.975661754608154, 0.03321767598390579
v,-2.1441600495109014e-07, 5.0481767654418945, 0.14291022717952728
v,-2.1050684040346823e-07, 4.820452690124512, 0.0046175518073141575
v,-2.1604107303119235e-07, 4.975661754608154, 0.03321767598390579
v,-2.1212002820902853e-07, 4.92437219619751, 0.07163127511739731
v,-2.1480281020558323e-07, 4.87654447555542, -0.037571243941783905
v,-2.1604107303119235e-07, 4.975661754608154, 0.03321767598390579
v,-2.1050684040346823e-07, 4.820452690124512, 0.0046175518073141575
v,-1.6943380387601792e-07, 4.367623805999756, 0.49143025279045105
v,-1.739254997801254e-07, 4.532246112823486, 0.5532945394515991
v,-1.6935392466166377e-07, 4.479315280914307, 0.6049491763114929
v,-1.6943380387601792e-07, 4.367623805999756, 0.49143025279045105
v,-1.721847127100773e-07, 4.322595596313477, 0.3834685683250427
v,-1.739254997801254e-07, 4.532246112823486, 0.5532945394515991
v,-1.6630286836516461e-07, 4.173770427703857, 0.36920416355133057
v,-1.721847127100773e-07, 4.322595596313477, 0.3834685683250427
v,-1.6943380387601792e-07, 4.367623805999756, 0.49143025279045105
v,-1.6630286836516461e-07, 4.173770427703857, 0.36920416355133057
v,-1.7111725014729018e-07, 4.253532409667969, 0.33882594108581543
v,-1.721847127100773e-07, 4.322595596313477, 0.3834685683250427
v,-1.7111725014729018e-07, 4.253532409667969, 0.33882594108581543
v,-1.9002874296347727e-07, 4.324910640716553, -0.02244049310684204
v,-1.721847127100773e-07, 4.322595596313477, 0.3834685683250427
v,-1.8689274838834535e-07, 4.252859592437744, -0.02274816669523716
v,-1.9002874296347727e-07, 4.324910640716553, -0.02244049310684204
v,-1.7111725014729018e-07, 4.253532409667969, 0.33882594108581543
v,-1.5979777856500732e-07, 3.932459831237793, 0.2767126262187958
v,-1.7111725014729018e-07, 4.253532409667969, 0.33882594108581543
v,-1.6630286836516461e-07, 4.173770427703857, 0.36920416355133057
v,-1.6370638888929534e-07, 3.962470054626465, 0.21730446815490723
v,-1.7111725014729018e-07, 4.253532409667969, 0.33882594108581543
v,-1.5979777856500732e-07, 3.932459831237793, 0.2767126262187958
v,-1.1783768627537938e-07, 3.189116954803467, 0.49330490827560425
v,-1.4043477847280883e-07, 3.7686665058135986, 0.5558933615684509
v,-1.1509245467777873e-07, 3.1907143592834473, 0.5577059388160706
v,-1.1783768627537938e-07, 3.189116954803467, 0.49330490827560425
v,-1.4373677004186902e-07, 3.80989146232605, 0.5215772986412048
v,-1.4043477847280883e-07, 3.7686665058135986, 0.5558933615684509
v,-1.1783768627537938e-07, 3.189116954803467, 0.49330490827560425
v,-1.4080208643463266e-07, 3.716522455215454, 0.4953460395336151
v,-1.4373677004186902e-07, 3.80989146232605, 0.5215772986412048
v,-1.418710695588743e-07, 3.638068914413452, 0.39243730902671814
v,-1.4373677004186902e-07, 3.80989146232605, 0.5215772986412048
v,-1.4080208643463266e-07, 3.716522455215454, 0.4953460395336151
v,-1.418710695588743e-07, 3.638068914413452, 0.39243730902671814
v,-1.4557572569628974e-07, 3.611806631088257, 0.2814221680164337
v,-1.4373677004186902e-07, 3.80989146232605, 0.5215772986412048
v,-1.4062590025787358e-07, 3.4247398376464844, 0.20759406685829163
v,-1.3480227778472909e-07, 3.5040512084960938, 0.42013484239578247
v,-1.3177069035918976e-07, 3.4340670108795166, 0.41950514912605286
v,-1.4096060851898073e-07, 3.5468039512634277, 0.32200121879577637
v,-1.4557572569628974e-07, 3.611806631088257, 0.2814221680164337
v,-1.418710695588743e-07, 3.638068914413452, 0.39243730902671814
v,-1.4062590025787358e-07, 3.4247398376464844, 0.20759406685829163
v,-1.4572121642686398e-07, 3.47013783454895, 0.13642488420009613
v,-1.3480227778472909e-07, 3.5040512084960938, 0.42013484239578247
v,-1.425010367483992e-07, 3.32900071144104, 0.06895697116851807
v,-1.4572121642686398e-07, 3.47013783454895, 0.13642488420009613
v,-1.4062590025787358e-07, 3.4247398376464844, 0.20759406685829163
v,-1.425010367483992e-07, 3.32900071144104, 0.06895697116851807
v,-1.453242362003948e-07, 3.2936978340148926, -0.030933141708374023
v,-1.4572121642686398e-07, 3.47013783454895, 0.13642488420009613
v,-1.4045126306427846e-07, 3.2305221557617188, 0.017371606081724167
v,-1.453242362003948e-07, 3.2936978340148926, -0.030933141708374023
v,-1.425010367483992e-07, 3.32900071144104, 0.06895697116851807
v,-8.947127128067223e-08, 2.662662982940674, 0.615798830986023
v,-9.4990177501586e-08, 2.6800808906555176, 0.5069587826728821
v,-9.318149096770867e-08, 2.732119083404541, 0.6003749370574951
v,-9.216972784997779e-08, 2.589118719100952, 0.4805210530757904
v,-9.4990177501586e-08, 2.6800808906555176, 0.5069587826728821
v,-8.947127128067223e-08, 2.662662982940674, 0.615798830986023
v,-9.216972784997779e-08, 2.589118719100952, 0.4805210530757904
v,-1.0592378885121434e-07, 2.9338490962982178, 0.5105953812599182
v,-9.4990177501586e-08, 2.6800808906555176, 0.5069587826728821
v,-9.216972784997779e-08, 2.589118719100952, 0.4805210530757904
v,-1.0963734808910885e-07, 2.989729642868042, 0.48151957988739014
v,-1.0592378885121434e-07, 2.9338490962982178, 0.5105953812599182
v,-9.276165968685746e-08, 2.5202622413635254, 0.39812278747558594
v,-9.594471350737876e-08, 2.645514726638794, 0.4505555331707001
v,-9.216972784997779e-08, 2.589118719100952, 0.4805210530757904
v,-9.594471350737876e-08, 2.645514726638794, 0.4505555331707001
v,-1.0963734808910885e-07, 2.989729642868042, 0.48151957988739014
v,-9.216972784997779e-08, 2.589118719100952, 0.4805210530757904
v,-9.594471350737876e-08, 2.645514726638794, 0.4505555331707001
v,-1.0737429789742237e-07, 2.9072697162628174, 0.4508320987224579
v,-1.0963734808910885e-07, 2.989729642868042, 0.48151957988739014
v,-1.0737429789742237e-07, 2.9072697162628174, 0.4508320987224579
v,-1.141240204560745e-07, 2.9303016662597656, 0.319448322057724
v,-1.0963734808910885e-07, 2.989729642868042, 0.48151957988739014
v,-1.1170212133038149e-07, 2.8362669944763184, 0.28082039952278137
v,-1.141240204560745e-07, 2.9303016662597656, 0.319448322057724
v,-1.0737429789742237e-07, 2.9072697162628174, 0.4508320987224579
v,-9.276165968685746e-08, 2.5202622413635254, 0.39812278747558594
v,-9.60825801143983e-08, 2.45880126953125, 0.26068800687789917
v,-9.594471350737876e-08, 2.645514726638794, 0.4505555331707001
v,-9.165887604467571e-08, 2.397212266921997, 0.3003016710281372
v,-9.60825801143983e-08, 2.45880126953125, 0.26068800687789917
v,-9.276165968685746e-08, 2.5202622413635254, 0.39812278747558594
v,-1.1170212133038149e-07, 2.8362669944763184, 0.28082039952278137
v,-1.1668846866541571e-07, 2.808706521987915, 0.13918551802635193
v,-1.141240204560745e-07, 2.9303016662597656, 0.319448322057724
v,-1.1224794604913768e-07, 2.6675121784210205, 0.09957845509052277
v,-1.1668846866541571e-07, 2.808706521987915, 0.13918551802635193
v,-1.1170212133038149e-07, 2.8362669944763184, 0.28082039952278137
v,-1.1224794604913768e-07, 2.6675121784210205, 0.09957845509052277
v,-1.1540355870920393e-07, 2.6729283332824707, 0.03280270844697952
v,-1.1668846866541571e-07, 2.808706521987915, 0.13918551802635193
v,-1.0746378364956399e-07, 2.474295139312744, 0.015810376033186913
v,-1.1540355870920393e-07, 2.6729283332824707, 0.03280270844697952
v,-1.1224794604913768e-07, 2.6675121784210205, 0.09957845509052277
v,-1.1216184248041827e-07, 2.5309317111968994, -0.03503201901912689
v,-1.1540355870920393e-07, 2.6729283332824707, 0.03280270844697952
v,-1.0746378364956399e-07, 2.474295139312744, 0.015810376033186913
v,-6.284599152195369e-08, 1.8636661767959595, 0.4259175956249237
v,-7.440007010472982e-08, 1.9810864925384521, 0.27901139855384827
v,-6.442237321380162e-08, 1.918979287147522, 0.44516727328300476
v,-8.116528960044889e-08, 2.0723648071289062, 0.21551945805549622
v,-7.852575123479255e-08, 2.1983160972595215, 0.40185636281967163
v,-7.479241759256183e-08, 2.133225679397583, 0.42217469215393066
v,-8.116528960044889e-08, 2.0723648071289062, 0.21551945805549622
v,-8.281992336378607e-08, 2.1572823524475098, 0.26258334517478943
v,-7.852575123479255e-08, 2.1983160972595215, 0.40185636281967163
v,-5.677588177377402e-08, 1.6831037998199463, 0.384223073720932
v,-6.899047377828538e-08, 1.8104227781295776, 0.23210465908050537
v,-5.828196236734584e-08, 1.7399348020553589, 0.4065989553928375
v,-6.737194979677952e-08, 1.7525452375411987, 0.21125470101833344
v,-6.899047377828538e-08, 1.8104227781295776, 0.23210465908050537
v,-5.677588177377402e-08, 1.6831037998199463, 0.384223073720932
v,-7.277502334090968e-08, 1.9233707189559937, 0.25847241282463074
v,-7.440007010472982e-08, 1.9810864925384521, 0.27901139855384827
v,-6.284599152195369e-08, 1.8636661767959595, 0.4259175956249237
v,-8.116528960044889e-08, 2.0723648071289062, 0.21551945805549622
v,-8.592488143221999e-08, 2.042935371398926, 0.07720322906970978
v,-8.281992336378607e-08, 2.1572823524475098, 0.26258334517478943
v,-8.10822484709206e-08, 1.9028854370117188, 0.04793986305594444
v,-8.592488143221999e-08, 2.042935371398926, 0.07720322906970978
v,-8.116528960044889e-08, 2.0723648071289062, 0.21551945805549622
v,-7.785794764458842e-08, 1.7747046947479248, -0.0064776246435940266
v,-8.592488143221999e-08, 2.042935371398926, 0.07720322906970978
v,-8.10822484709206e-08, 1.9028854370117188, 0.04793986305594444
v,-7.785794764458842e-08, 1.7747046947479248, -0.0064776246435940266
v,-8.256544958840095e-08, 1.8291445970535278, -0.05973254144191742
v,-8.592488143221999e-08, 2.042935371398926, 0.07720322906970978
v,-3.552417737751057e-08, 1.4066884517669678, 0.5939900875091553
v,-3.6640528833231656e-08, 1.4550268650054932, 0.6167892217636108
v,-3.247645707915581e-08, 1.3593428134918213, 0.6163680553436279
v,-3.552417737751057e-08, 1.4066884517669678, 0.5939900875091553
v,-4.2107743070118886e-08, 1.501919150352478, 0.5386062860488892
v,-3.6640528833231656e-08, 1.4550268650054932, 0.6167892217636108
v,-3.983134888585482e-08, 1.4639543294906616, 0.5527192950248718
v,-4.2107743070118886e-08, 1.501919150352478, 0.5386062860488892
v,-3.552417737751057e-08, 1.4066884517669678, 0.5939900875091553
v,-3.247645707915581e-08, 1.3593428134918213, 0.6163680553436279
v,-3.5390225860965074e-08, 1.355449914932251, 0.5458159446716309
v,-3.552417737751057e-08, 1.4066884517669678, 0.5939900875091553
v,-3.4729858100490674e-08, 1.3215641975402832, 0.5270375609397888
v,-3.5390225860965074e-08, 1.355449914932251, 0.5458159446716309
v,-3.247645707915581e-08, 1.3593428134918213, 0.6163680553436279
v,-4.1295024288956483e-08, 1.4397690296173096, 0.49504905939102173
v,-4.2107743070118886e-08, 1.501919150352478, 0.5386062860488892
v,-3.983134888585482e-08, 1.4639543294906616, 0.5527192950248718
v,-1.4993576158417454e-08, 0.9194693565368652, 0.5764563083648682
v,-2.8349855796250267e-08, 0.9871341586112976, 0.33856508135795593
v,-1.7854075551326787e-08, 0.9870069622993469, 0.578553318977356
v,-3.4729858100490674e-08, 1.3215641975402832, 0.5270375609397888
v,-3.912128931915504e-08, 1.3865861892700195, 0.49159547686576843
v,-3.5390225860965074e-08, 1.355449914932251, 0.5458159446716309
v,-4.1295024288956483e-08, 1.4397690296173096, 0.49504905939102173
v,-4.336028780471679e-08, 1.4502525329589844, 0.458284854888916
v,-4.2107743070118886e-08, 1.501919150352478, 0.5386062860488892
v,-3.950236049377054e-08, 1.3656193017959595, 0.4619106352329254
v,-3.912128931915504e-08, 1.3865861892700195, 0.49159547686576843
v,-3.4729858100490674e-08, 1.3215641975402832, 0.5270375609397888
v,-3.912128931915504e-08, 1.3865861892700195, 0.49159547686576843
v,-4.336028780471679e-08, 1.4502525329589844, 0.458284854888916
v,-4.1295024288956483e-08, 1.4397690296173096, 0.49504905939102173
v,-3.950236049377054e-08, 1.3656193017959595, 0.4619106352329254
v,-4.336028780471679e-08, 1.4502525329589844, 0.458284854888916
v,-3.912128931915504e-08, 1.3865861892700195, 0.49159547686576843
v,-2.8349855796250267e-08, 0.9871341586112976, 0.33856508135795593
v,-4.216833815462451e-08, 1.3730137348175049, 0.40831470489501953
v,-3.832761308331101e-08, 1.3441650867462158, 0.46733149886131287
v,-2.8349855796250267e-08, 0.9871341586112976, 0.33856508135795593
v,-3.1057417970714596e-08, 0.9861955046653748, 0.2756845951080322
v,-4.216833815462451e-08, 1.3730137348175049, 0.40831470489501953
v,-1.4993576158417454e-08, 0.9194693565368652, 0.5764563083648682
v,-3.1057417970714596e-08, 0.9861955046653748, 0.2756845951080322
v,-2.8349855796250267e-08, 0.9871341586112976, 0.33856508135795593
v,-1.4993576158417454e-08, 0.9194693565368652, 0.5764563083648682
v,-4.007021914276265e-08, 0.9895067811012268, 0.07280699908733368
v,-3.1057417970714596e-08, 0.9861955046653748, 0.2756845951080322
v,-3.7231771443657635e-08, 0.9215548038482666, 0.06979108601808548
v,-4.007021914276265e-08, 0.9895067811012268, 0.07280699908733368
v,-1.4993576158417454e-08, 0.9194693565368652, 0.5764563083648682
v,-3.7231771443657635e-08, 0.9215548038482666, 0.06979108601808548
v,-4.5549178651072e-08, 1.0859256982803345, 0.043881855905056
v,-4.007021914276265e-08, 0.9895067811012268, 0.07280699908733368
v,-4.5549178651072e-08, 1.0859256982803345, 0.043881855905056
v,-6.150093412315982e-08, 1.403245210647583, -0.0037321157287806273
v,-5.8419324489022983e-08, 1.403900146484375, 0.06742190569639206
v,-4.1133219497169193e-08, 0.9524040222167969, 0.011385645717382431
v,-4.5549178651072e-08, 1.0859256982803345, 0.043881855905056
v,-3.7231771443657635e-08, 0.9215548038482666, 0.06979108601808548
v,-4.1133219497169193e-08, 0.9524040222167969, 0.011385645717382431
v,-6.150093412315982e-08, 1.403245210647583, -0.0037321157287806273
v,-4.5549178651072e-08, 1.0859256982803345, 0.043881855905056
v,-4.7280138915084535e-08, 1.0661293268203735, -0.015514136292040348
v,-6.150093412315982e-08, 1.403245210647583, -0.0037321157287806273
v,-4.1133219497169193e-08, 0.9524040222167969, 0.011385645717382431
v,1.475350241975093e-08, 0.11274734884500504, 0.4502681493759155
v,-6.597186796852839e-09, 0.666435182094574, 0.5155091881752014
v,1.7567458598932717e-08, 0.11336656659841537, 0.5152631998062134
v,1.475350241975093e-08, 0.11274734884500504, 0.4502681493759155
v,4.425219302106598e-09, 0.3508525788784027, 0.452089786529541
v,-6.597186796852839e-09, 0.666435182094574, 0.5155091881752014
v,4.425219302106598e-09, 0.3508525788784027, 0.452089786529541
v,1.5538930142611207e-09, 0.41654086112976074, 0.452089786529541
v,-6.597186796852839e-09, 0.666435182094574, 0.5155091881752014
v,1.5538930142611207e-09, 0.41654086112976074, 0.452089786529541
v,-9.468488215702564e-09, 0.6669214963912964, 0.4503077268600464
v,-6.597186796852839e-09, 0.666435182094574, 0.5155091881752014
v,-1.1113716169575127e-08, 0.3508525788784027, 0.09660037606954575
v,1.5538930142611207e-09, 0.41654086112976074, 0.452089786529541
v,4.425219302106598e-09, 0.3508525788784027, 0.452089786529541
v,-1.1113716169575127e-08, 0.3508525788784027, 0.09660037606954575
v,-1.3985042457420604e-08, 0.41654086112976074, 0.09660037606954575
v,1.5538930142611207e-09, 0.41654086112976074, 0.452089786529541
v,-1.4619668808890651e-09, 0.06559053808450699, 0.032144635915756226
v,-1.1113716169575127e-08, 0.3508525788784027, 0.09660037606954575
v,1.4541283732683041e-09, 0.06624572724103928, 0.09951230883598328
v,-1.4619668808890651e-09, 0.06559053808450699, 0.032144635915756226
v,-1.3985042457420604e-08, 0.41654086112976074, 0.09660037606954575
v,-1.1113716169575127e-08, 0.3508525788784027, 0.09660037606954575
v,-1.4619668808890651e-09, 0.06559053808450699, 0.032144635915756226
v,-2.6525052376769054e-08, 0.7066153883934021, 0.09979293495416641
v,-1.3985042457420604e-08, 0.41654086112976074, 0.09660037606954575
v,-1.4619668808890651e-09, 0.06559053808450699, 0.032144635915756226
v,-2.9474648499672185e-08, 0.7068644762039185, 0.032563064247369766
v,-2.6525052376769054e-08, 0.7066153883934021, 0.09979293495416641
n,1.2939907312393188, 5.6562136308002664e-08, -5.6562136308002664e-08
n,1.2939907312393188, 5.6562136308002664e-08, -5.6562136308002664e-08
n,1.2939907312393188, 5.6562136308002664e-08, -5.6562136308002664e-08
n,1.2939907312393188, 5.6562136308002664e-08, -5.6562136308002664e-08
n,1.2939907312393188, 5.6562136308002664e-08, -5.6562136308002664e-08
n,1.2939907312393188, 5.6562136308002664e-08, -5.6562136308002664e-08
n,1.2939907312393188, 5.6562136308002664e-08, -5.6562136308002664e-08
n,1.2939907312393188, 5.6562136308002664e-08, -5.6562136308002664e-08
n,1.2939907312393188, 5.6562136308002664e-08, -5.6562136308002664e-08
n,1.2939907312393188, 5.6562136308002664e-08, -5.6562136308002664e-08
n,1.2939907312393188, 5.6562136308002664e-08, -5.6562136308002664e-08
n,1.2939907312393188, 5.6562136308002664e-08, -5.6562136308002664e-08
n,1.2939907312393188, 5.6562136308002664e-08, -5.6562136308002664e-08
n,1.2939907312393188, 5.6562136308002664e-08, -5.6562136308002664e-08
n,1.2939907312393188, 5.6562136308002664e-08, -5.6562136308002664e-08
n,1.2939907312393188, 5.6562136308002664e-08, -5.6562136308002664e-08
n,1.2939907312393188, 5.6562136308002664e-08, -5.6562136308002664e-08
n,1.2939907312393188, 5.6562136308002664e-08, -5.6562136308002664e-08
n,1.2939907312393188, 5.6562136308002664e-08, -5.6562136308002664e-08
n,1.2939907312393188, 5.6562136308002664e-08, -5.6562136308002664e-08
n,1.2939907312393188, 5.6562136308002664e-08, -5.6562136308002664e-08
n,1.2939907312393188, 5.6562136308002664e-08, -5.6562136308002664e-08
n,1.2939907312393188, 5.6562136308002664e-08, -5.6562136308002664e-08
n,1.2939907312393188, 5.6562136308002664e-08, -5.6562136308002664e-08
n,1.2939907312393188, 5.6562136308002664e-08, -5.6562136308002664e-08
n,1.2939907312393188, 5.6562136308002664e-08, -5.6562136308002664e-08
n,1.2939907312393188, 5.6562136308002664e-08, -5.6562136308002664e-08
n,1.2939907312393188, 5.6562136308002664e-08, -5.6562136308002664e-08
n,1.2939907312393188, 5.6562136308002664e-08, -5.6562136308002664e-08
n,1.2939907312393188, 5.6562136308002664e-08, -5.6562136308002664e-08
n,1.2939907312393188, 5.6562136308002664e-08, -5.6562136308002664e-08
n,1.2939907312393188, 5.6562136308002664e-08, -5.6562136308002664e-08
n,1.2939907312393188, 5.6562136308002664e-08, -5.6562136308002664e-08
n,1.2939907312393188, 5.6562136308002664e-08, -5.6562136308002664e-08
n,1.2939907312393188, 5.6562136308002664e-08, -5.6562136308002664e-08
n,1.2939907312393188, 5.6562136308002664e-08, -5.6562136308002664e-08
n,1.2939907312393188, 5.6562136308002664e-08, -5.6562136308002664e-08
n,1.2939907312393188, 5.6562136308002664e-08, -5.6562136308002664e-08
n,1.2939907312393188, 5.6562136308002664e-08, -5.6562136308002664e-08
n,1.2939907312393188, 5.6562136308002664e-08, -5.6562136308002664e-08
n,1.2939907312393188, 5.6562136308002664e-08, -5.6562136308002664e-08
n,1.2939907312393188, 5.6562136308002664e-08, -5.6562136308002664e-08
n,1.2939907312393188, 5.6562136308002664e-08, -5.6562136308002664e-08
n,1.2939907312393188, 5.6562136308002664e-08, -5.6562136308002664e-08
n,1.2939907312393188, 5.6562136308002664e-08, -5.6562136308002664e-08
n,1.2939907312393188, 5.6562136308002664e-08, -5.6562136308002664e-08
n,1.2939907312393188, 5.6562136308002664e-08, -5.6562136308002664e-08
n,1.2939907312393188, 5.6562136308002664e-08, -5.6562136308002664e-08
n,1.2939907312393188, 5.6562136308002664e-08, -5.6562136308002664e-08
n,1.2939907312393188, 5.6562136308002664e-08, -5.6562136308002664e-08
n,1.2939907312393188, 5.6562136308002664e-08, -5.6562136308002664e-08
n,1.2939907312393188, 5.6562136308002664e-08, -5.6562136308002664e-08
n,1.2939907312393188, 5.6562136308002664e-08, -5.6562136308002664e-08
n,1.2939907312393188, 5.6562136308002664e-08, -5.6562136308002664e-08
n,1.2939907312393188, 5.6562136308002664e-08, -5.6562136308002664e-08
n,1.2939907312393188, 5.6562136308002664e-08, -5.6562136308002664e-08
n,1.2939907312393188, 5.6562136308002664e-08, -5.6562136308002664e-08
n,1.2939907312393188, 5.6562136308002664e-08, -5.6562136308002664e-08
n,1.2939907312393188, 5.6562136308002664e-08, -5.6562136308002664e-08
n,1.2939907312393188, 5.6562136308002664e-08, -5.6562136308002664e-08
n,1.2939907312393188, 5.6562136308002664e-08, -5.6562136308002664e-08
n,1.2939907312393188, 5.6562136308002664e-08, -5.6562136308002664e-08
n,1.2939907312393188, 5.6562136308002664e-08, -5.6562136308002664e-08
n,1.2939907312393188, 5.6562136308002664e-08, -5.6562136308002664e-08
n,1.2939907312393188, 5.6562136308002664e-08, -5.6562136308002664e-08
n,1.2939907312393188, 5.6562136308002664e-08, -5.6562136308002664e-08
n,1.2939907312393188, 5.6562136308002664e-08, -5.6562136308002664e-08
n,1.2939907312393188, 5.6562136308002664e-08, -5.6562136308002664e-08
n,1.2939907312393188, 5.6562136308002664e-08, -5.6562136308002664e-08
n,1.2939907312393188, 5.6562136308002664e-08, -5.6562136308002664e-08
n,1.2939907312393188, 5.6562136308002664e-08, -5.6562136308002664e-08
n,1.2939907312393188, 5.6562136308002664e-08, -5.6562136308002664e-08
n,1.2939907312393188, 5.6562136308002664e-08, -5.6562136308002664e-08
n,1.2939907312393188, 5.6562136308002664e-08, -5.6562136308002664e-08
n,1.2939907312393188, 5.6562136308002664e-08, -5.6562136308002664e-08
n,1.2939907312393188, 5.6562136308002664e-08, -5.6562136308002664e-08
n,1.2939907312393188, 5.6562136308002664e-08, -5.6562136308002664e-08
n,1.2939907312393188, 5.6562136308002664e-08, -5.6562136308002664e-08
n,1.2939907312393188, 5.6562136308002664e-08, -5.6562136308002664e-08
n,1.2939907312393188, 5.6562136308002664e-08, -5.6562136308002664e-08
n,1.2939907312393188, 5.6562136308002664e-08, -5.6562136308002664e-08
n,1.2939907312393188, 5.6562136308002664e-08, -5.6562136308002664e-08
n,1.2939907312393188, 5.6562136308002664e-08, -5.6562136308002664e-08
n,1.2939907312393188, 5.6562136308002664e-08, -5.6562136308002664e-08
n,1.2939907312393188, 5.6562136308002664e-08, -5.6562136308002664e-08
n,1.2939907312393188, 5.6562136308002664e-08, -5.6562136308002664e-08
n,1.2939907312393188, 5.6562136308002664e-08, -5.6562136308002664e-08
n,1.2939907312393188, 5.6562136308002664e-08, -5.6562136308002664e-08
n,1.2939907312393188, 5.6562136308002664e-08, -5.6562136308002664e-08
n,1.2939907312393188, 5.6562136308002664e-08, -5.6562136308002664e-08
n,1.2939907312393188, 5.6562136308002664e-08, -5.6562136308002664e-08
n,1.2939907312393188, 5.6562136308002664e-08, -5.6562136308002664e-08
n,1.2939907312393188, 5.6562136308002664e-08, -5.6562136308002664e-08
n,1.2939907312393188, 5.6562136308002664e-08, -5.6562136308002664e-08
n,1.2939907312393188, 5.6562136308002664e-08, -5.6562136308002664e-08
n,1.2939907312393188, 5.6562136308002664e-08, -5.6562136308002664e-08
n,1.2939907312393188, 5.6562136308002664e-08, -5.6562136308002664e-08
n,1.2939907312393188, 5.6562136308002664e-08, -5.6562136308002664e-08
n,1.2939907312393188, 5.6562136308002664e-08, -5.6562136308002664e-08
n,1.2939907312393188, 5.6562136308002664e-08, -5.6562136308002664e-08
n,1.2939907312393188, 5.6562136308002664e-08, -5.6562136308002664e-08
n,1.2939907312393188, 5.6562136308002664e-08, -5.6562136308002664e-08
n,1.2939907312393188, 5.6562136308002664e-08, -5.6562136308002664e-08
n,1.2939907312393188, 5.6562136308002664e-08, -5.6562136308002664e-08
n,1.2939907312393188, 5.6562136308002664e-08, -5.6562136308002664e-08
n,1.2939907312393188, 5.6562136308002664e-08, -5.6562136308002664e-08
n,1.2939907312393188, 5.6562136308002664e-08, -5.6562136308002664e-08
n,1.2939907312393188, 5.6562136308002664e-08, -5.6562136308002664e-08
n,1.2939907312393188, 5.6562136308002664e-08, -5.6562136308002664e-08
n,1.2939907312393188, 5.6562136308002664e-08, -5.6562136308002664e-08
n,1.2939907312393188, 5.6562136308002664e-08, -5.6562136308002664e-08
n,1.2939907312393188, 5.6562136308002664e-08, -5.6562136308002664e-08
n,1.2939907312393188, 5.6562136308002664e-08, -5.6562136308002664e-08
n,1.2939907312393188, 5.6562136308002664e-08, -5.6562136308002664e-08
n,1.2939907312393188, 5.6562136308002664e-08, -5.6562136308002664e-08
n,1.2939907312393188, 5.6562136308002664e-08, -5.6562136308002664e-08
n,1.2939907312393188, 5.6562136308002664e-08, -5.6562136308002664e-08
n,1.2939907312393188, 5.6562136308002664e-08, -5.6562136308002664e-08
n,1.2939907312393188, 5.6562136308002664e-08, -5.6562136308002664e-08
n,1.2939907312393188, 5.6562136308002664e-08, -5.6562136308002664e-08
n,1.2939907312393188, 5.6562136308002664e-08, -5.6562136308002664e-08
n,1.2939907312393188, 5.6562136308002664e-08, -5.6562136308002664e-08
n,1.2939907312393188, 5.6562136308002664e-08, -5.6562136308002664e-08
n,1.2939907312393188, 5.6562136308002664e-08, -5.6562136308002664e-08
n,1.2939907312393188, 5.6562136308002664e-08, -5.6562136308002664e-08
n,1.2939907312393188, 5.6562136308002664e-08, -5.6562136308002664e-08
n,1.2939907312393188, 5.6562136308002664e-08, -5.6562136308002664e-08
n,1.2939907312393188, 5.6562136308002664e-08, -5.6562136308002664e-08
n,1.2939907312393188, 5.6562136308002664e-08, -5.6562136308002664e-08
n,1.2939907312393188, 5.6562136308002664e-08, -5.6562136308002664e-08
n,1.2939907312393188, 5.6562136308002664e-08, -5.6562136308002664e-08
n,1.2939907312393188, 5.6562136308002664e-08, -5.6562136308002664e-08
n,1.2939907312393188, 5.6562136308002664e-08, -5.6562136308002664e-08
n,1.2939907312393188, 5.6562136308002664e-08, -5.6562136308002664e-08
n,1.2939907312393188, 5.6562136308002664e-08, -5.6562136308002664e-08
n,1.2939907312393188, 5.6562136308002664e-08, -5.6562136308002664e-08
n,1.2939907312393188, 5.6562136308002664e-08, -5.6562136308002664e-08
n,1.2939907312393188, 5.6562136308002664e-08, -5.6562136308002664e-08
n,1.2939907312393188, 5.6562136308002664e-08, -5.6562136308002664e-08
n,1.2939907312393188, 5.6562136308002664e-08, -5.6562136308002664e-08
n,1.2939907312393188, 5.6562136308002664e-08, -5.6562136308002664e-08
n,1.2939907312393188, 5.6562136308002664e-08, -5.6562136308002664e-08
n,1.2939907312393188, 5.6562136308002664e-08, -5.6562136308002664e-08
n,1.2939907312393188, 5.6562136308002664e-08, -5.6562136308002664e-08
n,1.2939907312393188, 5.6562136308002664e-08, -5.6562136308002664e-08
n,1.2939907312393188, 5.6562136308002664e-08, -5.6562136308002664e-08
n,1.2939907312393188, 5.6562136308002664e-08, -5.6562136308002664e-08
n,1.2939907312393188, 5.6562136308002664e-08, -5.6562136308002664e-08
n,1.2939907312393188, 5.6562136308002664e-08, -5.6562136308002664e-08
n,1.2939907312393188, 5.6562136308002664e-08, -5.6562136308002664e-08
n,1.2939907312393188, 5.6562136308002664e-08, -5.6562136308002664e-08
n,1.2939907312393188, 5.6562136308002664e-08, -5.6562136308002664e-08
n,1.2939907312393188, 5.6562136308002664e-08, -5.6562136308002664e-08
n,1.2939907312393188, 5.6562136308002664e-08, -5.6562136308002664e-08
n,1.2939907312393188, 5.6562136308002664e-08, -5.6562136308002664e-08
n,1.2939907312393188, 5.6562136308002664e-08, -5.6562136308002664e-08
n,1.2939907312393188, 5.6562136308002664e-08, -5.6562136308002664e-08
n,1.2939907312393188, 5.6562136308002664e-08, -5.6562136308002664e-08
n,1.2939907312393188, 5.6562136308002664e-08, -5.6562136308002664e-08
n,1.2939907312393188, 5.6562136308002664e-08, -5.6562136308002664e-08
n,1.2939907312393188, 5.6562136308002664e-08, -5.6562136308002664e-08
n,1.2939907312393188, 5.6562136308002664e-08, -5.6562136308002664e-08
n,1.2939907312393188, 5.6562136308002664e-08, -5.6562136308002664e-08
n,1.2939907312393188, 5.6562136308002664e-08, -5.6562136308002664e-08
n,1.2939907312393188, 5.6562136308002664e-08, -5.6562136308002664e-08
n,1.2939907312393188, 5.6562136308002664e-08, -5.6562136308002664e-08
n,1.2939907312393188, 5.6562136308002664e-08, -5.6562136308002664e-08
n,1.2939907312393188, 5.6562136308002664e-08, -5.6562136308002664e-08
n,1.2939907312393188, 5.6562136308002664e-08, -5.6562136308002664e-08
n,1.2939907312393188, 5.6562136308002664e-08, -5.6562136308002664e-08
n,1.2939907312393188, 5.6562136308002664e-08, -5.6562136308002664e-08
n,1.2939907312393188, 5.6562136308002664e-08, -5.6562136308002664e-08
n,1.2939907312393188, 5.6562136308002664e-08, -5.6562136308002664e-08
n,1.2939907312393188, 5.6562136308002664e-08, -5.6562136308002664e-08
n,1.2939907312393188, 5.6562136308002664e-08, -5.6562136308002664e-08
n,1.2939907312393188, 5.6562136308002664e-08, -5.6562136308002664e-08
n,1.2939907312393188, 5.6562136308002664e-08, -5.6562136308002664e-08
n,1.2939907312393188, 5.6562136308002664e-08, -5.6562136308002664e-08
n,1.2939907312393188, 5.6562136308002664e-08, -5.6562136308002664e-08
n,1.2939907312393188, 5.6562136308002664e-08, -5.6562136308002664e-08
n,1.2939907312393188, 5.6562136308002664e-08, -5.6562136308002664e-08
n,1.2939907312393188, 5.6562136308002664e-08, -5.6562136308002664e-08
n,1.2939907312393188, 5.6562136308002664e-08, -5.6562136308002664e-08
n,1.2939907312393188, 5.6562136308002664e-08, -5.6562136308002664e-08
n,1.2939907312393188, 5.6562136308002664e-08, -5.6562136308002664e-08
n,1.2939907312393188, 5.6562136308002664e-08, -5.6562136308002664e-08
n,1.2939907312393188, 5.6562136308002664e-08, -5.6562136308002664e-08
n,1.2939907312393188, 5.6562136308002664e-08, -5.6562136308002664e-08
n,1.2939907312393188, 5.6562136308002664e-08, -5.6562136308002664e-08
n,1.2939907312393188, 5.6562136308002664e-08, -5.6562136308002664e-08
n,1.2939907312393188, 5.6562136308002664e-08, -5.6562136308002664e-08
n,1.2939907312393188, 5.6562136308002664e-08, -5.6562136308002664e-08
n,1.2939907312393188, 5.6562136308002664e-08, -5.6562136308002664e-08
n,1.2939907312393188, 5.6562136308002664e-08, -5.6562136308002664e-08
n,1.2939907312393188, 5.6562136308002664e-08, -5.6562136308002664e-08
n,1.2939907312393188, 5.6562136308002664e-08, -5.6562136308002664e-08
n,1.2939907312393188, 5.6562136308002664e-08, -5.6562136308002664e-08
n,1.2939907312393188, 5.6562136308002664e-08, -5.6562136308002664e-08
n,1.2939907312393188, 5.6562136308002664e-08, -5.6562136308002664e-08
n,1.2939907312393188, 5.6562136308002664e-08, -5.6562136308002664e-08
n,1.2939907312393188, 5.6562136308002664e-08, -5.6562136308002664e-08
n,1.2939907312393188, 5.6562136308002664e-08, -5.6562136308002664e-08
n,1.2939907312393188, 5.6562136308002664e-08, -5.6562136308002664e-08
n,1.2939907312393188, 5.6562136308002664e-08, -5.6562136308002664e-08
n,1.2939907312393188, 5.6562136308002664e-08, -5.6562136308002664e-08
n,1.2939907312393188, 5.6562136308002664e-08, -5.6562136308002664e-08
n,1.2939907312393188, 5.6562136308002664e-08, -5.6562136308002664e-08
n,1.2939907312393188, 5.6562136308002664e-08, -5.6562136308002664e-08
n,1.2939907312393188, 5.6562136308002664e-08, -5.6562136308002664e-08
n,1.2939907312393188, 5.6562136308002664e-08, -5.6562136308002664e-08
n,1.2939907312393188, 5.6562136308002664e-08, -5.6562136308002664e-08
n,1.2939907312393188, 5.6562136308002664e-08, -5.6562136308002664e-08
n,1.2939907312393188, 5.6562136308002664e-08, -5.6562136308002664e-08
n,1.2939907312393188, 5.6562136308002664e-08, -5.6562136308002664e-08
n,1.2939907312393188, 5.6562136308002664e-08, -5.6562136308002664e-08
n,1.2939907312393188, 5.6562136308002664e-08, -5.6562136308002664e-08
n,1.2939907312393188, 5.6562136308002664e-08, -5.6562136308002664e-08
n,1.2939907312393188, 5.6562136308002664e-08, -5.6562136308002664e-08
n,1.2939907312393188, 5.6562136308002664e-08, -5.6562136308002664e-08
n,1.2939907312393188, 5.6562136308002664e-08, -5.6562136308002664e-08
n,1.2939907312393188, 5.6562136308002664e-08, -5.6562136308002664e-08
n,1.2939907312393188, 5.6562136308002664e-08, -5.6562136308002664e-08
n,1.2939907312393188, 5.6562136308002664e-08, -5.6562136308002664e-08
n,1.2939907312393188, 5.6562136308002664e-08, -5.6562136308002664e-08
n,1.2939907312393188, 5.6562136308002664e-08, -5.6562136308002664e-08
n,1.2939907312393188, 5.6562136308002664e-08, -5.6562136308002664e-08
n,1.2939907312393188, 5.6562136308002664e-08, -5.6562136308002664e-08
n,1.2939907312393188, 5.6562136308002664e-08, -5.6562136308002664e-08
n,1.2939907312393188, 5.6562136308002664e-08, -5.6562136308002664e-08
n,1.2939907312393188, 5.6562136308002664e-08, -5.6562136308002664e-08
n,1.2939907312393188, 5.6562136308002664e-08, -5.6562136308002664e-08
n,1.2939907312393188, 5.6562136308002664e-08, -5.6562136308002664e-08
n,1.2939907312393188, 5.6562136308002664e-08, -5.6562136308002664e-08
n,1.2939907312393188, 5.6562136308002664e-08, -5.6562136308002664e-08
n,1.2939907312393188, 5.6562136308002664e-08, -5.6562136308002664e-08
n,1.2939907312393188, 5.6562136308002664e-08, -5.6562136308002664e-08
n,1.2939907312393188, 5.6562136308002664e-08, -5.6562136308002664e-08
n,1.2939907312393188, 5.6562136308002664e-08, -5.6562136308002664e-08
n,1.2939907312393188, 5.6562136308002664e-08, -5.6562136308002664e-08
n,1.2939907312393188, 5.6562136308002664e-08, -5.6562136308002664e-08
n,1.2939907312393188, 5.6562136308002664e-08, -5.6562136308002664e-08
n,1.2939907312393188, 5.6562136308002664e-08, -5.6562136308002664e-08
n,1.2939907312393188, 5.6562136308002664e-08, -5.6562136308002664e-08
n,1.2939907312393188, 5.6562136308002664e-08, -5.6562136308002664e-08
n,1.2939907312393188, 5.6562136308002664e-08, -5.6562136308002664e-08
n,1.2939907312393188, 5.6562136308002664e-08, -5.6562136308002664e-08
n,1.2939907312393188, 5.6562136308002664e-08, -5.6562136308002664e-08
n,1.2939907312393188, 5.6562136308002664e-08, -5.6562136308002664e-08
n,1.2939907312393188, 5.6562136308002664e-08, -5.6562136308002664e-08
n,1.2939907312393188, 5.6562136308002664e-08, -5.6562136308002664e-08
n,1.2939907312393188, 5.6562136308002664e-08, -5.6562136308002664e-08
n,1.2939907312393188, 5.6562136308002664e-08, -5.6562136308002664e-08
n,1.2939907312393188, 5.6562136308002664e-08, -5.6562136308002664e-08
n,1.2939907312393188, 5.6562136308002664e-08, -5.6562136308002664e-08
n,1.2939907312393188, 5.6562136308002664e-08, -5.6562136308002664e-08
n,1.2939907312393188, 5.6562136308002664e-08, -5.6562136308002664e-08
n,1.2939907312393188, 5.6562136308002664e-08, -5.6562136308002664e-08
n,1.2939907312393188, 5.6562136308002664e-08, -5.6562136308002664e-08
n,1.2939907312393188, 5.6562136308002664e-08, -5.6562136308002664e-08
n,1.2939907312393188, 5.6562136308002664e-08, -5.6562136308002664e-08
n,1.2939907312393188, 5.6562136308002664e-08, -5.6562136308002664e-08
n,1.2939907312393188, 5.6562136308002664e-08, -5.6562136308002664e-08
n,1.2939907312393188, 5.6562136308002664e-08, -5.6562136308002664e-08
n,1.2939907312393188, 5.6562136308002664e-08, -5.6562136308002664e-08
n,1.2939907312393188, 5.6562136308002664e-08, -5.6562136308002664e-08
n,1.2939907312393188, 5.6562136308002664e-08, -5.6562136308002664e-08
n,1.2939907312393188, 5.6562136308002664e-08, -5.6562136308002664e-08
n,1.2939907312393188, 5.6562136308002664e-08, -5.6562136308002664e-08
n,1.2939907312393188, 5.6562136308002664e-08, -5.6562136308002664e-08
n,1.2939907312393188, 5.6562136308002664e-08, -5.6562136308002664e-08
n,1.2939907312393188, 5.6562136308002664e-08, -5.6562136308002664e-08
n,1.2939907312393188, 5.6562136308002664e-08, -5.6562136308002664e-08
n,1.2939907312393188, 5.6562136308002664e-08, -5.6562136308002664e-08
n,1.2939907312393188, 5.6562136308002664e-08, -5.6562136308002664e-08
n,1.2939907312393188, 5.6562136308002664e-08, -5.6562136308002664e-08
n,1.2939907312393188, 5.6562136308002664e-08, -5.6562136308002664e-08
n,1.2939907312393188, 5.6562136308002664e-08, -5.6562136308002664e-08
n,1.2939907312393188, 5.6562136308002664e-08, -5.6562136308002664e-08
n,1.2939907312393188, 5.6562136308002664e-08, -5.6562136308002664e-08
n,1.2939907312393188, 5.6562136308002664e-08, -5.6562136308002664e-08
n,1.2939907312393188, 5.6562136308002664e-08, -5.6562136308002664e-08
n,1.2939907312393188, 5.6562136308002664e-08, -5.6562136308002664e-08
n,1.2939907312393188, 5.6562136308002664e-08, -5.6562136308002664e-08
n,1.2939907312393188, 5.6562136308002664e-08, -5.6562136308002664e-08
n,1.2939907312393188, 5.6562136308002664e-08, -5.6562136308002664e-08
n,1.2939907312393188, 5.6562136308002664e-08, -5.6562136308002664e-08
n,1.2939907312393188, 5.6562136308002664e-08, -5.6562136308002664e-08
n,1.2939907312393188, 5.6562136308002664e-08, -5.6562136308002664e-08
n,1.2939907312393188, 5.6562136308002664e-08, -5.6562136308002664e-08
n,1.2939907312393188, 5.6562136308002664e-08, -5.6562136308002664e-08
n,1.2939907312393188, 5.6562136308002664e-08, -5.6562136308002664e-08
n,1.2939907312393188, 5.6562136308002664e-08, -5.6562136308002664e-08
n,1.2939907312393188, 5.6562136308002664e-08, -5.6562136308002664e-08
n,1.2939907312393188, 5.6562136308002664e-08, -5.6562136308002664e-08
n,1.2939907312393188, 5.6562136308002664e-08, -5.6562136308002664e-08
n,1.2939907312393188, 5.6562136308002664e-08, -5.6562136308002664e-08
n,1.2939907312393188, 5.6562136308002664e-08, -5.6562136308002664e-08
n,1.2939907312393188, 5.6562136308002664e-08, -5.6562136308002664e-08
n,1.2939907312393188, 5.6562136308002664e-08, -5.6562136308002664e-08
n,1.2939907312393188, 5.6562136308002664e-08, -5.6562136308002664e-08
n,1.2939907312393188, 5.6562136308002664e-08, -5.6562136308002664e-08
n,1.2939907312393188, 5.6562136308002664e-08, -5.6562136308002664e-08
n,1.2939907312393188, 5.6562136308002664e-08, -5.6562136308002664e-08
n,1.2939907312393188, 5.6562136308002664e-08, -5.6562136308002664e-08
n,1.2939907312393188, 5.6562136308002664e-08, -5.6562136308002664e-08
n,1.2939907312393188, 5.6562136308002664e-08, -5.6562136308002664e-08
n,1.2939907312393188, 5.6562136308002664e-08, -5.6562136308002664e-08
n,1.2939907312393188, 5.6562136308002664e-08, -5.6562136308002664e-08
n,1.2939907312393188, 5.6562136308002664e-08, -5.6562136308002664e-08
n,1.2939907312393188, 5.6562136308002664e-08, -5.6562136308002664e-08
n,1.2939907312393188, 5.6562136308002664e-08, -5.6562136308002664e-08
n,1.2939907312393188, 5.6562136308002664e-08, -5.6562136308002664e-08
n,1.2939907312393188, 5.6562136308002664e-08, -5.6562136308002664e-08
n,1.2939907312393188, 5.6562136308002664e-08, -5.6562136308002664e-08
n,1.2939907312393188, 5.6562136308002664e-08, -5.6562136308002664e-08
n,1.2939907312393188, 5.6562136308002664e-08, -5.6562136308002664e-08
n,1.2939907312393188, 5.6562136308002664e-08, -5.6562136308002664e-08
n,1.2939907312393188, 5.6562136308002664e-08, -5.6562136308002664e-08
n,1.2939907312393188, 5.6562136308002664e-08, -5.6562136308002664e-08
n,1.2939907312393188, 5.6562136308002664e-08, -5.6562136308002664e-08
n,1.2939907312393188, 5.6562136308002664e-08, -5.6562136308002664e-08
n,1.2939907312393188, 5.6562136308002664e-08, -5.6562136308002664e-08
n,1.2939907312393188, 5.6562136308002664e-08, -5.6562136308002664e-08
n,1.2939907312393188, 5.6562136308002664e-08, -5.6562136308002664e-08
n,1.2939907312393188, 5.6562136308002664e-08, -5.6562136308002664e-08
n,1.2939907312393188, 5.6562136308002664e-08, -5.6562136308002664e-08
n,1.2939907312393188, 5.6562136308002664e-08, -5.6562136308002664e-08
n,1.2939907312393188, 5.6562136308002664e-08, -5.6562136308002664e-08
n,1.2939907312393188, 5.6562136308002664e-08, -5.6562136308002664e-08
n,1.2939907312393188, 5.6562136308002664e-08, -5.6562136308002664e-08
n,1.2939907312393188, 5.6562136308002664e-08, -5.6562136308002664e-08
n,1.2939907312393188, 5.6562136308002664e-08, -5.6562136308002664e-08
n,1.2939907312393188, 5.6562136308002664e-08, -5.6562136308002664e-08
n,1.2939907312393188, 5.6562136308002664e-08, -5.6562136308002664e-08
n,1.2939907312393188, 5.6562136308002664e-08, -5.6562136308002664e-08
n,1.2939907312393188, 5.6562136308002664e-08, -5.6562136308002664e-08
n,1.2939907312393188, 5.6562136308002664e-08, -5.6562136308002664e-08
n,1.2939907312393188, 5.6562136308002664e-08, -5.6562136308002664e-08
n,1.2939907312393188, 5.6562136308002664e-08, -5.6562136308002664e-08
n,1.2939907312393188, 5.6562136308002664e-08, -5.6562136308002664e-08
n,1.2939907312393188, 5.6562136308002664e-08, -5.6562136308002664e-08
n,1.2939907312393188, 5.6562136308002664e-08, -5.6562136308002664e-08
n,1.2939907312393188, 5.6562136308002664e-08, -5.6562136308002664e-08
n,1.2939907312393188, 5.6562136308002664e-08, -5.6562136308002664e-08
n,1.2939907312393188, 5.6562136308002664e-08, -5.6562136308002664e-08
n,1.2939907312393188, 5.6562136308002664e-08, -5.6562136308002664e-08
n,1.2939907312393188, 5.6562136308002664e-08, -5.6562136308002664e-08
n,1.2939907312393188, 5.6562136308002664e-08, -5.6562136308002664e-08
n,1.2939907312393188, 5.6562136308002664e-08, -5.6562136308002664e-08
n,1.2939907312393188, 5.6562136308002664e-08, -5.6562136308002664e-08
n,1.2939907312393188, 5.6562136308002664e-08, -5.6562136308002664e-08
n,1.2939907312393188, 5.6562136308002664e-08, -5.6562136308002664e-08
n,1.2939907312393188, 5.6562136308002664e-08, -5.6562136308002664e-08
n,1.2939907312393188, 5.6562136308002664e-08, -5.6562136308002664e-08
n,1.2939907312393188, 5.6562136308002664e-08, -5.6562136308002664e-08
n,1.2939907312393188, 5.6562136308002664e-08, -5.6562136308002664e-08
n,1.2939907312393188, 5.6562136308002664e-08, -5.6562136308002664e-08
n,1.2939907312393188, 5.6562136308002664e-08, -5.6562136308002664e-08
n,1.2939907312393188, 5.6562136308002664e-08, -5.6562136308002664e-08
n,1.2939907312393188, 5.6562136308002664e-08, -5.6562136308002664e-08
n,1.2939907312393188, 5.6562136308002664e-08, -5.6562136308002664e-08
n,1.2939907312393188, 5.6562136308002664e-08, -5.6562136308002664e-08
n,1.2939907312393188, 5.6562136308002664e-08, -5.6562136308002664e-08
n,1.2939907312393188, 5.6562136308002664e-08, -5.6562136308002664e-08
n,1.2939907312393188, 5.6562136308002664e-08, -5.6562136308002664e-08
n,1.2939907312393188, 5.6562136308002664e-08, -5.6562136308002664e-08
n,1.2939907312393188, 5.6562136308002664e-08, -5.6562136308002664e-08
n,1.2939907312393188, 5.6562136308002664e-08, -5.6562136308002664e-08
n,1.2939907312393188, 5.6562136308002664e-08, -5.6562136308002664e-08
n,1.2939907312393188, 5.6562136308002664e-08, -5.6562136308002664e-08
n,1.2939907312393188, 5.6562136308002664e-08, -5.6562136308002664e-08
n,1.2939907312393188, 5.6562136308002664e-08, -5.6562136308002664e-08
n,1.2939907312393188, 5.6562136308002664e-08, -5.6562136308002664e-08
n,1.2939907312393188, 5.6562136308002664e-08, -5.6562136308002664e-08
n,1.2939907312393188, 5.6562136308002664e-08, -5.6562136308002664e-08
n,1.2939907312393188, 5.6562136308002664e-08, -5.6562136308002664e-08
n,1.2939907312393188, 5.6562136308002664e-08, -5.6562136308002664e-08
n,1.2939907312393188, 5.6562136308002664e-08, -5.6562136308002664e-08
n,1.2939907312393188, 5.6562136308002664e-08, -5.6562136308002664e-08
n,1.2939907312393188, 5.6562136308002664e-08, -5.6562136308002664e-08
n,1.2939907312393188, 5.6562136308002664e-08, -5.6562136308002664e-08
n,1.2939907312393188, 5.6562136308002664e-08, -5.6562136308002664e-08
n,1.2939907312393188, 5.6562136308002664e-08, -5.6562136308002664e-08
n,1.2939907312393188, 5.6562136308002664e-08, -5.6562136308002664e-08
n,1.2939907312393188, 5.6562136308002664e-08, -5.6562136308002664e-08
n,1.2939907312393188, 5.6562136308002664e-08, -5.6562136308002664e-08
n,1.2939907312393188, 5.6562136308002664e-08, -5.6562136308002664e-08
n,1.2939907312393188, 5.6562136308002664e-08, -5.6562136308002664e-08
n,1.2939907312393188, 5.6562136308002664e-08, -5.6562136308002664e-08
n,1.2939907312393188, 5.6562136308002664e-08, -5.6562136308002664e-08
n,1.2939907312393188, 5.6562136308002664e-08, -5.6562136308002664e-08
n,1.2939907312393188, 5.6562136308002664e-08, -5.6562136308002664e-08
n,1.2939907312393188, 5.6562136308002664e-08, -5.6562136308002664e-08
n,1.2939907312393188, 5.6562136308002664e-08, -5.6562136308002664e-08
n,1.2939907312393188, 5.6562136308002664e-08, -5.6562136308002664e-08
n,1.2939907312393188, 5.6562136308002664e-08, -5.6562136308002664e-08
n,1.2939907312393188, 5.6562136308002664e-08, -5.6562136308002664e-08
n,1.2939907312393188, 5.6562136308002664e-08, -5.6562136308002664e-08
n,1.2939907312393188, 5.6562136308002664e-08, -5.6562136308002664e-08
n,1.2939907312393188, 5.6562136308002664e-08, -5.6562136308002664e-08
n,1.2939907312393188, 5.6562136308002664e-08, -5.6562136308002664e-08
n,1.2939907312393188, 5.6562136308002664e-08, -5.6562136308002664e-08
n,1.2939907312393188, 5.6562136308002664e-08, -5.6562136308002664e-08
n,1.2939907312393188, 5.6562136308002664e-08, -5.6562136308002664e-08
n,1.2939907312393188, 5.6562136308002664e-08, -5.6562136308002664e-08
n,1.2939907312393188, 5.6562136308002664e-08, -5.6562136308002664e-08
n,1.2939907312393188, 5.6562136308002664e-08, -5.6562136308002664e-08
n,1.2939907312393188, 5.6562136308002664e-08, -5.6562136308002664e-08
n,1.2939907312393188, 5.6562136308002664e-08, -5.6562136308002664e-08
n,1.2939907312393188, 5.6562136308002664e-08, -5.6562136308002664e-08
n,1.2939907312393188, 5.6562136308002664e-08, -5.6562136308002664e-08
n,1.2939907312393188, 5.6562136308002664e-08, -5.6562136308002664e-08
n,1.2939907312393188, 5.6562136308002664e-08, -5.6562136308002664e-08
n,1.2939907312393188, 5.6562136308002664e-08, -5.6562136308002664e-08
n,1.2939907312393188, 5.6562136308002664e-08, -5.6562136308002664e-08
n,1.2939907312393188, 5.6562136308002664e-08, -5.6562136308002664e-08
n,1.2939907312393188, 5.6562136308002664e-08, -5.6562136308002664e-08
n,1.2939907312393188, 5.6562136308002664e-08, -5.6562136308002664e-08
n,1.2939907312393188, 5.6562136308002664e-08, -5.6562136308002664e-08
n,1.2939907312393188, 5.6562136308002664e-08, -5.6562136308002664e-08
n,1.2939907312393188, 5.6562136308002664e-08, -5.6562136308002664e-08
n,1.2939907312393188, 5.6562136308002664e-08, -5.6562136308002664e-08
n,1.2939907312393188, 5.6562136308002664e-08, -5.6562136308002664e-08
n,1.2939907312393188, 5.6562136308002664e-08, -5.6562136308002664e-08
n,1.2939907312393188, 5.6562136308002664e-08, -5.6562136308002664e-08
n,1.2939907312393188, 5.6562136308002664e-08, -5.6562136308002664e-08
n,1.2939907312393188, 5.6562136308002664e-08, -5.6562136308002664e-08
n,1.2939907312393188, 5.6562136308002664e-08, -5.6562136308002664e-08
n,1.2939907312393188, 5.6562136308002664e-08, -5.6562136308002664e-08
n,1.2939907312393188, 5.6562136308002664e-08, -5.6562136308002664e-08
n,1.2939907312393188, 5.6562136308002664e-08, -5.6562136308002664e-08
n,1.2939907312393188, 5.6562136308002664e-08, -5.6562136308002664e-08
n,1.2939907312393188, 5.6562136308002664e-08, -5.6562136308002664e-08
n,1.2939907312393188, 5.6562136308002664e-08, -5.6562136308002664e-08
n,1.2939907312393188, 5.6562136308002664e-08, -5.6562136308002664e-08
n,1.2939907312393188, 5.6562136308002664e-08, -5.6562136308002664e-08
n,1.2939907312393188, 5.6562136308002664e-08, -5.6562136308002664e-08
n,1.2939907312393188, 5.6562136308002664e-08, -5.6562136308002664e-08
n,1.2939907312393188, 5.6562136308002664e-08, -5.6562136308002664e-08
n,1.2939907312393188, 5.6562136308002664e-08, -5.6562136308002664e-08
n,1.2939907312393188, 5.6562136308002664e-08, -5.6562136308002664e-08
n,1.2939907312393188, 5.6562136308002664e-08, -5.6562136308002664e-08
n,1.2939907312393188, 5.6562136308002664e-08, -5.6562136308002664e-08
n,1.2939907312393188, 5.6562136308002664e-08, -5.6562136308002664e-08
n,1.2939907312393188, 5.6562136308002664e-08, -5.6562136308002664e-08
n,1.2939907312393188, 5.6562136308002664e-08, -5.6562136308002664e-08
n,1.2939907312393188, 5.6562136308002664e-08, -5.6562136308002664e-08
n,1.2939907312393188, 5.6562136308002664e-08, -5.6562136308002664e-08
n,1.2939907312393188, 5.6562136308002664e-08, -5.6562136308002664e-08
n,1.2939907312393188, 5.6562136308002664e-08, -5.6562136308002664e-08
n,1.2939907312393188, 5.6562136308002664e-08, -5.6562136308002664e-08
n,1.2939907312393188, 5.6562136308002664e-08, -5.6562136308002664e-08
n,1.2939907312393188, 5.6562136308002664e-08, -5.6562136308002664e-08
n,1.2939907312393188, 5.6562136308002664e-08, -5.6562136308002664e-08
n,1.2939907312393188, 5.6562136308002664e-08, -5.6562136308002664e-08
n,1.2939907312393188, 5.6562136308002664e-08, -5.6562136308002664e-08
n,1.2939907312393188, 5.6562136308002664e-08, -5.6562136308002664e-08
n,1.2939907312393188, 5.6562136308002664e-08, -5.6562136308002664e-08
n,1.2939907312393188, 5.6562136308002664e-08, -5.6562136308002664e-08
n,1.2939907312393188, 5.6562136308002664e-08, -5.6562136308002664e-08
n,1.2939907312393188, 5.6562136308002664e-08, -5.6562136308002664e-08
n,1.2939907312393188, 5.6562136308002664e-08, -5.6562136308002664e-08
n,1.2939907312393188, 5.6562136308002664e-08, -5.6562136308002664e-08
n,1.2939907312393188, 5.6562136308002664e-08, -5.6562136308002664e-08
n,1.2939907312393188, 5.6562136308002664e-08, -5.6562136308002664e-08
n,1.2939907312393188, 5.6562136308002664e-08, -5.6562136308002664e-08
n,1.2939907312393188, 5.6562136308002664e-08, -5.6562136308002664e-08
n,1.2939907312393188, 5.6562136308002664e-08, -5.6562136308002664e-08
n,1.2939907312393188, 5.6562136308002664e-08, -5.6562136308002664e-08
n,1.2939907312393188, 5.6562136308002664e-08, -5.6562136308002664e-08
n,1.2939907312393188, 5.6562136308002664e-08, -5.6562136308002664e-08
n,1.2939907312393188, 5.6562136308002664e-08, -5.6562136308002664e-08
n,1.2939907312393188, 5.6562136308002664e-08, -5.6562136308002664e-08
n,1.2939907312393188, 5.6562136308002664e-08, -5.6562136308002664e-08
n,1.2939907312393188, 5.6562136308002664e-08, -5.6562136308002664e-08
n,1.2939907312393188, 5.6562136308002664e-08, -5.6562136308002664e-08
n,1.2939907312393188, 5.6562136308002664e-08, -5.6562136308002664e-08
n,1.2939907312393188, 5.6562136308002664e-08, -5.6562136308002664e-08
n,1.2939907312393188, 5.6562136308002664e-08, -5.6562136308002664e-08
n,1.2939907312393188, 5.6562136308002664e-08, -5.6562136308002664e-08
n,1.2939907312393188, 5.6562136308002664e-08, -5.6562136308002664e-08
n,1.2939907312393188, 5.6562136308002664e-08, -5.6562136308002664e-08
n,1.2939907312393188, 5.6562136308002664e-08, -5.6562136308002664e-08
n,1.2939907312393188, 5.6562136308002664e-08, -5.6562136308002664e-08
n,1.2939907312393188, 5.6562136308002664e-08, -5.6562136308002664e-08
n,1.2939907312393188, 5.6562136308002664e-08, -5.6562136308002664e-08
n,1.2939907312393188, 5.6562136308002664e-08, -5.6562136308002664e-08
n,1.2939907312393188, 5.6562136308002664e-08, -5.6562136308002664e-08
n,1.2939907312393188, 5.6562136308002664e-08, -5.6562136308002664e-08
n,1.2939907312393188, 5.6562136308002664e-08, -5.6562136308002664e-08
n,1.2939907312393188, 5.6562136308002664e-08, -5.6562136308002664e-08
n,1.2939907312393188, 5.6562136308002664e-08, -5.6562136308002664e-08
n,1.2939907312393188, 5.6562136308002664e-08, -5.6562136308002664e-08
n,1.2939907312393188, 5.6562136308002664e-08, -5.6562136308002664e-08
n,1.2939907312393188, 5.6562136308002664e-08, -5.6562136308002664e-08
n,1.2939907312393188, 5.6562136308002664e-08, -5.6562136308002664e-08
n,1.2939907312393188, 5.6562136308002664e-08, -5.6562136308002664e-08
n,1.2939907312393188, 5.6562136308002664e-08, -5.6562136308002664e-08
n,1.2939907312393188, 5.6562136308002664e-08, -5.6562136308002664e-08
n,1.2939907312393188, 5.6562136308002664e-08, -5.6562136308002664e-08
n,1.2939907312393188, 5.6562136308002664e-08, -5.6562136308002664e-08
n,1.2939907312393188, 5.6562136308002664e-08, -5.6562136308002664e-08
n,1.2939907312393188, 5.6562136308002664e-08, -5.6562136308002664e-08
n,1.2939907312393188, 5.6562136308002664e-08, -5.6562136308002664e-08
n,1.2939907312393188, 5.6562136308002664e-08, -5.6562136308002664e-08
n,1.2939907312393188, 5.6562136308002664e-08, -5.6562136308002664e-08
n,1.2939907312393188, 5.6562136308002664e-08, -5.6562136308002664e-08
n,1.2939907312393188, 5.6562136308002664e-08, -5.6562136308002664e-08
n,1.2939907312393188, 5.6562136308002664e-08, -5.6562136308002664e-08
n,1.2939907312393188, 5.6562136308002664e-08, -5.6562136308002664e-08
n,1.2939907312393188, 5.6562136308002664e-08, -5.6562136308002664e-08
n,1.2939907312393188, 5.6562136308002664e-08, -5.6562136308002664e-08
n,1.2939907312393188, 5.6562136308002664e-08, -5.6562136308002664e-08
n,1.2939907312393188, 5.6562136308002664e-08, -5.6562136308002664e-08
n,1.2939907312393188, 5.6562136308002664e-08, -5.6562136308002664e-08
n,1.2939907312393188, 5.6562136308002664e-08, -5.6562136308002664e-08
n,1.2939907312393188, 5.6562136308002664e-08, -5.6562136308002664e-08
n,1.2939907312393188, 5.6562136308002664e-08, -5.6562136308002664e-08
n,1.2939907312393188, 5.6562136308002664e-08, -5.6562136308002664e-08
n,1.2939907312393188, 5.6562136308002664e-08, -5.6562136308002664e-08
n,1.2939907312393188, 5.6562136308002664e-08, -5.6562136308002664e-08
n,1.2939907312393188, 5.6562136308002664e-08, -5.6562136308002664e-08
n,1.2939907312393188, 5.6562136308002664e-08, -5.6562136308002664e-08
n,1.2939907312393188, 5.6562136308002664e-08, -5.6562136308002664e-08
n,1.2939907312393188, 5.6562136308002664e-08, -5.6562136308002664e-08
u,0.017543859779834747, 1.0, 0
u,1.0, 1.0, 0
u,0.0, 1.0, 0
u,0.017543859779834747, 1.0, 0
u,0.9824561476707458, 1.0, 0
u,1.0, 1.0, 0
u,0.017543859779834747, 1.0, 0
u,0.9649122953414917, 1.0, 0
u,0.9824561476707458, 1.0, 0
u,0.035087719559669495, 1.0, 0
u,0.9649122953414917, 1.0, 0
u,0.017543859779834747, 1.0, 0
u,0.05263157933950424, 1.0, 0
u,0.9649122953414917, 1.0, 0
u,0.035087719559669495, 1.0, 0
u,0.13786862790584564, 1.0, 0
u,0.9473684430122375, 1.0, 0
u,0.05263157933950424, 1.0, 0
u,0.9473684430122375, 1.0, 0
u,0.9649122953414917, 1.0, 0
u,0.05263157933950424, 1.0, 0
u,0.13786862790584564, 1.0, 0
u,0.83475261926651, 1.0, 0
u,0.9473684430122375, 1.0, 0
u,0.13786862790584564, 1.0, 0
u,0.5676916837692261, 1.0, 0
u,0.83475261926651, 1.0, 0
u,0.13786862790584564, 1.0, 0
u,0.48905491828918457, 1.0, 0
u,0.5676916837692261, 1.0, 0
u,0.28093665838241577, 1.0, 0
u,0.48905491828918457, 1.0, 0
u,0.13786862790584564, 1.0, 0
u,0.4935064911842346, 1.0, 0
u,0.5194805264472961, 1.0, 0
u,0.48051947355270386, 1.0, 0
u,0.5194805264472961, 1.0, 0
u,0.4438990354537964, 1.0, 0
u,0.48051947355270386, 1.0, 0
u,0.5194805264472961, 1.0, 0
u,0.3887523412704468, 1.0, 0
u,0.4438990354537964, 1.0, 0
u,0.5194805264472961, 1.0, 0
u,0.5836068391799927, 1.0, 0
u,0.3887523412704468, 1.0, 0
u,0.4935064911842346, 1.0, 0
u,0.9986679553985596, 1.0, 0
u,0.5194805264472961, 1.0, 0
u,0.5836068391799927, 1.0, 0
u,0.33884936571121216, 1.0, 0
u,0.3887523412704468, 1.0, 0
u,0.6537412405014038, 1.0, 0
u,0.33884936571121216, 1.0, 0
u,0.5836068391799927, 1.0, 0
u,0.6537412405014038, 1.0, 0
u,0.2845630943775177, 1.0, 0
u,0.33884936571121216, 1.0, 0
u,0.7291589975357056, 1.0, 0
u,0.2845630943775177, 1.0, 0
u,0.6537412405014038, 1.0, 0
u,0.8372476100921631, 1.0, 0
u,0.2845630943775177, 1.0, 0
u,0.7291589975357056, 1.0, 0
u,0.8372476100921631, 1.0, 0
u,0.22733213007450104, 1.0, 0
u,0.2845630943775177, 1.0, 0
u,0.4935064911842346, 1.0, 0
u,0.0008652859251014888, 1.0, 0
u,0.9986679553985596, 1.0, 0
u,0.0008652859251014888, 1.0, 0
u,0.8372476100921631, 1.0, 0
u,0.9986679553985596, 1.0, 0
u,0.0008652859251014888, 1.0, 0
u,0.22733213007450104, 1.0, 0
u,0.8372476100921631, 1.0, 0
u,0.0008652859251014888, 1.0, 0
u,0.14577051997184753, 1.0, 0
u,0.22733213007450104, 1.0, 0
u,0.4935064911842346, 1.0, 0
u,0.5064935088157654, 1.0, 0
u,0.0008652859251014888, 1.0, 0
u,0.09090909361839294, 1.0, 0
u,1.0, 1.0, 0
u,0.0, 1.0, 0
u,0.09090909361839294, 1.0, 0
u,0.9090909361839294, 1.0, 0
u,1.0, 1.0, 0
u,0.27272728085517883, 1.0, 0
u,0.09090909361839294, 1.0, 0
u,0.1818181872367859, 1.0, 0
u,0.27272728085517883, 1.0, 0
u,0.9090909361839294, 1.0, 0
u,0.09090909361839294, 1.0, 0
u,0.27272728085517883, 1.0, 0
u,0.8181818127632141, 1.0, 0
u,0.9090909361839294, 1.0, 0
u,0.27272728085517883, 1.0, 0
u,0.7272727489471436, 1.0, 0
u,0.8181818127632141, 1.0, 0
u,0.3636363744735718, 1.0, 0
u,0.7272727489471436, 1.0, 0
u,0.27272728085517883, 1.0, 0
u,0.4545454680919647, 1.0, 0
u,0.6363636255264282, 1.0, 0
u,0.3636363744735718, 1.0, 0
u,0.6363636255264282, 1.0, 0
u,0.7272727489471436, 1.0, 0
u,0.3636363744735718, 1.0, 0
u,0.4545454680919647, 1.0, 0
u,0.5454545617103577, 1.0, 0
u,0.6363636255264282, 1.0, 0
u,0.7698463797569275, 1.0, 0
u,0.6666293144226074, 1.0, 0
u,0.6751337647438049, 1.0, 0
u,0.8651615977287292, 1.0, 0
u,0.6666293144226074, 1.0, 0
u,0.7698463797569275, 1.0, 0
u,0.8651615977287292, 1.0, 0
u,0.5714268088340759, 1.0, 0
u,0.6666293144226074, 1.0, 0
u,0.8651615977287292, 1.0, 0
u,0.9602228403091431, 1.0, 0
u,0.5714268088340759, 1.0, 0
u,0.9602228403091431, 1.0, 0
u,0.5634920597076416, 1.0, 0
u,0.5714268088340759, 1.0, 0
u,0.9682539701461792, 1.0, 0
u,0.5634920597076416, 1.0, 0
u,0.9602228403091431, 1.0, 0
u,0.9841269850730896, 1.0, 0
u,0.9682539701461792, 1.0, 0
u,0.976190447807312, 1.0, 0
u,0.9841269850730896, 1.0, 0
u,0.5634920597076416, 1.0, 0
u,0.9682539701461792, 1.0, 0
u,0.9841269850730896, 1.0, 0
u,0.5555555820465088, 1.0, 0
u,0.5634920597076416, 1.0, 0
u,0.9841269850730896, 1.0, 0
u,0.5476190447807312, 1.0, 0
u,0.5555555820465088, 1.0, 0
u,0.9920634627342224, 1.0, 0
u,0.5476190447807312, 1.0, 0
u,0.9841269850730896, 1.0, 0
u,1.0, 1.0, 0
u,0.5396825671195984, 1.0, 0
u,0.9920634627342224, 1.0, 0
u,0.5396825671195984, 1.0, 0
u,0.5476190447807312, 1.0, 0
u,0.9920634627342224, 1.0, 0
u,1.0, 1.0, 0
u,0.5317460298538208, 1.0, 0
u,0.5396825671195984, 1.0, 0
u,0.007936508394777775, 1.0, 0
u,1.0, 1.0, 0
u,0.0, 1.0, 0
u,0.007936508394777775, 1.0, 0
u,0.5317460298538208, 1.0, 0
u,1.0, 1.0, 0
u,0.007936508394777775, 1.0, 0
u,0.523809552192688, 1.0, 0
u,0.5317460298538208, 1.0, 0
u,0.007936508394777775, 1.0, 0
u,0.5158730149269104, 1.0, 0
u,0.523809552192688, 1.0, 0
u,0.01587301678955555, 1.0, 0
u,0.5158730149269104, 1.0, 0
u,0.007936508394777775, 1.0, 0
u,0.07438760250806808, 1.0, 0
u,0.5079365372657776, 1.0, 0
u,0.01587301678955555, 1.0, 0
u,0.5079365372657776, 1.0, 0
u,0.5158730149269104, 1.0, 0
u,0.01587301678955555, 1.0, 0
u,0.07438760250806808, 1.0, 0
u,0.46185702085494995, 1.0, 0
u,0.5079365372657776, 1.0, 0
u,0.310204416513443, 1.0, 0
u,0.07438760250806808, 1.0, 0
u,0.21417570114135742, 1.0, 0
u,0.310204416513443, 1.0, 0
u,0.46185702085494995, 1.0, 0
u,0.07438760250806808, 1.0, 0
u,0.310204416513443, 1.0, 0
u,0.40139663219451904, 1.0, 0
u,0.46185702085494995, 1.0, 0
u,0.0028098379261791706, 1.0, 0
u,0.9640955328941345, 1.0, 0
u,0.9998992681503296, 1.0, 0
u,0.14226004481315613, 1.0, 0
u,0.9640955328941345, 1.0, 0
u,0.0028098379261791706, 1.0, 0
u,0.5687973499298096, 1.0, 0
u,0.9640955328941345, 1.0, 0
u,0.14226004481315613, 1.0, 0
u,0.5687973499298096, 1.0, 0
u,0.8958835005760193, 1.0, 0
u,0.9640955328941345, 1.0, 0
u,0.19772765040397644, 1.0, 0
u,0.5687973499298096, 1.0, 0
u,0.14226004481315613, 1.0, 0
u,0.6391974687576294, 1.0, 0
u,0.8958835005760193, 1.0, 0
u,0.5687973499298096, 1.0, 0
u,0.19772765040397644, 1.0, 0
u,0.48743176460266113, 1.0, 0
u,0.5687973499298096, 1.0, 0
u,0.24429208040237427, 1.0, 0
u,0.48743176460266113, 1.0, 0
u,0.19772765040397644, 1.0, 0
u,0.6859341859817505, 1.0, 0
u,0.8958835005760193, 1.0, 0
u,0.6391974687576294, 1.0, 0
u,0.6859341859817505, 1.0, 0
u,0.8571555018424988, 1.0, 0
u,0.8958835005760193, 1.0, 0
u,0.28688687086105347, 1.0, 0
u,0.48743176460266113, 1.0, 0
u,0.24429208040237427, 1.0, 0
u,0.28688687086105347, 1.0, 0
u,0.42883238196372986, 1.0, 0
u,0.48743176460266113, 1.0, 0
u,0.6859341859817505, 1.0, 0
u,0.7231076955795288, 1.0, 0
u,0.8571555018424988, 1.0, 0
u,0.9993983507156372, 1.0, 0
u,0.8142902255058289, 1.0, 0
u,0.8279374837875366, 1.0, 0
u,0.9993983507156372, 1.0, 0
u,0.6399654150009155, 1.0, 0
u,0.8142902255058289, 1.0, 0
u,0.5514601469039917, 1.0, 0
u,0.45534399151802063, 1.0, 0
u,0.46401992440223694, 1.0, 0
u,0.5514601469039917, 1.0, 0
u,0.3929852843284607, 1.0, 0
u,0.45534399151802063, 1.0, 0
u,0.6399654150009155, 1.0, 0
u,0.3929852843284607, 1.0, 0
u,0.5514601469039917, 1.0, 0
u,0.9993983507156372, 1.0, 0
u,0.3929852843284607, 1.0, 0
u,0.6399654150009155, 1.0, 0
u,0.08757830411195755, 1.0, 0
u,0.3929852843284607, 1.0, 0
u,0.9993983507156372, 1.0, 0
u,0.09646473079919815, 1.0, 0
u,0.27211594581604004, 1.0, 0
u,0.08757830411195755, 1.0, 0
u,0.27211594581604004, 1.0, 0
u,0.3929852843284607, 1.0, 0
u,0.08757830411195755, 1.0, 0
u,0.27211594581604004, 1.0, 0
u,0.3676649332046509, 1.0, 0
u,0.3929852843284607, 1.0, 0
u,0.3598306179046631, 1.0, 0
u,0.3676649332046509, 1.0, 0
u,0.27211594581604004, 1.0, 0
u,0.6134774088859558, 1.0, 0
u,0.8138644099235535, 1.0, 0
u,0.6275854110717773, 1.0, 0
u,0.6134774088859558, 1.0, 0
u,0.805732250213623, 1.0, 0
u,0.8138644099235535, 1.0, 0
u,0.005683135241270065, 1.0, 0
u,0.4161139726638794, 1.0, 0
u,0.027430137619376183, 1.0, 0
u,0.005683135241270065, 1.0, 0
u,0.07538864016532898, 1.0, 0
u,0.4161139726638794, 1.0, 0
u,0.07538864016532898, 1.0, 0
u,0.3385797142982483, 1.0, 0
u,0.4161139726638794, 1.0, 0
u,0.3385797142982483, 1.0, 0
u,0.40842849016189575, 1.0, 0
u,0.4161139726638794, 1.0, 0
u,0.12284623831510544, 1.0, 0
u,0.3385797142982483, 1.0, 0
u,0.07538864016532898, 1.0, 0
u,0.12284623831510544, 1.0, 0
u,0.2879888415336609, 1.0, 0
u,0.3385797142982483, 1.0, 0
u,0.16283169388771057, 1.0, 0
u,0.2879888415336609, 1.0, 0
u,0.12284623831510544, 1.0, 0
u,0.16283169388771057, 1.0, 0
u,0.24563924968242645, 1.0, 0
u,0.2879888415336609, 1.0, 0
u,0.20381584763526917, 1.0, 0
u,0.24563924968242645, 1.0, 0
u,0.16283169388771057, 1.0, 0
u,0.20984485745429993, 1.0, 0
u,0.24563924968242645, 1.0, 0
u,0.20381584763526917, 1.0, 0
u,0.788930356502533, 1.0, 0
u,0.6831488609313965, 1.0, 0
u,0.6973813772201538, 1.0, 0
u,0.788930356502533, 1.0, 0
u,0.5260158777236938, 1.0, 0
u,0.6831488609313965, 1.0, 0
u,0.9066334962844849, 1.0, 0
u,0.5260158777236938, 1.0, 0
u,0.788930356502533, 1.0, 0
u,0.9066334962844849, 1.0, 0
u,0.16861772537231445, 1.0, 0
u,0.5260158777236938, 1.0, 0
u,0.16861772537231445, 1.0, 0
u,0.3587833642959595, 1.0, 0
u,0.5260158777236938, 1.0, 0
u,0.33938753604888916, 1.0, 0
u,0.3587833642959595, 1.0, 0
u,0.16861772537231445, 1.0, 0
u,0.014575437642633915, 1.0, 0
u,0.16861772537231445, 1.0, 0
u,0.9066334962844849, 1.0, 0
u,0.013433612883090973, 1.0, 0
u,0.16861772537231445, 1.0, 0
u,0.014575437642633915, 1.0, 0
u,0.25882086157798767, 1.0, 0
u,0.013274366036057472, 1.0, 0
u,0.2463364452123642, 1.0, 0
u,0.25882086157798767, 1.0, 0
u,0.0191501434892416, 1.0, 0
u,0.013274366036057472, 1.0, 0
u,0.25882086157798767, 1.0, 0
u,0.4187276363372803, 1.0, 0
u,0.0191501434892416, 1.0, 0
u,0.46426114439964294, 1.0, 0
u,0.0191501434892416, 1.0, 0
u,0.4187276363372803, 1.0, 0
u,0.46426114439964294, 1.0, 0
u,0.5095297694206238, 1.0, 0
u,0.0191501434892416, 1.0, 0
u,0.7921594381332397, 1.0, 0
u,0.6698824763298035, 1.0, 0
u,0.6771146059036255, 1.0, 0
u,0.49993160367012024, 1.0, 0
u,0.5095297694206238, 1.0, 0
u,0.46426114439964294, 1.0, 0
u,0.7921594381332397, 1.0, 0
u,0.9634888172149658, 1.0, 0
u,0.6698824763298035, 1.0, 0
u,0.836861252784729, 1.0, 0
u,0.9634888172149658, 1.0, 0
u,0.7921594381332397, 1.0, 0
u,0.836861252784729, 1.0, 0
u,0.9263232350349426, 1.0, 0
u,0.9634888172149658, 1.0, 0
u,0.9180525541305542, 1.0, 0
u,0.9263232350349426, 1.0, 0
u,0.836861252784729, 1.0, 0
u,0.01706082932651043, 1.0, 0
u,0.9047619104385376, 1.0, 0
u,0.02151138335466385, 1.0, 0
u,0.1350720077753067, 1.0, 0
u,0.9047619104385376, 1.0, 0
u,0.01706082932651043, 1.0, 0
u,0.1350720077753067, 1.0, 0
u,0.8164235353469849, 1.0, 0
u,0.9047619104385376, 1.0, 0
u,0.1350720077753067, 1.0, 0
u,0.7884837985038757, 1.0, 0
u,0.8164235353469849, 1.0, 0
u,0.16311252117156982, 1.0, 0
u,0.30176007747650146, 1.0, 0
u,0.1350720077753067, 1.0, 0
u,0.30176007747650146, 1.0, 0
u,0.7884837985038757, 1.0, 0
u,0.1350720077753067, 1.0, 0
u,0.30176007747650146, 1.0, 0
u,0.30953729152679443, 1.0, 0
u,0.7884837985038757, 1.0, 0
u,0.30953729152679443, 1.0, 0
u,0.6544944643974304, 1.0, 0
u,0.7884837985038757, 1.0, 0
u,0.37535208463668823, 1.0, 0
u,0.6544944643974304, 1.0, 0
u,0.30953729152679443, 1.0, 0
u,0.16311252117156982, 1.0, 0
u,0.20897795259952545, 1.0, 0
u,0.30176007747650146, 1.0, 0
u,0.19813352823257446, 1.0, 0
u,0.20897795259952545, 1.0, 0
u,0.16311252117156982, 1.0, 0
u,0.37535208463668823, 1.0, 0
u,0.5902390480041504, 1.0, 0
u,0.6544944643974304, 1.0, 0
u,0.44858214259147644, 1.0, 0
u,0.5902390480041504, 1.0, 0
u,0.37535208463668823, 1.0, 0
u,0.44858214259147644, 1.0, 0
u,0.5439518690109253, 1.0, 0
u,0.5902390480041504, 1.0, 0
u,0.49991244077682495, 1.0, 0
u,0.5439518690109253, 1.0, 0
u,0.44858214259147644, 1.0, 0
u,0.5081623196601868, 1.0, 0
u,0.5439518690109253, 1.0, 0
u,0.49991244077682495, 1.0, 0
u,0.009064974263310432, 1.0, 0
u,0.1241302341222763, 1.0, 0
u,0.00017648906214162707, 1.0, 0
u,0.317047655582428, 1.0, 0
u,0.2318248152732849, 1.0, 0
u,0.23907500505447388, 1.0, 0
u,0.317047655582428, 1.0, 0
u,0.6301990747451782, 1.0, 0
u,0.2318248152732849, 1.0, 0
u,0.7877558469772339, 1.0, 0
u,0.90268874168396, 1.0, 0
u,0.7791783213615417, 1.0, 0
u,0.8934876322746277, 1.0, 0
u,0.90268874168396, 1.0, 0
u,0.7877558469772339, 1.0, 0
u,0.11491893231868744, 1.0, 0
u,0.1241302341222763, 1.0, 0
u,0.009064974263310432, 1.0, 0
u,0.317047655582428, 1.0, 0
u,0.5486090183258057, 1.0, 0
u,0.6301990747451782, 1.0, 0
u,0.40187036991119385, 1.0, 0
u,0.5486090183258057, 1.0, 0
u,0.317047655582428, 1.0, 0
u,0.4512370228767395, 1.0, 0
u,0.5486090183258057, 1.0, 0
u,0.40187036991119385, 1.0, 0
u,0.4512370228767395, 1.0, 0
u,0.46119409799575806, 1.0, 0
u,0.5486090183258057, 1.0, 0
u,0.044788047671318054, 1.0, 0
u,0.3126338720321655, 1.0, 0
u,0.34557586908340454, 1.0, 0
u,0.044788047671318054, 1.0, 0
u,0.2811205983161926, 1.0, 0
u,0.3126338720321655, 1.0, 0
u,0.0860196053981781, 1.0, 0
u,0.2811205983161926, 1.0, 0
u,0.044788047671318054, 1.0, 0
u,0.34557586908340454, 1.0, 0
u,0.07284727692604065, 1.0, 0
u,0.044788047671318054, 1.0, 0
u,0.24341383576393127, 1.0, 0
u,0.07284727692604065, 1.0, 0
u,0.34557586908340454, 1.0, 0
u,0.12310400605201721, 1.0, 0
u,0.2811205983161926, 1.0, 0
u,0.0860196053981781, 1.0, 0
u,0.3810794949531555, 1.0, 0
u,0.9529021978378296, 1.0, 0
u,0.39308780431747437, 1.0, 0
u,0.24341383576393127, 1.0, 0
u,0.15428495407104492, 1.0, 0
u,0.07284727692604065, 1.0, 0
u,0.12310400605201721, 1.0, 0
u,0.24791760742664337, 1.0, 0
u,0.2811205983161926, 1.0, 0
u,0.21881960332393646, 1.0, 0
u,0.15428495407104492, 1.0, 0
u,0.24341383576393127, 1.0, 0
u,0.15428495407104492, 1.0, 0
u,0.24791760742664337, 1.0, 0
u,0.12310400605201721, 1.0, 0
u,0.21881960332393646, 1.0, 0
u,0.24791760742664337, 1.0, 0
u,0.15428495407104492, 1.0, 0
u,0.9529021978378296, 1.0, 0
u,0.8550809621810913, 1.0, 0
u,0.8614404201507568, 1.0, 0
u,0.9529021978378296, 1.0, 0
u,0.7618147730827332, 1.0, 0
u,0.8550809621810913, 1.0, 0
u,0.3810794949531555, 1.0, 0
u,0.7618147730827332, 1.0, 0
u,0.9529021978378296, 1.0, 0
u,0.3810794949531555, 1.0, 0
u,0.7392391562461853, 1.0, 0
u,0.7618147730827332, 1.0, 0
u,0.4787471294403076, 1.0, 0
u,0.7392391562461853, 1.0, 0
u,0.3810794949531555, 1.0, 0
u,0.4787471294403076, 1.0, 0
u,0.692709743976593, 1.0, 0
u,0.7392391562461853, 1.0, 0
u,0.692709743976593, 1.0, 0
u,0.6128942370414734, 1.0, 0
u,0.6175049543380737, 1.0, 0
u,0.5000120401382446, 1.0, 0
u,0.692709743976593, 1.0, 0
u,0.4787471294403076, 1.0, 0
u,0.5000120401382446, 1.0, 0
u,0.6128942370414734, 1.0, 0
u,0.692709743976593, 1.0, 0
u,0.5397325754165649, 1.0, 0
u,0.6128942370414734, 1.0, 0
u,0.5000120401382446, 1.0, 0
u,0.7582961320877075, 1.0, 0
u,0.5164525508880615, 1.0, 0
u,0.7452316880226135, 1.0, 0
u,0.7582961320877075, 1.0, 0
u,0.8785046935081482, 1.0, 0
u,0.5164525508880615, 1.0, 0
u,0.8785046935081482, 1.0, 0
u,0.38317757844924927, 1.0, 0
u,0.5164525508880615, 1.0, 0
u,0.38317757844924927, 1.0, 0
u,0.5031713247299194, 1.0, 0
u,0.5164525508880615, 1.0, 0
u,0.8878504633903503, 1.0, 0
u,0.38317757844924927, 1.0, 0
u,0.8785046935081482, 1.0, 0
u,0.8878504633903503, 1.0, 0
u,0.37383177876472473, 1.0, 0
u,0.38317757844924927, 1.0, 0
u,0.010556749999523163, 1.0, 0
u,0.8878504633903503, 1.0, 0
u,0.030546903610229492, 1.0, 0
u,0.010556749999523163, 1.0, 0
u,0.37383177876472473, 1.0, 0
u,0.8878504633903503, 1.0, 0
u,0.010556749999523163, 1.0, 0
u,0.2548380196094513, 1.0, 0
u,0.37383177876472473, 1.0, 0
u,0.010556749999523163, 1.0, 0
u,0.24104318022727966, 1.0, 0
u,0.2548380196094513, 1.0, 0
