v,0.0011495964135974646, 0.12195304781198502, 0.07457486540079117
v,0.0011495959479361773, 0.11951307952404022, 0.08116776496171951
v,0.001149596064351499, 0.12194669246673584, 0.08116776496171951
v,0.0011495964135974646, 0.12195304781198502, 0.07457486540079117
v,0.00114959676284343, 0.11951307952404022, 0.06251922994852066
v,0.0011495959479361773, 0.11951307952404022, 0.08116776496171951
v,0.0011495965300127864, 0.1258184313774109, 0.07493802905082703
v,0.0011495964135974646, 0.12195304781198502, 0.07457486540079117
v,0.0011495964135974646, 0.12386126071214676, 0.07503022253513336
v,0.0011495966464281082, 0.12735816836357117, 0.07444173842668533
v,0.0011495964135974646, 0.12195304781198502, 0.07457486540079117
v,0.0011495965300127864, 0.1258184313774109, 0.07493802905082703
v,0.0011495966464281082, 0.12735816836357117, 0.07444173842668533
v,0.0011495964135974646, 0.12195312976837158, 0.07241319864988327
v,0.0011495964135974646, 0.12195304781198502, 0.07457486540079117
v,0.0011495964135974646, 0.12195312976837158, 0.07241319864988327
v,0.00114959676284343, 0.11951307952404022, 0.06251922994852066
v,0.0011495964135974646, 0.12195304781198502, 0.07457486540079117
v,0.0011495966464281082, 0.1286519467830658, 0.0735967829823494
v,0.0011495965300127864, 0.123262919485569, 0.07278677076101303
v,0.0011495966464281082, 0.12735816836357117, 0.07444173842668533
v,0.0011495965300127864, 0.123262919485569, 0.07278677076101303
v,0.0011495964135974646, 0.12195312976837158, 0.07241319864988327
v,0.0011495966464281082, 0.12735816836357117, 0.07444173842668533
v,0.00114959676284343, 0.12965819239616394, 0.07244554907083511
v,0.0011495965300127864, 0.12468960136175156, 0.07286582887172699
v,0.0011495966464281082, 0.1286519467830658, 0.0735967829823494
v,0.0011495965300127864, 0.12468960136175156, 0.07286582887172699
v,0.0011495965300127864, 0.123262919485569, 0.07278677076101303
v,0.0011495966464281082, 0.1286519467830658, 0.0735967829823494
v,0.00114959676284343, 0.12965819239616394, 0.07244554907083511
v,0.0011495966464281082, 0.12606488168239594, 0.07244960218667984
v,0.0011495965300127864, 0.12468960136175156, 0.07286582887172699
v,0.00114959676284343, 0.12194669246673584, 0.06457002460956573
v,0.00114959676284343, 0.11951307952404022, 0.06251922994852066
v,0.0011495964135974646, 0.12195312976837158, 0.07241319864988327
v,0.00114959676284343, 0.12965819239616394, 0.07244554907083511
v,0.0011495966464281082, 0.12689274549484253, 0.07187377661466599
v,0.0011495966464281082, 0.12606488168239594, 0.07244960218667984
v,0.0011495968792587519, 0.1303352564573288, 0.07103046029806137
v,0.0011495966464281082, 0.12689274549484253, 0.07187377661466599
v,0.00114959676284343, 0.12965819239616394, 0.07244554907083511
v,0.0011495968792587519, 0.1303352564573288, 0.07103046029806137
v,0.00114959676284343, 0.12753207981586456, 0.07107897847890854
v,0.0011495966464281082, 0.12689274549484253, 0.07187377661466599
v,0.0011495968792587519, 0.1303352564573288, 0.07103046029806137
v,0.0011495968792587519, 0.12796010076999664, 0.07008656859397888
v,0.00114959676284343, 0.12753207981586456, 0.07107897847890854
v,0.0011495969956740737, 0.13063867390155792, 0.0694209560751915
v,0.0011495968792587519, 0.12796010076999664, 0.07008656859397888
v,0.0011495968792587519, 0.1303352564573288, 0.07103046029806137
v,0.0011495969956740737, 0.13063867390155792, 0.0694209560751915
v,0.0011495968792587519, 0.12814979255199432, 0.06895563751459122
v,0.0011495968792587519, 0.12796010076999664, 0.07008656859397888
v,0.0011495969956740737, 0.13054488599300385, 0.06751395761966705
v,0.0011495968792587519, 0.12814979255199432, 0.06895563751459122
v,0.0011495969956740737, 0.13063867390155792, 0.0694209560751915
v,0.0011495969956740737, 0.13054488599300385, 0.06751395761966705
v,0.0011495969956740737, 0.12803509831428528, 0.06713729351758957
v,0.0011495968792587519, 0.12814979255199432, 0.06895563751459122
v,0.0011495971120893955, 0.13008442521095276, 0.0658746063709259
v,0.0011495969956740737, 0.12803509831428528, 0.06713729351758957
v,0.0011495969956740737, 0.13054488599300385, 0.06751395761966705
v,0.0011495971120893955, 0.13008442521095276, 0.0658746063709259
v,0.0011495969956740737, 0.12747445702552795, 0.06588634848594666
v,0.0011495969956740737, 0.12803509831428528, 0.06713729351758957
v,0.0011495971120893955, 0.13008442521095276, 0.0658746063709259
v,0.0011495969956740737, 0.12683697044849396, 0.0652286633849144
v,0.0011495969956740737, 0.12747445702552795, 0.06588634848594666
v,0.0011495971120893955, 0.12928973138332367, 0.06452953815460205
v,0.0011495969956740737, 0.12683697044849396, 0.0652286633849144
v,0.0011495971120893955, 0.13008442521095276, 0.0658746063709259
v,0.0011495971120893955, 0.12928973138332367, 0.06452953815460205
v,0.0011495969956740737, 0.12595051527023315, 0.06477997452020645
v,0.0011495969956740737, 0.12683697044849396, 0.0652286633849144
v,0.0011495971120893955, 0.12928973138332367, 0.06452953815460205
v,0.0011495968792587519, 0.12492117285728455, 0.06458583474159241
v,0.0011495969956740737, 0.12595051527023315, 0.06477997452020645
v,0.0011495971120893955, 0.12928973138332367, 0.06452953815460205
v,0.00114959676284343, 0.12194669246673584, 0.06457002460956573
v,0.0011495968792587519, 0.12492117285728455, 0.06458583474159241
v,0.0011495971120893955, 0.12928973138332367, 0.06452953815460205
v,0.00114959676284343, 0.11951307952404022, 0.06251922994852066
v,0.00114959676284343, 0.12194669246673584, 0.06457002460956573
v,0.0011495971120893955, 0.12818767130374908, 0.06350446492433548
v,0.00114959676284343, 0.11951307952404022, 0.06251922994852066
v,0.0011495971120893955, 0.12928973138332367, 0.06452953815460205
v,0.0011495971120893955, 0.12680186331272125, 0.06282512843608856
v,0.00114959676284343, 0.11951307952404022, 0.06251922994852066
v,0.0011495971120893955, 0.12818767130374908, 0.06350446492433548
v,0.0011495969956740737, 0.12535203993320465, 0.06254159659147263
v,0.00114959676284343, 0.11951307952404022, 0.06251922994852066
v,0.0011495971120893955, 0.12680186331272125, 0.06282512843608856
v,0.0011495968792587519, 0.13546155393123627, 0.07492820918560028
v,0.0011495968792587519, 0.13342469930648804, 0.07476526498794556
v,0.0011495968792587519, 0.13457494974136353, 0.07506246119737625
v,0.0011495969956740737, 0.13631901144981384, 0.0744842141866684
v,0.0011495968792587519, 0.13342469930648804, 0.07476526498794556
v,0.0011495968792587519, 0.13546155393123627, 0.07492820918560028
v,0.0011495976941660047, 0.14078663289546967, 0.06251922994852066
v,0.0011495971120893955, 0.13835301995277405, 0.0747966393828392
v,0.0011495972285047174, 0.14078663289546967, 0.0747966393828392
v,0.0011495976941660047, 0.14078663289546967, 0.06251922994852066
v,0.0011495972285047174, 0.13832582533359528, 0.0719723030924797
v,0.0011495971120893955, 0.13835301995277405, 0.0747966393828392
v,0.0011495969956740737, 0.13631901144981384, 0.0744842141866684
v,0.0011495968792587519, 0.13246318697929382, 0.07418380677700043
v,0.0011495968792587519, 0.13342469930648804, 0.07476526498794556
v,0.0011495971120893955, 0.1373669058084488, 0.07340899109840393
v,0.0011495968792587519, 0.13246318697929382, 0.07418380677700043
v,0.0011495969956740737, 0.13631901144981384, 0.0744842141866684
v,0.0011495971120893955, 0.1373669058084488, 0.07340899109840393
v,0.0011495968792587519, 0.13181783258914948, 0.07362085580825806
v,0.0011495968792587519, 0.13246318697929382, 0.07418380677700043
v,0.0011495971120893955, 0.1373669058084488, 0.07340899109840393
v,0.0011495969956740737, 0.13497090339660645, 0.07268842309713364
v,0.0011495968792587519, 0.13181783258914948, 0.07362085580825806
v,0.0011495969956740737, 0.13497090339660645, 0.07268842309713364
v,0.0011495969956740737, 0.13378643989562988, 0.07208114862442017
v,0.0011495968792587519, 0.13181783258914948, 0.07362085580825806
v,0.0011495969956740737, 0.13378643989562988, 0.07208114862442017
v,0.0011495969956740737, 0.13310112059116364, 0.07151919603347778
v,0.0011495968792587519, 0.13181783258914948, 0.07362085580825806
v,0.0011495972285047174, 0.13832582533359528, 0.0719723030924797
v,0.0011495971120893955, 0.1361667513847351, 0.07260948419570923
v,0.0011495971120893955, 0.1373669058084488, 0.07340899109840393
v,0.0011495971120893955, 0.1361667513847351, 0.07260948419570923
v,0.0011495969956740737, 0.13497090339660645, 0.07268842309713364
v,0.0011495971120893955, 0.1373669058084488, 0.07340899109840393
v,0.0011495972285047174, 0.13832582533359528, 0.0719723030924797
v,0.0011495971120893955, 0.13704627752304077, 0.07209105044603348
v,0.0011495971120893955, 0.1361667513847351, 0.07260948419570923
v,0.0011495976941660047, 0.14078663289546967, 0.06251922994852066
v,0.0011495972285047174, 0.13786926865577698, 0.07109781354665756
v,0.0011495972285047174, 0.13832582533359528, 0.0719723030924797
v,0.0011495972285047174, 0.13786926865577698, 0.07109781354665756
v,0.0011495971120893955, 0.13704627752304077, 0.07209105044603348
v,0.0011495972285047174, 0.13832582533359528, 0.0719723030924797
v,0.0011495976941660047, 0.14078663289546967, 0.06251922994852066
v,0.0011495973449200392, 0.1383274346590042, 0.06956897675991058
v,0.0011495972285047174, 0.13786926865577698, 0.07109781354665756
v,0.0011495976941660047, 0.14078663289546967, 0.06251922994852066
v,0.0011495975777506828, 0.13835301995277405, 0.06251922994852066
v,0.0011495973449200392, 0.1383274346590042, 0.06956897675991058
v,0.001149597461335361, 0.15245507657527924, 0.0812440887093544
v,0.0011495972285047174, 0.14933548867702484, 0.08133330196142197
v,0.0011495973449200392, 0.15078996121883392, 0.08141690492630005
v,0.001149597461335361, 0.15245507657527924, 0.0812440887093544
v,0.0011495972285047174, 0.14760378003120422, 0.08082253485918045
v,0.0011495972285047174, 0.14933548867702484, 0.08133330196142197
v,0.001149597461335361, 0.15412865579128265, 0.08063405752182007
v,0.0011495972285047174, 0.14760378003120422, 0.08082253485918045
v,0.001149597461335361, 0.15245507657527924, 0.0812440887093544
v,0.0011495975777506828, 0.15412074327468872, 0.07811343669891357
v,0.0011495972285047174, 0.14760378003120422, 0.08082253485918045
v,0.001149597461335361, 0.15412865579128265, 0.08063405752182007
v,0.0011495975777506828, 0.15412074327468872, 0.07811343669891357
v,0.001149597461335361, 0.15217943489551544, 0.07875998318195343
v,0.0011495972285047174, 0.14760378003120422, 0.08082253485918045
v,0.001149597461335361, 0.15217943489551544, 0.07875998318195343
v,0.0011495972285047174, 0.14607876539230347, 0.07964854687452316
v,0.0011495972285047174, 0.14760378003120422, 0.08082253485918045
v,0.001149597461335361, 0.15217943489551544, 0.07875998318195343
v,0.001149597461335361, 0.150640606880188, 0.07888785004615784
v,0.0011495972285047174, 0.14607876539230347, 0.07964854687452316
v,0.001149597461335361, 0.150640606880188, 0.07888785004615784
v,0.0011495972285047174, 0.1453161984682083, 0.07826001942157745
v,0.0011495972285047174, 0.14607876539230347, 0.07964854687452316
v,0.0011495973449200392, 0.14903268218040466, 0.07845693081617355
v,0.0011495972285047174, 0.1453161984682083, 0.07826001942157745
v,0.001149597461335361, 0.150640606880188, 0.07888785004615784
v,0.0011495973449200392, 0.148227721452713, 0.07772456109523773
v,0.0011495972285047174, 0.1453161984682083, 0.07826001942157745
v,0.0011495973449200392, 0.14903268218040466, 0.07845693081617355
v,0.0011495973449200392, 0.148227721452713, 0.07772456109523773
v,0.0011495972285047174, 0.14506162703037262, 0.07700236141681671
v,0.0011495972285047174, 0.1453161984682083, 0.07826001942157745
v,0.0011495973449200392, 0.1478203535079956, 0.07690373063087463
v,0.0011495972285047174, 0.14506162703037262, 0.07700236141681671
v,0.0011495973449200392, 0.148227721452713, 0.07772456109523773
v,0.0011495973449200392, 0.1478203535079956, 0.07690373063087463
v,0.0011495973449200392, 0.1451335996389389, 0.0752924308180809
v,0.0011495972285047174, 0.14506162703037262, 0.07700236141681671
v,0.001149597461335361, 0.1477324217557907, 0.075861357152462
v,0.0011495973449200392, 0.1451335996389389, 0.0752924308180809
v,0.0011495973449200392, 0.1478203535079956, 0.07690373063087463
v,0.001149597461335361, 0.14788825809955597, 0.07510407269001007
v,0.0011495973449200392, 0.1451335996389389, 0.0752924308180809
v,0.001149597461335361, 0.1477324217557907, 0.075861357152462
v,0.001149597461335361, 0.14824390411376953, 0.07447732239961624
v,0.0011495973449200392, 0.1451335996389389, 0.0752924308180809
v,0.001149597461335361, 0.14788825809955597, 0.07510407269001007
v,0.001149597461335361, 0.14824390411376953, 0.07447732239961624
v,0.001149597461335361, 0.1455119401216507, 0.07418859004974365
v,0.0011495973449200392, 0.1451335996389389, 0.0752924308180809
v,0.0011495975777506828, 0.14880096912384033, 0.0739813968539238
v,0.001149597461335361, 0.1455119401216507, 0.07418859004974365
v,0.001149597461335361, 0.14824390411376953, 0.07447732239961624
v,0.0011495975777506828, 0.14880096912384033, 0.0739813968539238
v,0.001149597461335361, 0.1460385024547577, 0.07340408861637115
v,0.001149597461335361, 0.1455119401216507, 0.07418859004974365
v,0.0011495975777506828, 0.14996790885925293, 0.07348918914794922
v,0.001149597461335361, 0.1460385024547577, 0.07340408861637115
v,0.0011495975777506828, 0.14880096912384033, 0.0739813968539238
v,0.0011495976941660047, 0.1514234095811844, 0.07337475568056107
v,0.001149597461335361, 0.1460385024547577, 0.07340408861637115
v,0.0011495975777506828, 0.14996790885925293, 0.07348918914794922
v,0.0011495978105813265, 0.1514234095811844, 0.07091380655765533
v,0.001149597461335361, 0.1460385024547577, 0.07340408861637115
v,0.0011495976941660047, 0.1514234095811844, 0.07337475568056107
v,0.0011495978105813265, 0.1514234095811844, 0.07091380655765533
v,0.0011495975777506828, 0.14736342430114746, 0.0723630040884018
v,0.001149597461335361, 0.1460385024547577, 0.07340408861637115
v,0.0011495978105813265, 0.1514234095811844, 0.07091380655765533
v,0.0011495975777506828, 0.14640440046787262, 0.07184960693120956
v,0.0011495975777506828, 0.14736342430114746, 0.0723630040884018
v,0.0011495978105813265, 0.1514234095811844, 0.07091380655765533
v,0.0011495975777506828, 0.1455075740814209, 0.07090247422456741
v,0.0011495975777506828, 0.14640440046787262, 0.07184960693120956
v,0.0011495978105813265, 0.1514234095811844, 0.07091380655765533
v,0.0011495978105813265, 0.15047284960746765, 0.07090047001838684
v,0.0011495975777506828, 0.1455075740814209, 0.07090247422456741
v,0.0011495976941660047, 0.14942505955696106, 0.07066815346479416
v,0.0011495975777506828, 0.1455075740814209, 0.07090247422456741
v,0.0011495978105813265, 0.15047284960746765, 0.07090047001838684
v,0.0011495976941660047, 0.14859795570373535, 0.07023435086011887
v,0.0011495975777506828, 0.1455075740814209, 0.07090247422456741
v,0.0011495976941660047, 0.14942505955696106, 0.07066815346479416
v,0.0011495976941660047, 0.14859795570373535, 0.07023435086011887
v,0.0011495975777506828, 0.1448436975479126, 0.06915968656539917
v,0.0011495975777506828, 0.1455075740814209, 0.07090247422456741
v,0.0011495976941660047, 0.14799009263515472, 0.0696309357881546
v,0.0011495975777506828, 0.1448436975479126, 0.06915968656539917
v,0.0011495976941660047, 0.14859795570373535, 0.07023435086011887
v,0.0011495976941660047, 0.14760076999664307, 0.0688876062631607
v,0.0011495975777506828, 0.1448436975479126, 0.06915968656539917
v,0.0011495976941660047, 0.14799009263515472, 0.0696309357881546
v,0.0011495978105813265, 0.14743247628211975, 0.06804046034812927
v,0.0011495975777506828, 0.1448436975479126, 0.06915968656539917
v,0.0011495976941660047, 0.14760076999664307, 0.0688876062631607
v,0.0011495978105813265, 0.14743247628211975, 0.06804046034812927
v,0.0011495976941660047, 0.14475926756858826, 0.06744452565908432
v,0.0011495975777506828, 0.1448436975479126, 0.06915968656539917
v,0.0011495978105813265, 0.1474805772304535, 0.06714103370904922
v,0.0011495976941660047, 0.14475926756858826, 0.06744452565908432
v,0.0011495978105813265, 0.14743247628211975, 0.06804046034812927
v,0.0011495978105813265, 0.1474805772304535, 0.06714103370904922
v,0.0011495976941660047, 0.1450452357530594, 0.0659831166267395
v,0.0011495976941660047, 0.14475926756858826, 0.06744452565908432
v,0.0011495978105813265, 0.1477927565574646, 0.06620600819587708
v,0.0011495976941660047, 0.1450452357530594, 0.0659831166267395
v,0.0011495978105813265, 0.1474805772304535, 0.06714103370904922
v,0.0011495982762426138, 0.15457947552204132, 0.06328795850276947
v,0.001149598159827292, 0.15369731187820435, 0.06568314135074615
v,0.001149598159827292, 0.1545953005552292, 0.06623800098896027
v,0.0011495979269966483, 0.14837829768657684, 0.06550028175115585
v,0.0011495976941660047, 0.1450452357530594, 0.0659831166267395
v,0.0011495978105813265, 0.1477927565574646, 0.06620600819587708
v,0.0011495979269966483, 0.14837829768657684, 0.06550028175115585
v,0.0011495978105813265, 0.14569316804409027, 0.06466899067163467
v,0.0011495976941660047, 0.1450452357530594, 0.0659831166267395
v,0.0011495982762426138, 0.15457947552204132, 0.06328795850276947
v,0.001149598159827292, 0.15231452882289886, 0.06509652733802795
v,0.001149598159827292, 0.15369731187820435, 0.06568314135074615
v,0.0011495979269966483, 0.14935220777988434, 0.06494084000587463
v,0.0011495978105813265, 0.14569316804409027, 0.06466899067163467
v,0.0011495979269966483, 0.14837829768657684, 0.06550028175115585
v,0.0011495982762426138, 0.15457947552204132, 0.06328795850276947
v,0.0011495980434119701, 0.1508960872888565, 0.06481964886188507
v,0.001149598159827292, 0.15231452882289886, 0.06509652733802795
v,0.0011495980434119701, 0.1508960872888565, 0.06481964886188507
v,0.0011495978105813265, 0.14569316804409027, 0.06466899067163467
v,0.0011495979269966483, 0.14935220777988434, 0.06494084000587463
v,0.0011495982762426138, 0.15457947552204132, 0.06328795850276947
v,0.0011495978105813265, 0.14569316804409027, 0.06466899067163467
v,0.0011495980434119701, 0.1508960872888565, 0.06481964886188507
v,0.0011495982762426138, 0.15457947552204132, 0.06328795850276947
v,0.0011495979269966483, 0.14665697515010834, 0.06360433995723724
v,0.0011495978105813265, 0.14569316804409027, 0.06466899067163467
v,0.0011495982762426138, 0.15457947552204132, 0.06328795850276947
v,0.0011495980434119701, 0.14789798855781555, 0.06282547861337662
v,0.0011495979269966483, 0.14665697515010834, 0.06360433995723724
v,0.0011495982762426138, 0.15241196751594543, 0.06249399855732918
v,0.0011495980434119701, 0.14789798855781555, 0.06282547861337662
v,0.0011495982762426138, 0.15457947552204132, 0.06328795850276947
v,0.0011495982762426138, 0.15241196751594543, 0.06249399855732918
v,0.0011495980434119701, 0.1493772268295288, 0.06236927956342697
v,0.0011495980434119701, 0.14789798855781555, 0.06282547861337662
v,0.001149598159827292, 0.15102897584438324, 0.06227362900972366
v,0.0011495980434119701, 0.1493772268295288, 0.06236927956342697
v,0.0011495982762426138, 0.15241196751594543, 0.06249399855732918
n,-36.571231842041016, 1.5985792742867488e-06, -1.5985792742867488e-06
n,-36.571231842041016, 1.5985792742867488e-06, -1.5985792742867488e-06
n,-36.571231842041016, 1.5985792742867488e-06, -1.5985792742867488e-06
n,-36.571231842041016, 1.5985792742867488e-06, -1.5985792742867488e-06
n,-36.571231842041016, 1.5985792742867488e-06, -1.5985792742867488e-06
n,-36.571231842041016, 1.5985792742867488e-06, -1.5985792742867488e-06
n,-36.571231842041016, 1.5985792742867488e-06, -1.5985792742867488e-06
n,-36.571231842041016, 1.5985792742867488e-06, -1.5985792742867488e-06
n,-36.571231842041016, 1.5985792742867488e-06, -1.5985792742867488e-06
n,-36.571231842041016, 1.5985792742867488e-06, -1.5985792742867488e-06
n,-36.571231842041016, 1.5985792742867488e-06, -1.5985792742867488e-06
n,-36.571231842041016, 1.5985792742867488e-06, -1.5985792742867488e-06
n,-36.571231842041016, 1.5985792742867488e-06, -1.5985792742867488e-06
n,-36.571231842041016, 1.5985792742867488e-06, -1.5985792742867488e-06
n,-36.571231842041016, 1.5985792742867488e-06, -1.5985792742867488e-06
n,-36.571231842041016, 1.5985792742867488e-06, -1.5985792742867488e-06
n,-36.571231842041016, 1.5985792742867488e-06, -1.5985792742867488e-06
n,-36.571231842041016, 1.5985792742867488e-06, -1.5985792742867488e-06
n,-36.571231842041016, 1.5985792742867488e-06, -1.5985792742867488e-06
n,-36.571231842041016, 1.5985792742867488e-06, -1.5985792742867488e-06
n,-36.571231842041016, 1.5985792742867488e-06, -1.5985792742867488e-06
n,-36.571231842041016, 1.5985792742867488e-06, -1.5985792742867488e-06
n,-36.571231842041016, 1.5985792742867488e-06, -1.5985792742867488e-06
n,-36.571231842041016, 1.5985792742867488e-06, -1.5985792742867488e-06
n,-36.571231842041016, 1.5985792742867488e-06, -1.5985792742867488e-06
n,-36.571231842041016, 1.5985792742867488e-06, -1.5985792742867488e-06
n,-36.571231842041016, 1.5985792742867488e-06, -1.5985792742867488e-06
n,-36.571231842041016, 1.5985792742867488e-06, -1.5985792742867488e-06
n,-36.571231842041016, 1.5985792742867488e-06, -1.5985792742867488e-06
n,-36.571231842041016, 1.5985792742867488e-06, -1.5985792742867488e-06
n,-36.571231842041016, 1.5985792742867488e-06, -1.5985792742867488e-06
n,-36.571231842041016, 1.5985792742867488e-06, -1.5985792742867488e-06
n,-36.571231842041016, 1.5985792742867488e-06, -1.5985792742867488e-06
n,-36.571231842041016, 1.5985792742867488e-06, -1.5985792742867488e-06
n,-36.571231842041016, 1.5985792742867488e-06, -1.5985792742867488e-06
n,-36.571231842041016, 1.5985792742867488e-06, -1.5985792742867488e-06
n,-36.571231842041016, 1.5985792742867488e-06, -1.5985792742867488e-06
n,-36.571231842041016, 1.5985792742867488e-06, -1.5985792742867488e-06
n,-36.571231842041016, 1.5985792742867488e-06, -1.5985792742867488e-06
n,-36.571231842041016, 1.5985792742867488e-06, -1.5985792742867488e-06
n,-36.571231842041016, 1.5985792742867488e-06, -1.5985792742867488e-06
n,-36.571231842041016, 1.5985792742867488e-06, -1.5985792742867488e-06
n,-36.571231842041016, 1.5985792742867488e-06, -1.5985792742867488e-06
n,-36.571231842041016, 1.5985792742867488e-06, -1.5985792742867488e-06
n,-36.571231842041016, 1.5985792742867488e-06, -1.5985792742867488e-06
n,-36.571231842041016, 1.5985792742867488e-06, -1.5985792742867488e-06
n,-36.571231842041016, 1.5985792742867488e-06, -1.5985792742867488e-06
n,-36.571231842041016, 1.5985792742867488e-06, -1.5985792742867488e-06
n,-36.571231842041016, 1.5985792742867488e-06, -1.5985792742867488e-06
n,-36.571231842041016, 1.5985792742867488e-06, -1.5985792742867488e-06
n,-36.571231842041016, 1.5985792742867488e-06, -1.5985792742867488e-06
n,-36.571231842041016, 1.5985792742867488e-06, -1.5985792742867488e-06
n,-36.571231842041016, 1.5985792742867488e-06, -1.5985792742867488e-06
n,-36.571231842041016, 1.5985792742867488e-06, -1.5985792742867488e-06
n,-36.571231842041016, 1.5985792742867488e-06, -1.5985792742867488e-06
n,-36.571231842041016, 1.5985792742867488e-06, -1.5985792742867488e-06
n,-36.571231842041016, 1.5985792742867488e-06, -1.5985792742867488e-06
n,-36.571231842041016, 1.5985792742867488e-06, -1.5985792742867488e-06
n,-36.571231842041016, 1.5985792742867488e-06, -1.5985792742867488e-06
n,-36.571231842041016, 1.5985792742867488e-06, -1.5985792742867488e-06
n,-36.571231842041016, 1.5985792742867488e-06, -1.5985792742867488e-06
n,-36.571231842041016, 1.5985792742867488e-06, -1.5985792742867488e-06
n,-36.571231842041016, 1.5985792742867488e-06, -1.5985792742867488e-06
n,-36.571231842041016, 1.5985792742867488e-06, -1.5985792742867488e-06
n,-36.571231842041016, 1.5985792742867488e-06, -1.5985792742867488e-06
n,-36.571231842041016, 1.5985792742867488e-06, -1.5985792742867488e-06
n,-36.571231842041016, 1.5985792742867488e-06, -1.5985792742867488e-06
n,-36.571231842041016, 1.5985792742867488e-06, -1.5985792742867488e-06
n,-36.571231842041016, 1.5985792742867488e-06, -1.5985792742867488e-06
n,-36.571231842041016, 1.5985792742867488e-06, -1.5985792742867488e-06
n,-36.571231842041016, 1.5985792742867488e-06, -1.5985792742867488e-06
n,-36.571231842041016, 1.5985792742867488e-06, -1.5985792742867488e-06
n,-36.571231842041016, 1.5985792742867488e-06, -1.5985792742867488e-06
n,-36.571231842041016, 1.5985792742867488e-06, -1.5985792742867488e-06
n,-36.571231842041016, 1.5985792742867488e-06, -1.5985792742867488e-06
n,-36.571231842041016, 1.5985792742867488e-06, -1.5985792742867488e-06
n,-36.571231842041016, 1.5985792742867488e-06, -1.5985792742867488e-06
n,-36.571231842041016, 1.5985792742867488e-06, -1.5985792742867488e-06
n,-36.571231842041016, 1.5985792742867488e-06, -1.5985792742867488e-06
n,-36.571231842041016, 1.5985792742867488e-06, -1.5985792742867488e-06
n,-36.571231842041016, 1.5985792742867488e-06, -1.5985792742867488e-06
n,-36.571231842041016, 1.5985792742867488e-06, -1.5985792742867488e-06
n,-36.571231842041016, 1.5985792742867488e-06, -1.5985792742867488e-06
n,-36.571231842041016, 1.5985792742867488e-06, -1.5985792742867488e-06
n,-36.571231842041016, 1.5985792742867488e-06, -1.5985792742867488e-06
n,-36.571231842041016, 1.5985792742867488e-06, -1.5985792742867488e-06
n,-36.571231842041016, 1.5985792742867488e-06, -1.5985792742867488e-06
n,-36.571231842041016, 1.5985792742867488e-06, -1.5985792742867488e-06
n,-36.571231842041016, 1.5985792742867488e-06, -1.5985792742867488e-06
n,-36.571231842041016, 1.5985792742867488e-06, -1.5985792742867488e-06
n,-36.571231842041016, 1.5985792742867488e-06, -1.5985792742867488e-06
n,-36.571231842041016, 1.5985792742867488e-06, -1.5985792742867488e-06
n,-36.571231842041016, 1.5985792742867488e-06, -1.5985792742867488e-06
n,-36.571231842041016, 1.5985792742867488e-06, -1.5985792742867488e-06
n,-36.571231842041016, 1.5985792742867488e-06, -1.5985792742867488e-06
n,-36.571231842041016, 1.5985792742867488e-06, -1.5985792742867488e-06
n,-36.571231842041016, 1.5985792742867488e-06, -1.5985792742867488e-06
n,-36.571231842041016, 1.5985792742867488e-06, -1.5985792742867488e-06
n,-36.571231842041016, 1.5985792742867488e-06, -1.5985792742867488e-06
n,-36.571231842041016, 1.5985792742867488e-06, -1.5985792742867488e-06
n,-36.571231842041016, 1.5985792742867488e-06, -1.5985792742867488e-06
n,-36.571231842041016, 1.5985792742867488e-06, -1.5985792742867488e-06
n,-36.571231842041016, 1.5985792742867488e-06, -1.5985792742867488e-06
n,-36.571231842041016, 1.5985792742867488e-06, -1.5985792742867488e-06
n,-36.571231842041016, 1.5985792742867488e-06, -1.5985792742867488e-06
n,-36.571231842041016, 1.5985792742867488e-06, -1.5985792742867488e-06
n,-36.571231842041016, 1.5985792742867488e-06, -1.5985792742867488e-06
n,-36.571231842041016, 1.5985792742867488e-06, -1.5985792742867488e-06
n,-36.571231842041016, 1.5985792742867488e-06, -1.5985792742867488e-06
n,-36.571231842041016, 1.5985792742867488e-06, -1.5985792742867488e-06
n,-36.571231842041016, 1.5985792742867488e-06, -1.5985792742867488e-06
n,-36.571231842041016, 1.5985792742867488e-06, -1.5985792742867488e-06
n,-36.571231842041016, 1.5985792742867488e-06, -1.5985792742867488e-06
n,-36.571231842041016, 1.5985792742867488e-06, -1.5985792742867488e-06
n,-36.571231842041016, 1.5985792742867488e-06, -1.5985792742867488e-06
n,-36.571231842041016, 1.5985792742867488e-06, -1.5985792742867488e-06
n,-36.571231842041016, 1.5985792742867488e-06, -1.5985792742867488e-06
n,-36.571231842041016, 1.5985792742867488e-06, -1.5985792742867488e-06
n,-36.571231842041016, 1.5985792742867488e-06, -1.5985792742867488e-06
n,-36.571231842041016, 1.5985792742867488e-06, -1.5985792742867488e-06
n,-36.571231842041016, 1.5985792742867488e-06, -1.5985792742867488e-06
n,-36.571231842041016, 1.5985792742867488e-06, -1.5985792742867488e-06
n,-36.571231842041016, 1.5985792742867488e-06, -1.5985792742867488e-06
n,-36.571231842041016, 1.5985792742867488e-06, -1.5985792742867488e-06
n,-36.571231842041016, 1.5985792742867488e-06, -1.5985792742867488e-06
n,-36.571231842041016, 1.5985792742867488e-06, -1.5985792742867488e-06
n,-36.571231842041016, 1.5985792742867488e-06, -1.5985792742867488e-06
n,-36.571231842041016, 1.5985792742867488e-06, -1.5985792742867488e-06
n,-36.571231842041016, 1.5985792742867488e-06, -1.5985792742867488e-06
n,-36.571231842041016, 1.5985792742867488e-06, -1.5985792742867488e-06
n,-36.571231842041016, 1.5985792742867488e-06, -1.5985792742867488e-06
n,-36.571231842041016, 1.5985792742867488e-06, -1.5985792742867488e-06
n,-36.571231842041016, 1.5985792742867488e-06, -1.5985792742867488e-06
n,-36.571231842041016, 1.5985792742867488e-06, -1.5985792742867488e-06
n,-36.571231842041016, 1.5985792742867488e-06, -1.5985792742867488e-06
n,-36.571231842041016, 1.5985792742867488e-06, -1.5985792742867488e-06
n,-36.571231842041016, 1.5985792742867488e-06, -1.5985792742867488e-06
n,-36.571231842041016, 1.5985792742867488e-06, -1.5985792742867488e-06
n,-36.571231842041016, 1.5985792742867488e-06, -1.5985792742867488e-06
n,-36.571231842041016, 1.5985792742867488e-06, -1.5985792742867488e-06
n,-36.571231842041016, 1.5985792742867488e-06, -1.5985792742867488e-06
n,-36.571231842041016, 1.5985792742867488e-06, -1.5985792742867488e-06
n,-36.571231842041016, 1.5985792742867488e-06, -1.5985792742867488e-06
n,-36.571231842041016, 1.5985792742867488e-06, -1.5985792742867488e-06
n,-36.571231842041016, 1.5985792742867488e-06, -1.5985792742867488e-06
n,-36.571231842041016, 1.5985792742867488e-06, -1.5985792742867488e-06
n,-36.571231842041016, 1.5985792742867488e-06, -1.5985792742867488e-06
n,-36.571231842041016, 1.5985792742867488e-06, -1.5985792742867488e-06
n,-36.571231842041016, 1.5985792742867488e-06, -1.5985792742867488e-06
n,-36.571231842041016, 1.5985792742867488e-06, -1.5985792742867488e-06
n,-36.571231842041016, 1.5985792742867488e-06, -1.5985792742867488e-06
n,-36.571231842041016, 1.5985792742867488e-06, -1.5985792742867488e-06
n,-36.571231842041016, 1.5985792742867488e-06, -1.5985792742867488e-06
n,-36.571231842041016, 1.5985792742867488e-06, -1.5985792742867488e-06
n,-36.571231842041016, 1.5985792742867488e-06, -1.5985792742867488e-06
n,-36.571231842041016, 1.5985792742867488e-06, -1.5985792742867488e-06
n,-36.571231842041016, 1.5985792742867488e-06, -1.5985792742867488e-06
n,-36.571231842041016, 1.5985792742867488e-06, -1.5985792742867488e-06
n,-36.571231842041016, 1.5985792742867488e-06, -1.5985792742867488e-06
n,-36.571231842041016, 1.5985792742867488e-06, -1.5985792742867488e-06
n,-36.571231842041016, 1.5985792742867488e-06, -1.5985792742867488e-06
n,-36.571231842041016, 1.5985792742867488e-06, -1.5985792742867488e-06
n,-36.571231842041016, 1.5985792742867488e-06, -1.5985792742867488e-06
n,-36.571231842041016, 1.5985792742867488e-06, -1.5985792742867488e-06
n,-36.571231842041016, 1.5985792742867488e-06, -1.5985792742867488e-06
n,-36.571231842041016, 1.5985792742867488e-06, -1.5985792742867488e-06
n,-36.571231842041016, 1.5985792742867488e-06, -1.5985792742867488e-06
n,-36.571231842041016, 1.5985792742867488e-06, -1.5985792742867488e-06
n,-36.571231842041016, 1.5985792742867488e-06, -1.5985792742867488e-06
n,-36.571231842041016, 1.5985792742867488e-06, -1.5985792742867488e-06
n,-36.571231842041016, 1.5985792742867488e-06, -1.5985792742867488e-06
n,-36.571231842041016, 1.5985792742867488e-06, -1.5985792742867488e-06
n,-36.571231842041016, 1.5985792742867488e-06, -1.5985792742867488e-06
n,-36.571231842041016, 1.5985792742867488e-06, -1.5985792742867488e-06
n,-36.571231842041016, 1.5985792742867488e-06, -1.5985792742867488e-06
n,-36.571231842041016, 1.5985792742867488e-06, -1.5985792742867488e-06
n,-36.571231842041016, 1.5985792742867488e-06, -1.5985792742867488e-06
n,-36.571231842041016, 1.5985792742867488e-06, -1.5985792742867488e-06
n,-36.571231842041016, 1.5985792742867488e-06, -1.5985792742867488e-06
n,-36.571231842041016, 1.5985792742867488e-06, -1.5985792742867488e-06
n,-36.571231842041016, 1.5985792742867488e-06, -1.5985792742867488e-06
n,-36.571231842041016, 1.5985792742867488e-06, -1.5985792742867488e-06
n,-36.571231842041016, 1.5985792742867488e-06, -1.5985792742867488e-06
n,-36.571231842041016, 1.5985792742867488e-06, -1.5985792742867488e-06
n,-36.571231842041016, 1.5985792742867488e-06, -1.5985792742867488e-06
n,-36.571231842041016, 1.5985792742867488e-06, -1.5985792742867488e-06
n,-36.571231842041016, 1.5985792742867488e-06, -1.5985792742867488e-06
n,-36.571231842041016, 1.5985792742867488e-06, -1.5985792742867488e-06
n,-36.571231842041016, 1.5985792742867488e-06, -1.5985792742867488e-06
n,-36.571231842041016, 1.5985792742867488e-06, -1.5985792742867488e-06
n,-36.571231842041016, 1.5985792742867488e-06, -1.5985792742867488e-06
n,-36.571231842041016, 1.5985792742867488e-06, -1.5985792742867488e-06
n,-36.571231842041016, 1.5985792742867488e-06, -1.5985792742867488e-06
n,-36.571231842041016, 1.5985792742867488e-06, -1.5985792742867488e-06
n,-36.571231842041016, 1.5985792742867488e-06, -1.5985792742867488e-06
n,-36.571231842041016, 1.5985792742867488e-06, -1.5985792742867488e-06
n,-36.571231842041016, 1.5985792742867488e-06, -1.5985792742867488e-06
n,-36.571231842041016, 1.5985792742867488e-06, -1.5985792742867488e-06
n,-36.571231842041016, 1.5985792742867488e-06, -1.5985792742867488e-06
n,-36.571231842041016, 1.5985792742867488e-06, -1.5985792742867488e-06
n,-36.571231842041016, 1.5985792742867488e-06, -1.5985792742867488e-06
n,-36.571231842041016, 1.5985792742867488e-06, -1.5985792742867488e-06
n,-36.571231842041016, 1.5985792742867488e-06, -1.5985792742867488e-06
n,-36.571231842041016, 1.5985792742867488e-06, -1.5985792742867488e-06
n,-36.571231842041016, 1.5985792742867488e-06, -1.5985792742867488e-06
n,-36.571231842041016, 1.5985792742867488e-06, -1.5985792742867488e-06
n,-36.571231842041016, 1.5985792742867488e-06, -1.5985792742867488e-06
n,-36.571231842041016, 1.5985792742867488e-06, -1.5985792742867488e-06
n,-36.571231842041016, 1.5985792742867488e-06, -1.5985792742867488e-06
n,-36.571231842041016, 1.5985792742867488e-06, -1.5985792742867488e-06
n,-36.571231842041016, 1.5985792742867488e-06, -1.5985792742867488e-06
n,-36.571231842041016, 1.5985792742867488e-06, -1.5985792742867488e-06
n,-36.571231842041016, 1.5985792742867488e-06, -1.5985792742867488e-06
n,-36.571231842041016, 1.5985792742867488e-06, -1.5985792742867488e-06
n,-36.571231842041016, 1.5985792742867488e-06, -1.5985792742867488e-06
n,-36.571231842041016, 1.5985792742867488e-06, -1.5985792742867488e-06
n,-36.571231842041016, 1.5985792742867488e-06, -1.5985792742867488e-06
n,-36.571231842041016, 1.5985792742867488e-06, -1.5985792742867488e-06
n,-36.571231842041016, 1.5985792742867488e-06, -1.5985792742867488e-06
n,-36.571231842041016, 1.5985792742867488e-06, -1.5985792742867488e-06
n,-36.571231842041016, 1.5985792742867488e-06, -1.5985792742867488e-06
n,-36.571231842041016, 1.5985792742867488e-06, -1.5985792742867488e-06
n,-36.571231842041016, 1.5985792742867488e-06, -1.5985792742867488e-06
n,-36.571231842041016, 1.5985792742867488e-06, -1.5985792742867488e-06
n,-36.571231842041016, 1.5985792742867488e-06, -1.5985792742867488e-06
n,-36.571231842041016, 1.5985792742867488e-06, -1.5985792742867488e-06
n,-36.571231842041016, 1.5985792742867488e-06, -1.5985792742867488e-06
n,-36.571231842041016, 1.5985792742867488e-06, -1.5985792742867488e-06
n,-36.571231842041016, 1.5985792742867488e-06, -1.5985792742867488e-06
n,-36.571231842041016, 1.5985792742867488e-06, -1.5985792742867488e-06
n,-36.571231842041016, 1.5985792742867488e-06, -1.5985792742867488e-06
n,-36.571231842041016, 1.5985792742867488e-06, -1.5985792742867488e-06
n,-36.571231842041016, 1.5985792742867488e-06, -1.5985792742867488e-06
n,-36.571231842041016, 1.5985792742867488e-06, -1.5985792742867488e-06
n,-36.571231842041016, 1.5985792742867488e-06, -1.5985792742867488e-06
n,-36.571231842041016, 1.5985792742867488e-06, -1.5985792742867488e-06
n,-36.571231842041016, 1.5985792742867488e-06, -1.5985792742867488e-06
n,-36.571231842041016, 1.5985792742867488e-06, -1.5985792742867488e-06
n,-36.571231842041016, 1.5985792742867488e-06, -1.5985792742867488e-06
n,-36.571231842041016, 1.5985792742867488e-06, -1.5985792742867488e-06
n,-36.571231842041016, 1.5985792742867488e-06, -1.5985792742867488e-06
n,-36.571231842041016, 1.5985792742867488e-06, -1.5985792742867488e-06
n,-36.571231842041016, 1.5985792742867488e-06, -1.5985792742867488e-06
n,-36.571231842041016, 1.5985792742867488e-06, -1.5985792742867488e-06
n,-36.571231842041016, 1.5985792742867488e-06, -1.5985792742867488e-06
n,-36.571231842041016, 1.5985792742867488e-06, -1.5985792742867488e-06
n,-36.571231842041016, 1.5985792742867488e-06, -1.5985792742867488e-06
n,-36.571231842041016, 1.5985792742867488e-06, -1.5985792742867488e-06
n,-36.571231842041016, 1.5985792742867488e-06, -1.5985792742867488e-06
n,-36.571231842041016, 1.5985792742867488e-06, -1.5985792742867488e-06
n,-36.571231842041016, 1.5985792742867488e-06, -1.5985792742867488e-06
n,-36.571231842041016, 1.5985792742867488e-06, -1.5985792742867488e-06
n,-36.571231842041016, 1.5985792742867488e-06, -1.5985792742867488e-06
n,-36.571231842041016, 1.5985792742867488e-06, -1.5985792742867488e-06
n,-36.571231842041016, 1.5985792742867488e-06, -1.5985792742867488e-06
n,-36.571231842041016, 1.5985792742867488e-06, -1.5985792742867488e-06
n,-36.571231842041016, 1.5985792742867488e-06, -1.5985792742867488e-06
n,-36.571231842041016, 1.5985792742867488e-06, -1.5985792742867488e-06
n,-36.571231842041016, 1.5985792742867488e-06, -1.5985792742867488e-06
n,-36.571231842041016, 1.5985792742867488e-06, -1.5985792742867488e-06
n,-36.571231842041016, 1.5985792742867488e-06, -1.5985792742867488e-06
n,-36.571231842041016, 1.5985792742867488e-06, -1.5985792742867488e-06
n,-36.571231842041016, 1.5985792742867488e-06, -1.5985792742867488e-06
n,-36.571231842041016, 1.5985792742867488e-06, -1.5985792742867488e-06
n,-36.571231842041016, 1.5985792742867488e-06, -1.5985792742867488e-06
n,-36.571231842041016, 1.5985792742867488e-06, -1.5985792742867488e-06
n,-36.571231842041016, 1.5985792742867488e-06, -1.5985792742867488e-06
n,-36.571231842041016, 1.5985792742867488e-06, -1.5985792742867488e-06
n,-36.571231842041016, 1.5985792742867488e-06, -1.5985792742867488e-06
n,-36.571231842041016, 1.5985792742867488e-06, -1.5985792742867488e-06
n,-36.571231842041016, 1.5985792742867488e-06, -1.5985792742867488e-06
n,-36.571231842041016, 1.5985792742867488e-06, -1.5985792742867488e-06
n,-36.571231842041016, 1.5985792742867488e-06, -1.5985792742867488e-06
n,-36.571231842041016, 1.5985792742867488e-06, -1.5985792742867488e-06
n,-36.571231842041016, 1.5985792742867488e-06, -1.5985792742867488e-06
n,-36.571231842041016, 1.5985792742867488e-06, -1.5985792742867488e-06
n,-36.571231842041016, 1.5985792742867488e-06, -1.5985792742867488e-06
n,-36.571231842041016, 1.5985792742867488e-06, -1.5985792742867488e-06
n,-36.571231842041016, 1.5985792742867488e-06, -1.5985792742867488e-06
n,-36.571231842041016, 1.5985792742867488e-06, -1.5985792742867488e-06
n,-36.571231842041016, 1.5985792742867488e-06, -1.5985792742867488e-06
n,-36.571231842041016, 1.5985792742867488e-06, -1.5985792742867488e-06
n,-36.571231842041016, 1.5985792742867488e-06, -1.5985792742867488e-06
n,-36.571231842041016, 1.5985792742867488e-06, -1.5985792742867488e-06
n,-36.571231842041016, 1.5985792742867488e-06, -1.5985792742867488e-06
n,-36.571231842041016, 1.5985792742867488e-06, -1.5985792742867488e-06
n,-36.571231842041016, 1.5985792742867488e-06, -1.5985792742867488e-06
n,-36.571231842041016, 1.5985792742867488e-06, -1.5985792742867488e-06
n,-36.571231842041016, 1.5985792742867488e-06, -1.5985792742867488e-06
n,-36.571231842041016, 1.5985792742867488e-06, -1.5985792742867488e-06
n,-36.571231842041016, 1.5985792742867488e-06, -1.5985792742867488e-06
u,0.026701604947447777, 1.0, 0
u,0.0, 1.0, 0
u,0.012987012974917889, 1.0, 0
u,0.026701604947447777, 1.0, 0
u,0.5064935088157654, 1.0, 0
u,0.0, 1.0, 0
u,0.20147822797298431, 1.0, 0
u,0.026701604947447777, 1.0, 0
u,0.14025956392288208, 1.0, 0
u,0.22737866640090942, 1.0, 0
u,0.026701604947447777, 1.0, 0
u,0.20147822797298431, 1.0, 0
u,0.22737866640090942, 1.0, 0
u,0.9991219639778137, 1.0, 0
u,0.026701604947447777, 1.0, 0
u,0.9991219639778137, 1.0, 0
u,0.5064935088157654, 1.0, 0
u,0.026701604947447777, 1.0, 0
u,0.25327107310295105, 1.0, 0
u,0.9090251922607422, 1.0, 0
u,0.22737866640090942, 1.0, 0
u,0.9090251922607422, 1.0, 0
u,0.9991219639778137, 1.0, 0
u,0.22737866640090942, 1.0, 0
u,0.27916207909584045, 1.0, 0
u,0.83530592918396, 1.0, 0
u,0.25327107310295105, 1.0, 0
u,0.83530592918396, 1.0, 0
u,0.9090251922607422, 1.0, 0
u,0.25327107310295105, 1.0, 0
u,0.27916207909584045, 1.0, 0
u,0.7985912561416626, 1.0, 0
u,0.83530592918396, 1.0, 0
u,0.5194805264472961, 1.0, 0
u,0.5064935088157654, 1.0, 0
u,0.9991219639778137, 1.0, 0
u,0.27916207909584045, 1.0, 0
u,0.7727901339530945, 1.0, 0
u,0.7985912561416626, 1.0, 0
u,0.3050568401813507, 1.0, 0
u,0.7727901339530945, 1.0, 0
u,0.27916207909584045, 1.0, 0
u,0.3050568401813507, 1.0, 0
u,0.7469640970230103, 1.0, 0
u,0.7727901339530945, 1.0, 0
u,0.3050568401813507, 1.0, 0
u,0.7210810780525208, 1.0, 0
u,0.7469640970230103, 1.0, 0
u,0.3305538296699524, 1.0, 0
u,0.7210810780525208, 1.0, 0
u,0.3050568401813507, 1.0, 0
u,0.3305538296699524, 1.0, 0
u,0.6959154605865479, 1.0, 0
u,0.7210810780525208, 1.0, 0
u,0.357563853263855, 1.0, 0
u,0.6959154605865479, 1.0, 0
u,0.3305538296699524, 1.0, 0
u,0.357563853263855, 1.0, 0
u,0.6530228853225708, 1.0, 0
u,0.6959154605865479, 1.0, 0
u,0.3834571838378906, 1.0, 0
u,0.6530228853225708, 1.0, 0
u,0.357563853263855, 1.0, 0
u,0.3834571838378906, 1.0, 0
u,0.616442084312439, 1.0, 0
u,0.6530228853225708, 1.0, 0
u,0.3834571838378906, 1.0, 0
u,0.59099280834198, 1.0, 0
u,0.616442084312439, 1.0, 0
u,0.40925633907318115, 1.0, 0
u,0.59099280834198, 1.0, 0
u,0.3834571838378906, 1.0, 0
u,0.40925633907318115, 1.0, 0
u,0.5654950141906738, 1.0, 0
u,0.59099280834198, 1.0, 0
u,0.40925633907318115, 1.0, 0
u,0.5424795150756836, 1.0, 0
u,0.5654950141906738, 1.0, 0
u,0.40925633907318115, 1.0, 0
u,0.5194805264472961, 1.0, 0
u,0.5424795150756836, 1.0, 0
u,0.40925633907318115, 1.0, 0
u,0.5064935088157654, 1.0, 0
u,0.5194805264472961, 1.0, 0
u,0.4349932074546814, 1.0, 0
u,0.5064935088157654, 1.0, 0
u,0.40925633907318115, 1.0, 0
u,0.4607521891593933, 1.0, 0
u,0.5064935088157654, 1.0, 0
u,0.4349932074546814, 1.0, 0
u,0.483696311712265, 1.0, 0
u,0.5064935088157654, 1.0, 0
u,0.4607521891593933, 1.0, 0
u,0.7865993976593018, 1.0, 0
u,0.6406232714653015, 1.0, 0
u,0.7272704839706421, 1.0, 0
u,0.8394440412521362, 1.0, 0
u,0.6406232714653015, 1.0, 0
u,0.7865993976593018, 1.0, 0
u,0.018518518656492233, 1.0, 0
u,1.0, 1.0, 0
u,0.0, 1.0, 0
u,0.018518518656492233, 1.0, 0
u,0.9704712629318237, 1.0, 0
u,1.0, 1.0, 0
u,0.8394440412521362, 1.0, 0
u,0.5674470663070679, 1.0, 0
u,0.6406232714653015, 1.0, 0
u,0.9053131341934204, 1.0, 0
u,0.5674470663070679, 1.0, 0
u,0.8394440412521362, 1.0, 0
u,0.9053131341934204, 1.0, 0
u,0.5185185074806213, 1.0, 0
u,0.5674470663070679, 1.0, 0
u,0.9053131341934204, 1.0, 0
u,0.3200646936893463, 1.0, 0
u,0.5185185074806213, 1.0, 0
u,0.3200646936893463, 1.0, 0
u,0.43486568331718445, 1.0, 0
u,0.5185185074806213, 1.0, 0
u,0.43486568331718445, 1.0, 0
u,0.4999130070209503, 1.0, 0
u,0.5185185074806213, 1.0, 0
u,0.9704712629318237, 1.0, 0
u,0.24130025506019592, 1.0, 0
u,0.9053131341934204, 1.0, 0
u,0.24130025506019592, 1.0, 0
u,0.3200646936893463, 1.0, 0
u,0.9053131341934204, 1.0, 0
u,0.9704712629318237, 1.0, 0
u,0.1949053406715393, 1.0, 0
u,0.24130025506019592, 1.0, 0
u,0.018518518656492233, 1.0, 0
u,0.14009684324264526, 1.0, 0
u,0.9704712629318237, 1.0, 0
u,0.14009684324264526, 1.0, 0
u,0.1949053406715393, 1.0, 0
u,0.9704712629318237, 1.0, 0
u,0.018518518656492233, 1.0, 0
u,0.0781063660979271, 1.0, 0
u,0.14009684324264526, 1.0, 0
u,0.018518518656492233, 1.0, 0
u,0.03703703731298447, 1.0, 0
u,0.0781063660979271, 1.0, 0
u,0.9592196345329285, 1.0, 0
u,0.9073295593261719, 1.0, 0
u,0.9227021932601929, 1.0, 0
u,0.9592196345329285, 1.0, 0
u,0.8900567889213562, 1.0, 0
u,0.9073295593261719, 1.0, 0
u,0.9998405575752258, 1.0, 0
u,0.8900567889213562, 1.0, 0
u,0.9592196345329285, 1.0, 0
u,0.00048402859829366207, 1.0, 0
u,0.8900567889213562, 1.0, 0
u,0.9998405575752258, 1.0, 0
u,0.00048402859829366207, 1.0, 0
u,0.04849033057689667, 1.0, 0
u,0.8900567889213562, 1.0, 0
u,0.04849033057689667, 1.0, 0
u,0.8698005676269531, 1.0, 0
u,0.8900567889213562, 1.0, 0
u,0.04849033057689667, 1.0, 0
u,0.08570903539657593, 1.0, 0
u,0.8698005676269531, 1.0, 0
u,0.08570903539657593, 1.0, 0
u,0.8528461456298828, 1.0, 0
u,0.8698005676269531, 1.0, 0
u,0.11367349326610565, 1.0, 0
u,0.8528461456298828, 1.0, 0
u,0.08570903539657593, 1.0, 0
u,0.13357767462730408, 1.0, 0
u,0.8528461456298828, 1.0, 0
u,0.11367349326610565, 1.0, 0
u,0.13357767462730408, 1.0, 0
u,0.8399637937545776, 1.0, 0
u,0.8528461456298828, 1.0, 0
u,0.15037184953689575, 1.0, 0
u,0.8399637937545776, 1.0, 0
u,0.13357767462730408, 1.0, 0
u,0.15037184953689575, 1.0, 0
u,0.8172464370727539, 1.0, 0
u,0.8399637937545776, 1.0, 0
u,0.16805773973464966, 1.0, 0
u,0.8172464370727539, 1.0, 0
u,0.15037184953689575, 1.0, 0
u,0.18168404698371887, 1.0, 0
u,0.8172464370727539, 1.0, 0
u,0.16805773973464966, 1.0, 0
u,0.19514888525009155, 1.0, 0
u,0.8172464370727539, 1.0, 0
u,0.18168404698371887, 1.0, 0
u,0.19514888525009155, 1.0, 0
u,0.7978555560112, 1.0, 0
u,0.8172464370727539, 1.0, 0
u,0.20864245295524597, 1.0, 0
u,0.7978555560112, 1.0, 0
u,0.19514888525009155, 1.0, 0
u,0.20864245295524597, 1.0, 0
u,0.7812037467956543, 1.0, 0
u,0.7978555560112, 1.0, 0
u,0.22808654606342316, 1.0, 0
u,0.7812037467956543, 1.0, 0
u,0.20864245295524597, 1.0, 0
u,0.24657534062862396, 1.0, 0
u,0.7812037467956543, 1.0, 0
u,0.22808654606342316, 1.0, 0
u,0.25342464447021484, 1.0, 0
u,0.7812037467956543, 1.0, 0
u,0.24657534062862396, 1.0, 0
u,0.25342464447021484, 1.0, 0
u,0.7534233927726746, 1.0, 0
u,0.7812037467956543, 1.0, 0
u,0.25342464447021484, 1.0, 0
u,0.736413836479187, 1.0, 0
u,0.7534233927726746, 1.0, 0
u,0.25342464447021484, 1.0, 0
u,0.7165179252624512, 1.0, 0
u,0.736413836479187, 1.0, 0
u,0.25342464447021484, 1.0, 0
u,0.2639669179916382, 1.0, 0
u,0.7165179252624512, 1.0, 0
u,0.2776080071926117, 1.0, 0
u,0.7165179252624512, 1.0, 0
u,0.2639669179916382, 1.0, 0
u,0.29119712114334106, 1.0, 0
u,0.7165179252624512, 1.0, 0
u,0.2776080071926117, 1.0, 0
u,0.29119712114334106, 1.0, 0
u,0.6889035701751709, 1.0, 0
u,0.7165179252624512, 1.0, 0
u,0.30476099252700806, 1.0, 0
u,0.6889035701751709, 1.0, 0
u,0.29119712114334106, 1.0, 0
u,0.31835421919822693, 1.0, 0
u,0.6889035701751709, 1.0, 0
u,0.30476099252700806, 1.0, 0
u,0.33190789818763733, 1.0, 0
u,0.6889035701751709, 1.0, 0
u,0.31835421919822693, 1.0, 0
u,0.33190789818763733, 1.0, 0
u,0.6671221256256104, 1.0, 0
u,0.6889035701751709, 1.0, 0
u,0.3460714817047119, 1.0, 0
u,0.6671221256256104, 1.0, 0
u,0.33190789818763733, 1.0, 0
u,0.3460714817047119, 1.0, 0
u,0.6540371179580688, 1.0, 0
u,0.6671221256256104, 1.0, 0
u,0.36321336030960083, 1.0, 0
u,0.6540371179580688, 1.0, 0
u,0.3460714817047119, 1.0, 0
u,0.507526159286499, 1.0, 0
u,0.4823477864265442, 1.0, 0
u,0.5, 1.0, 0
u,0.38010597229003906, 1.0, 0
u,0.6540371179580688, 1.0, 0
u,0.36321336030960083, 1.0, 0
u,0.38010597229003906, 1.0, 0
u,0.6403974890708923, 1.0, 0
u,0.6540371179580688, 1.0, 0
u,0.507526159286499, 1.0, 0
u,0.45513716340065, 1.0, 0
u,0.4823477864265442, 1.0, 0
u,0.40009552240371704, 1.0, 0
u,0.6403974890708923, 1.0, 0
u,0.38010597229003906, 1.0, 0
u,0.507526159286499, 1.0, 0
u,0.4269183278083801, 1.0, 0
u,0.45513716340065, 1.0, 0
u,0.4269183278083801, 1.0, 0
u,0.6403974890708923, 1.0, 0
u,0.40009552240371704, 1.0, 0
u,0.507526159286499, 1.0, 0
u,0.6403974890708923, 1.0, 0
u,0.4269183278083801, 1.0, 0
u,0.507526159286499, 1.0, 0
u,0.6267544627189636, 1.0, 0
u,0.6403974890708923, 1.0, 0
u,0.507526159286499, 1.0, 0
u,0.6130995154380798, 1.0, 0
u,0.6267544627189636, 1.0, 0
u,0.5517772436141968, 1.0, 0
u,0.6130995154380798, 1.0, 0
u,0.507526159286499, 1.0, 0
u,0.5517772436141968, 1.0, 0
u,0.5994307994842529, 1.0, 0
u,0.6130995154380798, 1.0, 0
u,0.5806418061256409, 1.0, 0
u,0.5994307994842529, 1.0, 0
u,0.5517772436141968, 1.0, 0
