v,0.0011495973449200392, 0.1318998634815216, 0.06251922994852066
v,0.0011495964135974646, 0.12946626543998718, 0.08116776496171951
v,0.0011495965300127864, 0.1318998634815216, 0.08116776496171951
v,0.0011495973449200392, 0.1318998634815216, 0.06251922994852066
v,0.00114959676284343, 0.1294441819190979, 0.07317442446947098
v,0.0011495964135974646, 0.12946626543998718, 0.08116776496171951
v,0.0011495966464281082, 0.12822110950946808, 0.07432254403829575
v,0.0011495964135974646, 0.12479880452156067, 0.0749952495098114
v,0.0011495965300127864, 0.1265924721956253, 0.07497382164001465
v,0.0011495966464281082, 0.12822110950946808, 0.07432254403829575
v,0.0011495964135974646, 0.1231309175491333, 0.07420147210359573
v,0.0011495964135974646, 0.12479880452156067, 0.0749952495098114
v,0.0011495966464281082, 0.12822110950946808, 0.07432254403829575
v,0.0011495964135974646, 0.1222497746348381, 0.07311506569385529
v,0.0011495964135974646, 0.1231309175491333, 0.07420147210359573
v,0.00114959676284343, 0.1294441819190979, 0.07317442446947098
v,0.0011495964135974646, 0.1222497746348381, 0.07311506569385529
v,0.0011495966464281082, 0.12822110950946808, 0.07432254403829575
v,0.00114959676284343, 0.1294441819190979, 0.07317442446947098
v,0.0011495966464281082, 0.12600579857826233, 0.07308623939752579
v,0.0011495964135974646, 0.1222497746348381, 0.07311506569385529
v,0.0011495973449200392, 0.1318998634815216, 0.06251922994852066
v,0.0011495968792587519, 0.12946626543998718, 0.07132396101951599
v,0.00114959676284343, 0.1294441819190979, 0.07317442446947098
v,0.0011495968792587519, 0.12946626543998718, 0.07132396101951599
v,0.00114959676284343, 0.12874074280261993, 0.072079598903656
v,0.00114959676284343, 0.1294441819190979, 0.07317442446947098
v,0.00114959676284343, 0.12874074280261993, 0.072079598903656
v,0.0011495966464281082, 0.12776656448841095, 0.07278607785701752
v,0.00114959676284343, 0.1294441819190979, 0.07317442446947098
v,0.0011495966464281082, 0.12776656448841095, 0.07278607785701752
v,0.0011495966464281082, 0.12693050503730774, 0.07306496798992157
v,0.00114959676284343, 0.1294441819190979, 0.07317442446947098
v,0.0011495966464281082, 0.12693050503730774, 0.07306496798992157
v,0.0011495966464281082, 0.12600579857826233, 0.07308623939752579
v,0.00114959676284343, 0.1294441819190979, 0.07317442446947098
v,0.0011495965300127864, 0.12525822222232819, 0.07282046228647232
v,0.0011495964135974646, 0.1222497746348381, 0.07311506569385529
v,0.0011495966464281082, 0.12600579857826233, 0.07308623939752579
v,0.0011495965300127864, 0.12525822222232819, 0.07282046228647232
v,0.0011495965300127864, 0.12163279205560684, 0.07141030579805374
v,0.0011495964135974646, 0.1222497746348381, 0.07311506569385529
v,0.0011495965300127864, 0.1245371624827385, 0.07218995690345764
v,0.0011495965300127864, 0.12163279205560684, 0.07141030579805374
v,0.0011495965300127864, 0.12525822222232819, 0.07282046228647232
v,0.0011495966464281082, 0.12403342127799988, 0.0708688497543335
v,0.0011495965300127864, 0.12163279205560684, 0.07141030579805374
v,0.0011495965300127864, 0.1245371624827385, 0.07218995690345764
v,0.0011495973449200392, 0.1318998634815216, 0.06251922994852066
v,0.0011495972285047174, 0.12946626543998718, 0.06251922994852066
v,0.0011495968792587519, 0.12946626543998718, 0.07132396101951599
v,0.0011495969956740737, 0.12399747967720032, 0.06251922994852066
v,0.0011495965300127864, 0.12163279205560684, 0.07141030579805374
v,0.0011495966464281082, 0.12403342127799988, 0.0708688497543335
v,0.0011495969956740737, 0.12399747967720032, 0.06251922994852066
v,0.0011495968792587519, 0.1215638667345047, 0.06251922994852066
v,0.0011495965300127864, 0.12163279205560684, 0.07141030579805374
v,0.0011495973449200392, 0.14267335832118988, 0.07288256287574768
v,0.0011495971120893955, 0.13810692727565765, 0.0747966393828392
v,0.0011495969956740737, 0.13810692727565765, 0.07733961939811707
v,0.0011495973449200392, 0.14267335832118988, 0.07288256287574768
v,0.0011495968792587519, 0.13422410190105438, 0.0747966393828392
v,0.0011495971120893955, 0.13810692727565765, 0.0747966393828392
v,0.0011495973449200392, 0.14267335832118988, 0.07288256287574768
v,0.0011495969956740737, 0.13422410190105438, 0.07260912656784058
v,0.0011495968792587519, 0.13422410190105438, 0.0747966393828392
v,0.0011495973449200392, 0.14267335832118988, 0.07260912656784058
v,0.0011495969956740737, 0.13422410190105438, 0.07260912656784058
v,0.0011495973449200392, 0.14267335832118988, 0.07288256287574768
v,0.0011495972285047174, 0.14054054021835327, 0.07260912656784058
v,0.0011495969956740737, 0.13422410190105438, 0.07260912656784058
v,0.0011495973449200392, 0.14267335832118988, 0.07260912656784058
v,0.0011495975777506828, 0.14048762619495392, 0.06519690155982971
v,0.0011495971120893955, 0.13810692727565765, 0.07260912656784058
v,0.0011495972285047174, 0.14054054021835327, 0.07260912656784058
v,0.0011495971120893955, 0.13810692727565765, 0.07260912656784058
v,0.0011495969956740737, 0.13422410190105438, 0.07260912656784058
v,0.0011495972285047174, 0.14054054021835327, 0.07260912656784058
v,0.0011495975777506828, 0.14048762619495392, 0.06519690155982971
v,0.001149597461335361, 0.13806916773319244, 0.06575439125299454
v,0.0011495971120893955, 0.13810692727565765, 0.07260912656784058
v,0.0011495975777506828, 0.14048762619495392, 0.06519690155982971
v,0.001149597461335361, 0.13761335611343384, 0.06492088735103607
v,0.001149597461335361, 0.13806916773319244, 0.06575439125299454
v,0.0011495973449200392, 0.13562768697738647, 0.06449656933546066
v,0.0011495973449200392, 0.1336095929145813, 0.06304988265037537
v,0.0011495972285047174, 0.133610337972641, 0.065316341817379
v,0.0011495975777506828, 0.14048762619495392, 0.06519690155982971
v,0.001149597461335361, 0.1368579864501953, 0.0645124763250351
v,0.001149597461335361, 0.13761335611343384, 0.06492088735103607
v,0.0011495975777506828, 0.13972164690494537, 0.06350789219141006
v,0.001149597461335361, 0.1368579864501953, 0.0645124763250351
v,0.0011495975777506828, 0.14048762619495392, 0.06519690155982971
v,0.0011495975777506828, 0.13972164690494537, 0.06350789219141006
v,0.0011495973449200392, 0.13562768697738647, 0.06449656933546066
v,0.001149597461335361, 0.1368579864501953, 0.0645124763250351
v,0.0011495975777506828, 0.13972164690494537, 0.06350789219141006
v,0.0011495973449200392, 0.1336095929145813, 0.06304988265037537
v,0.0011495973449200392, 0.13562768697738647, 0.06449656933546066
v,0.0011495975777506828, 0.13854444026947021, 0.06266048550605774
v,0.0011495973449200392, 0.1336095929145813, 0.06304988265037537
v,0.0011495975777506828, 0.13972164690494537, 0.06350789219141006
v,0.0011495975777506828, 0.13854444026947021, 0.06266048550605774
v,0.001149597461335361, 0.13588117063045502, 0.062304649502038956
v,0.0011495973449200392, 0.1336095929145813, 0.06304988265037537
v,0.0011495975777506828, 0.13749845325946808, 0.062341950833797455
v,0.001149597461335361, 0.13588117063045502, 0.062304649502038956
v,0.0011495975777506828, 0.13854444026947021, 0.06266048550605774
v,0.0011495980434119701, 0.15604452788829803, 0.06987474113702774
v,0.0011495971120893955, 0.14546243846416473, 0.0814138650894165
v,0.0011495971120893955, 0.14661088585853577, 0.0814138650894165
v,0.0011495980434119701, 0.15604452788829803, 0.06987474113702774
v,0.001149597461335361, 0.14816054701805115, 0.07636264711618423
v,0.0011495971120893955, 0.14546243846416473, 0.0814138650894165
v,0.001149597461335361, 0.14816054701805115, 0.07636264711618423
v,0.0011495975777506828, 0.14546243846416473, 0.07105052471160889
v,0.0011495971120893955, 0.14546243846416473, 0.0814138650894165
v,0.0011495980434119701, 0.15604452788829803, 0.06987474113702774
v,0.0011495978105813265, 0.15246246755123138, 0.07105052471160889
v,0.001149597461335361, 0.14816054701805115, 0.07636264711618423
v,0.0011495976941660047, 0.14814214408397675, 0.07105052471160889
v,0.0011495975777506828, 0.14546243846416473, 0.07105052471160889
v,0.001149597461335361, 0.14816054701805115, 0.07636264711618423
v,0.0011495980434119701, 0.15604452788829803, 0.06987474113702774
v,0.0011495976941660047, 0.14814214408397675, 0.07105052471160889
v,0.0011495978105813265, 0.15246246755123138, 0.07105052471160889
v,0.0011495980434119701, 0.15604452788829803, 0.06987474113702774
v,0.0011495975777506828, 0.14546243846416473, 0.07105052471160889
v,0.0011495976941660047, 0.14814214408397675, 0.07105052471160889
v,0.0011495980434119701, 0.15604452788829803, 0.06987474113702774
v,0.001149597461335361, 0.14346633851528168, 0.07105052471160889
v,0.0011495975777506828, 0.14546243846416473, 0.07105052471160889
v,0.0011495980434119701, 0.15604452788829803, 0.06987474113702774
v,0.0011495975777506828, 0.14346633851528168, 0.06864426285028458
v,0.001149597461335361, 0.14346633851528168, 0.07105052471160889
v,0.001149598159827292, 0.15604452788829803, 0.06864426285028458
v,0.0011495975777506828, 0.14346633851528168, 0.06864426285028458
v,0.0011495980434119701, 0.15604452788829803, 0.06987474113702774
v,0.0011495978105813265, 0.14814214408397675, 0.06864426285028458
v,0.0011495975777506828, 0.14346633851528168, 0.06864426285028458
v,0.001149598159827292, 0.15604452788829803, 0.06864426285028458
v,0.0011495980434119701, 0.14814214408397675, 0.06251922994852066
v,0.0011495976941660047, 0.14546243846416473, 0.06864426285028458
v,0.0011495978105813265, 0.14814214408397675, 0.06864426285028458
v,0.0011495976941660047, 0.14546243846416473, 0.06864426285028458
v,0.0011495975777506828, 0.14346633851528168, 0.06864426285028458
v,0.0011495978105813265, 0.14814214408397675, 0.06864426285028458
v,0.0011495980434119701, 0.14814214408397675, 0.06251922994852066
v,0.0011495979269966483, 0.14546243846416473, 0.06251922994852066
v,0.0011495976941660047, 0.14546243846416473, 0.06864426285028458
n,-36.571231842041016, 1.5985792742867488e-06, -1.5985792742867488e-06
n,-36.571231842041016, 1.5985792742867488e-06, -1.5985792742867488e-06
n,-36.571231842041016, 1.5985792742867488e-06, -1.5985792742867488e-06
n,-36.571231842041016, 1.5985792742867488e-06, -1.5985792742867488e-06
n,-36.571231842041016, 1.5985792742867488e-06, -1.5985792742867488e-06
n,-36.571231842041016, 1.5985792742867488e-06, -1.5985792742867488e-06
n,-36.571231842041016, 1.5985792742867488e-06, -1.5985792742867488e-06
n,-36.571231842041016, 1.5985792742867488e-06, -1.5985792742867488e-06
n,-36.571231842041016, 1.5985792742867488e-06, -1.5985792742867488e-06
n,-36.571231842041016, 1.5985792742867488e-06, -1.5985792742867488e-06
n,-36.571231842041016, 1.5985792742867488e-06, -1.5985792742867488e-06
n,-36.571231842041016, 1.5985792742867488e-06, -1.5985792742867488e-06
n,-36.571231842041016, 1.5985792742867488e-06, -1.5985792742867488e-06
n,-36.571231842041016, 1.5985792742867488e-06, -1.5985792742867488e-06
n,-36.571231842041016, 1.5985792742867488e-06, -1.5985792742867488e-06
n,-36.571231842041016, 1.5985792742867488e-06, -1.5985792742867488e-06
n,-36.571231842041016, 1.5985792742867488e-06, -1.5985792742867488e-06
n,-36.571231842041016, 1.5985792742867488e-06, -1.5985792742867488e-06
n,-36.571231842041016, 1.5985792742867488e-06, -1.5985792742867488e-06
n,-36.571231842041016, 1.5985792742867488e-06, -1.5985792742867488e-06
n,-36.571231842041016, 1.5985792742867488e-06, -1.5985792742867488e-06
n,-36.571231842041016, 1.5985792742867488e-06, -1.5985792742867488e-06
n,-36.571231842041016, 1.5985792742867488e-06, -1.5985792742867488e-06
n,-36.571231842041016, 1.5985792742867488e-06, -1.5985792742867488e-06
n,-36.571231842041016, 1.5985792742867488e-06, -1.5985792742867488e-06
n,-36.571231842041016, 1.5985792742867488e-06, -1.5985792742867488e-06
n,-36.571231842041016, 1.5985792742867488e-06, -1.5985792742867488e-06
n,-36.571231842041016, 1.5985792742867488e-06, -1.5985792742867488e-06
n,-36.571231842041016, 1.5985792742867488e-06, -1.5985792742867488e-06
n,-36.571231842041016, 1.5985792742867488e-06, -1.5985792742867488e-06
n,-36.571231842041016, 1.5985792742867488e-06, -1.5985792742867488e-06
n,-36.571231842041016, 1.5985792742867488e-06, -1.5985792742867488e-06
n,-36.571231842041016, 1.5985792742867488e-06, -1.5985792742867488e-06
n,-36.571231842041016, 1.5985792742867488e-06, -1.5985792742867488e-06
n,-36.571231842041016, 1.5985792742867488e-06, -1.5985792742867488e-06
n,-36.571231842041016, 1.5985792742867488e-06, -1.5985792742867488e-06
n,-36.571231842041016, 1.5985792742867488e-06, -1.5985792742867488e-06
n,-36.571231842041016, 1.5985792742867488e-06, -1.5985792742867488e-06
n,-36.571231842041016, 1.5985792742867488e-06, -1.5985792742867488e-06
n,-36.571231842041016, 1.5985792742867488e-06, -1.5985792742867488e-06
n,-36.571231842041016, 1.5985792742867488e-06, -1.5985792742867488e-06
n,-36.571231842041016, 1.5985792742867488e-06, -1.5985792742867488e-06
n,-36.571231842041016, 1.5985792742867488e-06, -1.5985792742867488e-06
n,-36.571231842041016, 1.5985792742867488e-06, -1.5985792742867488e-06
n,-36.571231842041016, 1.5985792742867488e-06, -1.5985792742867488e-06
n,-36.571231842041016, 1.5985792742867488e-06, -1.5985792742867488e-06
n,-36.571231842041016, 1.5985792742867488e-06, -1.5985792742867488e-06
n,-36.571231842041016, 1.5985792742867488e-06, -1.5985792742867488e-06
n,-36.571231842041016, 1.5985792742867488e-06, -1.5985792742867488e-06
n,-36.571231842041016, 1.5985792742867488e-06, -1.5985792742867488e-06
n,-36.571231842041016, 1.5985792742867488e-06, -1.5985792742867488e-06
n,-36.571231842041016, 1.5985792742867488e-06, -1.5985792742867488e-06
n,-36.571231842041016, 1.5985792742867488e-06, -1.5985792742867488e-06
n,-36.571231842041016, 1.5985792742867488e-06, -1.5985792742867488e-06
n,-36.571231842041016, 1.5985792742867488e-06, -1.5985792742867488e-06
n,-36.571231842041016, 1.5985792742867488e-06, -1.5985792742867488e-06
n,-36.571231842041016, 1.5985792742867488e-06, -1.5985792742867488e-06
n,-36.571231842041016, 1.5985792742867488e-06, -1.5985792742867488e-06
n,-36.571231842041016, 1.5985792742867488e-06, -1.5985792742867488e-06
n,-36.571231842041016, 1.5985792742867488e-06, -1.5985792742867488e-06
n,-36.571231842041016, 1.5985792742867488e-06, -1.5985792742867488e-06
n,-36.571231842041016, 1.5985792742867488e-06, -1.5985792742867488e-06
n,-36.571231842041016, 1.5985792742867488e-06, -1.5985792742867488e-06
n,-36.571231842041016, 1.5985792742867488e-06, -1.5985792742867488e-06
n,-36.571231842041016, 1.5985792742867488e-06, -1.5985792742867488e-06
n,-36.571231842041016, 1.5985792742867488e-06, -1.5985792742867488e-06
n,-36.571231842041016, 1.5985792742867488e-06, -1.5985792742867488e-06
n,-36.571231842041016, 1.5985792742867488e-06, -1.5985792742867488e-06
n,-36.571231842041016, 1.5985792742867488e-06, -1.5985792742867488e-06
n,0.0, 0.0, 0.0
n,0.0, 0.0, 0.0
n,0.0, 0.0, 0.0
n,-36.571231842041016, 1.5985792742867488e-06, -1.5985792742867488e-06
n,-36.571231842041016, 1.5985792742867488e-06, -1.5985792742867488e-06
n,-36.571231842041016, 1.5985792742867488e-06, -1.5985792742867488e-06
n,0.0, 0.0, 0.0
n,0.0, 0.0, 0.0
n,0.0, 0.0, 0.0
n,-36.571231842041016, 1.5985792742867488e-06, -1.5985792742867488e-06
n,-36.571231842041016, 1.5985792742867488e-06, -1.5985792742867488e-06
n,-36.571231842041016, 1.5985792742867488e-06, -1.5985792742867488e-06
n,-36.571231842041016, 1.5985792742867488e-06, -1.5985792742867488e-06
n,-36.571231842041016, 1.5985792742867488e-06, -1.5985792742867488e-06
n,-36.571231842041016, 1.5985792742867488e-06, -1.5985792742867488e-06
n,-36.571231842041016, 1.5985792742867488e-06, -1.5985792742867488e-06
n,-36.571231842041016, 1.5985792742867488e-06, -1.5985792742867488e-06
n,-36.571231842041016, 1.5985792742867488e-06, -1.5985792742867488e-06
n,-36.571231842041016, 1.5985792742867488e-06, -1.5985792742867488e-06
n,-36.571231842041016, 1.5985792742867488e-06, -1.5985792742867488e-06
n,-36.571231842041016, 1.5985792742867488e-06, -1.5985792742867488e-06
n,-36.571231842041016, 1.5985792742867488e-06, -1.5985792742867488e-06
n,-36.571231842041016, 1.5985792742867488e-06, -1.5985792742867488e-06
n,-36.571231842041016, 1.5985792742867488e-06, -1.5985792742867488e-06
n,-36.571231842041016, 1.5985792742867488e-06, -1.5985792742867488e-06
n,-36.571231842041016, 1.5985792742867488e-06, -1.5985792742867488e-06
n,-36.571231842041016, 1.5985792742867488e-06, -1.5985792742867488e-06
n,-36.571231842041016, 1.5985792742867488e-06, -1.5985792742867488e-06
n,-36.571231842041016, 1.5985792742867488e-06, -1.5985792742867488e-06
n,-36.571231842041016, 1.5985792742867488e-06, -1.5985792742867488e-06
n,-36.571231842041016, 1.5985792742867488e-06, -1.5985792742867488e-06
n,-36.571231842041016, 1.5985792742867488e-06, -1.5985792742867488e-06
n,-36.571231842041016, 1.5985792742867488e-06, -1.5985792742867488e-06
n,-36.571231842041016, 1.5985792742867488e-06, -1.5985792742867488e-06
n,-36.571231842041016, 1.5985792742867488e-06, -1.5985792742867488e-06
n,-36.571231842041016, 1.5985792742867488e-06, -1.5985792742867488e-06
n,-36.571231842041016, 1.5985792742867488e-06, -1.5985792742867488e-06
n,-36.571231842041016, 1.5985792742867488e-06, -1.5985792742867488e-06
n,-36.571231842041016, 1.5985792742867488e-06, -1.5985792742867488e-06
n,-36.571231842041016, 1.5985792742867488e-06, -1.5985792742867488e-06
n,-36.571231842041016, 1.5985792742867488e-06, -1.5985792742867488e-06
n,-36.571231842041016, 1.5985792742867488e-06, -1.5985792742867488e-06
n,-36.571231842041016, 1.5985792742867488e-06, -1.5985792742867488e-06
n,-36.571231842041016, 1.5985792742867488e-06, -1.5985792742867488e-06
n,-36.571231842041016, 1.5985792742867488e-06, -1.5985792742867488e-06
n,-36.571231842041016, 1.5985792742867488e-06, -1.5985792742867488e-06
n,-36.571231842041016, 1.5985792742867488e-06, -1.5985792742867488e-06
n,-36.571231842041016, 1.5985792742867488e-06, -1.5985792742867488e-06
n,-36.571231842041016, 1.5985792742867488e-06, -1.5985792742867488e-06
n,-36.571231842041016, 1.5985792742867488e-06, -1.5985792742867488e-06
n,-36.571231842041016, 1.5985792742867488e-06, -1.5985792742867488e-06
n,-36.571231842041016, 1.5985792742867488e-06, -1.5985792742867488e-06
n,-36.571231842041016, 1.5985792742867488e-06, -1.5985792742867488e-06
n,-36.571231842041016, 1.5985792742867488e-06, -1.5985792742867488e-06
n,-36.571231842041016, 1.5985792742867488e-06, -1.5985792742867488e-06
n,-36.571231842041016, 1.5985792742867488e-06, -1.5985792742867488e-06
n,-36.571231842041016, 1.5985792742867488e-06, -1.5985792742867488e-06
n,-36.571231842041016, 1.5985792742867488e-06, -1.5985792742867488e-06
n,-36.571231842041016, 1.5985792742867488e-06, -1.5985792742867488e-06
n,-36.571231842041016, 1.5985792742867488e-06, -1.5985792742867488e-06
n,-36.571231842041016, 1.5985792742867488e-06, -1.5985792742867488e-06
n,-36.571231842041016, 1.5985792742867488e-06, -1.5985792742867488e-06
n,-36.571231842041016, 1.5985792742867488e-06, -1.5985792742867488e-06
n,-36.571231842041016, 1.5985792742867488e-06, -1.5985792742867488e-06
n,-36.571231842041016, 1.5985792742867488e-06, -1.5985792742867488e-06
n,-36.571231842041016, 1.5985792742867488e-06, -1.5985792742867488e-06
n,-36.571231842041016, 1.5985792742867488e-06, -1.5985792742867488e-06
n,-36.571231842041016, 1.5985792742867488e-06, -1.5985792742867488e-06
n,-36.571231842041016, 1.5985792742867488e-06, -1.5985792742867488e-06
n,0.0, 0.0, 0.0
n,0.0, 0.0, 0.0
n,0.0, 0.0, 0.0
n,-36.571231842041016, 1.5985792742867488e-06, -1.5985792742867488e-06
n,-36.571231842041016, 1.5985792742867488e-06, -1.5985792742867488e-06
n,-36.571231842041016, 1.5985792742867488e-06, -1.5985792742867488e-06
n,0.0, 0.0, 0.0
n,0.0, 0.0, 0.0
n,0.0, 0.0, 0.0
n,-36.571231842041016, 1.5985792742867488e-06, -1.5985792742867488e-06
n,-36.571231842041016, 1.5985792742867488e-06, -1.5985792742867488e-06
n,-36.571231842041016, 1.5985792742867488e-06, -1.5985792742867488e-06
u,0.0357142873108387, 1.0, 0
u,0.0, 1.0, 0
u,0.01785714365541935, 1.0, 0
u,0.0357142873108387, 1.0, 0
u,0.9914740324020386, 1.0, 0
u,0.0, 1.0, 0
u,0.9012594223022461, 1.0, 0
u,0.738480269908905, 1.0, 0
u,0.811972975730896, 1.0, 0
u,0.9012594223022461, 1.0, 0
u,0.6786074638366699, 1.0, 0
u,0.738480269908905, 1.0, 0
u,0.9012594223022461, 1.0, 0
u,0.6343963742256165, 1.0, 0
u,0.6786074638366699, 1.0, 0
u,0.9914740324020386, 1.0, 0
u,0.6343963742256165, 1.0, 0
u,0.9012594223022461, 1.0, 0
u,0.9914740324020386, 1.0, 0
u,0.3057939410209656, 1.0, 0
u,0.6343963742256165, 1.0, 0
u,0.0357142873108387, 1.0, 0
u,0.0714285746216774, 1.0, 0
u,0.9914740324020386, 1.0, 0
u,0.0714285746216774, 1.0, 0
u,0.12025320529937744, 1.0, 0
u,0.9914740324020386, 1.0, 0
u,0.12025320529937744, 1.0, 0
u,0.1896238625049591, 1.0, 0
u,0.9914740324020386, 1.0, 0
u,0.1896238625049591, 1.0, 0
u,0.24940352141857147, 1.0, 0
u,0.9914740324020386, 1.0, 0
u,0.24940352141857147, 1.0, 0
u,0.3057939410209656, 1.0, 0
u,0.9914740324020386, 1.0, 0
u,0.3482043147087097, 1.0, 0
u,0.6343963742256165, 1.0, 0
u,0.3057939410209656, 1.0, 0
u,0.3482043147087097, 1.0, 0
u,0.5856195688247681, 1.0, 0
u,0.6343963742256165, 1.0, 0
u,0.40009135007858276, 1.0, 0
u,0.5856195688247681, 1.0, 0
u,0.3482043147087097, 1.0, 0
u,0.4683721959590912, 1.0, 0
u,0.5856195688247681, 1.0, 0
u,0.40009135007858276, 1.0, 0
u,0.0357142873108387, 1.0, 0
u,0.0535714291036129, 1.0, 0
u,0.0714285746216774, 1.0, 0
u,0.5178571343421936, 1.0, 0
u,0.5856195688247681, 1.0, 0
u,0.4683721959590912, 1.0, 0
u,0.5178571343421936, 1.0, 0
u,0.5357142686843872, 1.0, 0
u,0.5856195688247681, 1.0, 0
u,0.017543859779834747, 1.0, 0
u,1.0, 1.0, 0
u,0.0, 1.0, 0
u,0.017543859779834747, 1.0, 0
u,0.9824561476707458, 1.0, 0
u,1.0, 1.0, 0
u,0.017543859779834747, 1.0, 0
u,0.9649122953414917, 1.0, 0
u,0.9824561476707458, 1.0, 0
u,0.035087719559669495, 1.0, 0
u,0.9649122953414917, 1.0, 0
u,0.017543859779834747, 1.0, 0
u,0.05263157933950424, 1.0, 0
u,0.9649122953414917, 1.0, 0
u,0.035087719559669495, 1.0, 0
u,0.10110212862491608, 1.0, 0
u,0.9473684430122375, 1.0, 0
u,0.05263157933950424, 1.0, 0
u,0.9473684430122375, 1.0, 0
u,0.9649122953414917, 1.0, 0
u,0.05263157933950424, 1.0, 0
u,0.10110212862491608, 1.0, 0
u,0.8987704515457153, 1.0, 0
u,0.9473684430122375, 1.0, 0
u,0.10110212862491608, 1.0, 0
u,0.8344919085502625, 1.0, 0
u,0.8987704515457153, 1.0, 0
u,0.6627081036567688, 1.0, 0
u,0.48905375599861145, 1.0, 0
u,0.511081874370575, 1.0, 0
u,0.10110212862491608, 1.0, 0
u,0.7648075819015503, 1.0, 0
u,0.8344919085502625, 1.0, 0
u,0.1672116070985794, 1.0, 0
u,0.7648075819015503, 1.0, 0
u,0.10110212862491608, 1.0, 0
u,0.1672116070985794, 1.0, 0
u,0.6627081036567688, 1.0, 0
u,0.7648075819015503, 1.0, 0
u,0.1672116070985794, 1.0, 0
u,0.48905375599861145, 1.0, 0
u,0.6627081036567688, 1.0, 0
u,0.2189171463251114, 1.0, 0
u,0.48905375599861145, 1.0, 0
u,0.1672116070985794, 1.0, 0
u,0.2189171463251114, 1.0, 0
u,0.32972830533981323, 1.0, 0
u,0.48905375599861145, 1.0, 0
u,0.25375258922576904, 1.0, 0
u,0.32972830533981323, 1.0, 0
u,0.2189171463251114, 1.0, 0
u,0.1428571492433548, 1.0, 0
u,0.0, 1.0, 0
u,0.0714285746216774, 1.0, 0
u,0.1428571492433548, 1.0, 0
u,0.833092451095581, 1.0, 0
u,0.0, 1.0, 0
u,0.833092451095581, 1.0, 0
u,0.7142857313156128, 1.0, 0
u,0.0, 1.0, 0
u,0.1428571492433548, 1.0, 0
u,1.0, 1.0, 0
u,0.833092451095581, 1.0, 0
u,0.9285714030265808, 1.0, 0
u,0.7142857313156128, 1.0, 0
u,0.833092451095581, 1.0, 0
u,0.1428571492433548, 1.0, 0
u,0.9285714030265808, 1.0, 0
u,1.0, 1.0, 0
u,0.1428571492433548, 1.0, 0
u,0.7142857313156128, 1.0, 0
u,0.9285714030265808, 1.0, 0
u,0.1428571492433548, 1.0, 0
u,0.6428571343421936, 1.0, 0
u,0.7142857313156128, 1.0, 0
u,0.1428571492433548, 1.0, 0
u,0.5714285969734192, 1.0, 0
u,0.6428571343421936, 1.0, 0
u,0.2142857164144516, 1.0, 0
u,0.5714285969734192, 1.0, 0
u,0.1428571492433548, 1.0, 0
u,0.2857142984867096, 1.0, 0
u,0.5714285969734192, 1.0, 0
u,0.2142857164144516, 1.0, 0
u,0.3571428656578064, 1.0, 0
u,0.5, 1.0, 0
u,0.2857142984867096, 1.0, 0
u,0.5, 1.0, 0
u,0.5714285969734192, 1.0, 0
u,0.2857142984867096, 1.0, 0
u,0.3571428656578064, 1.0, 0
u,0.4285714328289032, 1.0, 0
u,0.5, 1.0, 0
