v,41.081485748291016, -25.447837829589844, 3.023946762084961
v,37.65597152709961, -25.447837829589844, 2.8581442832946777
v,37.65597152709961, -25.447837829589844, 3.023947238922119
v,37.65597152709961, -28.87335205078125, 3.023947238922119
v,41.081485748291016, -28.87335205078125, 2.8581438064575195
v,41.081485748291016, -28.87335205078125, 3.023946762084961
v,37.65597152709961, -25.447837829589844, 3.023947238922119
v,37.65597152709961, -28.87335205078125, 2.8581442832946777
v,37.65597152709961, -28.87335205078125, 3.023947238922119
v,41.081485748291016, -28.87335205078125, 3.023946762084961
v,41.081485748291016, -25.447837829589844, 2.8581438064575195
v,41.081485748291016, -25.447837829589844, 3.023946762084961
v,37.65597152709961, -25.447837829589844, 2.8581442832946777
v,41.081485748291016, -28.87335205078125, 2.8581438064575195
v,37.65597152709961, -28.87335205078125, 2.8581442832946777
v,37.65597152709961, -25.447837829589844, 3.023947238922119
v,41.081485748291016, -28.87335205078125, 3.023946762084961
v,41.081485748291016, -25.447837829589844, 3.023946762084961
v,41.08148956298828, 34.188053131103516, 3.02394700050354
v,37.655975341796875, 34.188053131103516, 2.8581442832946777
v,37.655975341796875, 34.188053131103516, 3.023947238922119
v,37.655975341796875, 30.76253890991211, 3.023947238922119
v,41.08148956298828, 30.76253890991211, 2.8581440448760986
v,41.08148956298828, 30.76253890991211, 3.02394700050354
v,37.655975341796875, 34.188053131103516, 3.023947238922119
v,37.655975341796875, 30.76253890991211, 2.8581442832946777
v,37.655975341796875, 30.76253890991211, 3.023947238922119
v,41.08148956298828, 30.76253890991211, 3.02394700050354
v,41.08148956298828, 34.188053131103516, 2.8581440448760986
v,41.08148956298828, 34.188053131103516, 3.02394700050354
v,37.655975341796875, 34.188053131103516, 2.8581442832946777
v,41.08148956298828, 30.76253890991211, 2.8581440448760986
v,37.655975341796875, 30.76253890991211, 2.8581442832946777
v,37.655975341796875, 34.188053131103516, 3.023947238922119
v,41.08148956298828, 30.76253890991211, 3.02394700050354
v,41.08148956298828, 34.188053131103516, 3.02394700050354
v,-52.76078796386719, -30.223430633544922, 3.038332939147949
v,-52.76060485839844, -26.79791831970215, 2.8725295066833496
v,-52.76060485839844, -26.79791831970215, 3.038332462310791
v,-56.186119079589844, -26.7977294921875, 3.038332462310791
v,-56.186302185058594, -30.223243713378906, 2.872529983520508
v,-56.186302185058594, -30.223243713378906, 3.038332939147949
v,-52.76060485839844, -26.79791831970215, 3.038332462310791
v,-56.186119079589844, -26.7977294921875, 2.8725295066833496
v,-56.186119079589844, -26.7977294921875, 3.038332462310791
v,-56.186302185058594, -30.223243713378906, 3.038332939147949
v,-52.76078796386719, -30.223430633544922, 2.872529983520508
v,-52.76078796386719, -30.223430633544922, 3.038332939147949
v,-52.76060485839844, -26.79791831970215, 2.8725295066833496
v,-56.186302185058594, -30.223243713378906, 2.872529983520508
v,-56.186119079589844, -26.7977294921875, 2.8725295066833496
v,-52.76060485839844, -26.79791831970215, 3.038332462310791
v,-56.186302185058594, -30.223243713378906, 3.038332939147949
v,-52.76078796386719, -30.223430633544922, 3.038332939147949
v,41.081485748291016, -25.447837829589844, 3.023946762084961
v,41.081485748291016, -25.447837829589844, 2.8581438064575195
v,37.65597152709961, -25.447837829589844, 2.8581442832946777
v,37.65597152709961, -28.87335205078125, 3.023947238922119
v,37.65597152709961, -28.87335205078125, 2.8581442832946777
v,41.081485748291016, -28.87335205078125, 2.8581438064575195
v,37.65597152709961, -25.447837829589844, 3.023947238922119
v,37.65597152709961, -25.447837829589844, 2.8581442832946777
v,37.65597152709961, -28.87335205078125, 2.8581442832946777
v,41.081485748291016, -28.87335205078125, 3.023946762084961
v,41.081485748291016, -28.87335205078125, 2.8581438064575195
v,41.081485748291016, -25.447837829589844, 2.8581438064575195
v,37.65597152709961, -25.447837829589844, 2.8581442832946777
v,41.081485748291016, -25.447837829589844, 2.8581438064575195
v,41.081485748291016, -28.87335205078125, 2.8581438064575195
v,37.65597152709961, -25.447837829589844, 3.023947238922119
v,37.65597152709961, -28.87335205078125, 3.023947238922119
v,41.081485748291016, -28.87335205078125, 3.023946762084961
v,41.08148956298828, 34.188053131103516, 3.02394700050354
v,41.08148956298828, 34.188053131103516, 2.8581440448760986
v,37.655975341796875, 34.188053131103516, 2.8581442832946777
v,37.655975341796875, 30.76253890991211, 3.023947238922119
v,37.655975341796875, 30.76253890991211, 2.8581442832946777
v,41.08148956298828, 30.76253890991211, 2.8581440448760986
v,37.655975341796875, 34.188053131103516, 3.023947238922119
v,37.655975341796875, 34.188053131103516, 2.8581442832946777
v,37.655975341796875, 30.76253890991211, 2.8581442832946777
v,41.08148956298828, 30.76253890991211, 3.02394700050354
v,41.08148956298828, 30.76253890991211, 2.8581440448760986
v,41.08148956298828, 34.188053131103516, 2.8581440448760986
v,37.655975341796875, 34.188053131103516, 2.8581442832946777
v,41.08148956298828, 34.188053131103516, 2.8581440448760986
v,41.08148956298828, 30.76253890991211, 2.8581440448760986
v,37.655975341796875, 34.188053131103516, 3.023947238922119
v,37.655975341796875, 30.76253890991211, 3.023947238922119
v,41.08148956298828, 30.76253890991211, 3.02394700050354
v,-52.76078796386719, -30.223430633544922, 3.038332939147949
v,-52.76078796386719, -30.223430633544922, 2.872529983520508
v,-52.76060485839844, -26.79791831970215, 2.8725295066833496
v,-56.186119079589844, -26.7977294921875, 3.038332462310791
v,-56.186119079589844, -26.7977294921875, 2.8725295066833496
v,-56.186302185058594, -30.223243713378906, 2.872529983520508
v,-52.76060485839844, -26.79791831970215, 3.038332462310791
v,-52.76060485839844, -26.79791831970215, 2.8725295066833496
v,-56.186119079589844, -26.7977294921875, 2.8725295066833496
v,-56.186302185058594, -30.223243713378906, 3.038332939147949
v,-56.186302185058594, -30.223243713378906, 2.872529983520508
v,-52.76078796386719, -30.223430633544922, 2.872529983520508
v,-52.76060485839844, -26.79791831970215, 2.8725295066833496
v,-52.76078796386719, -30.223430633544922, 2.872529983520508
v,-56.186302185058594, -30.223243713378906, 2.872529983520508
v,-52.76060485839844, -26.79791831970215, 3.038332462310791
v,-56.186119079589844, -26.7977294921875, 3.038332462310791
v,-56.186302185058594, -30.223243713378906, 3.038332939147949
n,0.0, 0.5838539600372314, 0.0
n,0.0, 0.5838539600372314, 0.0
n,0.0, 0.5838539600372314, 0.0
n,0.0, -0.5838539600372314, 0.0
n,0.0, -0.5838539600372314, 0.0
n,0.0, -0.5838539600372314, 0.0
n,-0.5838539600372314, 0.0, 5.104212519313478e-08
n,-0.5838539600372314, 0.0, 5.104212519313478e-08
n,-0.5838539600372314, 0.0, 5.104212519313478e-08
n,0.5838539600372314, 0.0, -5.104212519313478e-08
n,0.5838539600372314, 0.0, -5.104212519313478e-08
n,0.5838539600372314, 0.0, -5.104212519313478e-08
n,-5.104212519313478e-08, 0.0, -0.5838539600372314
n,-5.104212519313478e-08, 0.0, -0.5838539600372314
n,-5.104212519313478e-08, 0.0, -0.5838539600372314
n,5.104212519313478e-08, 0.0, 0.5838539600372314
n,5.104212519313478e-08, 0.0, 0.5838539600372314
n,5.104212519313478e-08, 0.0, 0.5838539600372314
n,0.0, 0.5838539600372314, 0.0
n,0.0, 0.5838539600372314, 0.0
n,0.0, 0.5838539600372314, 0.0
n,0.0, -0.5838539600372314, 0.0
n,0.0, -0.5838539600372314, 0.0
n,0.0, -0.5838539600372314, 0.0
n,-0.5838539600372314, 0.0, 5.104212519313478e-08
n,-0.5838539600372314, 0.0, 5.104212519313478e-08
n,-0.5838539600372314, 0.0, 5.104212519313478e-08
n,0.5838539600372314, 0.0, -5.104212519313478e-08
n,0.5838539600372314, 0.0, -5.104212519313478e-08
n,0.5838539600372314, 0.0, -5.104212519313478e-08
n,-5.104212519313478e-08, 0.0, -0.5838539600372314
n,-5.104212519313478e-08, 0.0, -0.5838539600372314
n,-5.104212519313478e-08, 0.0, -0.5838539600372314
n,5.104212519313478e-08, 0.0, 0.5838539600372314
n,5.104212519313478e-08, 0.0, 0.5838539600372314
n,5.104212519313478e-08, 0.0, 0.5838539600372314
n,0.5838539600372314, -3.118116728728637e-05, -5.104212519313478e-08
n,0.5838539600372314, -3.118116728728637e-05, -5.104212519313478e-08
n,0.5838539600372314, -3.118116728728637e-05, -5.104212519313478e-08
n,-0.5838539600372314, 3.1181163649307564e-05, 5.104212519313478e-08
n,-0.5838539600372314, 3.1181163649307564e-05, 5.104212519313478e-08
n,-0.5838539600372314, 3.1181163649307564e-05, 5.104212519313478e-08
n,3.1894574931357056e-05, 0.5838539600372314, -2.7883118990795763e-12
n,3.1894574931357056e-05, 0.5838539600372314, -2.7883118990795763e-12
n,3.1894574931357056e-05, 0.5838539600372314, -2.7883118990795763e-12
n,-3.1877174478722736e-05, -0.5838539600372314, 2.7867905465911447e-12
n,-3.1877174478722736e-05, -0.5838539600372314, 2.7867905465911447e-12
n,-3.1877174478722736e-05, -0.5838539600372314, 2.7867905465911447e-12
n,6.616218684030173e-11, -8.809126228470632e-08, -0.5838539600372314
n,6.616218684030173e-11, -8.809126228470632e-08, -0.5838539600372314
n,6.616218684030173e-11, -8.809126228470632e-08, -0.5838539600372314
n,1.021405182655144e-09, 8.917871952007772e-08, 0.5838539600372314
n,1.021405182655144e-09, 8.917871952007772e-08, 0.5838539600372314
n,1.021405182655144e-09, 8.917871952007772e-08, 0.5838539600372314
n,0.0, 0.5838539600372314, 0.0
n,0.0, 0.5838539600372314, 0.0
n,0.0, 0.5838539600372314, 0.0
n,0.0, -0.5838539600372314, 0.0
n,0.0, -0.5838539600372314, 0.0
n,0.0, -0.5838539600372314, 0.0
n,-0.5838539600372314, 0.0, 5.104212519313478e-08
n,-0.5838539600372314, 0.0, 5.104212519313478e-08
n,-0.5838539600372314, 0.0, 5.104212519313478e-08
n,0.5838539600372314, 0.0, -5.104212519313478e-08
n,0.5838539600372314, 0.0, -5.104212519313478e-08
n,0.5838539600372314, 0.0, -5.104212519313478e-08
n,-5.104212519313478e-08, 0.0, -0.5838539600372314
n,-5.104212519313478e-08, 0.0, -0.5838539600372314
n,-5.104212519313478e-08, 0.0, -0.5838539600372314
n,5.104212519313478e-08, 0.0, 0.5838539600372314
n,5.104212519313478e-08, 0.0, 0.5838539600372314
n,5.104212519313478e-08, 0.0, 0.5838539600372314
n,0.0, 0.5838539600372314, 0.0
n,0.0, 0.5838539600372314, 0.0
n,0.0, 0.5838539600372314, 0.0
n,0.0, -0.5838539600372314, 0.0
n,0.0, -0.5838539600372314, 0.0
n,0.0, -0.5838539600372314, 0.0
n,-0.5838539600372314, 0.0, 5.104212519313478e-08
n,-0.5838539600372314, 0.0, 5.104212519313478e-08
n,-0.5838539600372314, 0.0, 5.104212519313478e-08
n,0.5838539600372314, 0.0, -5.104212519313478e-08
n,0.5838539600372314, 0.0, -5.104212519313478e-08
n,0.5838539600372314, 0.0, -5.104212519313478e-08
n,-5.104212519313478e-08, 0.0, -0.5838539600372314
n,-5.104212519313478e-08, 0.0, -0.5838539600372314
n,-5.104212519313478e-08, 0.0, -0.5838539600372314
n,5.104212519313478e-08, 0.0, 0.5838539600372314
n,5.104212519313478e-08, 0.0, 0.5838539600372314
n,5.104212519313478e-08, 0.0, 0.5838539600372314
n,0.5838539600372314, -3.118116728728637e-05, -5.104212519313478e-08
n,0.5838539600372314, -3.118116728728637e-05, -5.104212519313478e-08
n,0.5838539600372314, -3.118116728728637e-05, -5.104212519313478e-08
n,-0.5838539600372314, 3.118116728728637e-05, 5.104212519313478e-08
n,-0.5838539600372314, 3.118116728728637e-05, 5.104212519313478e-08
n,-0.5838539600372314, 3.118116728728637e-05, 5.104212519313478e-08
n,3.1894574931357056e-05, 0.5838539600372314, -2.788311682239142e-12
n,3.1894574931357056e-05, 0.5838539600372314, -2.788311682239142e-12
n,3.1894574931357056e-05, 0.5838539600372314, -2.788311682239142e-12
n,-3.1877174478722736e-05, -0.5838539600372314, 2.7867905465911447e-12
n,-3.1877174478722736e-05, -0.5838539600372314, 2.7867905465911447e-12
n,-3.1877174478722736e-05, -0.5838539600372314, 2.7867905465911447e-12
n,6.616573955398053e-11, -8.809126228470632e-08, -0.5838539600372314
n,6.616573955398053e-11, -8.809126228470632e-08, -0.5838539600372314
n,6.616573955398053e-11, -8.809126228470632e-08, -0.5838539600372314
n,1.0214087353688228e-09, 8.917871952007772e-08, 0.5838539600372314
n,1.0214087353688228e-09, 8.917871952007772e-08, 0.5838539600372314
n,1.0214087353688228e-09, 8.917871952007772e-08, 0.5838539600372314
u,0.0, 0.0, 0
u,0.5, 0.0, 0
u,0.5, 0.0, 0
u,0.5, 0.5, 0
u,0.0, 0.5, 0
u,0.0, 0.5, 0
u,0.7386119365692139, 0.037612080574035645, 0
u,0.7499940991401672, 0.2727701663970947, 0
u,0.7386119365692139, 0.2727701663970947, 0
u,0.0, 0.5, 0
u,0.0, 0.0, 0
u,0.0, 0.0, 0
u,0.9544594287872314, 0.5, 0
u,0.7272297143936157, 0.2727702856063843, 0
u,0.7272297143936157, 0.5, 0
u,0.5, 0.0, 0
u,0.0, 0.5, 0
u,0.0, 0.0, 0
u,0.5, 0.5, 0
u,1.0, 0.5, 0
u,1.0, 0.5, 0
u,1.0, 1.0, 0
u,0.5, 1.0, 0
u,0.5, 1.0, 0
u,0.749994158744812, 0.03761214017868042, 0
u,0.7613763213157654, 0.2727702260017395, 0
u,0.749994158744812, 0.2727701663970947, 0
u,0.5, 1.0, 0
u,0.5, 0.5, 0
u,0.5, 0.5, 0
u,0.7272297143936157, 0.2727701663970947, 0
u,0.5, 0.04554039239883423, 0
u,0.5, 0.27277010679244995, 0
u,1.0, 0.5, 0
u,0.5, 1.0, 0
u,0.5, 0.5, 0
u,0.0, 0.5, 0
u,0.5, 0.5, 0
u,0.5, 0.5, 0
u,0.5, 1.0, 0
u,0.0, 1.0, 0
u,0.0, 1.0, 0
u,0.7272297739982605, 0.03761214017868042, 0
u,0.7386119365692139, 0.2727702260017395, 0
u,0.7272297739982605, 0.2727702260017395, 0
u,0.0, 1.0, 0
u,0.0, 0.5, 0
u,0.0, 0.5, 0
u,0.7272297143936157, 0.5, 0
u,0.5000000596046448, 0.2727702856063843, 0
u,0.5, 0.5, 0
u,0.5, 0.5, 0
u,0.0, 1.0, 0
u,0.0, 0.5, 0
u,0.0, 0.0, 0
u,0.0, 0.0, 0
u,0.5, 0.0, 0
u,0.5, 0.5, 0
u,0.5, 0.5, 0
u,0.0, 0.5, 0
u,0.7386119365692139, 0.037612080574035645, 0
u,0.7499940991401672, 0.037612080574035645, 0
u,0.7499940991401672, 0.2727701663970947, 0
u,0.0, 0.5, 0
u,0.0, 0.5, 0
u,0.0, 0.0, 0
u,0.9544594287872314, 0.5, 0
u,0.9544594287872314, 0.2727702856063843, 0
u,0.7272297143936157, 0.2727702856063843, 0
u,0.5, 0.0, 0
u,0.5, 0.5, 0
u,0.0, 0.5, 0
u,0.5, 0.5, 0
u,0.5, 0.5, 0
u,1.0, 0.5, 0
u,1.0, 1.0, 0
u,1.0, 1.0, 0
u,0.5, 1.0, 0
u,0.749994158744812, 0.03761214017868042, 0
u,0.7613763213157654, 0.037612080574035645, 0
u,0.7613763213157654, 0.2727702260017395, 0
u,0.5, 1.0, 0
u,0.5, 1.0, 0
u,0.5, 0.5, 0
u,0.7272297143936157, 0.2727701663970947, 0
u,0.7272297143936157, 0.045540452003479004, 0
u,0.5, 0.04554039239883423, 0
u,1.0, 0.5, 0
u,1.0, 1.0, 0
u,0.5, 1.0, 0
u,0.0, 0.5, 0
u,0.0, 0.5, 0
u,0.5, 0.5, 0
u,0.5, 1.0, 0
u,0.5, 1.0, 0
u,0.0, 1.0, 0
u,0.7272297739982605, 0.03761214017868042, 0
u,0.7386119365692139, 0.037612080574035645, 0
u,0.7386119365692139, 0.2727702260017395, 0
u,0.0, 1.0, 0
u,0.0, 1.0, 0
u,0.0, 0.5, 0
u,0.7272297143936157, 0.5, 0
u,0.7272297143936157, 0.2727702856063843, 0
u,0.5000000596046448, 0.2727702856063843, 0
u,0.5, 0.5, 0
u,0.5, 1.0, 0
u,0.0, 1.0, 0
