v,0.0008482933044433594, 0.025492647662758827, 0.028202833607792854
v,0.0008482933044433594, 0.02847173996269703, 0.027170341461896896
v,0.0008482933044433594, 0.024110687896609306, 0.013490468263626099
v,0.0008482895791530609, -0.048286229372024536, -0.03617857024073601
v,0.0008482895791530609, -0.04320187121629715, -0.02987845055758953
v,0.0008482895791530609, -0.04561819136142731, -0.03944865241646767
v,0.0008482933044433594, -0.03219782933592796, 0.019890254363417625
v,0.0008482933044433594, -0.03179653733968735, 0.02301754802465439
v,0.0008482933044433594, -0.028436264023184776, 0.027169156819581985
v,0.0008483044803142548, 0.045913662761449814, -0.03915957733988762
v,0.0008483044803142548, 0.03870675340294838, -0.03547139838337898
v,0.0008483044803142548, 0.043459925800561905, -0.029598884284496307
v,0.0008482933044433594, 0.05175676569342613, 0.04810706526041031
v,0.0008482933044433594, 0.06044371798634529, 0.049809183925390244
v,0.0008482933044433594, 0.05703260749578476, 0.04164068400859833
v,0.0008482933044433594, 0.05175676569342613, 0.04810706526041031
v,0.0008482933044433594, 0.05703260749578476, 0.04164068400859833
v,0.0008482933044433594, 0.052490025758743286, 0.04043960198760033
v,0.0008482933044433594, 0.049668364226818085, 0.043898019939661026
v,0.0008482933044433594, 0.05175676569342613, 0.04810706526041031
v,0.0008482933044433594, 0.052490025758743286, 0.04043960198760033
v,0.0008482933044433594, 0.050625745207071304, 0.038695573806762695
v,0.0008482933044433594, 0.04789058119058609, 0.031068885698914528
v,0.0008482933044433594, 0.04415307939052582, 0.03162078186869621
v,0.0008482933044433594, 0.049668364226818085, 0.043898019939661026
v,0.0008482933044433594, 0.052490025758743286, 0.04043960198760033
v,0.0008482933044433594, 0.050625745207071304, 0.038695573806762695
v,0.0008482933044433594, 0.039355624467134476, 0.037500832229852676
v,0.0008482933044433594, 0.03956514224410057, 0.04127305746078491
v,0.0008482933044433594, 0.0475856214761734, 0.04242173209786415
v,0.0008482933044433594, 0.0475856214761734, 0.04242173209786415
v,0.0008482933044433594, 0.049668364226818085, 0.043898019939661026
v,0.0008482933044433594, 0.050625745207071304, 0.038695573806762695
v,0.0008482933044433594, 0.050625745207071304, 0.038695573806762695
v,0.0008482933044433594, 0.04415307939052582, 0.03162078186869621
v,0.0008482933044433594, 0.0475856214761734, 0.04242173209786415
v,0.0008482933044433594, 0.04415307939052582, 0.03162078186869621
v,0.0008482933044433594, 0.04101138561964035, 0.02872285060584545
v,0.0008482933044433594, 0.039355624467134476, 0.037500832229852676
v,0.0008482933044433594, 0.0475856214761734, 0.04242173209786415
v,0.0008482933044433594, 0.04415307939052582, 0.03162078186869621
v,0.0008482933044433594, 0.039355624467134476, 0.037500832229852676
v,0.0008482933044433594, 0.04101138561964035, 0.02872285060584545
v,0.0008482933044433594, 0.04595186188817024, 0.025387056171894073
v,0.0008482933044433594, 0.044752225279808044, 0.023690298199653625
v,0.0008482933044433594, 0.044752225279808044, 0.023690298199653625
v,0.0008482933044433594, 0.043647654354572296, 0.022636616602540016
v,0.0008482933044433594, 0.04101138561964035, 0.02872285060584545
v,0.0008482933044433594, 0.043647654354572296, 0.022636616602540016
v,0.0008482933044433594, 0.042139098048210144, 0.02189253829419613
v,0.0008482933044433594, 0.04101138561964035, 0.02872285060584545
v,0.0008482933044433594, 0.042139098048210144, 0.02189253829419613
v,0.0008482933044433594, 0.0406307615339756, 0.021657440811395645
v,0.0008482933044433594, 0.04101138561964035, 0.02872285060584545
v,0.0008482933044433594, 0.0406307615339756, 0.021657440811395645
v,0.0008482933044433594, 0.03945522382855415, 0.021703220903873444
v,0.0008482933044433594, 0.038110796362161636, 0.0243206936866045
v,0.0008482933044433594, 0.04101138561964035, 0.02872285060584545
v,0.0008482933044433594, 0.0406307615339756, 0.021657440811395645
v,0.0008482933044433594, 0.038110796362161636, 0.0243206936866045
v,0.0008482933044433594, 0.03200054541230202, 0.039808426052331924
v,0.0008482933044433594, 0.03360981494188309, 0.04051423817873001
v,0.0008482933044433594, 0.035886071622371674, 0.035004742443561554
v,0.0008482933044433594, 0.035886071622371674, 0.035004742443561554
v,0.0008482933044433594, 0.039355624467134476, 0.037500832229852676
v,0.0008482933044433594, 0.04101138561964035, 0.02872285060584545
v,0.0008482933044433594, 0.03945522382855415, 0.021703220903873444
v,0.0008482933044433594, 0.038133781403303146, 0.022882362827658653
v,0.0008482933044433594, 0.038110796362161636, 0.0243206936866045
v,0.0008482933044433594, 0.030592747032642365, 0.03883099928498268
v,0.0008482933044433594, 0.03200054541230202, 0.039808426052331924
v,0.0008482933044433594, 0.030991297215223312, 0.03304678574204445
v,0.0008482933044433594, 0.03200054541230202, 0.039808426052331924
v,0.0008482933044433594, 0.035886071622371674, 0.035004742443561554
v,0.0008482933044433594, 0.030991297215223312, 0.03304678574204445
v,0.0008482933044433594, 0.035886071622371674, 0.035004742443561554
v,0.0008482933044433594, 0.04101138561964035, 0.02872285060584545
v,0.0008482933044433594, 0.03619762510061264, 0.026564860716462135
v,0.0008482933044433594, 0.030592747032642365, 0.03883099928498268
v,0.0008482933044433594, 0.030991297215223312, 0.03304678574204445
v,0.0008482933044433594, 0.029434414580464363, 0.037339478731155396
v,0.0008482933044433594, 0.02883593924343586, 0.03573352098464966
v,0.0008482933044433594, 0.029434414580464363, 0.037339478731155396
v,0.0008482933044433594, 0.030991297215223312, 0.03304678574204445
v,0.0008482933044433594, 0.028714947402477264, 0.03499852120876312
v,0.0008482933044433594, 0.02883593924343586, 0.03573352098464966
v,0.0008482933044433594, 0.029586853459477425, 0.03335799649357796
v,0.0008482933044433594, 0.04101138561964035, 0.02872285060584545
v,0.0008482933044433594, 0.038110796362161636, 0.0243206936866045
v,0.0008482933044433594, 0.03753102943301201, 0.025434188544750214
v,0.0008482933044433594, 0.02883593924343586, 0.03573352098464966
v,0.0008482933044433594, 0.030991297215223312, 0.03304678574204445
v,0.0008482933044433594, 0.029586853459477425, 0.03335799649357796
v,0.0008482933044433594, 0.030991297215223312, 0.03304678574204445
v,0.0008482933044433594, 0.035886071622371674, 0.035004742443561554
v,0.0008482933044433594, 0.03196576610207558, 0.032255321741104126
v,0.0008482933044433594, 0.028474241495132446, 0.03427496179938316
v,0.0008482933044433594, 0.028714947402477264, 0.03499852120876312
v,0.0008482933044433594, 0.029586853459477425, 0.03335799649357796
v,0.0008482933044433594, 0.04101138561964035, 0.02872285060584545
v,0.0008482933044433594, 0.03753102943301201, 0.025434188544750214
v,0.0008482933044433594, 0.036865439265966415, 0.026249974966049194
v,0.0008482933044433594, 0.04101138561964035, 0.02872285060584545
v,0.0008482933044433594, 0.036865439265966415, 0.026249974966049194
v,0.0008482933044433594, 0.03619762510061264, 0.026564860716462135
v,0.0008482933044433594, 0.029586853459477425, 0.03335799649357796
v,0.0008482933044433594, 0.028331762179732323, 0.03308325633406639
v,0.0008482933044433594, 0.028474241495132446, 0.03427496179938316
v,0.0008482933044433594, 0.028331762179732323, 0.03308325633406639
v,0.0008482933044433594, 0.027509264647960663, 0.03318776935338974
v,0.0008482933044433594, 0.028032932430505753, 0.03361218422651291
v,0.0008482933044433594, 0.028331762179732323, 0.03308325633406639
v,0.0008482933044433594, 0.028032932430505753, 0.03361218422651291
v,0.0008482933044433594, 0.028474241495132446, 0.03427496179938316
v,0.0008482933044433594, 0.03619762510061264, 0.026564860716462135
v,0.0008482933044433594, 0.03528540953993797, 0.026474233716726303
v,0.0008482933044433594, 0.03280578553676605, 0.030722107738256454
v,0.0008482933044433594, 0.035886071622371674, 0.035004742443561554
v,0.0008482933044433594, 0.03619762510061264, 0.026564860716462135
v,0.0008482933044433594, 0.03280578553676605, 0.030722107738256454
v,0.0008482933044433594, 0.03528540953993797, 0.026474233716726303
v,0.0008482933044433594, 0.03453657031059265, 0.026384808123111725
v,0.0008482933044433594, 0.0325339138507843, 0.029846640303730965
v,0.0008482933044433594, 0.03196576610207558, 0.032255321741104126
v,0.0008482933044433594, 0.035886071622371674, 0.035004742443561554
v,0.0008482933044433594, 0.03263136371970177, 0.03143952414393425
v,0.0008482933044433594, 0.03263136371970177, 0.03143952414393425
v,0.0008482933044433594, 0.035886071622371674, 0.035004742443561554
v,0.0008482933044433594, 0.03280578553676605, 0.030722107738256454
v,0.0008482933044433594, 0.03280578553676605, 0.030722107738256454
v,0.0008482933044433594, 0.03528540953993797, 0.026474233716726303
v,0.0008482933044433594, 0.0325339138507843, 0.029846640303730965
v,0.0008482933044433594, 0.03453657031059265, 0.026384808123111725
v,0.0008482933044433594, 0.03353496640920639, 0.025900112465023994
v,0.0008482933044433594, 0.03229599818587303, 0.029131000861525536
v,0.0008482933044433594, 0.0325339138507843, 0.029846640303730965
v,0.0008482933044433594, 0.03453657031059265, 0.026384808123111725
v,0.0008482933044433594, 0.03229599818587303, 0.029131000861525536
v,0.0008482933044433594, 0.03353496640920639, 0.025900112465023994
v,0.0008482933044433594, 0.032617393881082535, 0.025312408804893494
v,0.0008482933044433594, 0.031620126217603683, 0.0282470490783453
v,0.0008482933044433594, 0.03229599818587303, 0.029131000861525536
v,0.0008482933044433594, 0.03353496640920639, 0.025900112465023994
v,0.0008482933044433594, 0.031620126217603683, 0.0282470490783453
v,0.0008482933044433594, 0.032617393881082535, 0.025312408804893494
v,0.0008482933044433594, 0.03206915408372879, 0.024473467841744423
v,0.0008482933044433594, 0.030860209837555885, 0.027466118335723877
v,0.0008482933044433594, 0.031620126217603683, 0.0282470490783453
v,0.0008482933044433594, 0.032617393881082535, 0.025312408804893494
v,0.0008482933044433594, 0.030860209837555885, 0.027466118335723877
v,0.0008482933044433594, 0.031848229467868805, 0.023031914606690407
v,0.0008482933044433594, 0.032261744141578674, 0.019906209781765938
v,0.0008482933044433594, 0.024110687896609306, 0.013490468263626099
v,0.0008482933044433594, 0.03206915408372879, 0.024473467841744423
v,0.0008482933044433594, 0.031848229467868805, 0.023031914606690407
v,0.0008482933044433594, 0.029928306117653847, 0.02709742821753025
v,0.0008482933044433594, 0.030860209837555885, 0.027466118335723877
v,0.0008482933044433594, 0.03206915408372879, 0.024473467841744423
v,0.0008482933044433594, 0.029928306117653847, 0.02709742821753025
v,0.0008482933044433594, 0.031848229467868805, 0.023031914606690407
v,0.0008482933044433594, 0.024110687896609306, 0.013490468263626099
v,0.0008482933044433594, 0.02847173996269703, 0.027170341461896896
v,0.0008482933044433594, 0.024110687896609306, 0.013490468263626099
v,0.0008482933044433594, 0.00795463565737009, 0.01337442547082901
v,0.0008482933044433594, 0.025492647662758827, 0.028202833607792854
v,0.0008482933044433594, 0.031848229467868805, 0.023031914606690407
v,0.0008482933044433594, 0.02847173996269703, 0.027170341461896896
v,0.0008482933044433594, 0.029928306117653847, 0.02709742821753025
v,0.0008482895791530609, -0.04320187121629715, -0.02987845055758953
v,0.0008482895791530609, -0.021866677328944206, -0.01183952298015356
v,0.0008482895791530609, -0.038425784558057785, -0.03573232889175415
v,0.0008482895791530609, -0.021866677328944206, -0.01183952298015356
v,0.0008482933044433594, -0.007879077456891537, -0.011688852682709694
v,0.0008482895791530609, -0.038425784558057785, -0.03573232889175415
v,0.0008482895791530609, -0.038425784558057785, -0.03573232889175415
v,0.0008482895791530609, -0.04561819136142731, -0.03944865241646767
v,0.0008482895791530609, -0.04320187121629715, -0.02987845055758953
v,0.0008482895791530609, -0.04561819136142731, -0.03944865241646767
v,0.0008482895791530609, -0.05027718469500542, -0.04052639380097389
v,0.0008482895791530609, -0.048286229372024536, -0.03617857024073601
v,0.0008482895791530609, -0.05705349147319794, 0.04152768477797508
v,0.0008482895791530609, -0.06049652397632599, 0.049682796001434326
v,0.0008482895791530609, -0.05180300027132034, 0.04801465570926666
v,0.0008482895791530609, -0.05705349147319794, 0.04152768477797508
v,0.0008482895791530609, -0.05180300027132034, 0.04801465570926666
v,0.0008482895791530609, -0.05250626802444458, 0.04034438729286194
v,0.0008482895791530609, -0.05180300027132034, 0.04801465570926666
v,0.0008482895791530609, -0.04969814047217369, 0.0438137985765934
v,0.0008482895791530609, -0.05250626802444458, 0.04034438729286194
v,0.0008482895791530609, -0.04760964587330818, 0.042345672845840454
v,0.0008482895791530609, -0.03958473727107048, 0.041228361427783966
v,0.0008482895791530609, -0.039360471069812775, 0.037457000464200974
v,0.0008482895791530609, -0.05250626802444458, 0.04034438729286194
v,0.0008482895791530609, -0.04969814047217369, 0.0438137985765934
v,0.0008482895791530609, -0.050635162740945816, 0.038607653230428696
v,0.0008482895791530609, -0.04969814047217369, 0.0438137985765934
v,0.0008482895791530609, -0.04760964587330818, 0.042345672845840454
v,0.0008482895791530609, -0.050635162740945816, 0.038607653230428696
v,0.0008482895791530609, -0.04413488134741783, 0.03155823424458504
v,0.0008482895791530609, -0.0478702038526535, 0.03099171444773674
v,0.0008482895791530609, -0.050635162740945816, 0.038607653230428696
v,0.0008482895791530609, -0.04760964587330818, 0.042345672845840454
v,0.0008482895791530609, -0.039360471069812775, 0.037457000464200974
v,0.0008482895791530609, -0.04413488134741783, 0.03155823424458504
v,0.0008482895791530609, -0.039360471069812775, 0.037457000464200974
v,0.0008482933044433594, -0.035881176590919495, 0.03497450053691864
v,0.0008482895791530609, -0.040981873869895935, 0.028672605752944946
v,0.0008482895791530609, -0.04413488134741783, 0.03155823424458504
v,0.0008482895791530609, -0.039360471069812775, 0.037457000464200974
v,0.0008482895791530609, -0.040981873869895935, 0.028672605752944946
v,0.0008482933044433594, -0.035881176590919495, 0.03497450053691864
v,0.0008482933044433594, -0.03362647816538811, 0.04049285128712654
v,0.0008482933044433594, -0.03172021359205246, 0.039665646851062775
v,0.0008482933044433594, -0.03172021359205246, 0.039665646851062775
v,0.0008482933044433594, -0.03046286664903164, 0.0387999564409256
v,0.0008482933044433594, -0.030978789553046227, 0.033035699278116226
v,0.0008482933044433594, -0.03046286664903164, 0.0387999564409256
v,0.0008482933044433594, -0.029425958171486855, 0.03747549280524254
v,0.0008482933044433594, -0.030978789553046227, 0.033035699278116226
v,0.0008482933044433594, -0.029425958171486855, 0.03747549280524254
v,0.0008482933044433594, -0.028887296095490456, 0.03604714199900627
v,0.0008482933044433594, -0.030978789553046227, 0.033035699278116226
v,0.0008482933044433594, -0.028887296095490456, 0.03604714199900627
v,0.0008482933044433594, -0.02869166061282158, 0.03488709405064583
v,0.0008482933044433594, -0.029575565829873085, 0.03335240110754967
v,0.0008482933044433594, -0.030978789553046227, 0.033035699278116226
v,0.0008482933044433594, -0.028887296095490456, 0.03604714199900627
v,0.0008482933044433594, -0.029575565829873085, 0.03335240110754967
v,0.0008482895791530609, -0.050635162740945816, 0.038607653230428696
v,0.0008482895791530609, -0.04760964587330818, 0.042345672845840454
v,0.0008482895791530609, -0.04413488134741783, 0.03155823424458504
v,0.0008482933044433594, -0.035881176590919495, 0.03497450053691864
v,0.0008482933044433594, -0.03172021359205246, 0.039665646851062775
v,0.0008482933044433594, -0.030978789553046227, 0.033035699278116226
v,0.0008482933044433594, -0.02869166061282158, 0.03488709405064583
v,0.0008482933044433594, -0.02845733053982258, 0.034219104796648026
v,0.0008482933044433594, -0.029575565829873085, 0.03335240110754967
v,0.0008482895791530609, -0.044889215379953384, 0.023886650800704956
v,0.0008482895791530609, -0.045909274369478226, 0.025317523628473282
v,0.0008482895791530609, -0.040981873869895935, 0.028672605752944946
v,0.0008482933044433594, -0.02845733053982258, 0.034219104796648026
v,0.0008482933044433594, -0.028020182624459267, 0.03359803557395935
v,0.0008482933044433594, -0.028319410979747772, 0.033082570880651474
v,0.0008482933044433594, -0.029575565829873085, 0.03335240110754967
v,0.0008482933044433594, -0.02845733053982258, 0.034219104796648026
v,0.0008482933044433594, -0.028319410979747772, 0.033082570880651474
v,0.0008482933044433594, -0.028020182624459267, 0.03359803557395935
v,0.0008482933044433594, -0.027497338131070137, 0.0331902876496315
v,0.0008482933044433594, -0.028319410979747772, 0.033082570880651474
v,0.0008482895791530609, -0.0436444953083992, 0.022708550095558167
v,0.0008482895791530609, -0.044889215379953384, 0.023886650800704956
v,0.0008482895791530609, -0.040981873869895935, 0.028672605752944946
v,0.0008482895791530609, -0.0436444953083992, 0.022708550095558167
v,0.0008482895791530609, -0.040981873869895935, 0.028672605752944946
v,0.0008482895791530609, -0.04194756969809532, 0.02187979221343994
v,0.0008482895791530609, -0.040981873869895935, 0.028672605752944946
v,0.0008482933044433594, -0.035881176590919495, 0.03497450053691864
v,0.0008482933044433594, -0.03615972027182579, 0.026533452793955803
v,0.0008482895791530609, -0.04025315120816231, 0.021622467786073685
v,0.0008482895791530609, -0.03806409612298012, 0.024281824007630348
v,0.0008482895791530609, -0.03950894996523857, 0.02165437676012516
v,0.0008482895791530609, -0.04025315120816231, 0.021622467786073685
v,0.0008482895791530609, -0.04194756969809532, 0.02187979221343994
v,0.0008482895791530609, -0.03806409612298012, 0.024281824007630348
v,0.0008482895791530609, -0.04194756969809532, 0.02187979221343994
v,0.0008482895791530609, -0.040981873869895935, 0.028672605752944946
v,0.0008482895791530609, -0.03806409612298012, 0.024281824007630348
v,0.0008482933044433594, -0.035881176590919495, 0.03497450053691864
v,0.0008482933044433594, -0.030978789553046227, 0.033035699278116226
v,0.0008482933044433594, -0.03195015341043472, 0.03224042057991028
v,0.0008482895791530609, -0.03806409612298012, 0.024281824007630348
v,0.0008482895791530609, -0.040981873869895935, 0.028672605752944946
v,0.0008482895791530609, -0.037488698959350586, 0.02539757639169693
v,0.0008482895791530609, -0.038751453161239624, 0.021566765382885933
v,0.0008482895791530609, -0.03950894996523857, 0.02165437676012516
v,0.0008482895791530609, -0.03808145225048065, 0.022843414917588234
v,0.0008482933044433594, -0.035881176590919495, 0.03497450053691864
v,0.0008482933044433594, -0.03195015341043472, 0.03224042057991028
v,0.0008482933044433594, -0.03261254355311394, 0.03142203390598297
v,0.0008482933044433594, -0.035881176590919495, 0.03497450053691864
v,0.0008482933044433594, -0.03261254355311394, 0.03142203390598297
v,0.0008482933044433594, -0.032784175127744675, 0.03070392832159996
v,0.0008482895791530609, -0.03808145225048065, 0.022843414917588234
v,0.0008482895791530609, -0.037555795162916183, 0.021671058610081673
v,0.0008482895791530609, -0.038012418895959854, 0.021270353347063065
v,0.0008482895791530609, -0.037555795162916183, 0.021671058610081673
v,0.0008482895791530609, -0.037489864975214005, 0.02084457315504551
v,0.0008482895791530609, -0.038012418895959854, 0.021270353347063065
v,0.0008482895791530609, -0.03808145225048065, 0.022843414917588234
v,0.0008482895791530609, -0.038012418895959854, 0.021270353347063065
v,0.0008482895791530609, -0.038751453161239624, 0.021566765382885933
v,0.0008482933044433594, -0.035881176590919495, 0.03497450053691864
v,0.0008482933044433594, -0.032784175127744675, 0.03070392832159996
v,0.0008482933044433594, -0.03615972027182579, 0.026533452793955803
v,0.0008482933044433594, -0.032784175127744675, 0.03070392832159996
v,0.0008482933044433594, -0.032508864998817444, 0.029829539358615875
v,0.0008482933044433594, -0.035247158259153366, 0.026446402072906494
v,0.0008482933044433594, -0.032508864998817444, 0.029829539358615875
v,0.0008482933044433594, -0.032268162816762924, 0.029114821925759315
v,0.0008482933044433594, -0.03449799120426178, 0.02635990083217621
v,0.0008482895791530609, -0.03806409612298012, 0.024281824007630348
v,0.0008482895791530609, -0.03808145225048065, 0.022843414917588234
v,0.0008482895791530609, -0.03950894996523857, 0.02165437676012516
v,0.0008482895791530609, -0.037488698959350586, 0.02539757639169693
v,0.0008482895791530609, -0.040981873869895935, 0.028672605752944946
v,0.0008482933044433594, -0.03682629391551018, 0.026215974241495132
v,0.0008482933044433594, -0.03682629391551018, 0.026215974241495132
v,0.0008482895791530609, -0.040981873869895935, 0.028672605752944946
v,0.0008482933044433594, -0.03615972027182579, 0.026533452793955803
v,0.0008482933044433594, -0.03615972027182579, 0.026533452793955803
v,0.0008482933044433594, -0.032784175127744675, 0.03070392832159996
v,0.0008482933044433594, -0.035247158259153366, 0.026446402072906494
v,0.0008482933044433594, -0.035247158259153366, 0.026446402072906494
v,0.0008482933044433594, -0.032508864998817444, 0.029829539358615875
v,0.0008482933044433594, -0.03449799120426178, 0.02635990083217621
v,0.0008482933044433594, -0.032268162816762924, 0.029114821925759315
v,0.0008482933044433594, -0.0315888375043869, 0.028233546763658524
v,0.0008482933044433594, -0.03349447622895241, 0.02587912790477276
v,0.0008482933044433594, -0.03449799120426178, 0.02635990083217621
v,0.0008482933044433594, -0.032268162816762924, 0.029114821925759315
v,0.0008482933044433594, -0.03349447622895241, 0.02587912790477276
v,0.0008482933044433594, -0.0315888375043869, 0.028233546763658524
v,0.0008482933044433594, -0.030825864523649216, 0.027455588802695274
v,0.0008482933044433594, -0.0325746163725853, 0.025295015424489975
v,0.0008482933044433594, -0.03349447622895241, 0.02587912790477276
v,0.0008482933044433594, -0.0315888375043869, 0.028233546763658524
v,0.0008482933044433594, -0.0325746163725853, 0.025295015424489975
v,0.0008482933044433594, -0.030825864523649216, 0.027455588802695274
v,0.0008482933044433594, -0.02989252842962742, 0.027090545743703842
v,0.0008482933044433594, -0.0320231057703495, 0.02445823699235916
v,0.0008482933044433594, -0.0325746163725853, 0.025295015424489975
v,0.0008482933044433594, -0.030825864523649216, 0.027455588802695274
v,0.0008482933044433594, -0.0320231057703495, 0.02445823699235916
v,0.0008482933044433594, -0.028436264023184776, 0.027169156819581985
v,0.0008482933044433594, -0.0254612285643816, 0.02821328677237034
v,0.0008482933044433594, -0.023977430537343025, 0.01347183808684349
v,0.0008482933044433594, -0.0254612285643816, 0.02821328677237034
v,0.0008482933044433594, -0.007539214566349983, 0.013180013746023178
v,0.0008482933044433594, -0.023977430537343025, 0.01347183808684349
v,0.0008482933044433594, -0.02989252842962742, 0.027090545743703842
v,0.0008482933044433594, -0.028436264023184776, 0.027169156819581985
v,0.0008482933044433594, -0.03179653733968735, 0.02301754802465439
v,0.0008482933044433594, -0.0320231057703495, 0.02445823699235916
v,0.0008482933044433594, -0.02989252842962742, 0.027090545743703842
v,0.0008482933044433594, -0.03179653733968735, 0.02301754802465439
v,0.0008482933044433594, -0.023977430537343025, 0.01347183808684349
v,0.0008482933044433594, -0.03219782933592796, 0.019890254363417625
v,0.0008482933044433594, -0.028436264023184776, 0.027169156819581985
v,0.0008483044803142548, 0.03870675340294838, -0.03547139838337898
v,0.0008483007550239563, 0.008160095661878586, -0.011620845645666122
v,0.0008483007550239563, 0.02242189832031727, -0.011951850727200508
v,0.0008483007550239563, 0.02242189832031727, -0.011951850727200508
v,0.0008483044803142548, 0.043459925800561905, -0.029598884284496307
v,0.0008483044803142548, 0.03870675340294838, -0.03547139838337898
v,0.0008483044803142548, 0.043459925800561905, -0.029598884284496307
v,0.0008483044803142548, 0.04856886342167854, -0.035879071801900864
v,0.0008483044803142548, 0.045913662761449814, -0.03915957733988762
v,0.0008483044803142548, 0.04856886342167854, -0.035879071801900864
v,0.0008483044803142548, 0.05057680979371071, -0.040219105780124664
v,0.0008483044803142548, 0.045913662761449814, -0.03915957733988762
v,0.0008482895791530609, 0.03945522382855415, 0.021703220903873444
v,0.0008482895791530609, 0.03875342756509781, 0.021610477939248085
v,0.0008482895791530609, 0.038133781403303146, 0.022882362827658653
v,0.0008482895791530609, 0.03875342756509781, 0.021610477939248085
v,0.0008482895791530609, 0.03805607184767723, 0.021309616044163704
v,0.0008482895791530609, 0.038133781403303146, 0.022882362827658653
v,0.0008482895791530609, 0.03805607184767723, 0.021309616044163704
v,0.0008482895791530609, 0.03754999861121178, 0.020881230011582375
v,0.0008482895791530609, 0.03761271387338638, 0.02170795388519764
v,0.0008482895791530609, 0.03805607184767723, 0.021309616044163704
v,0.0008482895791530609, 0.03761271387338638, 0.02170795388519764
v,0.0008482895791530609, 0.038133781403303146, 0.022882362827658653
v,0.0008482895791530609, 0.028331762179732323, 0.03308325633406639
v,0.0015196241438388824, 0.027507565915584564, 0.033186912536621094
v,0.0008482895791530609, 0.027509264647960663, 0.03318776935338974
n,-55.57014083862305, 0.0, 0.0
n,-55.57014083862305, 0.0, 0.0
n,-55.57014083862305, 0.0, 0.0
n,-55.57014083862305, 0.0, 0.0
n,-55.57014083862305, 0.0, 0.0
n,-55.57014083862305, 0.0, 0.0
n,-55.57014083862305, 0.0, 0.0
n,-55.57014083862305, 0.0, 0.0
n,-55.57014083862305, 0.0, 0.0
n,-55.57014083862305, 0.0, 0.0
n,-55.57014083862305, 0.0, 0.0
n,-55.57014083862305, 0.0, 0.0
n,-55.57014083862305, 0.0, 0.0
n,-55.57014083862305, 0.0, 0.0
n,-55.57014083862305, 0.0, 0.0
n,-55.57014083862305, 0.0, 0.0
n,-55.57014083862305, 0.0, 0.0
n,-55.57014083862305, 0.0, 0.0
n,-55.57014083862305, 0.0, 0.0
n,-55.57014083862305, 0.0, 0.0
n,-55.57014083862305, 0.0, 0.0
n,-55.57014083862305, 0.0, 0.0
n,-55.57014083862305, 0.0, 0.0
n,-55.57014083862305, 0.0, 0.0
n,-55.57014083862305, 0.0, 0.0
n,-55.57014083862305, 0.0, 0.0
n,-55.57014083862305, 0.0, 0.0
n,-55.57014083862305, 0.0, 0.0
n,-55.57014083862305, 0.0, 0.0
n,-55.57014083862305, 0.0, 0.0
n,-55.57014083862305, 0.0, 0.0
n,-55.57014083862305, 0.0, 0.0
n,-55.57014083862305, 0.0, 0.0
n,-55.57014083862305, 0.0, 0.0
n,-55.57014083862305, 0.0, 0.0
n,-55.57014083862305, 0.0, 0.0
n,-55.57014083862305, 0.0, 0.0
n,-55.57014083862305, 0.0, 0.0
n,-55.57014083862305, 0.0, 0.0
n,-55.57014083862305, 0.0, 0.0
n,-55.57014083862305, 0.0, 0.0
n,-55.57014083862305, 0.0, 0.0
n,-55.57014083862305, 0.0, 0.0
n,-55.57014083862305, 0.0, 0.0
n,-55.57014083862305, 0.0, 0.0
n,-55.57014083862305, 0.0, 0.0
n,-55.57014083862305, 0.0, 0.0
n,-55.57014083862305, 0.0, 0.0
n,-55.57014083862305, 0.0, 0.0
n,-55.57014083862305, 0.0, 0.0
n,-55.57014083862305, 0.0, 0.0
n,-55.57014083862305, 0.0, 0.0
n,-55.57014083862305, 0.0, 0.0
n,-55.57014083862305, 0.0, 0.0
n,-55.57014083862305, 0.0, 0.0
n,-55.57014083862305, 0.0, 0.0
n,-55.57014083862305, 0.0, 0.0
n,-55.57014083862305, 0.0, 0.0
n,-55.57014083862305, 0.0, 0.0
n,-55.57014083862305, 0.0, 0.0
n,-55.57014083862305, 0.0, 0.0
n,-55.57014083862305, 0.0, 0.0
n,-55.57014083862305, 0.0, 0.0
n,-55.57014083862305, 0.0, 0.0
n,-55.57014083862305, 0.0, 0.0
n,-55.57014083862305, 0.0, 0.0
n,-55.57014083862305, 0.0, 0.0
n,-55.57014083862305, 0.0, 0.0
n,-55.57014083862305, 0.0, 0.0
n,-55.57014083862305, 0.0, 0.0
n,-55.57014083862305, 0.0, 0.0
n,-55.57014083862305, 0.0, 0.0
n,-55.57014083862305, 0.0, 0.0
n,-55.57014083862305, 0.0, 0.0
n,-55.57014083862305, 0.0, 0.0
n,-55.57014083862305, 0.0, 0.0
n,-55.57014083862305, 0.0, 0.0
n,-55.57014083862305, 0.0, 0.0
n,-55.57014083862305, 0.0, 0.0
n,-55.57014083862305, 0.0, 0.0
n,-55.57014083862305, 0.0, 0.0
n,-55.57014083862305, 0.0, 0.0
n,-55.57014083862305, 0.0, 0.0
n,-55.57014083862305, 0.0, 0.0
n,-55.57014083862305, 0.0, 0.0
n,-55.57014083862305, 0.0, 0.0
n,-55.57014083862305, 0.0, 0.0
n,-55.57014083862305, 0.0, 0.0
n,-55.57014083862305, 0.0, 0.0
n,-55.57014083862305, 0.0, 0.0
n,-55.57014083862305, 0.0, 0.0
n,-55.57014083862305, 0.0, 0.0
n,-55.57014083862305, 0.0, 0.0
n,-55.57014083862305, 0.0, 0.0
n,-55.57014083862305, 0.0, 0.0
n,-55.57014083862305, 0.0, 0.0
n,-55.57014083862305, 0.0, 0.0
n,-55.57014083862305, 0.0, 0.0
n,-55.57014083862305, 0.0, 0.0
n,-55.57014083862305, 0.0, 0.0
n,-55.57014083862305, 0.0, 0.0
n,-55.57014083862305, 0.0, 0.0
n,-55.57014083862305, 0.0, 0.0
n,-55.57014083862305, 0.0, 0.0
n,-55.57014083862305, 0.0, 0.0
n,-55.57014083862305, 0.0, 0.0
n,-55.57014083862305, 0.0, 0.0
n,-55.57014083862305, 0.0, 0.0
n,-55.57014083862305, 0.0, 0.0
n,-55.57014083862305, 0.0, 0.0
n,-55.57014083862305, 0.0, 0.0
n,-55.57014083862305, 0.0, 0.0
n,-55.57014083862305, 0.0, 0.0
n,-55.57014083862305, 0.0, 0.0
n,-55.57014083862305, 0.0, 0.0
n,-55.57014083862305, 0.0, 0.0
n,-55.57014083862305, 0.0, 0.0
n,-55.57014083862305, 0.0, 0.0
n,-55.57014083862305, 0.0, 0.0
n,-55.57014083862305, 0.0, 0.0
n,-55.57014083862305, 0.0, 0.0
n,-55.57014083862305, 0.0, 0.0
n,-55.57014083862305, 0.0, 0.0
n,-55.57014083862305, 0.0, 0.0
n,-55.57014083862305, 0.0, 0.0
n,-55.57014083862305, 0.0, 0.0
n,-55.57014083862305, 0.0, 0.0
n,-55.57014083862305, 0.0, 0.0
n,-55.57014083862305, 0.0, 0.0
n,-55.57014083862305, 0.0, 0.0
n,-55.57014083862305, 0.0, 0.0
n,-55.57014083862305, 0.0, 0.0
n,-55.57014083862305, 0.0, 0.0
n,-55.57014083862305, 0.0, 0.0
n,-55.57014083862305, 0.0, 0.0
n,-55.57014083862305, 0.0, 0.0
n,-55.57014083862305, 0.0, 0.0
n,-55.57014083862305, 0.0, 0.0
n,-55.57014083862305, 0.0, 0.0
n,-55.57014083862305, 0.0, 0.0
n,-55.57014083862305, 0.0, 0.0
n,-55.57014083862305, 0.0, 0.0
n,-55.57014083862305, 0.0, 0.0
n,-55.57014083862305, 0.0, 0.0
n,-55.57014083862305, 0.0, 0.0
n,-55.57014083862305, 0.0, 0.0
n,-55.57014083862305, 0.0, 0.0
n,-55.57014083862305, 0.0, 0.0
n,-55.57014083862305, 0.0, 0.0
n,-55.57014083862305, 0.0, 0.0
n,-55.57014083862305, 0.0, 0.0
n,-55.57014083862305, 0.0, 0.0
n,-55.57014083862305, 0.0, 0.0
n,-55.57014083862305, 0.0, 0.0
n,-55.57014083862305, 0.0, 0.0
n,-55.57014083862305, 0.0, 0.0
n,-55.57014083862305, 0.0, 0.0
n,-55.57014083862305, 0.0, 0.0
n,-55.57014083862305, 0.0, 0.0
n,-55.57014083862305, 0.0, 0.0
n,-55.57014083862305, 0.0, 0.0
n,-55.57014083862305, 0.0, 0.0
n,-55.57014083862305, 0.0, 0.0
n,-55.57014083862305, 0.0, 0.0
n,-55.57014083862305, 0.0, 0.0
n,-55.57014083862305, 0.0, 0.0
n,-55.57014083862305, 0.0, 0.0
n,-55.57014083862305, 0.0, 0.0
n,-55.57014083862305, 0.0, 0.0
n,-55.57014083862305, 0.0, 0.0
n,-55.57014083862305, 0.0, 0.0
n,-55.57014083862305, 1.7173202650155872e-05, -1.1902031474164687e-05
n,-55.57014083862305, 1.7173202650155872e-05, -1.1902031474164687e-05
n,-55.57014083862305, 1.7173202650155872e-05, -1.1902031474164687e-05
n,-55.57014083862305, 0.0, 0.0
n,-55.57014083862305, 0.0, 0.0
n,-55.57014083862305, 0.0, 0.0
n,-55.57014083862305, 0.0, 0.0
n,-55.57014083862305, 0.0, 0.0
n,-55.57014083862305, 0.0, 0.0
n,-55.57014083862305, 0.0, 0.0
n,-55.57014083862305, 0.0, 0.0
n,-55.57014083862305, 0.0, 0.0
n,-55.57014083862305, 0.0, 0.0
n,-55.57014083862305, 0.0, 0.0
n,-55.57014083862305, 0.0, 0.0
n,-55.57014083862305, 0.0, 0.0
n,-55.57014083862305, 0.0, 0.0
n,-55.57014083862305, 0.0, 0.0
n,-55.57014083862305, 0.0, 0.0
n,-55.57014083862305, 0.0, 0.0
n,-55.57014083862305, 0.0, 0.0
n,-55.57014083862305, 0.0, 0.0
n,-55.57014083862305, 0.0, 0.0
n,-55.57014083862305, 0.0, 0.0
n,-55.57014083862305, 0.0, 0.0
n,-55.57014083862305, 0.0, 0.0
n,-55.57014083862305, 0.0, 0.0
n,-55.57014083862305, 0.0, 0.0
n,-55.57014083862305, 0.0, 0.0
n,-55.57014083862305, 0.0, 0.0
n,-55.57014083862305, 0.0, 0.0
n,-55.57014083862305, 0.0, 0.0
n,-55.57014083862305, 0.0, 0.0
n,-55.57014083862305, 6.055066114640795e-05, -1.1176313819305506e-05
n,-55.57014083862305, 6.055066114640795e-05, -1.1176313819305506e-05
n,-55.57014083862305, 6.055066114640795e-05, -1.1176313819305506e-05
n,-55.57014083862305, 0.0, 0.0
n,-55.57014083862305, 0.0, 0.0
n,-55.57014083862305, 0.0, 0.0
n,-55.57014083862305, 0.0, 0.0
n,-55.57014083862305, 0.0, 0.0
n,-55.57014083862305, 0.0, 0.0
n,-55.57014083862305, 0.0, 0.0
n,-55.57014083862305, 0.0, 0.0
n,-55.57014083862305, 0.0, 0.0
n,-55.57014083862305, 0.0, 0.0
n,-55.57014083862305, 0.0, 0.0
n,-55.57014083862305, 0.0, 0.0
n,-55.57014083862305, 0.0, 0.0
n,-55.57014083862305, 0.0, 0.0
n,-55.57014083862305, 0.0, 0.0
n,-55.57014083862305, 0.0, 0.0
n,-55.57014083862305, 0.0, 0.0
n,-55.57014083862305, 0.0, 0.0
n,-55.57014083862305, 0.0, 0.0
n,-55.57014083862305, 0.0, 0.0
n,-55.57014083862305, 0.0, 0.0
n,-55.57014083862305, 0.0, 0.0
n,-55.57014083862305, 0.0, 0.0
n,-55.57014083862305, 0.0, 0.0
n,-55.57014083862305, 0.0, 0.0
n,-55.57014083862305, 0.0, 0.0
n,-55.57014083862305, 0.0, 0.0
n,-55.57014083862305, 0.0, 0.0
n,-55.57014083862305, 0.0, 0.0
n,-55.57014083862305, 0.0, 0.0
n,-55.57014083862305, 0.0, 0.0
n,-55.57014083862305, 0.0, 0.0
n,-55.57014083862305, 0.0, 0.0
n,-55.57014083862305, 0.0, 0.0
n,-55.57014083862305, 0.0, 0.0
n,-55.57014083862305, 0.0, 0.0
n,-55.57014083862305, 0.0, 0.0
n,-55.57014083862305, 0.0, 0.0
n,-55.57014083862305, 0.0, 0.0
n,-55.57014083862305, 0.0, 0.0
n,-55.57014083862305, 0.0, 0.0
n,-55.57014083862305, 0.0, 0.0
n,-55.57014083862305, 0.0, 0.0
n,-55.57014083862305, 0.0, 0.0
n,-55.57014083862305, 0.0, 0.0
n,-55.57014083862305, 0.0, 0.0
n,-55.57014083862305, 0.0, 0.0
n,-55.57014083862305, 0.0, 0.0
n,-55.57014083862305, 4.87290344608482e-05, -1.6079970919236075e-06
n,-55.57014083862305, 4.87290344608482e-05, -1.6079970919236075e-06
n,-55.57014083862305, 4.87290344608482e-05, -1.6079970919236075e-06
n,-55.57014083862305, 0.0, 0.0
n,-55.57014083862305, 0.0, 0.0
n,-55.57014083862305, 0.0, 0.0
n,-55.57014083862305, 0.0, 0.0
n,-55.57014083862305, 0.0, 0.0
n,-55.57014083862305, 0.0, 0.0
n,-55.57014083862305, 0.0, 0.0
n,-55.57014083862305, 0.0, 0.0
n,-55.57014083862305, 0.0, 0.0
n,-55.57014083862305, 0.0, 0.0
n,-55.57014083862305, 0.0, 0.0
n,-55.57014083862305, 0.0, 0.0
n,-55.57014083862305, 0.0, 0.0
n,-55.57014083862305, 0.0, 0.0
n,-55.57014083862305, 0.0, 0.0
n,-55.57014083862305, 0.0, 0.0
n,-55.57014083862305, 0.0, 0.0
n,-55.57014083862305, 0.0, 0.0
n,-55.57014083862305, 0.0, 0.0
n,-55.57014083862305, 0.0, 0.0
n,-55.57014083862305, 0.0, 0.0
n,-55.57014083862305, 0.0, 0.0
n,-55.57014083862305, 0.0, 0.0
n,-55.57014083862305, 0.0, 0.0
n,-55.57014083862305, 0.0, 0.0
n,-55.57014083862305, 0.0, 0.0
n,-55.57014083862305, 0.0, 0.0
n,-55.57014083862305, 0.0, 0.0
n,-55.57014083862305, 0.0, 0.0
n,-55.57014083862305, 0.0, 0.0
n,-55.57014083862305, 0.0, 0.0
n,-55.57014083862305, 0.0, 0.0
n,-55.57014083862305, 0.0, 0.0
n,-55.57014083862305, 0.0, 0.0
n,-55.57014083862305, 0.0, 0.0
n,-55.57014083862305, 0.0, 0.0
n,-55.57014083862305, 0.0, 0.0
n,-55.57014083862305, 0.0, 0.0
n,-55.57014083862305, 0.0, 0.0
n,-55.57014083862305, 0.0, 0.0
n,-55.57014083862305, 0.0, 0.0
n,-55.57014083862305, 0.0, 0.0
n,-55.57014083862305, 0.0, 0.0
n,-55.57014083862305, 0.0, 0.0
n,-55.57014083862305, 0.0, 0.0
n,-55.57014083862305, 0.00015528946823906153, 0.00016563310055062175
n,-55.57014083862305, 0.00015528946823906153, 0.00016563310055062175
n,-55.57014083862305, 0.00015528946823906153, 0.00016563310055062175
n,-55.57014083862305, 2.5599296350264922e-05, -5.374784814193845e-05
n,-55.57014083862305, 2.5599296350264922e-05, -5.374784814193845e-05
n,-55.57014083862305, 2.5599296350264922e-05, -5.374784814193845e-05
n,-55.57014083862305, 0.0, 0.0
n,-55.57014083862305, 0.0, 0.0
n,-55.57014083862305, 0.0, 0.0
n,-55.57014083862305, 0.0, 0.0
n,-55.57014083862305, 0.0, 0.0
n,-55.57014083862305, 0.0, 0.0
n,-55.57014083862305, 0.0, 0.0
n,-55.57014083862305, 0.0, 0.0
n,-55.57014083862305, 0.0, 0.0
n,-55.57014083862305, 0.0, 0.0
n,-55.57014083862305, 0.0, 0.0
n,-55.57014083862305, 0.0, 0.0
n,-55.57014083862305, 0.0, 0.0
n,-55.57014083862305, 0.0, 0.0
n,-55.57014083862305, 0.0, 0.0
n,-55.57014083862305, 0.0, 0.0
n,-55.57014083862305, 0.0, 0.0
n,-55.57014083862305, 0.0, 0.0
n,-55.57014083862305, 0.0, 0.0
n,-55.57014083862305, 0.0, 0.0
n,-55.57014083862305, 0.0, 0.0
n,-55.57014083862305, 0.0, 0.0
n,-55.57014083862305, 0.0, 0.0
n,-55.57014083862305, 0.0, 0.0
n,-55.57014083862305, 0.0, 0.0
n,-55.57014083862305, 0.0, 0.0
n,-55.57014083862305, 0.0, 0.0
n,-55.57014083862305, 0.0, 0.0
n,-55.57014083862305, 0.0, 0.0
n,-55.57014083862305, 0.0, 0.0
n,-55.57014083862305, 0.0, 0.0
n,-55.57014083862305, 0.0, 0.0
n,-55.57014083862305, 0.0, 0.0
n,-55.57014083862305, 0.0, 0.0
n,-55.57014083862305, 0.0, 0.0
n,-55.57014083862305, 0.0, 0.0
n,-55.57014083862305, 0.0, 0.0
n,-55.57014083862305, 0.0, 0.0
n,-55.57014083862305, 0.0, 0.0
n,-55.57014083862305, -2.3911516677799227e-07, -1.0302604096068535e-05
n,-55.57014083862305, -2.3911516677799227e-07, -1.0302604096068535e-05
n,-55.57014083862305, -2.3911516677799227e-07, -1.0302604096068535e-05
n,-55.57014083862305, 6.749971362296492e-06, -5.463383331516525e-06
n,-55.57014083862305, 6.749971362296492e-06, -5.463383331516525e-06
n,-55.57014083862305, 6.749971362296492e-06, -5.463383331516525e-06
n,-55.57014083862305, 0.0, 0.0
n,-55.57014083862305, 0.0, 0.0
n,-55.57014083862305, 0.0, 0.0
n,-55.57014083862305, 0.0, 0.0
n,-55.57014083862305, 0.0, 0.0
n,-55.57014083862305, 0.0, 0.0
n,-55.57014083862305, 0.0, 0.0
n,-55.57014083862305, 0.0, 0.0
n,-55.57014083862305, 0.0, 0.0
n,-55.57014083862305, 0.0, 0.0
n,-55.57014083862305, 0.0, 0.0
n,-55.57014083862305, 0.0, 0.0
n,-55.57014083862305, 0.0, 0.0
n,-55.57014083862305, 0.0, 0.0
n,-55.57014083862305, 0.0, 0.0
n,-55.57014083862305, 0.0, 0.0
n,-55.57014083862305, 0.0, 0.0
n,-55.57014083862305, 0.0, 0.0
n,-0.055104728788137436, -4.385705471038818, -34.514564514160156
n,-0.055104728788137436, -4.385705471038818, -34.514564514160156
n,-0.055104728788137436, -4.385705471038818, -34.514564514160156
u,0.5742784142494202, 0.734124630689621, 0
u,0.5543990731239319, 0.7048808038234711, 0
u,0.4587547779083252, 0.7918014228343964, 0
u,0.6993739604949951, 0.9279517233371735, 0
u,0.7165595293045044, 0.849706768989563, 0
u,0.6592169404029846, 0.9162601828575134, 0
u,0.43764185905456543, 0.6806820631027222, 0
u,0.4104318618774414, 0.675910621881485, 0
u,0.3634505867958069, 0.7001646459102631, 0
u,0.7404054403305054, 0.47186708450317383, 0
u,0.725875973701477, 0.5594185888767242, 0
u,0.7976930141448975, 0.5385444462299347, 0
u,0.6372119188308716, 0.3920798897743225, 0
u,0.6179441213607788, 0.2931210994720459, 0
u,0.5639218091964722, 0.35375726222991943, 0
u,0.6372119188308716, 0.3920798897743225, 0
u,0.5639218091964722, 0.35375726222991943, 0
u,0.5714433789253235, 0.40640801191329956, 0
u,0.6106411218643188, 0.4269038438796997, 0
u,0.6372119188308716, 0.3920798897743225, 0
u,0.5714433789253235, 0.40640801191329956, 0
u,0.5642566084861755, 0.43164873123168945, 0
u,0.5120965838432312, 0.483396053314209, 0
u,0.5309320092201233, 0.5222435891628265, 0
u,0.6106411218643188, 0.4269038438796997, 0
u,0.5714433789253235, 0.40640801191329956, 0
u,0.5642566084861755, 0.43164873123168945, 0
u,0.5975765585899353, 0.55709108710289, 0
u,0.6277508735656738, 0.5438701808452606, 0
u,0.6064890027046204, 0.4537314176559448, 0
u,0.6064890027046204, 0.4537314176559448, 0
u,0.6106411218643188, 0.4269038438796997, 0
u,0.5642566084861755, 0.43164873123168945, 0
u,0.5642566084861755, 0.43164873123168945, 0
u,0.5309320092201233, 0.5222435891628265, 0
u,0.6064890027046204, 0.4537314176559448, 0
u,0.5309320092201233, 0.5222435891628265, 0
u,0.5191585421562195, 0.5646598935127258, 0
u,0.5975765585899353, 0.55709108710289, 0
u,0.6064890027046204, 0.4537314176559448, 0
u,0.5309320092201233, 0.5222435891628265, 0
u,0.5975765585899353, 0.55709108710289, 0
u,0.5191585421562195, 0.5646598935127258, 0
u,0.4728589653968811, 0.5208767056465149, 0
u,0.46351683139801025, 0.5387868285179138, 0
u,0.46351683139801025, 0.5387868285179138, 0
u,0.4590916633605957, 0.5538009405136108, 0
u,0.5191585421562195, 0.5646598935127258, 0
u,0.4590916633605957, 0.5538009405136108, 0
u,0.4587547779083252, 0.5722881555557251, 0
u,0.5191585421562195, 0.5646598935127258, 0
u,0.4587547779083252, 0.5722881555557251, 0
u,0.4625966548919678, 0.5892950594425201, 0
u,0.5191585421562195, 0.5646598935127258, 0
u,0.4625966548919678, 0.5892950594425201, 0
u,0.4674713611602783, 0.6018846333026886, 0
u,0.4941101670265198, 0.6088345944881439, 0
u,0.5191585421562195, 0.5646598935127258, 0
u,0.4625966548919678, 0.5892950594425201, 0
u,0.4941101670265198, 0.6088345944881439, 0
u,0.6446735858917236, 0.6299924254417419, 0
u,0.6443108320236206, 0.6105262339115143, 0
u,0.5903576016426086, 0.6018889844417572, 0
u,0.5903576016426086, 0.6018889844417572, 0
u,0.5975765585899353, 0.55709108710289, 0
u,0.5191585421562195, 0.5646598935127258, 0
u,0.4674713611602783, 0.6018846333026886, 0
u,0.4822111129760742, 0.6127623319625854, 0
u,0.4941101670265198, 0.6088345944881439, 0
u,0.6420348882675171, 0.6480667591094971, 0
u,0.6446735858917236, 0.6299924254417419, 0
u,0.5930118560791016, 0.6605489552021027, 0
u,0.6446735858917236, 0.6299924254417419, 0
u,0.5903576016426086, 0.6018889844417572, 0
u,0.5930118560791016, 0.6605489552021027, 0
u,0.5903576016426086, 0.6018889844417572, 0
u,0.5191585421562195, 0.5646598935127258, 0
u,0.5198601484298706, 0.6230239272117615, 0
u,0.6420348882675171, 0.6480667591094971, 0
u,0.5930118560791016, 0.6605489552021027, 0
u,0.6342200636863708, 0.6649339497089386, 0
u,0.6233228445053101, 0.6760742664337158, 0
u,0.6342200636863708, 0.6649339497089386, 0
u,0.5930118560791016, 0.6605489552021027, 0
u,0.6177504062652588, 0.6795179843902588, 0
u,0.6233228445053101, 0.6760742664337158, 0
u,0.6009421944618225, 0.6748451888561249, 0
u,0.5191585421562195, 0.5646598935127258, 0
u,0.4941101670265198, 0.6088345944881439, 0
u,0.5054725408554077, 0.6118760108947754, 0
u,0.6233228445053101, 0.6760742664337158, 0
u,0.5930118560791016, 0.6605489552021027, 0
u,0.6009421944618225, 0.6748451888561249, 0
u,0.5930118560791016, 0.6605489552021027, 0
u,0.5903576016426086, 0.6018889844417572, 0
u,0.5827834010124207, 0.6523007154464722, 0
u,0.6127300262451172, 0.6842240691184998, 0
u,0.6177504062652588, 0.6795179843902588, 0
u,0.6009421944618225, 0.6748451888561249, 0
u,0.5191585421562195, 0.5646598935127258, 0
u,0.5054725408554077, 0.6118760108947754, 0
u,0.5147187113761902, 0.6167106926441193, 0
u,0.5191585421562195, 0.5646598935127258, 0
u,0.5147187113761902, 0.6167106926441193, 0
u,0.5198601484298706, 0.6230239272117615, 0
u,0.6009421944618225, 0.6748451888561249, 0
u,0.603489339351654, 0.6892264485359192, 0
u,0.6127300262451172, 0.6842240691184998, 0
u,0.603489339351654, 0.6892264485359192, 0
u,0.6074953675270081, 0.697824627161026, 0
u,0.6089763641357422, 0.6909247040748596, 0
u,0.603489339351654, 0.6892264485359192, 0
u,0.6089763641357422, 0.6909247040748596, 0
u,0.6127300262451172, 0.6842240691184998, 0
u,0.5198601484298706, 0.6230239272117615, 0
u,0.5226069688796997, 0.6331597566604614, 0
u,0.5669784545898438, 0.647661417722702, 0
u,0.5903576016426086, 0.6018889844417572, 0
u,0.5198601484298706, 0.6230239272117615, 0
u,0.5669784545898438, 0.647661417722702, 0
u,0.5226069688796997, 0.6331597566604614, 0
u,0.5247384309768677, 0.6415238976478577, 0
u,0.5608299374580383, 0.6531459093093872, 0
u,0.5827834010124207, 0.6523007154464722, 0
u,0.5903576016426086, 0.6018889844417572, 0
u,0.5735371708869934, 0.6474660336971283, 0
u,0.5735371708869934, 0.6474660336971283, 0
u,0.5903576016426086, 0.6018889844417572, 0
u,0.5669784545898438, 0.647661417722702, 0
u,0.5669784545898438, 0.647661417722702, 0
u,0.5226069688796997, 0.6331597566604614, 0
u,0.5608299374580383, 0.6531459093093872, 0
u,0.5247384309768677, 0.6415238976478577, 0
u,0.5245913863182068, 0.6537713706493378, 0
u,0.5558638572692871, 0.6577988266944885, 0
u,0.5608299374580383, 0.6531459093093872, 0
u,0.5247384309768677, 0.6415238976478577, 0
u,0.5558638572692871, 0.6577988266944885, 0
u,0.5245913863182068, 0.6537713706493378, 0
u,0.5232769846916199, 0.6654084920883179, 0
u,0.5511917471885681, 0.6676803231239319, 0
u,0.5558638572692871, 0.6577988266944885, 0
u,0.5245913863182068, 0.6537713706493378, 0
u,0.5511917471885681, 0.6676803231239319, 0
u,0.5232769846916199, 0.6654084920883179, 0
u,0.5184860825538635, 0.6737778782844543, 0
u,0.5476871728897095, 0.6781722605228424, 0
u,0.5511917471885681, 0.6676803231239319, 0
u,0.5232769846916199, 0.6654084920883179, 0
u,0.5476871728897095, 0.6781722605228424, 0
u,0.5074939727783203, 0.6803548038005829, 0
u,0.48024433851242065, 0.6849555373191833, 0
u,0.4587547779083252, 0.7918014228343964, 0
u,0.5184860825538635, 0.6737778782844543, 0
u,0.5074939727783203, 0.6803548038005829, 0
u,0.5482260584831238, 0.6893285512924194, 0
u,0.5476871728897095, 0.6781722605228424, 0
u,0.5184860825538635, 0.6737778782844543, 0
u,0.5482260584831238, 0.6893285512924194, 0
u,0.5074939727783203, 0.6803548038005829, 0
u,0.4587547779083252, 0.7918014228343964, 0
u,0.5543990731239319, 0.7048808038234711, 0
u,0.4587547779083252, 0.7918014228343964, 0
u,0.519631028175354, 0.9669906795024872, 0
u,0.5742784142494202, 0.734124630689621, 0
u,0.5074939727783203, 0.6803548038005829, 0
u,0.5543990731239319, 0.7048808038234711, 0
u,0.5482260584831238, 0.6893285512924194, 0
u,0.7165595293045044, 0.849706768989563, 0
u,0.7258760929107666, 0.5588758289813995, 0
u,0.6446735858917236, 0.828777939081192, 0
u,0.7258760929107666, 0.5588758289813995, 0
u,0.6446735858917236, 0.42034631967544556, 0
u,0.6446735858917236, 0.828777939081192, 0
u,0.6446735858917236, 0.828777939081192, 0
u,0.6592169404029846, 0.9162601828575134, 0
u,0.7165595293045044, 0.849706768989563, 0
u,0.6592169404029846, 0.9162601828575134, 0
u,0.6785799860954285, 0.9669905304908752, 0
u,0.6993739604949951, 0.9279517233371735, 0
u,0.3554973006248474, 0.34874576330184937, 0
u,0.3017825484275818, 0.28773611783981323, 0
u,0.282088041305542, 0.38664311170578003, 0
u,0.3554973006248474, 0.34874576330184937, 0
u,0.282088041305542, 0.38664311170578003, 0
u,0.3477466106414795, 0.4013853073120117, 0
u,0.282088041305542, 0.38664311170578003, 0
u,0.3084852695465088, 0.42165422439575195, 0
u,0.3477466106414795, 0.4013853073120117, 0
u,0.3125149607658386, 0.4485253095626831, 0
u,0.2908669710159302, 0.5385941863059998, 0
u,0.3209611177444458, 0.5520095825195312, 0
u,0.3477466106414795, 0.4013853073120117, 0
u,0.3084852695465088, 0.42165422439575195, 0
u,0.3548159897327423, 0.4266875982284546, 0
u,0.3084852695465088, 0.42165422439575195, 0
u,0.3125149607658386, 0.4485253095626831, 0
u,0.3548159897327423, 0.4266875982284546, 0
u,0.3877140283584595, 0.5175484418869019, 0
u,0.4067091941833496, 0.47879064083099365, 0
u,0.3548159897327423, 0.4266875982284546, 0
u,0.3125149607658386, 0.4485253095626831, 0
u,0.3209611177444458, 0.5520095825195312, 0
u,0.3877140283584595, 0.5175484418869019, 0
u,0.3209611177444458, 0.5520095825195312, 0
u,0.32797563076019287, 0.5968820452690125, 0
u,0.3992905020713806, 0.5600658357143402, 0
u,0.3877140283584595, 0.5175484418869019, 0
u,0.3209611177444458, 0.5520095825195312, 0
u,0.3992905020713806, 0.5600658357143402, 0
u,0.32797563076019287, 0.5968820452690125, 0
u,0.2740219235420227, 0.605193555355072, 0
u,0.2734907865524292, 0.6282258331775665, 0
u,0.2734907865524292, 0.6282258331775665, 0
u,0.2757676839828491, 0.6443502306938171, 0
u,0.32506221532821655, 0.6555653214454651, 0
u,0.2757676839828491, 0.6443502306938171, 0
u,0.282656729221344, 0.6594268083572388, 0
u,0.32506221532821655, 0.6555653214454651, 0
u,0.282656729221344, 0.6594268083572388, 0
u,0.29231202602386475, 0.669416069984436, 0
u,0.32506221532821655, 0.6555653214454651, 0
u,0.29231202602386475, 0.669416069984436, 0
u,0.3010823726654053, 0.6749126315116882, 0
u,0.3170737028121948, 0.6698225736618042, 0
u,0.32506221532821655, 0.6555653214454651, 0
u,0.29231202602386475, 0.669416069984436, 0
u,0.3170737028121948, 0.6698225736618042, 0
u,0.3548159897327423, 0.4266875982284546, 0
u,0.3125149607658386, 0.4485253095626831, 0
u,0.3877140283584595, 0.5175484418869019, 0
u,0.32797563076019287, 0.5968820452690125, 0
u,0.2734907865524292, 0.6282258331775665, 0
u,0.32506221532821655, 0.6555653214454651, 0
u,0.3010823726654053, 0.6749126315116882, 0
u,0.3056653141975403, 0.6793940365314484, 0
u,0.3170737028121948, 0.6698225736618042, 0
u,0.45357948541641235, 0.5317420661449432, 0
u,0.44575226306915283, 0.5165376961231232, 0
u,0.3992905020713806, 0.5600658357143402, 0
u,0.3056653141975403, 0.6793940365314484, 0
u,0.3090842366218567, 0.6859328746795654, 0
u,0.31446439027786255, 0.6841977834701538, 0
u,0.3170737028121948, 0.6698225736618042, 0
u,0.3056653141975403, 0.6793940365314484, 0
u,0.31446439027786255, 0.6841977834701538, 0
u,0.3090842366218567, 0.6859328746795654, 0
u,0.3104231357574463, 0.6927770972251892, 0
u,0.31446439027786255, 0.6841977834701538, 0
u,0.4584691524505615, 0.5486403107643127, 0
u,0.45357948541641235, 0.5317420661449432, 0
u,0.3992905020713806, 0.5600658357143402, 0
u,0.4584691524505615, 0.5486403107643127, 0
u,0.3992905020713806, 0.5600658357143402, 0
u,0.4587547183036804, 0.5694124400615692, 0
u,0.3992905020713806, 0.5600658357143402, 0
u,0.32797563076019287, 0.5968820452690125, 0
u,0.3983297348022461, 0.6184649765491486, 0
u,0.45435965061187744, 0.5884923934936523, 0
u,0.42412471771240234, 0.6044244170188904, 0
u,0.4512396454811096, 0.59645015001297, 0
u,0.45435965061187744, 0.5884923934936523, 0
u,0.4587547183036804, 0.5694124400615692, 0
u,0.42412471771240234, 0.6044244170188904, 0
u,0.4587547183036804, 0.5694124400615692, 0
u,0.3992905020713806, 0.5600658357143402, 0
u,0.42412471771240234, 0.6044244170188904, 0
u,0.32797563076019287, 0.5968820452690125, 0
u,0.32506221532821655, 0.6555653214454651, 0
u,0.33532029390335083, 0.6473745107650757, 0
u,0.42412471771240234, 0.6044244170188904, 0
u,0.3992905020713806, 0.5600658357143402, 0
u,0.41275686025619507, 0.6073979139328003, 0
u,0.4490496516227722, 0.6048999428749084, 0
u,0.4512396454811096, 0.59645015001297, 0
u,0.43599778413772583, 0.6084280908107758, 0
u,0.32797563076019287, 0.5968820452690125, 0
u,0.33532029390335083, 0.6473745107650757, 0
u,0.3445814847946167, 0.642593502998352, 0
u,0.32797563076019287, 0.5968820452690125, 0
u,0.3445814847946167, 0.642593502998352, 0
u,0.3511348068714142, 0.642829179763794, 0
u,0.43599778413772583, 0.6084280908107758, 0
u,0.4436017870903015, 0.6175307035446167, 0
u,0.44864439964294434, 0.6137585639953613, 0
u,0.4436017870903015, 0.6175307035446167, 0
u,0.45013242959976196, 0.6206521391868591, 0
u,0.44864439964294434, 0.6137585639953613, 0
u,0.43599778413772583, 0.6084280908107758, 0
u,0.44864439964294434, 0.6137585639953613, 0
u,0.4490496516227722, 0.6048999428749084, 0
u,0.32797563076019287, 0.5968820452690125, 0
u,0.3511348068714142, 0.642829179763794, 0
u,0.3983297348022461, 0.6184649765491486, 0
u,0.3511348068714142, 0.642829179763794, 0
u,0.3572545051574707, 0.6483553647994995, 0
u,0.3955395817756653, 0.6285906434059143, 0
u,0.3572545051574707, 0.6483553647994995, 0
u,0.36219656467437744, 0.6530418395996094, 0
u,0.39337247610092163, 0.6369472146034241, 0
u,0.42412471771240234, 0.6044244170188904, 0
u,0.43599778413772583, 0.6084280908107758, 0
u,0.4512396454811096, 0.59645015001297, 0
u,0.41275686025619507, 0.6073979139328003, 0
u,0.3992905020713806, 0.5600658357143402, 0
u,0.4034954905509949, 0.6121790409088135, 0
u,0.4034954905509949, 0.6121790409088135, 0
u,0.3992905020713806, 0.5600658357143402, 0
u,0.3983297348022461, 0.6184649765491486, 0
u,0.3983297348022461, 0.6184649765491486, 0
u,0.3511348068714142, 0.642829179763794, 0
u,0.3955395817756653, 0.6285906434059143, 0
u,0.3955395817756653, 0.6285906434059143, 0
u,0.3572545051574707, 0.6483553647994995, 0
u,0.39337247610092163, 0.6369472146034241, 0
u,0.36219656467437744, 0.6530418395996094, 0
u,0.36682116985321045, 0.6629587709903717, 0
u,0.3934648036956787, 0.6492040753364563, 0
u,0.39337247610092163, 0.6369472146034241, 0
u,0.36219656467437744, 0.6530418395996094, 0
u,0.3934648036956787, 0.6492040753364563, 0
u,0.36682116985321045, 0.6629587709903717, 0
u,0.3702765703201294, 0.6734794080257416, 0
u,0.3947265148162842, 0.660857081413269, 0
u,0.3934648036956787, 0.6492040753364563, 0
u,0.36682116985321045, 0.6629587709903717, 0
u,0.3947265148162842, 0.660857081413269, 0
u,0.3702765703201294, 0.6734794080257416, 0
u,0.3696884512901306, 0.6846398711204529, 0
u,0.3994767665863037, 0.6692616045475006, 0
u,0.3947265148162842, 0.660857081413269, 0
u,0.3702765703201294, 0.6734794080257416, 0
u,0.3994767665863037, 0.6692616045475006, 0
u,0.3634505867958069, 0.7001646459102631, 0
u,0.3434549570083618, 0.7293059825897217, 0
u,0.4587547183036804, 0.7883123755455017, 0
u,0.3434549570083618, 0.7293059825897217, 0
u,0.39802056550979614, 0.9669906795024872, 0
u,0.4587547183036804, 0.7883123755455017, 0
u,0.3696884512901306, 0.6846398711204529, 0
u,0.3634505867958069, 0.7001646459102631, 0
u,0.4104318618774414, 0.675910621881485, 0
u,0.3994767665863037, 0.6692616045475006, 0
u,0.3696884512901306, 0.6846398711204529, 0
u,0.4104318618774414, 0.675910621881485, 0
u,0.4587547183036804, 0.7883123755455017, 0
u,0.43764185905456543, 0.6806820631027222, 0
u,0.3634505867958069, 0.7001646459102631, 0
u,0.725875973701477, 0.5594185888767242, 0
u,0.725875973701477, 0.96699059009552, 0
u,0.8068407773971558, 0.8246659636497498, 0
u,0.8068407773971558, 0.8246659636497498, 0
u,0.7976930141448975, 0.5385444462299347, 0
u,0.725875973701477, 0.5594185888767242, 0
u,0.7976930141448975, 0.5385444462299347, 0
u,0.7805237770080566, 0.4602065682411194, 0
u,0.7404054403305054, 0.47186708450317383, 0
u,0.7805237770080566, 0.4602065682411194, 0
u,0.7597495913505554, 0.42110830545425415, 0
u,0.7404054403305054, 0.47186708450317383, 0
u,0.4674713611602783, 0.6018846333026886, 0
u,0.4693955183029175, 0.6097492277622223, 0
u,0.4822111129760742, 0.6127623319625854, 0
u,0.4693955183029175, 0.6097492277622223, 0
u,0.46959376335144043, 0.6181701719760895, 0
u,0.4822111129760742, 0.6127623319625854, 0
u,0.46959376335144043, 0.6181701719760895, 0
u,0.4680127501487732, 0.6248911023139954, 0
u,0.47456151247024536, 0.6218118071556091, 0
u,0.46959376335144043, 0.6181701719760895, 0
u,0.47456151247024536, 0.6218118071556091, 0
u,0.4822111129760742, 0.6127623319625854, 0
u,0.603489339351654, 0.6892264485359192, 0
u,0.5990089774131775, 0.7017990350723267, 0
u,0.6074953675270081, 0.697824627161026, 0
