v,-1.8612259736983106e-05, -0.01419682614505291, 0.007292098831385374
v,-0.0001875788439065218, -0.014369893819093704, 0.007016079034656286
v,9.486805356573313e-05, -0.014080592431128025, 0.005588795058429241
v,0.0013359817676246166, -0.012809356674551964, 0.0066463216207921505
v,-1.8612259736983106e-05, -0.01419682614505291, 0.007292098831385374
v,9.486805356573313e-05, -0.014080592431128025, 0.005588795058429241
v,0.002039851387962699, -0.012088404037058353, 0.006361208390444517
v,0.0013359817676246166, -0.012809356674551964, 0.0066463216207921505
v,9.486805356573313e-05, -0.014080592431128025, 0.005588795058429241
v,0.0020742909982800484, -0.012053128331899643, 0.005563417915254831
v,0.002039851387962699, -0.012088404037058353, 0.006361208390444517
v,9.486805356573313e-05, -0.014080592431128025, 0.005588795058429241
v,0.002221598755568266, -0.011902245692908764, 0.004070604220032692
v,0.0020742909982800484, -0.012053128331899643, 0.005563417915254831
v,9.486805356573313e-05, -0.014080592431128025, 0.005588795058429241
v,0.002221598755568266, -0.011902245692908764, 0.004070604220032692
v,9.486805356573313e-05, -0.014080592431128025, 0.005588795058429241
v,0.0005825902335345745, -0.013581032864749432, 0.0028801618609577417
v,0.0023426420520991087, -0.011778264306485653, 0.0030786623246967793
v,0.002221598755568266, -0.011902245692908764, 0.004070604220032692
v,0.0005825902335345745, -0.013581032864749432, 0.0028801618609577417
v,0.002788890153169632, -0.01132118608802557, 0.0028640436939895153
v,0.0023426420520991087, -0.011778264306485653, 0.0030786623246967793
v,0.0005825902335345745, -0.013581032864749432, 0.0028801618609577417
v,-0.0008291841950267553, -0.015027071349322796, 0.0028866964858025312
v,-0.0016923514194786549, -0.01591118797659874, 0.0029681306332349777
v,-0.001754683442413807, -0.01597503200173378, 0.002880039159208536
v,0.002788890153169632, -0.01132118608802557, 0.0028640436939895153
v,0.0005825902335345745, -0.013581032864749432, 0.0028801618609577417
v,-0.0008291841950267553, -0.015027071349322796, 0.0028866964858025312
v,0.002788890153169632, -0.01132118608802557, 0.0028640436939895153
v,-0.0008291841950267553, -0.015027071349322796, 0.0028866964858025312
v,-0.001754683442413807, -0.01597503200173378, 0.002880039159208536
v,0.002788890153169632, -0.01132118608802557, 0.0028640436939895153
v,-0.001754683442413807, -0.01597503200173378, 0.002880039159208536
v,-0.0015690275467932224, -0.015784870833158493, 0.001898001180961728
v,0.0036295384634286165, -0.010460134595632553, 0.0024978567380458117
v,0.002788890153169632, -0.01132118608802557, 0.0028640436939895153
v,-0.0015690275467932224, -0.015784870833158493, 0.001898001180961728
v,0.004269040189683437, -0.009805113077163696, 0.00227137072943151
v,0.0036295384634286165, -0.010460134595632553, 0.0024978567380458117
v,-0.0015690275467932224, -0.015784870833158493, 0.001898001180961728
v,0.004383143037557602, -0.009688240475952625, 0.0016298796981573105
v,0.004269040189683437, -0.009805113077163696, 0.00227137072943151
v,-0.0015690275467932224, -0.015784870833158493, 0.001898001180961728
v,0.00026488053845241666, -0.009297799319028854, 0.0016294361557811499
v,0.002807976445183158, -0.011301636695861816, -9.664555363997351e-06
v,0.000519999535754323, -0.009036488831043243, -0.00011102457938250154
v,0.004383143037557602, -0.009688240475952625, 0.0016298796981573105
v,-0.0015690275467932224, -0.015784870833158493, 0.001898001180961728
v,0.002568816300481558, -0.011546601541340351, 0.0016296994872391224
v,0.002568816300481558, -0.011546601541340351, 0.0016296994872391224
v,-0.0015690275467932224, -0.015784870833158493, 0.001898001180961728
v,0.0007682522991672158, -0.013390865176916122, 0.001629834994673729
v,0.0007682522991672158, -0.013390865176916122, 0.001629834994673729
v,-0.0015690275467932224, -0.015784870833158493, 0.001898001180961728
v,-0.0005162698798812926, -0.014706563204526901, 0.0016253055073320866
v,-0.0015342403203248978, -0.015749240294098854, 0.0015410184860229492
v,-0.0005162698798812926, -0.014706563204526901, 0.0016253055073320866
v,-0.0015690275467932224, -0.015784870833158493, 0.001898001180961728
v,0.002568816300481558, -0.011546601541340351, 0.0016296994872391224
v,0.0007682522991672158, -0.013390865176916122, 0.001629834994673729
v,0.0009935831185430288, -0.01316006574779749, 0.0004214562941342592
v,0.002807976445183158, -0.011301636695861816, -9.664555363997351e-06
v,0.002568816300481558, -0.011546601541340351, 0.0016296994872391224
v,0.0009935831185430288, -0.01316006574779749, 0.0004214562941342592
v,0.002807976445183158, -0.011301636695861816, -9.664555363997351e-06
v,0.0009935831185430288, -0.01316006574779749, 0.0004214562941342592
v,0.0014829521533101797, -0.012658819556236267, -0.0026998016983270645
v,0.0034800043795257807, -0.01061329897493124, -0.004244903102517128
v,0.002807976445183158, -0.011301636695861816, -9.664555363997351e-06
v,0.0014829521533101797, -0.012658819556236267, -0.0026998016983270645
v,0.0034800043795257807, -0.01061329897493124, -0.004244903102517128
v,0.0014829521533101797, -0.012658819556236267, -0.0026998016983270645
v,0.001753578195348382, -0.01238162536174059, -0.004688104148954153
v,0.0034800043795257807, -0.01061329897493124, -0.004244903102517128
v,0.001753578195348382, -0.01238162536174059, -0.004688104148954153
v,0.0018367377342656255, -0.012296447530388832, -0.005502657499164343
v,0.0037445591297000647, -0.01034232322126627, -0.005971146747469902
v,0.0034800043795257807, -0.01061329897493124, -0.004244903102517128
v,0.0018367377342656255, -0.012296447530388832, -0.005502657499164343
v,0.00011120006820419803, -0.014063864946365356, -0.005457043647766113
v,-0.0004175946523901075, -0.014605493284761906, -0.00486110569909215
v,-0.0006120026228018105, -0.014804619364440441, -0.005508878268301487
v,0.00011120006820419803, -0.014063864946365356, -0.005457043647766113
v,-0.0006120026228018105, -0.014804619364440441, -0.005508878268301487
v,0.00083252287004143, -0.013325035572052002, -0.007010831963270903
v,0.000539791421033442, -0.013624871149659157, -0.005860411562025547
v,0.00011120006820419803, -0.014063864946365356, -0.005457043647766113
v,0.00083252287004143, -0.013325035572052002, -0.007010831963270903
v,0.0037445591297000647, -0.01034232322126627, -0.005971146747469902
v,0.0018367377342656255, -0.012296447530388832, -0.005502657499164343
v,0.0018396039959043264, -0.012293512001633644, -0.005900413729250431
v,0.0037445591297000647, -0.01034232322126627, -0.005971146747469902
v,0.0018396039959043264, -0.012293512001633644, -0.005900413729250431
v,0.0017862076638266444, -0.012348203919827938, -0.006112164352089167
v,0.0009304934064857662, -0.013224686495959759, -0.006173199974000454
v,0.000539791421033442, -0.013624871149659157, -0.005860411562025547
v,0.00083252287004143, -0.013325035572052002, -0.007010831963270903
v,0.0037445591297000647, -0.01034232322126627, -0.005971146747469902
v,0.0017862076638266444, -0.012348203919827938, -0.006112164352089167
v,0.0017199430149048567, -0.012416076846420765, -0.00623314781114459
v,0.0011430497979745269, -0.013006972149014473, -0.006303301081061363
v,0.0009304934064857662, -0.013224686495959759, -0.006173199974000454
v,0.00083252287004143, -0.013325035572052002, -0.007010831963270903
v,0.003800526959821582, -0.010284997522830963, -0.0065788994543254375
v,0.0037445591297000647, -0.01034232322126627, -0.005971146747469902
v,0.0017199430149048567, -0.012416076846420765, -0.00623314781114459
v,0.003800526959821582, -0.010284997522830963, -0.0065788994543254375
v,0.0017199430149048567, -0.012416076846420765, -0.00623314781114459
v,0.0016226301668211818, -0.012515751644968987, -0.006332270801067352
v,0.0013579814694821835, -0.012786823324859142, -0.006380496080964804
v,0.0011430497979745269, -0.013006972149014473, -0.006303301081061363
v,0.00083252287004143, -0.013325035572052002, -0.007010831963270903
v,0.003800526959821582, -0.010284997522830963, -0.0065788994543254375
v,0.0016226301668211818, -0.012515751644968987, -0.006332270801067352
v,0.0015112304827198386, -0.012629855424165726, -0.006379885133355856
v,0.003800526959821582, -0.010284997522830963, -0.0065788994543254375
v,0.0015112304827198386, -0.012629855424165726, -0.006379885133355856
v,0.0013579814694821835, -0.012786823324859142, -0.006380496080964804
v,0.003800526959821582, -0.010284997522830963, -0.0065788994543254375
v,0.0013579814694821835, -0.012786823324859142, -0.006380496080964804
v,0.00083252287004143, -0.013325035572052002, -0.007010831963270903
v,0.003795577911660075, -0.010290066711604595, -0.007086336612701416
v,0.003800526959821582, -0.010284997522830963, -0.0065788994543254375
v,0.00083252287004143, -0.013325035572052002, -0.007010831963270903
v,0.00373388035222888, -0.010353261604905128, -0.00748786423355341
v,0.003795577911660075, -0.010290066711604595, -0.007086336612701416
v,0.00083252287004143, -0.013325035572052002, -0.007010831963270903
v,0.00373388035222888, -0.010353261604905128, -0.00748786423355341
v,0.00083252287004143, -0.013325035572052002, -0.007010831963270903
v,0.0015369540778920054, -0.01260350737720728, -0.007639928255230188
v,0.0036172594409435987, -0.010472712107002735, -0.007815242744982243
v,0.00373388035222888, -0.010353261604905128, -0.00748786423355341
v,0.0015369540778920054, -0.01260350737720728, -0.007639928255230188
v,0.0036172594409435987, -0.010472712107002735, -0.007815242744982243
v,0.0015369540778920054, -0.01260350737720728, -0.007639928255230188
v,0.001943264389410615, -0.012187335640192032, -0.007949842140078545
v,0.0034677970688790083, -0.010625802911818027, -0.008044200018048286
v,0.0036172594409435987, -0.010472712107002735, -0.007815242744982243
v,0.001943264389410615, -0.012187335640192032, -0.007949842140078545
v,0.0034677970688790083, -0.010625802911818027, -0.008044200018048286
v,0.001943264389410615, -0.012187335640192032, -0.007949842140078545
v,0.002273674588650465, -0.011848906986415386, -0.008144711144268513
v,0.003294046502560377, -0.010803770273923874, -0.008205927908420563
v,0.0034677970688790083, -0.010625802911818027, -0.008044200018048286
v,0.002273674588650465, -0.011848906986415386, -0.008144711144268513
v,0.003294046502560377, -0.010803770273923874, -0.008205927908420563
v,0.002273674588650465, -0.011848906986415386, -0.008144711144268513
v,0.0025611906312406063, -0.011554412543773651, -0.008268043398857117
v,0.003060376038774848, -0.01104311179369688, -0.00830821692943573
v,0.003294046502560377, -0.010803770273923874, -0.008205927908420563
v,0.0025611906312406063, -0.011554412543773651, -0.008268043398857117
v,0.003060376038774848, -0.01104311179369688, -0.00830821692943573
v,0.0025611906312406063, -0.011554412543773651, -0.008268043398857117
v,0.00281058088876307, -0.011298969388008118, -0.008323714137077332
v,-0.0009167524985969067, -0.010508110746741295, 0.006624128203839064
v,-0.00248895725235343, -0.012118472717702389, 0.007019604090601206
v,-0.0023224004544317722, -0.0119478739798069, 0.007291222922503948
v,-0.00026430838624946773, -0.009839831851422787, 0.006361703854054213
v,-0.00248895725235343, -0.012118472717702389, 0.007019604090601206
v,-0.0009167524985969067, -0.010508110746741295, 0.006624128203839064
v,-0.00022375381377059966, -0.009798293001949787, 0.0054892064072191715
v,-0.00248895725235343, -0.012118472717702389, 0.007019604090601206
v,-0.00026430838624946773, -0.009839831851422787, 0.006361703854054213
v,-0.00022375381377059966, -0.009798293001949787, 0.0054892064072191715
v,-0.0020048164296895266, -0.011622581630945206, 0.004490463063120842
v,-0.00248895725235343, -0.012118472717702389, 0.007019604090601206
v,-7.118705980246887e-05, -0.009642023593187332, 0.003975763916969299
v,-0.0020048164296895266, -0.011622581630945206, 0.004490463063120842
v,-0.00022375381377059966, -0.009798293001949787, 0.0054892064072191715
v,-7.118705980246887e-05, -0.009642023593187332, 0.003975763916969299
v,-0.0017236315179616213, -0.011334572918713093, 0.002880045212805271
v,-0.0020048164296895266, -0.011622581630945206, 0.004490463063120842
v,3.8977250369498506e-05, -0.009529185481369495, 0.0030786620918661356
v,-0.0017236315179616213, -0.011334572918713093, 0.002880045212805271
v,-7.118705980246887e-05, -0.009642023593187332, 0.003975763916969299
v,0.0009106626966968179, -0.008636344224214554, 0.0026681888848543167
v,-0.0017236315179616213, -0.011334572918713093, 0.002880045212805271
v,3.8977250369498506e-05, -0.009529185481369495, 0.0030786620918661356
v,-0.003096377942711115, -0.012740636244416237, 0.0028854135889559984
v,-0.004058348014950752, -0.013725953176617622, 0.0028800389263778925
v,-0.003995433449745178, -0.013661512173712254, 0.002967200707644224
v,0.0009106626966968179, -0.008636344224214554, 0.0026681888848543167
v,-0.003096377942711115, -0.012740636244416237, 0.0028854135889559984
v,-0.0017236315179616213, -0.011334572918713093, 0.002880045212805271
v,0.0009106626966968179, -0.008636344224214554, 0.0026681888848543167
v,-0.004058348014950752, -0.013725953176617622, 0.0028800389263778925
v,-0.003096377942711115, -0.012740636244416237, 0.0028854135889559984
v,0.0009106626966968179, -0.008636344224214554, 0.0026681888848543167
v,-0.003874674206599593, -0.013537821359932423, 0.0019106508698314428
v,-0.004058348014950752, -0.013725953176617622, 0.0028800389263778925
v,0.00196584640070796, -0.007555550895631313, 0.002267698058858514
v,-0.003874674206599593, -0.013537821359932423, 0.0019106508698314428
v,0.0009106626966968179, -0.008636344224214554, 0.0026681888848543167
v,0.002079478232190013, -0.007439160719513893, 0.0016298794653266668
v,-0.003874674206599593, -0.013537821359932423, 0.0019106508698314428
v,0.00196584640070796, -0.007555550895631313, 0.002267698058858514
v,0.002079478232190013, -0.007439160719513893, 0.0016298794653266668
v,0.00026488053845241666, -0.009297799319028854, 0.0016294361557811499
v,-0.003874674206599593, -0.013537821359932423, 0.0019106508698314428
v,0.00026488053845241666, -0.009297799319028854, 0.0016294361557811499
v,-0.00153269711881876, -0.011139004491269588, 0.0016296361573040485
v,-0.003874674206599593, -0.013537821359932423, 0.0019106508698314428
v,-0.00153269711881876, -0.011139004491269588, 0.0016296361573040485
v,-0.002851704368367791, -0.012490024790167809, 0.0016241339035332203
v,-0.003874674206599593, -0.013537821359932423, 0.0019106508698314428
v,-0.0038381151389330626, -0.013500375673174858, 0.0015403584111481905
v,-0.003874674206599593, -0.013537821359932423, 0.0019106508698314428
v,-0.002851704368367791, -0.012490024790167809, 0.0016241339035332203
v,0.000519999535754323, -0.009036488831043243, -0.00011102457938250154
v,-0.00153269711881876, -0.011139004491269588, 0.0016296361573040485
v,0.00026488053845241666, -0.009297799319028854, 0.0016294361557811499
v,0.000519999535754323, -0.009036488831043243, -0.00011102457938250154
v,-0.0011564170708879828, -0.010753592476248741, -0.0004985659616068006
v,-0.00153269711881876, -0.011139004491269588, 0.0016296361573040485
v,0.0011968484614044428, -0.008343213237822056, -0.004375101067125797
v,-0.0011564170708879828, -0.010753592476248741, -0.0004985659616068006
v,0.000519999535754323, -0.009036488831043243, -0.00011102457938250154
v,0.0011968484614044428, -0.008343213237822056, -0.004375101067125797
v,-0.0006093799602240324, -0.010193279013037682, -0.004197635687887669
v,-0.0011564170708879828, -0.010753592476248741, -0.0004985659616068006
v,0.0011968484614044428, -0.008343213237822056, -0.004375101067125797
v,-0.0004697905678767711, -0.010050301440060139, -0.005462834145873785
v,-0.0006093799602240324, -0.010193279013037682, -0.004197635687887669
v,-0.0022668514866381884, -0.011890977621078491, -0.005383580923080444
v,-0.0029156673699617386, -0.012555540539324284, -0.005508878268301487
v,-0.00272013945505023, -0.012355267070233822, -0.004856014158576727
v,0.0014436566270887852, -0.008090414106845856, -0.005992354359477758
v,-0.0004697905678767711, -0.010050301440060139, -0.005462834145873785
v,0.0011968484614044428, -0.008343213237822056, -0.004375101067125797
v,-0.0022668514866381884, -0.011890977621078491, -0.005383580923080444
v,-0.001652277773246169, -0.011261488310992718, -0.006834041327238083
v,-0.0029156673699617386, -0.012555540539324284, -0.005508878268301487
v,-0.0017324405489489436, -0.011343596503138542, -0.005887487903237343
v,-0.001652277773246169, -0.011261488310992718, -0.006834041327238083
v,-0.0022668514866381884, -0.011890977621078491, -0.005383580923080444
v,0.0014436566270887852, -0.008090414106845856, -0.005992354359477758
v,-0.0004623666754923761, -0.010042697191238403, -0.005885280668735504
v,-0.0004697905678767711, -0.010050301440060139, -0.005462834145873785
v,0.0014436566270887852, -0.008090414106845856, -0.005992354359477758
v,-0.0005136336549185216, -0.010095208883285522, -0.006102347746491432
v,-0.0004623666754923761, -0.010042697191238403, -0.005885280668735504
v,-0.001358751324005425, -0.010960837826132774, -0.00618340726941824
v,-0.001652277773246169, -0.011261488310992718, -0.006834041327238083
v,-0.0017324405489489436, -0.011343596503138542, -0.005887487903237343
v,0.0014436566270887852, -0.008090414106845856, -0.005992354359477758
v,-0.0006068684160709381, -0.010190706700086594, -0.006267334800213575
v,-0.0005136336549185216, -0.010095208883285522, -0.006102347746491432
v,-0.0011462359689176083, -0.010743164457380772, -0.0063103544525802135
v,-0.001652277773246169, -0.011261488310992718, -0.006834041327238083
v,-0.001358751324005425, -0.010960837826132774, -0.00618340726941824
v,0.0014980857959017158, -0.008034664206206799, -0.006605044007301331
v,-0.0006068684160709381, -0.010190706700086594, -0.006267334800213575
v,0.0014436566270887852, -0.008090414106845856, -0.005992354359477758
v,0.0014980857959017158, -0.008034664206206799, -0.006605044007301331
v,-0.0007697549881413579, -0.010357546620070934, -0.006377675570547581
v,-0.0006068684160709381, -0.010190706700086594, -0.006267334800213575
v,-0.0009557800949551165, -0.010548085905611515, -0.006377252284437418
v,-0.001652277773246169, -0.011261488310992718, -0.006834041327238083
v,-0.0011462359689176083, -0.010743164457380772, -0.0063103544525802135
v,-0.0007697549881413579, -0.010357546620070934, -0.006377675570547581
v,-0.001652277773246169, -0.011261488310992718, -0.006834041327238083
v,-0.0009557800949551165, -0.010548085905611515, -0.006377252284437418
v,0.0014980857959017158, -0.008034664206206799, -0.006605044007301331
v,-0.001652277773246169, -0.011261488310992718, -0.006834041327238083
v,-0.0007697549881413579, -0.010357546620070934, -0.006377675570547581
v,0.001489373273216188, -0.008043588139116764, -0.007117129396647215
v,-0.001652277773246169, -0.011261488310992718, -0.006834041327238083
v,0.0014980857959017158, -0.008034664206206799, -0.006605044007301331
v,0.001489373273216188, -0.008043588139116764, -0.007117129396647215
v,-0.0010483803926035762, -0.010642933659255505, -0.007397613953799009
v,-0.001652277773246169, -0.011261488310992718, -0.006834041327238083
v,0.0014237196883186698, -0.00811083521693945, -0.007513565476983786
v,-0.0010483803926035762, -0.010642933659255505, -0.007397613953799009
v,0.001489373273216188, -0.008043588139116764, -0.007117129396647215
v,0.0014237196883186698, -0.00811083521693945, -0.007513565476983786
v,-0.0005755063029937446, -0.010158583521842957, -0.007793176919221878
v,-0.0010483803926035762, -0.010642933659255505, -0.007397613953799009
v,0.0013033264549449086, -0.00823415070772171, -0.007835532538592815
v,-0.0005755063029937446, -0.010158583521842957, -0.007793176919221878
v,0.0014237196883186698, -0.00811083521693945, -0.007513565476983786
v,0.0013033264549449086, -0.00823415070772171, -0.007835532538592815
v,-0.00014655065024271607, -0.009719216264784336, -0.008084814995527267
v,-0.0005755063029937446, -0.010158583521842957, -0.007793176919221878
v,0.0011284219799563289, -0.008413299918174744, -0.0080870371311903
v,-0.00014655065024271607, -0.009719216264784336, -0.008084814995527267
v,0.0013033264549449086, -0.00823415070772171, -0.007835532538592815
v,0.0009473786922171712, -0.00859873741865158, -0.008230895735323429
v,-0.00014655065024271607, -0.009719216264784336, -0.008084814995527267
v,0.0011284219799563289, -0.008413299918174744, -0.0080870371311903
v,0.0009473786922171712, -0.00859873741865158, -0.008230895735323429
v,0.0002385390835115686, -0.00932478066533804, -0.008261587470769882
v,-0.00014655065024271607, -0.009719216264784336, -0.008084814995527267
v,0.0007387422956526279, -0.008812437765300274, -0.008312180638313293
v,0.0002385390835115686, -0.00932478066533804, -0.008261587470769882
v,0.0009473786922171712, -0.00859873741865158, -0.008230895735323429
v,0.0007387422956526279, -0.008812437765300274, -0.008312180638313293
v,0.000490564969368279, -0.00906663853675127, -0.008322015404701233
v,0.0002385390835115686, -0.00932478066533804, -0.008261587470769882
v,0.0007682522991672158, -0.013390865176916122, 0.001629834994673729
v,-0.00153269711881876, -0.011139004491269588, 0.0016296361573040485
v,0.0009935831185430288, -0.01316006574779749, 0.0004214562941342592
v,0.00083252287004143, -0.013325035572052002, -0.007010831963270903
v,-0.0010483803926035762, -0.010642933659255505, -0.007397613953799009
v,0.0015369540778920054, -0.01260350737720728, -0.007639928255230188
v,-0.0001875788439065218, -0.014369893819093704, 0.007016079034656286
v,-0.00248895725235343, -0.012118472717702389, 0.007019604090601206
v,9.486805356573313e-05, -0.014080592431128025, 0.005588795058429241
v,0.0009935831185430288, -0.01316006574779749, 0.0004214562941342592
v,-0.0011564170708879828, -0.010753592476248741, -0.0004985659616068006
v,0.0014829521533101797, -0.012658819556236267, -0.0026998016983270645
v,0.0015369540778920054, -0.01260350737720728, -0.007639928255230188
v,-0.0005755063029937446, -0.010158583521842957, -0.007793176919221878
v,0.001943264389410615, -0.012187335640192032, -0.007949842140078545
v,0.0014829521533101797, -0.012658819556236267, -0.0026998016983270645
v,-0.0006093799602240324, -0.010193279013037682, -0.004197635687887669
v,0.001753578195348382, -0.01238162536174059, -0.004688104148954153
v,0.001943264389410615, -0.012187335640192032, -0.007949842140078545
v,-0.00014655065024271607, -0.009719216264784336, -0.008084814995527267
v,0.002273674588650465, -0.011848906986415386, -0.008144711144268513
v,0.003294046502560377, -0.010803770273923874, -0.008205927908420563
v,0.0011284219799563289, -0.008413299918174744, -0.0080870371311903
v,0.0034677970688790083, -0.010625802911818027, -0.008044200018048286
v,9.486805356573313e-05, -0.014080592431128025, 0.005588795058429241
v,-0.0020048164296895266, -0.011622581630945206, 0.004490463063120842
v,0.0005825902335345745, -0.013581032864749432, 0.0028801618609577417
v,0.00011120006820419803, -0.014063864946365356, -0.005457043647766113
v,-0.0022668514866381884, -0.011890977621078491, -0.005383580923080444
v,-0.0004175946523901075, -0.014605493284761906, -0.00486110569909215
v,0.0036295384634286165, -0.010460134595632553, 0.0024978567380458117
v,0.0009106626966968179, -0.008636344224214554, 0.0026681888848543167
v,0.002788890153169632, -0.01132118608802557, 0.0028640436939895153
v,0.004269040189683437, -0.009805113077163696, 0.00227137072943151
v,0.00196584640070796, -0.007555550895631313, 0.002267698058858514
v,0.0036295384634286165, -0.010460134595632553, 0.0024978567380458117
v,0.0017199430149048567, -0.012416076846420765, -0.00623314781114459
v,-0.0006068684160709381, -0.010190706700086594, -0.006267334800213575
v,0.0016226301668211818, -0.012515751644968987, -0.006332270801067352
v,0.0016226301668211818, -0.012515751644968987, -0.006332270801067352
v,-0.0007697549881413579, -0.010357546620070934, -0.006377675570547581
v,0.0015112304827198386, -0.012629855424165726, -0.006379885133355856
v,0.0015112304827198386, -0.012629855424165726, -0.006379885133355856
v,-0.0007697549881413579, -0.010357546620070934, -0.006377675570547581
v,0.0013579814694821835, -0.012786823324859142, -0.006380496080964804
v,0.0014980857959017158, -0.008034664206206799, -0.006605044007301331
v,0.003795577911660075, -0.010290066711604595, -0.007086336612701416
v,0.001489373273216188, -0.008043588139116764, -0.007117129396647215
v,-0.00248895725235343, -0.012118472717702389, 0.007019604090601206
v,-1.8612259736983106e-05, -0.01419682614505291, 0.007292098831385374
v,-0.0023224004544317722, -0.0119478739798069, 0.007291222922503948
v,0.0009935831185430288, -0.01316006574779749, 0.0004214562941342592
v,-0.00153269711881876, -0.011139004491269588, 0.0016296361573040485
v,-0.0011564170708879828, -0.010753592476248741, -0.0004985659616068006
v,0.00083252287004143, -0.013325035572052002, -0.007010831963270903
v,-0.001652277773246169, -0.011261488310992718, -0.006834041327238083
v,-0.0010483803926035762, -0.010642933659255505, -0.007397613953799009
v,0.001489373273216188, -0.008043588139116764, -0.007117129396647215
v,0.00373388035222888, -0.010353261604905128, -0.00748786423355341
v,0.0014237196883186698, -0.00811083521693945, -0.007513565476983786
v,-0.0023224004544317722, -0.0119478739798069, 0.007291222922503948
v,0.0013359817676246166, -0.012809356674551964, 0.0066463216207921505
v,-0.0009167524985969067, -0.010508110746741295, 0.006624128203839064
v,0.0014237196883186698, -0.00811083521693945, -0.007513565476983786
v,0.0036172594409435987, -0.010472712107002735, -0.007815242744982243
v,0.0013033264549449086, -0.00823415070772171, -0.007835532538592815
v,0.0015369540778920054, -0.01260350737720728, -0.007639928255230188
v,-0.0010483803926035762, -0.010642933659255505, -0.007397613953799009
v,-0.0005755063029937446, -0.010158583521842957, -0.007793176919221878
v,0.000519999535754323, -0.009036488831043243, -0.00011102457938250154
v,0.0034800043795257807, -0.01061329897493124, -0.004244903102517128
v,0.0011968484614044428, -0.008343213237822056, -0.004375101067125797
v,-0.0009167524985969067, -0.010508110746741295, 0.006624128203839064
v,0.002039851387962699, -0.012088404037058353, 0.006361208390444517
v,-0.00026430838624946773, -0.009839831851422787, 0.006361703854054213
v,-0.00026430838624946773, -0.009839831851422787, 0.006361703854054213
v,0.0020742909982800484, -0.012053128331899643, 0.005563417915254831
v,-0.00022375381377059966, -0.009798293001949787, 0.0054892064072191715
v,0.0014829521533101797, -0.012658819556236267, -0.0026998016983270645
v,-0.0011564170708879828, -0.010753592476248741, -0.0004985659616068006
v,-0.0006093799602240324, -0.010193279013037682, -0.004197635687887669
v,0.0013033264549449086, -0.00823415070772171, -0.007835532538592815
v,0.0034677970688790083, -0.010625802911818027, -0.008044200018048286
v,0.0011284219799563289, -0.008413299918174744, -0.0080870371311903
v,0.001943264389410615, -0.012187335640192032, -0.007949842140078545
v,-0.0005755063029937446, -0.010158583521842957, -0.007793176919221878
v,-0.00014655065024271607, -0.009719216264784336, -0.008084814995527267
v,-0.0029156673699617386, -0.012555540539324284, -0.005508878268301487
v,-0.0004175946523901075, -0.014605493284761906, -0.00486110569909215
v,-0.00272013945505023, -0.012355267070233822, -0.004856014158576727
v,9.486805356573313e-05, -0.014080592431128025, 0.005588795058429241
v,-0.00248895725235343, -0.012118472717702389, 0.007019604090601206
v,-0.0020048164296895266, -0.011622581630945206, 0.004490463063120842
v,0.003294046502560377, -0.010803770273923874, -0.008205927908420563
v,0.0009473786922171712, -0.00859873741865158, -0.008230895735323429
v,0.0011284219799563289, -0.008413299918174744, -0.0080870371311903
v,-0.00022375381377059966, -0.009798293001949787, 0.0054892064072191715
v,0.002221598755568266, -0.011902245692908764, 0.004070604220032692
v,-7.118705980246887e-05, -0.009642023593187332, 0.003975763916969299
v,-0.0004697905678767711, -0.010050301440060139, -0.005462834145873785
v,0.001753578195348382, -0.01238162536174059, -0.004688104148954153
v,-0.0006093799602240324, -0.010193279013037682, -0.004197635687887669
v,0.0002385390835115686, -0.00932478066533804, -0.008261587470769882
v,0.002273674588650465, -0.011848906986415386, -0.008144711144268513
v,-0.00014655065024271607, -0.009719216264784336, -0.008084814995527267
v,0.0011968484614044428, -0.008343213237822056, -0.004375101067125797
v,0.0037445591297000647, -0.01034232322126627, -0.005971146747469902
v,0.0014436566270887852, -0.008090414106845856, -0.005992354359477758
v,-0.0004175946523901075, -0.014605493284761906, -0.00486110569909215
v,-0.0022668514866381884, -0.011890977621078491, -0.005383580923080444
v,-0.00272013945505023, -0.012355267070233822, -0.004856014158576727
v,0.0009473786922171712, -0.00859873741865158, -0.008230895735323429
v,0.003060376038774848, -0.01104311179369688, -0.00830821692943573
v,0.0007387422956526279, -0.008812437765300274, -0.008312180638313293
v,-7.118705980246887e-05, -0.009642023593187332, 0.003975763916969299
v,0.0023426420520991087, -0.011778264306485653, 0.0030786623246967793
v,3.8977250369498506e-05, -0.009529185481369495, 0.0030786620918661356
v,0.0005825902335345745, -0.013581032864749432, 0.0028801618609577417
v,-0.0020048164296895266, -0.011622581630945206, 0.004490463063120842
v,-0.0017236315179616213, -0.011334572918713093, 0.002880045212805271
v,0.000490564969368279, -0.00906663853675127, -0.008322015404701233
v,0.0025611906312406063, -0.011554412543773651, -0.008268043398857117
v,0.0002385390835115686, -0.00932478066533804, -0.008261587470769882
v,3.8977250369498506e-05, -0.009529185481369495, 0.0030786620918661356
v,0.002788890153169632, -0.01132118608802557, 0.0028640436939895153
v,0.0009106626966968179, -0.008636344224214554, 0.0026681888848543167
v,-0.001652277773246169, -0.011261488310992718, -0.006834041327238083
v,-0.0006120026228018105, -0.014804619364440441, -0.005508878268301487
v,-0.0029156673699617386, -0.012555540539324284, -0.005508878268301487
v,-0.001754683442413807, -0.01597503200173378, 0.002880039159208536
v,-0.003995433449745178, -0.013661512173712254, 0.002967200707644224
v,-0.004058348014950752, -0.013725953176617622, 0.0028800389263778925
v,0.0007387422956526279, -0.008812437765300274, -0.008312180638313293
v,0.00281058088876307, -0.011298969388008118, -0.008323714137077332
v,0.000490564969368279, -0.00906663853675127, -0.008322015404701233
v,0.00011120006820419803, -0.014063864946365356, -0.005457043647766113
v,-0.0017324405489489436, -0.011343596503138542, -0.005887487903237343
v,-0.0022668514866381884, -0.011890977621078491, -0.005383580923080444
v,-0.0004623666754923761, -0.010042697191238403, -0.005885280668735504
v,0.0018367377342656255, -0.012296447530388832, -0.005502657499164343
v,-0.0004697905678767711, -0.010050301440060139, -0.005462834145873785
v,-0.003995433449745178, -0.013661512173712254, 0.002967200707644224
v,-0.0008291841950267553, -0.015027071349322796, 0.0028866964858025312
v,-0.003096377942711115, -0.012740636244416237, 0.0028854135889559984
v,-0.003096377942711115, -0.012740636244416237, 0.0028854135889559984
v,0.0005825902335345745, -0.013581032864749432, 0.0028801618609577417
v,-0.0017236315179616213, -0.011334572918713093, 0.002880045212805271
v,-0.003874674206599593, -0.013537821359932423, 0.0019106508698314428
v,-0.001754683442413807, -0.01597503200173378, 0.002880039159208536
v,-0.004058348014950752, -0.013725953176617622, 0.0028800389263778925
v,-0.0005136336549185216, -0.010095208883285522, -0.006102347746491432
v,0.0018396039959043264, -0.012293512001633644, -0.005900413729250431
v,-0.0004623666754923761, -0.010042697191238403, -0.005885280668735504
v,-0.0017324405489489436, -0.011343596503138542, -0.005887487903237343
v,0.0009304934064857662, -0.013224686495959759, -0.006173199974000454
v,-0.001358751324005425, -0.010960837826132774, -0.00618340726941824
v,0.00196584640070796, -0.007555550895631313, 0.002267698058858514
v,0.004383143037557602, -0.009688240475952625, 0.0016298796981573105
v,0.002079478232190013, -0.007439160719513893, 0.0016298794653266668
v,0.0036295384634286165, -0.010460134595632553, 0.0024978567380458117
v,0.00196584640070796, -0.007555550895631313, 0.002267698058858514
v,0.0009106626966968179, -0.008636344224214554, 0.0026681888848543167
v,0.0017199430149048567, -0.012416076846420765, -0.00623314781114459
v,-0.0005136336549185216, -0.010095208883285522, -0.006102347746491432
v,-0.0006068684160709381, -0.010190706700086594, -0.006267334800213575
v,-0.001358751324005425, -0.010960837826132774, -0.00618340726941824
v,0.0011430497979745269, -0.013006972149014473, -0.006303301081061363
v,-0.0011462359689176083, -0.010743164457380772, -0.0063103544525802135
v,0.0014436566270887852, -0.008090414106845856, -0.005992354359477758
v,0.003800526959821582, -0.010284997522830963, -0.0065788994543254375
v,0.0014980857959017158, -0.008034664206206799, -0.006605044007301331
v,0.002079478232190013, -0.007439160719513893, 0.0016298794653266668
v,0.002568816300481558, -0.011546601541340351, 0.0016296994872391224
v,0.00026488053845241666, -0.009297799319028854, 0.0016294361557811499
v,-0.00153269711881876, -0.011139004491269588, 0.0016296361573040485
v,-0.0005162698798812926, -0.014706563204526901, 0.0016253055073320866
v,-0.002851704368367791, -0.012490024790167809, 0.0016241339035332203
v,-0.0011462359689176083, -0.010743164457380772, -0.0063103544525802135
v,0.0013579814694821835, -0.012786823324859142, -0.006380496080964804
v,-0.0009557800949551165, -0.010548085905611515, -0.006377252284437418
v,0.0016226301668211818, -0.012515751644968987, -0.006332270801067352
v,-0.0006068684160709381, -0.010190706700086594, -0.006267334800213575
v,-0.0007697549881413579, -0.010357546620070934, -0.006377675570547581
v,-0.002851704368367791, -0.012490024790167809, 0.0016241339035332203
v,-0.0015342403203248978, -0.015749240294098854, 0.0015410184860229492
v,-0.0038381151389330626, -0.013500375673174858, 0.0015403584111481905
v,-0.0038381151389330626, -0.013500375673174858, 0.0015403584111481905
v,-0.0015690275467932224, -0.015784870833158493, 0.001898001180961728
v,-0.003874674206599593, -0.013537821359932423, 0.0019106508698314428
v,0.0013579814694821835, -0.012786823324859142, -0.006380496080964804
v,-0.0007697549881413579, -0.010357546620070934, -0.006377675570547581
v,-0.0009557800949551165, -0.010548085905611515, -0.006377252284437418
v,0.00026488053845241666, -0.009297799319028854, 0.0016294361557811499
v,0.002568816300481558, -0.011546601541340351, 0.0016296994872391224
v,0.002807976445183158, -0.011301636695861816, -9.664555363997351e-06
v,0.0014980857959017158, -0.008034664206206799, -0.006605044007301331
v,0.003800526959821582, -0.010284997522830963, -0.0065788994543254375
v,0.003795577911660075, -0.010290066711604595, -0.007086336612701416
v,-0.00248895725235343, -0.012118472717702389, 0.007019604090601206
v,-0.0001875788439065218, -0.014369893819093704, 0.007016079034656286
v,-1.8612259736983106e-05, -0.01419682614505291, 0.007292098831385374
v,0.001489373273216188, -0.008043588139116764, -0.007117129396647215
v,0.003795577911660075, -0.010290066711604595, -0.007086336612701416
v,0.00373388035222888, -0.010353261604905128, -0.00748786423355341
v,-0.0023224004544317722, -0.0119478739798069, 0.007291222922503948
v,-1.8612259736983106e-05, -0.01419682614505291, 0.007292098831385374
v,0.0013359817676246166, -0.012809356674551964, 0.0066463216207921505
v,0.0014237196883186698, -0.00811083521693945, -0.007513565476983786
v,0.00373388035222888, -0.010353261604905128, -0.00748786423355341
v,0.0036172594409435987, -0.010472712107002735, -0.007815242744982243
v,0.000519999535754323, -0.009036488831043243, -0.00011102457938250154
v,0.002807976445183158, -0.011301636695861816, -9.664555363997351e-06
v,0.0034800043795257807, -0.01061329897493124, -0.004244903102517128
v,-0.0009167524985969067, -0.010508110746741295, 0.006624128203839064
v,0.0013359817676246166, -0.012809356674551964, 0.0066463216207921505
v,0.002039851387962699, -0.012088404037058353, 0.006361208390444517
v,-0.00026430838624946773, -0.009839831851422787, 0.006361703854054213
v,0.002039851387962699, -0.012088404037058353, 0.006361208390444517
v,0.0020742909982800484, -0.012053128331899643, 0.005563417915254831
v,0.0013033264549449086, -0.00823415070772171, -0.007835532538592815
v,0.0036172594409435987, -0.010472712107002735, -0.007815242744982243
v,0.0034677970688790083, -0.010625802911818027, -0.008044200018048286
v,-0.0029156673699617386, -0.012555540539324284, -0.005508878268301487
v,-0.0006120026228018105, -0.014804619364440441, -0.005508878268301487
v,-0.0004175946523901075, -0.014605493284761906, -0.00486110569909215
v,-0.00022375381377059966, -0.009798293001949787, 0.0054892064072191715
v,0.0020742909982800484, -0.012053128331899643, 0.005563417915254831
v,0.002221598755568266, -0.011902245692908764, 0.004070604220032692
v,-0.0004697905678767711, -0.010050301440060139, -0.005462834145873785
v,0.0018367377342656255, -0.012296447530388832, -0.005502657499164343
v,0.001753578195348382, -0.01238162536174059, -0.004688104148954153
v,0.0002385390835115686, -0.00932478066533804, -0.008261587470769882
v,0.0025611906312406063, -0.011554412543773651, -0.008268043398857117
v,0.002273674588650465, -0.011848906986415386, -0.008144711144268513
v,0.0011968484614044428, -0.008343213237822056, -0.004375101067125797
v,0.0034800043795257807, -0.01061329897493124, -0.004244903102517128
v,0.0037445591297000647, -0.01034232322126627, -0.005971146747469902
v,0.0009473786922171712, -0.00859873741865158, -0.008230895735323429
v,0.003294046502560377, -0.010803770273923874, -0.008205927908420563
v,0.003060376038774848, -0.01104311179369688, -0.00830821692943573
v,-7.118705980246887e-05, -0.009642023593187332, 0.003975763916969299
v,0.002221598755568266, -0.011902245692908764, 0.004070604220032692
v,0.0023426420520991087, -0.011778264306485653, 0.0030786623246967793
v,0.000490564969368279, -0.00906663853675127, -0.008322015404701233
v,0.00281058088876307, -0.011298969388008118, -0.008323714137077332
v,0.0025611906312406063, -0.011554412543773651, -0.008268043398857117
v,3.8977250369498506e-05, -0.009529185481369495, 0.0030786620918661356
v,0.0023426420520991087, -0.011778264306485653, 0.0030786623246967793
v,0.002788890153169632, -0.01132118608802557, 0.0028640436939895153
v,-0.001652277773246169, -0.011261488310992718, -0.006834041327238083
v,0.00083252287004143, -0.013325035572052002, -0.007010831963270903
v,-0.0006120026228018105, -0.014804619364440441, -0.005508878268301487
v,-0.001754683442413807, -0.01597503200173378, 0.002880039159208536
v,-0.0016923514194786549, -0.01591118797659874, 0.0029681306332349777
v,-0.003995433449745178, -0.013661512173712254, 0.002967200707644224
v,0.0007387422956526279, -0.008812437765300274, -0.008312180638313293
v,0.003060376038774848, -0.01104311179369688, -0.00830821692943573
v,0.00281058088876307, -0.011298969388008118, -0.008323714137077332
v,0.00011120006820419803, -0.014063864946365356, -0.005457043647766113
v,0.000539791421033442, -0.013624871149659157, -0.005860411562025547
v,-0.0017324405489489436, -0.011343596503138542, -0.005887487903237343
v,-0.0004623666754923761, -0.010042697191238403, -0.005885280668735504
v,0.0018396039959043264, -0.012293512001633644, -0.005900413729250431
v,0.0018367377342656255, -0.012296447530388832, -0.005502657499164343
v,-0.003995433449745178, -0.013661512173712254, 0.002967200707644224
v,-0.0016923514194786549, -0.01591118797659874, 0.0029681306332349777
v,-0.0008291841950267553, -0.015027071349322796, 0.0028866964858025312
v,-0.003096377942711115, -0.012740636244416237, 0.0028854135889559984
v,-0.0008291841950267553, -0.015027071349322796, 0.0028866964858025312
v,0.0005825902335345745, -0.013581032864749432, 0.0028801618609577417
v,-0.003874674206599593, -0.013537821359932423, 0.0019106508698314428
v,-0.0015690275467932224, -0.015784870833158493, 0.001898001180961728
v,-0.001754683442413807, -0.01597503200173378, 0.002880039159208536
v,-0.0005136336549185216, -0.010095208883285522, -0.006102347746491432
v,0.0017862076638266444, -0.012348203919827938, -0.006112164352089167
v,0.0018396039959043264, -0.012293512001633644, -0.005900413729250431
v,-0.0017324405489489436, -0.011343596503138542, -0.005887487903237343
v,0.000539791421033442, -0.013624871149659157, -0.005860411562025547
v,0.0009304934064857662, -0.013224686495959759, -0.006173199974000454
v,0.00196584640070796, -0.007555550895631313, 0.002267698058858514
v,0.004269040189683437, -0.009805113077163696, 0.00227137072943151
v,0.004383143037557602, -0.009688240475952625, 0.0016298796981573105
v,0.0017199430149048567, -0.012416076846420765, -0.00623314781114459
v,0.0017862076638266444, -0.012348203919827938, -0.006112164352089167
v,-0.0005136336549185216, -0.010095208883285522, -0.006102347746491432
v,-0.001358751324005425, -0.010960837826132774, -0.00618340726941824
v,0.0009304934064857662, -0.013224686495959759, -0.006173199974000454
v,0.0011430497979745269, -0.013006972149014473, -0.006303301081061363
v,0.0014436566270887852, -0.008090414106845856, -0.005992354359477758
v,0.0037445591297000647, -0.01034232322126627, -0.005971146747469902
v,0.003800526959821582, -0.010284997522830963, -0.0065788994543254375
v,0.002079478232190013, -0.007439160719513893, 0.0016298794653266668
v,0.004383143037557602, -0.009688240475952625, 0.0016298796981573105
v,0.002568816300481558, -0.011546601541340351, 0.0016296994872391224
v,-0.00153269711881876, -0.011139004491269588, 0.0016296361573040485
v,0.0007682522991672158, -0.013390865176916122, 0.001629834994673729
v,-0.0005162698798812926, -0.014706563204526901, 0.0016253055073320866
v,-0.0011462359689176083, -0.010743164457380772, -0.0063103544525802135
v,0.0011430497979745269, -0.013006972149014473, -0.006303301081061363
v,0.0013579814694821835, -0.012786823324859142, -0.006380496080964804
v,-0.002851704368367791, -0.012490024790167809, 0.0016241339035332203
v,-0.0005162698798812926, -0.014706563204526901, 0.0016253055073320866
v,-0.0015342403203248978, -0.015749240294098854, 0.0015410184860229492
v,-0.0038381151389330626, -0.013500375673174858, 0.0015403584111481905
v,-0.0015342403203248978, -0.015749240294098854, 0.0015410184860229492
v,-0.0015690275467932224, -0.015784870833158493, 0.001898001180961728
n,21.79425621032715, -21.27783966064453, 1.3313947420101613e-06
n,21.79425621032715, -21.27783966064453, 1.3313947420101613e-06
n,21.79425621032715, -21.27783966064453, 1.3313947420101613e-06
n,21.79425621032715, -21.27783966064453, 1.3313947420101613e-06
n,21.79425621032715, -21.27783966064453, 1.3313947420101613e-06
n,21.79425621032715, -21.27783966064453, 1.3313947420101613e-06
n,21.79425621032715, -21.27783966064453, 1.3313947420101613e-06
n,21.79425621032715, -21.27783966064453, 1.3313947420101613e-06
n,21.79425621032715, -21.27783966064453, 1.3313947420101613e-06
n,21.79425621032715, -21.27783966064453, 1.3313947420101613e-06
n,21.79425621032715, -21.27783966064453, 1.3313947420101613e-06
n,21.79425621032715, -21.27783966064453, 1.3313947420101613e-06
n,21.79425621032715, -21.27783966064453, 1.3313947420101613e-06
n,21.79425621032715, -21.27783966064453, 1.3313947420101613e-06
n,21.79425621032715, -21.27783966064453, 1.3313947420101613e-06
n,20.832225799560547, 21.322072982788086, 6.254886150360107
n,21.79425621032715, -21.27783966064453, 1.3313947420101613e-06
n,21.79425621032715, -21.27783966064453, 1.3313947420101613e-06
n,21.79425621032715, -21.27783966064453, 1.3313947420101613e-06
n,21.79425621032715, -21.27783966064453, 1.3313947420101613e-06
n,21.79425621032715, -21.27783966064453, 1.3313947420101613e-06
n,21.79425621032715, -21.27783966064453, 1.3313947420101613e-06
n,21.79425621032715, -21.27783966064453, 1.3313947420101613e-06
n,21.79425621032715, -21.27783966064453, 1.3313947420101613e-06
n,21.79425621032715, -21.27783966064453, 1.3313947420101613e-06
n,21.79425621032715, -21.27783966064453, 1.3313947420101613e-06
n,21.79425621032715, -21.27783966064453, 1.3313947420101613e-06
n,21.79425621032715, -21.27783966064453, 1.3313947420101613e-06
n,21.79425621032715, -21.27783966064453, 1.3313947420101613e-06
n,21.79425621032715, -21.27783966064453, 1.3313947420101613e-06
n,21.79425621032715, -21.27783966064453, 1.3313947420101613e-06
n,21.79425621032715, -21.27783966064453, 1.3313947420101613e-06
n,21.79425621032715, -21.27783966064453, 1.3313947420101613e-06
n,21.79425621032715, -21.27783966064453, 1.3313947420101613e-06
n,21.79425621032715, -21.27783966064453, 1.3313947420101613e-06
n,21.79425621032715, -21.27783966064453, 1.3313947420101613e-06
n,21.79425621032715, -21.27783966064453, 1.3313947420101613e-06
n,21.79425621032715, -21.27783966064453, 1.3313947420101613e-06
n,21.79425621032715, -21.27783966064453, 1.3313947420101613e-06
n,21.79425621032715, -21.27783966064453, 1.3313947420101613e-06
n,21.79425621032715, -21.27783966064453, 1.3313947420101613e-06
n,21.79425621032715, -21.27783966064453, 1.3313947420101613e-06
n,21.79425621032715, -21.27783966064453, 1.3313947420101613e-06
n,21.79425621032715, -21.27783966064453, 1.3313947420101613e-06
n,21.79425621032715, -21.27783966064453, 1.3313947420101613e-06
n,21.79425621032715, -21.27783966064453, 1.3313947420101613e-06
n,21.79425621032715, -21.27783966064453, 1.3313947420101613e-06
n,21.79425621032715, -21.27783966064453, 1.3313947420101613e-06
n,21.79425621032715, -21.27783966064453, 1.3313947420101613e-06
n,21.79425621032715, -21.27783966064453, 1.3313947420101613e-06
n,21.79425621032715, -21.27783966064453, 1.3313947420101613e-06
n,21.79425621032715, -21.27783966064453, 1.3313947420101613e-06
n,-21.79425621032715, 21.27783966064453, -1.3313947420101613e-06
n,-21.79425621032715, 21.27783966064453, -1.3313947420101613e-06
n,-21.79425621032715, 21.27783966064453, -1.3313947420101613e-06
n,-21.79425621032715, 21.27783966064453, -1.3313947420101613e-06
n,-21.79425621032715, 21.27783966064453, -1.3313947420101613e-06
n,-21.79425621032715, 21.27783966064453, -1.3313947420101613e-06
n,-21.79425621032715, 21.27783966064453, -1.3313947420101613e-06
n,-21.79425621032715, 21.27783966064453, -1.3313947420101613e-06
n,-21.79425621032715, 21.27783966064453, -1.3313947420101613e-06
n,-21.79425621032715, 21.27783966064453, -1.3313947420101613e-06
n,-21.79425621032715, 21.27783966064453, -1.3313947420101613e-06
n,-21.79425621032715, 21.27783966064453, -1.3313947420101613e-06
n,-21.79425621032715, 21.27783966064453, -1.3313947420101613e-06
n,-21.79425621032715, 21.27783966064453, -1.3313947420101613e-06
n,-21.79425621032715, 21.27783966064453, -1.3313947420101613e-06
n,-21.79425621032715, 21.27783966064453, -1.3313947420101613e-06
n,-21.79425621032715, 21.27783966064453, -1.3313947420101613e-06
n,-21.79425621032715, 21.27783966064453, -1.3313947420101613e-06
n,-21.79425621032715, 21.27783966064453, -1.3313947420101613e-06
n,-21.79425621032715, 21.27783966064453, -1.3313947420101613e-06
n,-21.79425621032715, 21.27783966064453, -1.3313947420101613e-06
n,-21.79425621032715, 21.27783966064453, -1.3313947420101613e-06
n,-21.79425621032715, 21.27783966064453, -1.3313947420101613e-06
n,-21.79425621032715, 21.27783966064453, -1.3313947420101613e-06
n,-21.79425621032715, 21.27783966064453, -1.3313947420101613e-06
n,-21.79425621032715, 21.27783966064453, -1.3313947420101613e-06
n,-21.79425621032715, 21.27783966064453, -1.3313947420101613e-06
n,-21.79425621032715, 21.27783966064453, -1.3313947420101613e-06
n,-21.79425621032715, 21.27783966064453, -1.3313947420101613e-06
n,-21.79425621032715, 21.27783966064453, -1.3313947420101613e-06
n,-21.79425621032715, 21.27783966064453, -1.3313947420101613e-06
n,-21.79425621032715, 21.27783966064453, -1.3313947420101613e-06
n,-21.79425621032715, 21.27783966064453, -1.3313947420101613e-06
n,-21.79425621032715, 21.27783966064453, -1.3313947420101613e-06
n,-21.79425621032715, 21.27783966064453, -1.3313947420101613e-06
n,-21.79425621032715, 21.27783966064453, -1.3313947420101613e-06
n,-21.79425621032715, 21.27783966064453, -1.3313947420101613e-06
n,-21.79425621032715, 21.27783966064453, -1.3313947420101613e-06
n,-21.79425621032715, 21.27783966064453, -1.3313947420101613e-06
n,-21.79425621032715, 21.27783966064453, -1.3313947420101613e-06
n,-21.79425621032715, 21.27783966064453, -1.3313947420101613e-06
n,-21.79425621032715, 21.27783966064453, -1.3313947420101613e-06
n,-21.79425621032715, 21.27783966064453, -1.3313947420101613e-06
n,-21.79425621032715, 21.27783966064453, -1.3313947420101613e-06
n,-21.79425621032715, 21.27783966064453, -1.3313947420101613e-06
n,-21.79425621032715, 21.27783966064453, -1.3313947420101613e-06
n,-21.79425621032715, 21.27783966064453, -1.3313947420101613e-06
n,-21.79425621032715, 21.27783966064453, -1.3313947420101613e-06
n,-20.58308982849121, -21.03247833251953, -7.855395793914795
n,-11.20949935913086, -11.58763313293457, -25.84202003479004
n,-20.50008773803711, -20.941967010498047, -8.301596641540527
n,-20.850250244140625, -21.17814064025879, -6.670041084289551
n,-9.961641311645508, -10.29194164276123, -26.88080596923828
n,-20.955997467041016, -21.32257843017578, -5.824934482574463
n,-8.050189018249512, -8.356374740600586, -28.162057876586914
n,11.653607368469238, 11.827472686767578, -25.53508186340332
n,-20.662612915039062, -21.04747772216797, -7.602384567260742
n,13.106886863708496, 13.535333633422852, 23.93199348449707
n,6.12617301940918, 6.411336898803711, 29.13933563232422
n,5.087208271026611, 5.25676155090332, 29.5672607421875
n,-12.394822120666504, -12.578574180603027, 24.81700897216797
n,-6.136200428009033, -6.188004970550537, 29.185468673706055
n,-0.04492431506514549, -0.074708491563797, 30.458633422851562
n,21.251995086669922, 21.806852340698242, -0.7416004538536072
n,-15.994144439697266, -16.376291275024414, 20.09329605102539
n,-20.54271697998047, -21.210458755493164, -7.473247528076172
n,-11.664294242858887, -11.859464645385742, -25.515357971191406
n,20.682876586914062, 21.22709846496582, -7.026012897491455
n,6.7086052894592285, 6.846012115478516, 28.91128921508789
n,18.736520767211914, 19.237085342407227, -14.374053001403809
n,-10.774567604064941, -10.957778930664062, -26.297754287719727
n,20.747453689575195, 21.25398063659668, 6.748884201049805
n,5.757693290710449, 5.8935699462890625, 29.323211669921875
n,21.25187110900879, 21.725671768188477, 2.0221469402313232
n,-20.719852447509766, -21.415691375732422, -6.308080196380615
n,15.038924217224121, 15.485255241394043, -21.488924026489258
n,-9.192280769348145, -9.287922859191895, -27.513134002685547
n,-19.552783966064453, -20.034549713134766, 12.001733779907227
n,-20.462684631347656, -21.076507568359375, -8.049555778503418
n,10.2723970413208, 10.63067626953125, -26.630859375
n,21.07234001159668, 21.558475494384766, 4.350261211395264
n,-20.967697143554688, -21.575775146484375, -4.751596450805664
n,-6.538585186004639, -6.614879608154297, -29.003902435302734
n,20.783100128173828, 21.296491622924805, 6.500622749328613
n,13.456721305847168, 13.716117858886719, 23.633045196533203
n,5.568063259124756, 5.742886066436768, -29.389657974243164
n,20.956518173217773, 21.46513557434082, 5.273362159729004
n,-20.61857795715332, -21.16746711730957, -7.385696887969971
n,-3.527698040008545, -3.5878942012786865, -30.040279388427734
n,6.6778130531311035, 6.782227039337158, 28.93344497680664
n,-12.576268196105957, -12.881498336791992, -24.569095611572266
n,-14.79759693145752, -15.15673542022705, 21.886995315551758
n,0.5729137659072876, 0.6185827851295471, -30.44708824157715
n,11.723455429077148, 11.970420837402344, 25.43630599975586
n,-21.250141143798828, -21.807817459106445, -0.7659810781478882
n,1.3632241487503052, 1.368807315826416, 30.39743423461914
n,0.05727364867925644, 0.06037786602973938, 30.45864486694336
n,-20.535886764526367, -21.03429412841797, -7.973199844360352
n,-20.139739990234375, -20.663061141967773, 9.755250930786133
n,10.30700969696045, 10.542803764343262, 26.652408599853516
n,20.617916107177734, 21.118314743041992, 7.526921272277832
n,5.536559581756592, 5.50415563583374, 29.44124412536621
n,-16.514013290405273, -16.97249984741211, 19.15614128112793
n,8.203975677490234, 8.383895874023438, 28.10944938659668
n,21.0972843170166, 21.63045310974121, 3.8424131870269775
n,0.005411350633949041, 0.0019804963376373053, -30.458759307861328
n,0.06904048472642899, 0.05664442107081413, -30.458627700805664
n,5.068646430969238, 5.195643424987793, 29.58124542236328
n,-9.011539459228516, -9.410135269165039, 27.531391143798828
n,1.2645386457443237, 1.2865464687347412, -30.405290603637695
n,-21.061433792114258, -21.586668014526367, -4.26238489151001
n,0.055656637996435165, 0.013387474231421947, 30.45870590209961
n,20.82557487487793, 21.336885452270508, 6.226458549499512
n,21.290090560913086, 21.778139114379883, -0.42520084977149963
n,-16.00394630432129, -16.390485763549805, 20.073902130126953
n,20.801807403564453, 21.265172958374023, -6.543187141418457
n,6.7172040939331055, 6.892246723175049, 28.898305892944336
n,18.978538513183594, 19.393220901489258, -13.836695671081543
n,20.74557876586914, 21.25655174255371, 6.7465596199035645
n,5.783326625823975, 5.944064140319824, 29.307971954345703
n,21.23274803161621, 21.75723648071289, 1.878612756729126
n,15.567561149597168, 15.903223037719727, -20.796024322509766
n,-19.550046920776367, -20.0245304107666, 12.022889137268066
n,21.05234146118164, 21.59597396850586, 4.260165691375732
n,-21.065715789794922, -21.553924560546875, -4.404539585113525
n,-6.096855640411377, -6.266735553741455, -29.17691421508789
n,20.78883934020996, 21.282869338989258, 6.526845932006836
n,6.262153625488281, 6.334578990936279, -29.127212524414062
n,20.953840255737305, 21.47564697265625, 5.241127967834473
n,-3.265402317047119, -3.370767593383789, -30.09503173828125
n,6.776566505432129, 6.941036701202393, 28.872758865356445
n,-12.441354751586914, -12.86982250213623, -24.643789291381836
n,-14.957518577575684, -15.303642272949219, 21.67504119873047
n,0.9405436515808105, 0.9248224496841431, -30.43018341064453
n,11.703516006469727, 11.959195137023926, 25.45076560974121
n,-21.294172286987305, -21.776031494140625, -0.3141763210296631
n,1.3933961391448975, 1.439037561416626, 30.392820358276367
n,0.061261557042598724, 0.07783588767051697, 30.45859718322754
n,-20.5428524017334, -21.03376579284668, -7.956633567810059
n,-20.026142120361328, -20.487600326538086, 10.341562271118164
n,10.374784469604492, 10.649178504943848, 26.5837345123291
n,20.61821937561035, 21.122045516967773, 7.515605449676514
n,-16.732868194580078, -17.162673950195312, 18.793344497680664
n,8.356829643249512, 8.576848983764648, 28.00602149963379
n,21.10310935974121, 21.5997314453125, 3.9807634353637695
n,0.0014779260382056236, 0.0015118897426873446, -30.458759307861328
n,0.05382448062300682, 0.0523093044757843, -30.45866584777832
n,5.165756702423096, 5.315948486328125, 29.543046951293945
n,1.2188316583633423, 1.2681376934051514, -30.407928466796875
n,-21.07115936279297, -21.587827682495117, -4.2080864906311035
u,0.5562949180603027, 0.5976224839687347, 0
u,0.5505761504173279, 0.6056718230247498, 0
u,0.564781904220581, 0.6424028873443604, 0
u,0.6091834306716919, 0.60971400141716, 0
u,0.5562949180603027, 0.5976224839687347, 0
u,0.564781904220581, 0.6424028873443604, 0
u,0.6365424990653992, 0.6147896945476532, 0
u,0.6091834306716919, 0.60971400141716, 0
u,0.564781904220581, 0.6424028873443604, 0
u,0.6401242017745972, 0.6357163786888123, 0
u,0.6365424990653992, 0.6147896945476532, 0
u,0.564781904220581, 0.6424028873443604, 0
u,0.6493281722068787, 0.6746573448181152, 0
u,0.6401242017745972, 0.6357163786888123, 0
u,0.564781904220581, 0.6424028873443604, 0
u,0.6493281722068787, 0.6746573448181152, 0
u,0.564781904220581, 0.6424028873443604, 0
u,0.5901923775672913, 0.7121778130531311, 0
u,0.6563646197319031, 0.7004474997520447, 0
u,0.6493281722068787, 0.6746573448181152, 0
u,0.5901923775672913, 0.7121778130531311, 0
u,0.6738079786300659, 0.704420804977417, 0
u,0.6563646197319031, 0.7004474997520447, 0
u,0.5901923775672913, 0.7121778130531311, 0
u,0.5368618965148926, 0.7169422209262848, 0
u,0.5040186643600464, 0.7179989516735077, 0
u,0.5018841028213501, 0.7207086980342865, 0
u,0.6738079786300659, 0.704420804977417, 0
u,0.5901923775672913, 0.7121778130531311, 0
u,0.5368618965148926, 0.7169422209262848, 0
u,0.6738079786300659, 0.704420804977417, 0
u,0.5368618965148926, 0.7169422209262848, 0
u,0.5018841028213501, 0.7207086980342865, 0
u,0.6738079786300659, 0.704420804977417, 0
u,0.5018841028213501, 0.7207086980342865, 0
u,0.5111439824104309, 0.7460626363754272, 0
u,0.7065611481666565, 0.7109028100967407, 0
u,0.6738079786300659, 0.704420804977417, 0
u,0.5111439824104309, 0.7460626363754272, 0
u,0.7313039898872375, 0.7146946489810944, 0
u,0.7065611481666565, 0.7109028100967407, 0
u,0.5111439824104309, 0.7460626363754272, 0
u,0.7372586727142334, 0.7312552332878113, 0
u,0.7313039898872375, 0.7146946489810944, 0
u,0.5111439824104309, 0.7460626363754272, 0
u,0.8227325081825256, 1.0000066746320044, 0
u,0.9082062244415283, 0.9559587351977825, 0
u,0.8227324485778809, 0.9532322064042091, 0
u,0.7372586727142334, 0.7312552332878113, 0
u,0.5111439824104309, 0.7460626363754272, 0
u,0.6687144637107849, 0.7378831803798676, 0
u,0.6687144637107849, 0.7378831803798676, 0
u,0.5111439824104309, 0.7460626363754272, 0
u,0.6004893183708191, 0.7445129752159119, 0
u,0.6004893183708191, 0.7445129752159119, 0
u,0.5111439824104309, 0.7460626363754272, 0
u,0.5519614219665527, 0.7494922876358032, 0
u,0.5136718153953552, 0.7554044723510742, 0
u,0.5519614219665527, 0.7494922876358032, 0
u,0.5111439824104309, 0.7460626363754272, 0
u,0.6687144637107849, 0.7378831803798676, 0
u,0.6004893183708191, 0.7445129752159119, 0
u,0.6119617223739624, 0.7756684124469757, 0
u,0.6819595098495483, 0.7803230881690979, 0
u,0.6687144637107849, 0.7378831803798676, 0
u,0.6119617223739624, 0.7756684124469757, 0
u,0.6819595098495483, 0.7803230881690979, 0
u,0.6119617223739624, 0.7756684124469757, 0
u,0.6384091973304749, 0.8563645780086517, 0
u,0.7180826663970947, 0.8898221850395203, 0
u,0.6819595098495483, 0.7803230881690979, 0
u,0.6384091973304749, 0.8563645780086517, 0
u,0.7180826663970947, 0.8898221850395203, 0
u,0.6384091973304749, 0.8563645780086517, 0
u,0.6538830399513245, 0.9078646302223206, 0
u,0.7180826663970947, 0.8898221850395203, 0
u,0.6538830399513245, 0.9078646302223206, 0
u,0.6590580344200134, 0.9290901124477386, 0
u,0.7324308156967163, 0.9344892054796219, 0
u,0.7180826663970947, 0.8898221850395203, 0
u,0.6590580344200134, 0.9290901124477386, 0
u,0.5938608646392822, 0.9340810850262642, 0
u,0.5723718404769897, 0.9202310368418694, 0
u,0.5665802955627441, 0.9381993785500526, 0
u,0.5938608646392822, 0.9340810850262642, 0
u,0.5665802955627441, 0.9381993785500526, 0
u,0.6251506805419922, 0.9724377542734146, 0
u,0.6110970973968506, 0.9431676045060158, 0
u,0.5938608646392822, 0.9340810850262642, 0
u,0.6251506805419922, 0.9724377542734146, 0
u,0.7324308156967163, 0.9344892054796219, 0
u,0.6590580344200134, 0.9290901124477386, 0
u,0.6600461006164551, 0.9395472034811974, 0
u,0.7324308156967163, 0.9344892054796219, 0
u,0.6600461006164551, 0.9395472034811974, 0
u,0.6587555408477783, 0.945316169410944, 0
u,0.6266549229621887, 0.9500329568982124, 0
u,0.6110970973968506, 0.9431676045060158, 0
u,0.6251506805419922, 0.9724377542734146, 0
u,0.7324308156967163, 0.9344892054796219, 0
u,0.6587555408477783, 0.945316169410944, 0
u,0.6565777063369751, 0.9487372152507305, 0
u,0.6350244283676147, 0.9526681154966354, 0
u,0.6266549229621887, 0.9500329568982124, 0
u,0.6251506805419922, 0.9724377542734146, 0
u,0.7360502481460571, 0.9503370672464371, 0
u,0.7324308156967163, 0.9344892054796219, 0
u,0.6565777063369751, 0.9487372152507305, 0
u,0.7360502481460571, 0.9503370672464371, 0
u,0.6565777063369751, 0.9487372152507305, 0
u,0.65314781665802, 0.9516549408435822, 0
u,0.6433333158493042, 0.9538271129131317, 0
u,0.6350244283676147, 0.9526681154966354, 0
u,0.6251506805419922, 0.9724377542734146, 0
u,0.7360502481460571, 0.9503370672464371, 0
u,0.65314781665802, 0.9516549408435822, 0
u,0.6491051912307739, 0.9533574543893337, 0
u,0.7360502481460571, 0.9503370672464371, 0
u,0.6491051912307739, 0.9533574543893337, 0
u,0.6433333158493042, 0.9538271129131317, 0
u,0.7360502481460571, 0.9503370672464371, 0
u,0.6433333158493042, 0.9538271129131317, 0
u,0.6251506805419922, 0.9724377542734146, 0
u,0.7371628284454346, 0.9637315347790718, 0
u,0.7360502481460571, 0.9503370672464371, 0
u,0.6251506805419922, 0.9724377542734146, 0
u,0.7358389496803284, 0.9745215121656656, 0
u,0.7371628284454346, 0.9637315347790718, 0
u,0.6251506805419922, 0.9724377542734146, 0
u,0.7358389496803284, 0.9745215121656656, 0
u,0.6251506805419922, 0.9724377542734146, 0
u,0.6533631086349487, 0.9865514356642962, 0
u,0.7322764992713928, 0.9835412483662367, 0
u,0.7358389496803284, 0.9745215121656656, 0
u,0.6533631086349487, 0.9865514356642962, 0
u,0.7322764992713928, 0.9835412483662367, 0
u,0.6533631086349487, 0.9865514356642962, 0
u,0.6695260405540466, 0.993228655308485, 0
u,0.7273173332214355, 0.9901677314192057, 0
u,0.7322764992713928, 0.9835412483662367, 0
u,0.6695260405540466, 0.993228655308485, 0
u,0.7273173332214355, 0.9901677314192057, 0
u,0.6695260405540466, 0.993228655308485, 0
u,0.6825056076049805, 0.9971895501948893, 0
u,0.7211322784423828, 0.994979428127408, 0
u,0.7273173332214355, 0.9901677314192057, 0
u,0.6825056076049805, 0.9971895501948893, 0
u,0.7211322784423828, 0.994979428127408, 0
u,0.6825056076049805, 0.9971895501948893, 0
u,0.6936890482902527, 0.9993768533458933, 0
u,0.7126115560531616, 0.9985295846126974, 0
u,0.7211322784423828, 0.994979428127408, 0
u,0.6936890482902527, 0.9993768533458933, 0
u,0.7126115560531616, 0.9985295846126974, 0
u,0.6936890482902527, 0.9993768533458933, 0
u,0.7032472491264343, 0.9999121236905921, 0
u,0.6279765963554382, 0.20774990320205688, 0
u,0.6885907053947449, 0.20324426889419556, 0
u,0.6828448176383972, 0.19525718688964844, 0
u,0.6026028990745544, 0.2124183177947998, 0
u,0.6885907053947449, 0.20324426889419556, 0
u,0.6279765963554382, 0.20774990320205688, 0
u,0.598613440990448, 0.23528921604156494, 0
u,0.6885907053947449, 0.20324426889419556, 0
u,0.6026028990745544, 0.2124183177947998, 0
u,0.598613440990448, 0.23528921604156494, 0
u,0.6637995839118958, 0.2682986855506897, 0
u,0.6885907053947449, 0.20324426889419556, 0
u,0.5891600847244263, 0.2747575044631958, 0
u,0.6637995839118958, 0.2682986855506897, 0
u,0.598613440990448, 0.23528921604156494, 0
u,0.5891600847244263, 0.2747575044631958, 0
u,0.6489571332931519, 0.30979275703430176, 0
u,0.6637995839118958, 0.2682986855506897, 0
u,0.5827781558036804, 0.2980814576148987, 0
u,0.6489571332931519, 0.30979275703430176, 0
u,0.5891600847244263, 0.2747575044631958, 0
u,0.5486965179443359, 0.3054472804069519, 0
u,0.6489571332931519, 0.30979275703430176, 0
u,0.5827781558036804, 0.2980814576148987, 0
u,0.7008979320526123, 0.3144824504852295, 0
u,0.7372586727142334, 0.3183426856994629, 0
u,0.7350998520851135, 0.3156331777572632, 0
u,0.5486965179443359, 0.3054472804069519, 0
u,0.7008979320526123, 0.3144824504852295, 0
u,0.6489571332931519, 0.30979275703430176, 0
u,0.5486965179443359, 0.3054472804069519, 0
u,0.7372586727142334, 0.3183426856994629, 0
u,0.7008979320526123, 0.3144824504852295, 0
u,0.5486965179443359, 0.3054472804069519, 0
u,0.7280919551849365, 0.3433661460876465, 0
u,0.7372586727142334, 0.3183426856994629, 0
u,0.5077991485595703, 0.3123340606689453, 0
u,0.7280919551849365, 0.3433661460876465, 0
u,0.5486965179443359, 0.3054472804069519, 0
u,0.5018841028213501, 0.3288891911506653, 0
u,0.7280919551849365, 0.3433661460876465, 0
u,0.5077991485595703, 0.3123340606689453, 0
u,0.5018841028213501, 0.3288891911506653, 0
u,0.5704269409179688, 0.3355218172073364, 0
u,0.7280919551849365, 0.3433661460876465, 0
u,0.5704269409179688, 0.3355218172073364, 0
u,0.638641893863678, 0.34217721223831177, 0
u,0.7280919551849365, 0.3433661460876465, 0
u,0.638641893863678, 0.34217721223831177, 0
u,0.6883794069290161, 0.3472776412963867, 0
u,0.7280919551849365, 0.3433661460876465, 0
u,0.7254800796508789, 0.35304003953933716, 0
u,0.7280919551849365, 0.3433661460876465, 0
u,0.6883794069290161, 0.3472776412963867, 0
u,0.5563317537307739, 0.3805783987045288, 0
u,0.638641893863678, 0.34217721223831177, 0
u,0.5704269409179688, 0.3355218172073364, 0
u,0.5563317537307739, 0.3805783987045288, 0
u,0.6191015243530273, 0.3970768451690674, 0
u,0.638641893863678, 0.34217721223831177, 0
u,0.5199518203735352, 0.4908217191696167, 0
u,0.6191015243530273, 0.3970768451690674, 0
u,0.5563317537307739, 0.3805783987045288, 0
u,0.5199518203735352, 0.4908217191696167, 0
u,0.588945746421814, 0.4928112030029297, 0
u,0.6191015243530273, 0.3970768451690674, 0
u,0.5199518203735352, 0.4908217191696167, 0
u,0.5802967548370361, 0.5256831645965576, 0
u,0.588945746421814, 0.4928112030029297, 0
u,0.6482006311416626, 0.5299127101898193, 0
u,0.6725624799728394, 0.535833328962326, 0
u,0.6668155193328857, 0.5178343951702118, 0
u,0.5065547823905945, 0.5326735377311707, 0
u,0.5802967548370361, 0.5256831645965576, 0
u,0.5199518203735352, 0.4908217191696167, 0
u,0.6482006311416626, 0.5299127101898193, 0
u,0.6213557124137878, 0.5661758780479431, 0
u,0.6725624799728394, 0.535833328962326, 0
u,0.6267876625061035, 0.541401743888855, 0
u,0.6213557124137878, 0.5661758780479431, 0
u,0.6482006311416626, 0.5299127101898193, 0
u,0.5065547823905945, 0.5326735377311707, 0
u,0.5790703892707825, 0.5367788076400757, 0
u,0.5802967548370361, 0.5256831645965576, 0
u,0.5065547823905945, 0.5326735377311707, 0
u,0.5802682638168335, 0.5426777005195618, 0
u,0.5790703892707825, 0.5367788076400757, 0
u,0.611916184425354, 0.5478828549385071, 0
u,0.6213557124137878, 0.5661758780479431, 0
u,0.6267876625061035, 0.541401743888855, 0
u,0.5065547823905945, 0.5326735377311707, 0
u,0.5834817290306091, 0.5472144484519958, 0
u,0.5802682638168335, 0.5426777005195618, 0
u,0.6035569906234741, 0.550435870885849, 0
u,0.6213557124137878, 0.5661758780479431, 0
u,0.611916184425354, 0.5478828549385071, 0
u,0.5029828548431396, 0.5486570596694946, 0
u,0.5834817290306091, 0.5472144484519958, 0
u,0.5065547823905945, 0.5326735377311707, 0
u,0.5029828548431396, 0.5486570596694946, 0
u,0.5892406105995178, 0.5506731271743774, 0
u,0.5834817290306091, 0.5472144484519958, 0
u,0.5961980819702148, 0.551485002040863, 0
u,0.6213557124137878, 0.5661758780479431, 0
u,0.6035569906234741, 0.550435870885849, 0
u,0.5892406105995178, 0.5506731271743774, 0
u,0.6213557124137878, 0.5661758780479431, 0
u,0.5961980819702148, 0.551485002040863, 0
u,0.5029828548431396, 0.5486570596694946, 0
u,0.6213557124137878, 0.5661758780479431, 0
u,0.5892406105995178, 0.5506731271743774, 0
u,0.5019968152046204, 0.5621870756149292, 0
u,0.6213557124137878, 0.5661758780479431, 0
u,0.5029828548431396, 0.5486570596694946, 0
u,0.5019968152046204, 0.5621870756149292, 0
u,0.5970566272735596, 0.5788247585296631, 0
u,0.6213557124137878, 0.5661758780479431, 0
u,0.5034829378128052, 0.5728564262390137, 0
u,0.5970566272735596, 0.5788247585296631, 0
u,0.5019968152046204, 0.5621870756149292, 0
u,0.5034829378128052, 0.5728564262390137, 0
u,0.5781521201133728, 0.5875203013420105, 0
u,0.5970566272735596, 0.5788247585296631, 0
u,0.5072011947631836, 0.5817468166351318, 0
u,0.5781521201133728, 0.5875203013420105, 0
u,0.5034829378128052, 0.5728564262390137, 0
u,0.5072011947631836, 0.5817468166351318, 0
u,0.5611555576324463, 0.5935284495353699, 0
u,0.5781521201133728, 0.5875203013420105, 0
u,0.5131276249885559, 0.5889920592308044, 0
u,0.5611555576324463, 0.5935284495353699, 0
u,0.5072011947631836, 0.5817468166351318, 0
u,0.5195215344429016, 0.5935102701187134, 0
u,0.5611555576324463, 0.5935284495353699, 0
u,0.5131276249885559, 0.5889920592308044, 0
u,0.5195215344429016, 0.5935102701187134, 0
u,0.5461878776550293, 0.5969096422195435, 0
u,0.5611555576324463, 0.5935284495353699, 0
u,0.5271989107131958, 0.5963334441184998, 0
u,0.5461878776550293, 0.5969096422195435, 0
u,0.5195215344429016, 0.5935102701187134, 0
u,0.5271989107131958, 0.5963334441184998, 0
u,0.5365173816680908, 0.5975608229637146, 0
u,0.5461878776550293, 0.5969096422195435, 0
u,0.9082062840461731, 0.2867962121963501, 0
u,0.8227325081825256, 0.28682804107666016, 0
u,0.9082063436508179, 0.31951904296875, 0
u,0.1709475815296173, 0.13539111614227295, 0
u,0.08547380566596985, 0.15244877338409424, 0
u,0.1709475815296173, 0.16380053758621216, 0
u,0.672831654548645, 0.083354651927948, 0
u,0.5873578786849976, 0.0832897424697876, 0
u,0.672831654548645, 0.12205731868743896, 0
u,0.9082063436508179, 0.31951904296875, 0
u,0.8227325677871704, 0.34436678886413574, 0
u,0.9082063436508179, 0.40368032455444336, 0
u,0.1709475815296173, 0.16380053758621216, 0
u,0.08547380566596985, 0.17147445678710938, 0
u,0.1709475815296173, 0.1800563931465149, 0
u,0.9082063436508179, 0.40368032455444336, 0
u,0.8227325677871704, 0.44398999214172363, 0
u,0.9082062244415283, 0.4571361541748047, 0
u,0.1709475815296173, 0.1800563931465149, 0
u,0.08547380566596985, 0.18855440616607666, 0
u,0.1709475815296173, 0.19309067726135254, 0
u,0.1709475815296173, 0.2316821813583374, 0
u,0.08547380566596985, 0.23651331663131714, 0
u,0.1709475815296173, 0.2377985119819641, 0
u,0.672831654548645, 0.12205731868743896, 0
u,0.5873578786849976, 0.15176904201507568, 0
u,0.672831654548645, 0.19529110193252563, 0
u,0.9936801195144653, 0.8681318163871765, 0
u,0.9082063436508179, 0.8712721467018127, 0
u,0.9936801195144653, 0.891332782804966, 0
u,0.9332232475280762, 0.20131230354309082, 0
u,0.9496108293533325, 0.2867860794067383, 0
u,0.966558575630188, 0.20131230354309082, 0
u,0.9081936478614807, 0.20131230354309082, 0
u,0.9081536531448364, 0.28678613901138306, 0
u,0.9332232475280762, 0.20131230354309082, 0
u,0.9936801195144653, 0.8045415282249451, 0
u,0.9082063436508179, 0.8051259219646454, 0
u,0.9936801195144653, 0.80698162317276, 0
u,0.9936801195144653, 0.80698162317276, 0
u,0.9082063436508179, 0.8100040853023529, 0
u,0.9936801195144653, 0.8107493072748184, 0
u,0.9936801195144653, 0.8107493072748184, 0
u,0.9082063436508179, 0.8100040853023529, 0
u,0.9936801195144653, 0.8164003789424896, 0
u,0.8227324485778809, 0.7786173522472382, 0
u,0.9082062244415283, 0.7659193277359009, 0
u,0.8227324485778809, 0.7651120722293854, 0
u,0.5873578786849976, 0.0832897424697876, 0
u,0.672831654548645, 0.0765000581741333, 0
u,0.5873578786849976, 0.0765000581741333, 0
u,0.9082063436508179, 0.31951904296875, 0
u,0.8227325081825256, 0.28682804107666016, 0
u,0.8227325677871704, 0.34436678886413574, 0
u,0.1709475815296173, 0.13539111614227295, 0
u,0.08547380566596985, 0.12797307968139648, 0
u,0.08547380566596985, 0.15244877338409424, 0
u,0.8227324485778809, 0.7651120722293854, 0
u,0.9082062244415283, 0.7555003464221954, 0
u,0.8227324485778809, 0.7548390477895737, 0
u,0.9900516867637634, 0.49811094999313354, 0
u,0.9360010027885437, 0.41263723373413086, 0
u,0.9339817762374878, 0.49811089038848877, 0
u,0.8227324485778809, 0.7548390477895737, 0
u,0.9082062244415283, 0.7471995949745178, 0
u,0.8227324485778809, 0.7466917335987091, 0
u,0.1709475815296173, 0.16380053758621216, 0
u,0.08547380566596985, 0.15244877338409424, 0
u,0.08547380566596985, 0.17147445678710938, 0
u,0.8227324485778809, 0.9532322064042091, 0
u,0.9082062840461731, 0.8419737666845322, 0
u,0.8227325081825256, 0.8384706377983093, 0
u,0.9339817762374878, 0.49811089038848877, 0
u,0.9082003235816956, 0.4126371145248413, 0
u,0.9082023501396179, 0.49811094999313354, 0
u,0.1709475815296173, 0.11010050773620605, 0
u,0.2564213275909424, 0.08886271715164185, 0
u,0.1709475815296173, 0.08688324689865112, 0
u,0.9082063436508179, 0.40368032455444336, 0
u,0.8227325677871704, 0.34436678886413574, 0
u,0.8227325677871704, 0.44398999214172363, 0
u,0.8227324485778809, 0.7466917335987091, 0
u,0.9082062244415283, 0.7427065372467041, 0
u,0.8227324485778809, 0.7427065670490265, 0
u,0.1709475815296173, 0.1800563931465149, 0
u,0.08547380566596985, 0.17147445678710938, 0
u,0.08547380566596985, 0.18855440616607666, 0
u,1.0, 0.11583852767944336, 0
u,0.9833368062973022, 0.030364692211151123, 0
u,0.9833368062973022, 0.11583852767944336, 0
u,0.672831654548645, 0.12205731868743896, 0
u,0.5873578786849976, 0.0832897424697876, 0
u,0.5873578786849976, 0.15176904201507568, 0
u,0.1709475815296173, 0.2316821813583374, 0
u,0.08547381311655045, 0.23018401861190796, 0
u,0.08547380566596985, 0.23651331663131714, 0
u,0.1709475815296173, 0.08688324689865112, 0
u,0.25642135739326477, 0.048932671546936035, 0
u,0.1709475815296173, 0.046392083168029785, 0
u,0.8227325677871704, 0.4778868556022644, 0
u,0.9082062244415283, 0.4571361541748047, 0
u,0.8227325677871704, 0.44398999214172363, 0
u,0.08547380566596985, 0.2035684585571289, 0
u,0.1709475815296173, 0.19309067726135254, 0
u,0.08547380566596985, 0.18855440616607666, 0
u,0.8227325081825256, 0.8384706377983093, 0
u,0.9082062840461731, 0.7955413460731506, 0
u,0.8227324485778809, 0.7949725389480591, 0
u,0.9936801195144653, 0.891332782804966, 0
u,0.9082063436508179, 0.8712721467018127, 0
u,0.9082062840461731, 0.8913813084363937, 0
u,0.08547381311655045, 0.23018401861190796, 0
u,0.1709475815296173, 0.22321254014968872, 0
u,0.08547380566596985, 0.22254741191864014, 0
u,0.1709475815296173, 0.046392083168029785, 0
u,0.25642135739326477, 0.022331058979034424, 0
u,0.17094756662845612, 0.022331058979034424, 0
u,0.672831654548645, 0.19529110193252563, 0
u,0.5873578786849976, 0.15176904201507568, 0
u,0.5873578786849976, 0.19527113437652588, 0
u,0.08547380566596985, 0.2132471799850464, 0
u,0.1709475815296173, 0.20430392026901245, 0
u,0.08547380566596985, 0.2035684585571289, 0
u,0.984384298324585, 0.2867860794067383, 0
u,0.966558575630188, 0.20131230354309082, 0
u,0.9496108293533325, 0.2867860794067383, 0
u,0.08547380566596985, 0.12797307968139648, 0
u,0.17094756662845612, 0.07634198665618896, 0
u,0.08547379821538925, 0.07634198665618896, 0
u,0.6750897169113159, 0.10979413986206055, 0
u,0.672831654548645, 0.195267915725708, 0
u,0.6750897169113159, 0.195267915725708, 0
u,0.08547380566596985, 0.22254741191864014, 0
u,0.1709475815296173, 0.21386873722076416, 0
u,0.08547380566596985, 0.2132471799850464, 0
u,0.9936801195144653, 0.8681318163871765, 0
u,0.9082062244415283, 0.8484736680984497, 0
u,0.9082063436508179, 0.8712721467018127, 0
u,0.8227325081825256, 0.4890204668045044, 0
u,0.9082063436508179, 0.47894901037216187, 0
u,0.8227325677871704, 0.4778868556022644, 0
u,0.9927070140838623, 0.7175208032131195, 0
u,0.9603512287139893, 0.632047027349472, 0
u,0.9589945673942566, 0.7175207734107971, 0
u,0.9589945673942566, 0.7175207734107971, 0
u,0.9082062840461731, 0.632047027349472, 0
u,0.9082062840461731, 0.7175208032131195, 0
u,0.7013634443283081, 0.195267915725708, 0
u,0.6750897169113159, 0.10979413986206055, 0
u,0.6750897169113159, 0.195267915725708, 0
u,0.8227325081825256, 0.49460291862487793, 0
u,0.9082062244415283, 0.48941129446029663, 0
u,0.8227325081825256, 0.4890204668045044, 0
u,0.9082062244415283, 0.8484736680984497, 0
u,0.9936801195144653, 0.8334436267614365, 0
u,0.9082062244415283, 0.8328476250171661, 0
u,0.7113510370254517, 0.10979408025741577, 0
u,0.6940264701843262, 0.02432030439376831, 0
u,0.6940264701843262, 0.10979408025741577, 0
u,0.9332232475280762, 0.20131230354309082, 0
u,0.9081536531448364, 0.28678613901138306, 0
u,0.9496108293533325, 0.2867860794067383, 0
u,0.9082062840461731, 0.49763691425323486, 0
u,0.8227325081825256, 0.49460291862487793, 0
u,0.8227325081825256, 0.49751126766204834, 0
u,0.9082062244415283, 0.8328476250171661, 0
u,0.9936801195144653, 0.8247897177934647, 0
u,0.9082062244415283, 0.8242152631282806, 0
u,0.8227324485778809, 0.7949725389480591, 0
u,0.9082063436508179, 0.7793120741844177, 0
u,0.8227324485778809, 0.7786173522472382, 0
u,0.49580907821655273, 0.2392142415046692, 0
u,0.42736896872520447, 0.15374046564102173, 0
u,0.42736896872520447, 0.2392142415046692, 0
u,0.9082063436508179, 0.8041840493679047, 0
u,0.9936801195144653, 0.7557353377342224, 0
u,0.9082063436508179, 0.7545396685600281, 0
u,0.9082062244415283, 0.8242152631282806, 0
u,0.9936801195144653, 0.8164003789424896, 0
u,0.9082062244415283, 0.8167819082736969, 0
u,0.9936801195144653, 0.80698162317276, 0
u,0.9082063436508179, 0.8051259219646454, 0
u,0.9082063436508179, 0.8100040853023529, 0
u,0.9082063436508179, 0.7545396685600281, 0
u,0.9936800599098206, 0.7175332605838776, 0
u,0.9082062840461731, 0.7175242006778717, 0
u,0.7113510370254517, 0.195267915725708, 0
u,0.7017053365707397, 0.10979413986206055, 0
u,0.7013634443283081, 0.195267915725708, 0
u,0.9936801195144653, 0.8164003789424896, 0
u,0.9082063436508179, 0.8100040853023529, 0
u,0.9082062244415283, 0.8167819082736969, 0
u,0.8227325081825256, 1.0000066746320044, 0
u,0.9082062840461731, 1.0000114521253636, 0
u,0.9082062244415283, 0.9559587351977825, 0
u,0.8227324485778809, 0.7786173522472382, 0
u,0.9082063436508179, 0.7793120741844177, 0
u,0.9082062244415283, 0.7659193277359009, 0
u,0.5873578786849976, 0.0832897424697876, 0
u,0.672831654548645, 0.083354651927948, 0
u,0.672831654548645, 0.0765000581741333, 0
u,0.8227324485778809, 0.7651120722293854, 0
u,0.9082062244415283, 0.7659193277359009, 0
u,0.9082062244415283, 0.7555003464221954, 0
u,0.9900516867637634, 0.49811094999313354, 0
u,0.9900548458099365, 0.4126371741294861, 0
u,0.9360010027885437, 0.41263723373413086, 0
u,0.8227324485778809, 0.7548390477895737, 0
u,0.9082062244415283, 0.7555003464221954, 0
u,0.9082062244415283, 0.7471995949745178, 0
u,0.8227324485778809, 0.9532322064042091, 0
u,0.9082062244415283, 0.9559587351977825, 0
u,0.9082062840461731, 0.8419737666845322, 0
u,0.9339817762374878, 0.49811089038848877, 0
u,0.9360010027885437, 0.41263723373413086, 0
u,0.9082003235816956, 0.4126371145248413, 0
u,0.1709475815296173, 0.11010050773620605, 0
u,0.25642135739326477, 0.11009550094604492, 0
u,0.2564213275909424, 0.08886271715164185, 0
u,0.8227324485778809, 0.7466917335987091, 0
u,0.9082062244415283, 0.7471995949745178, 0
u,0.9082062244415283, 0.7427065372467041, 0
u,1.0, 0.11583852767944336, 0
u,1.0, 0.030364692211151123, 0
u,0.9833368062973022, 0.030364692211151123, 0
u,0.1709475815296173, 0.08688324689865112, 0
u,0.2564213275909424, 0.08886271715164185, 0
u,0.25642135739326477, 0.048932671546936035, 0
u,0.8227325677871704, 0.4778868556022644, 0
u,0.9082063436508179, 0.47894901037216187, 0
u,0.9082062244415283, 0.4571361541748047, 0
u,0.08547380566596985, 0.2035684585571289, 0
u,0.1709475815296173, 0.20430392026901245, 0
u,0.1709475815296173, 0.19309067726135254, 0
u,0.8227325081825256, 0.8384706377983093, 0
u,0.9082062840461731, 0.8419737666845322, 0
u,0.9082062840461731, 0.7955413460731506, 0
u,0.08547381311655045, 0.23018401861190796, 0
u,0.1709475815296173, 0.2316821813583374, 0
u,0.1709475815296173, 0.22321254014968872, 0
u,0.1709475815296173, 0.046392083168029785, 0
u,0.25642135739326477, 0.048932671546936035, 0
u,0.25642135739326477, 0.022331058979034424, 0
u,0.08547380566596985, 0.2132471799850464, 0
u,0.1709475815296173, 0.21386873722076416, 0
u,0.1709475815296173, 0.20430392026901245, 0
u,0.984384298324585, 0.2867860794067383, 0
u,0.984384298324585, 0.20131230354309082, 0
u,0.966558575630188, 0.20131230354309082, 0
u,0.08547380566596985, 0.12797307968139648, 0
u,0.1709475815296173, 0.13539111614227295, 0
u,0.17094756662845612, 0.07634198665618896, 0
u,0.6750897169113159, 0.10979413986206055, 0
u,0.672831654548645, 0.10979413986206055, 0
u,0.672831654548645, 0.195267915725708, 0
u,0.08547380566596985, 0.22254741191864014, 0
u,0.1709475815296173, 0.22321254014968872, 0
u,0.1709475815296173, 0.21386873722076416, 0
u,0.9936801195144653, 0.8681318163871765, 0
u,0.9936801195144653, 0.849802702665329, 0
u,0.9082062244415283, 0.8484736680984497, 0
u,0.8227325081825256, 0.4890204668045044, 0
u,0.9082062244415283, 0.48941129446029663, 0
u,0.9082063436508179, 0.47894901037216187, 0
u,0.9927070140838623, 0.7175208032131195, 0
u,0.9927311539649963, 0.632047027349472, 0
u,0.9603512287139893, 0.632047027349472, 0
u,0.9589945673942566, 0.7175207734107971, 0
u,0.9603512287139893, 0.632047027349472, 0
u,0.9082062840461731, 0.632047027349472, 0
u,0.7013634443283081, 0.195267915725708, 0
u,0.7017053365707397, 0.10979413986206055, 0
u,0.6750897169113159, 0.10979413986206055, 0
u,0.8227325081825256, 0.49460291862487793, 0
u,0.9082062840461731, 0.49484914541244507, 0
u,0.9082062244415283, 0.48941129446029663, 0
u,0.9082062244415283, 0.8484736680984497, 0
u,0.9936801195144653, 0.849802702665329, 0
u,0.9936801195144653, 0.8334436267614365, 0
u,0.7113510370254517, 0.10979408025741577, 0
u,0.7113510370254517, 0.02432030439376831, 0
u,0.6940264701843262, 0.02432030439376831, 0
u,0.9082062840461731, 0.49763691425323486, 0
u,0.9082062840461731, 0.49484914541244507, 0
u,0.8227325081825256, 0.49460291862487793, 0
u,0.9082062244415283, 0.8328476250171661, 0
u,0.9936801195144653, 0.8334436267614365, 0
u,0.9936801195144653, 0.8247897177934647, 0
u,0.8227324485778809, 0.7949725389480591, 0
u,0.9082062840461731, 0.7955413460731506, 0
u,0.9082063436508179, 0.7793120741844177, 0
u,0.49580907821655273, 0.2392142415046692, 0
u,0.49580907821655273, 0.15374046564102173, 0
u,0.42736896872520447, 0.15374046564102173, 0
u,0.9082063436508179, 0.8041840493679047, 0
u,0.9936800599098206, 0.8041840344667435, 0
u,0.9936801195144653, 0.7557353377342224, 0
u,0.9082062244415283, 0.8242152631282806, 0
u,0.9936801195144653, 0.8247897177934647, 0
u,0.9936801195144653, 0.8164003789424896, 0
u,0.9082063436508179, 0.7545396685600281, 0
u,0.9936801195144653, 0.7557353377342224, 0
u,0.9936800599098206, 0.7175332605838776, 0
u,0.7113510370254517, 0.195267915725708, 0
u,0.7113510370254517, 0.10979413986206055, 0
u,0.7017053365707397, 0.10979413986206055, 0
