v,-0.0018901353469118476, -0.005047679878771305, 0.007435808889567852
v,-0.00255396100692451, -0.005430940072983503, 0.007511797361075878
v,-0.0022275694645941257, -0.005242497660219669, 0.0075225792825222015
v,-0.0018901353469118476, -0.005047679878771305, 0.007435808889567852
v,-0.002808214630931616, -0.005577733274549246, 0.0074284919537603855
v,-0.00255396100692451, -0.005430940072983503, 0.007511797361075878
v,-0.0018901353469118476, -0.005047679878771305, 0.007435808889567852
v,-0.0030252484139055014, -0.005703037604689598, 0.007274149917066097
v,-0.002808214630931616, -0.005577733274549246, 0.0074284919537603855
v,-0.001595617737621069, -0.004877640400081873, 0.007246822118759155
v,-0.0030252484139055014, -0.005703037604689598, 0.007274149917066097
v,-0.0018901353469118476, -0.005047679878771305, 0.007435808889567852
v,-0.001595617737621069, -0.004877640400081873, 0.007246822118759155
v,-0.00320180575363338, -0.005804973188787699, 0.007051311898976564
v,-0.0030252484139055014, -0.005703037604689598, 0.007274149917066097
v,-0.0013424610951915383, -0.004731480032205582, 0.006950887851417065
v,-0.00320180575363338, -0.005804973188787699, 0.007051311898976564
v,-0.001595617737621069, -0.004877640400081873, 0.007246822118759155
v,-0.0013424610951915383, -0.004731480032205582, 0.006950887851417065
v,-0.0033155553974211216, -0.005870646797120571, 0.0067846341989934444
v,-0.00320180575363338, -0.005804973188787699, 0.007051311898976564
v,-0.0011679853778332472, -0.00463074678555131, 0.006581187713891268
v,-0.0033155553974211216, -0.005870646797120571, 0.0067846341989934444
v,-0.0013424610951915383, -0.004731480032205582, 0.006950887851417065
v,-0.0011679853778332472, -0.00463074678555131, 0.006581187713891268
v,-0.0033679718617349863, -0.0059009091928601265, 0.006472655571997166
v,-0.0033155553974211216, -0.005870646797120571, 0.0067846341989934444
v,-0.0010729441419243813, -0.0045758746564388275, 0.006134324707090855
v,-0.0033679718617349863, -0.0059009091928601265, 0.006472655571997166
v,-0.0011679853778332472, -0.00463074678555131, 0.006581187713891268
v,-0.0010729441419243813, -0.0045758746564388275, 0.006134324707090855
v,-0.0033545014448463917, -0.0058931321837008, 0.006029361393302679
v,-0.0033679718617349863, -0.0059009091928601265, 0.006472655571997166
v,-0.001059302594512701, -0.004567998461425304, 0.005672928411513567
v,-0.0033545014448463917, -0.0058931321837008, 0.006029361393302679
v,-0.0010729441419243813, -0.0045758746564388275, 0.006134324707090855
v,-0.001059302594512701, -0.004567998461425304, 0.005672928411513567
v,-0.0032449690625071526, -0.005829893983900547, 0.005553980357944965
v,-0.0033545014448463917, -0.0058931321837008, 0.006029361393302679
v,-0.0011113289510831237, -0.00459803594276309, 0.005383188370615244
v,-0.0032449690625071526, -0.005829893983900547, 0.005553980357944965
v,-0.001059302594512701, -0.004567998461425304, 0.005672928411513567
v,-0.0011113289510831237, -0.00459803594276309, 0.005383188370615244
v,-0.0030304244719445705, -0.005706026218831539, 0.005155922379344702
v,-0.0032449690625071526, -0.005829893983900547, 0.005553980357944965
v,-0.0012249310966581106, -0.004663624335080385, 0.0051271808333694935
v,-0.0030304244719445705, -0.005706026218831539, 0.005155922379344702
v,-0.0011113289510831237, -0.00459803594276309, 0.005383188370615244
v,-0.0012249310966581106, -0.004663624335080385, 0.0051271808333694935
v,-0.0027688583359122276, -0.005555010866373777, 0.00488085113465786
v,-0.0030304244719445705, -0.005706026218831539, 0.005155922379344702
v,-0.0014027849538251758, -0.004766308236867189, 0.004904657602310181
v,-0.0027688583359122276, -0.005555010866373777, 0.00488085113465786
v,-0.0012249310966581106, -0.004663624335080385, 0.0051271808333694935
v,-0.001620480907149613, -0.004891994874924421, 0.00475115654990077
v,-0.0027688583359122276, -0.005555010866373777, 0.00488085113465786
v,-0.0014027849538251758, -0.004766308236867189, 0.004904657602310181
v,-0.001620480907149613, -0.004891994874924421, 0.00475115654990077
v,-0.0025056020822376013, -0.005403019953519106, 0.004731231369078159
v,-0.0027688583359122276, -0.005555010866373777, 0.00488085113465786
v,-0.0018784751882776618, -0.005040948279201984, 0.004667792934924364
v,-0.0025056020822376013, -0.005403019953519106, 0.004731231369078159
v,-0.001620480907149613, -0.004891994874924421, 0.00475115654990077
v,-0.0018784751882776618, -0.005040948279201984, 0.004667792934924364
v,-0.0022093704901635647, -0.0052319904789328575, 0.004657141398638487
v,-0.0025056020822376013, -0.005403019953519106, 0.004731231369078159
v,-0.001649460638873279, -0.004908726550638676, 0.002612769603729248
v,-0.0021498107817023993, -0.005197604186832905, 0.002567828632891178
v,-0.0019493077415972948, -0.005081843584775925, 0.002642508130520582
v,-0.0012782823760062456, -0.0046944268979132175, 0.002482153009623289
v,-0.0021498107817023993, -0.005197604186832905, 0.002567828632891178
v,-0.001649460638873279, -0.004908726550638676, 0.002612769603729248
v,-0.0012782823760062456, -0.0046944268979132175, 0.002482153009623289
v,-0.0023452453315258026, -0.005310438107699156, 0.002365353750064969
v,-0.0021498107817023993, -0.005197604186832905, 0.002567828632891178
v,-0.0006369806942529976, -0.0043241712264716625, 0.002149354899302125
v,-0.0023452453315258026, -0.005310438107699156, 0.002365353750064969
v,-0.0012782823760062456, -0.0046944268979132175, 0.002482153009623289
v,-0.0006369806942529976, -0.0043241712264716625, 0.002149354899302125
v,-0.0024565195199102163, -0.0053746821358799934, 0.001998055726289749
v,-0.0023452453315258026, -0.005310438107699156, 0.002365353750064969
v,-0.0006369806942529976, -0.0043241712264716625, 0.002149354899302125
v,-0.002447495935484767, -0.005369472783058882, 0.0015288264257833362
v,-0.0024565195199102163, -0.0053746821358799934, 0.001998055726289749
v,0.0006133686983957887, -0.003602281678467989, 0.0012051176745444536
v,-0.002447495935484767, -0.005369472783058882, 0.0015288264257833362
v,-0.0006369806942529976, -0.0043241712264716625, 0.002149354899302125
v,0.0006133686983957887, -0.003602281678467989, 0.0012051176745444536
v,-0.002340972190722823, -0.005307971034198999, 0.0008051451295614243
v,-0.002447495935484767, -0.005369472783058882, 0.0015288264257833362
v,0.0003522652550600469, -0.003753029741346836, 0.00045046492596156895
v,9.665444667916745e-05, -0.003900606883689761, 0.0004913318553008139
v,0.0006133686983957887, -0.003602281678467989, 0.0012051176745444536
v,9.665444667916745e-05, -0.003900606883689761, 0.0004913318553008139
v,-0.002340972190722823, -0.005307971034198999, 0.0008051451295614243
v,0.0006133686983957887, -0.003602281678467989, 0.0012051176745444536
v,-1.203910414915299e-05, -0.003963361028581858, 0.0004172004119027406
v,-0.002340972190722823, -0.005307971034198999, 0.0008051451295614243
v,9.665444667916745e-05, -0.003900606883689761, 0.0004913318553008139
v,-1.203910414915299e-05, -0.003963361028581858, 0.0004172004119027406
v,-0.0020594042725861073, -0.005145407747477293, -0.0005021769320592284
v,-0.002340972190722823, -0.005307971034198999, 0.0008051451295614243
v,-5.489728573593311e-05, -0.003988105338066816, 0.0002928873000200838
v,-0.0020594042725861073, -0.005145407747477293, -0.0005021769320592284
v,-1.203910414915299e-05, -0.003963361028581858, 0.0004172004119027406
v,0.0006133686983957887, -0.003602281678467989, 0.0012051176745444536
v,0.0011374957393854856, -0.003299676813185215, -1.8665168681764044e-05
v,0.0003522652550600469, -0.003753029741346836, 0.00045046492596156895
v,0.0020890478044748306, -0.0027502980083227158, -1.7214182662428357e-05
v,0.0011374957393854856, -0.003299676813185215, -1.8665168681764044e-05
v,0.0006133686983957887, -0.003602281678467989, 0.0012051176745444536
v,-4.658539910451509e-05, -0.003983306232839823, -2.258602216897998e-05
v,-0.0020594042725861073, -0.005145407747477293, -0.0005021769320592284
v,-5.489728573593311e-05, -0.003988105338066816, 0.0002928873000200838
v,0.0018700497457757592, -0.0028767366893589497, -0.0005854584742337465
v,0.0011374957393854856, -0.003299676813185215, -1.8665168681764044e-05
v,0.0020890478044748306, -0.0027502980083227158, -1.7214182662428357e-05
v,0.0001275804388569668, -0.003882751800119877, -0.0010774824768304825
v,-0.0020594042725861073, -0.005145407747477293, -0.0005021769320592284
v,-4.658539910451509e-05, -0.003983306232839823, -2.258602216897998e-05
v,0.0001275804388569668, -0.003882751800119877, -0.0010774824768304825
v,-0.0011543381260707974, -0.004622867796570063, -0.004086619708687067
v,-0.0020594042725861073, -0.005145407747477293, -0.0005021769320592284
v,0.001172738499008119, -0.0032793297432363033, -0.005475393962115049
v,-0.0011543381260707974, -0.004622867796570063, -0.004086619708687067
v,0.0001275804388569668, -0.003882751800119877, -0.0010774824768304825
v,0.001172738499008119, -0.0032793297432363033, -0.005475393962115049
v,-0.0008994327508844435, -0.0044756983406841755, -0.005474451929330826
v,-0.0011543381260707974, -0.004622867796570063, -0.004086619708687067
v,0.001172738499008119, -0.0032793297432363033, -0.005475393962115049
v,-0.0008864497649483383, -0.004468202590942383, -0.005868646781891584
v,-0.0008994327508844435, -0.0044756983406841755, -0.005474451929330826
v,-0.0027118404395878315, -0.005522092338651419, -0.005120731890201569
v,-0.0006974182324483991, -0.004359065089374781, -0.007393111940473318
v,-0.002956654643639922, -0.005663435906171799, -0.005673998035490513
v,-0.0015707551501691341, -0.004863286390900612, -0.005929669830948114
v,-0.0006974182324483991, -0.004359065089374781, -0.007393111940473318
v,-0.0027118404395878315, -0.005522092338651419, -0.005120731890201569
v,0.001172738499008119, -0.0032793297432363033, -0.005475393962115049
v,-0.0009391674539074302, -0.004498639144003391, -0.00603311276063323
v,-0.0008864497649483383, -0.004468202590942383, -0.005868646781891584
v,-0.0012040588771924376, -0.004651574417948723, -0.0061227064579725266
v,-0.0006974182324483991, -0.004359065089374781, -0.007393111940473318
v,-0.0015707551501691341, -0.004863286390900612, -0.005929669830948114
v,0.001172738499008119, -0.0032793297432363033, -0.005475393962115049
v,-0.0010443318169564009, -0.004559355787932873, -0.006117601878941059
v,-0.0009391674539074302, -0.004498639144003391, -0.00603311276063323
v,0.0012982124462723732, -0.0032068872824311256, -0.006449465174227953
v,-0.0010443318169564009, -0.004559355787932873, -0.006117601878941059
v,0.001172738499008119, -0.0032793297432363033, -0.005475393962115049
v,0.0012982124462723732, -0.0032068872824311256, -0.006449465174227953
v,-0.0012040588771924376, -0.004651574417948723, -0.0061227064579725266
v,-0.0010443318169564009, -0.004559355787932873, -0.006117601878941059
v,0.0012982124462723732, -0.0032068872824311256, -0.006449465174227953
v,-0.0006974182324483991, -0.004359065089374781, -0.007393111940473318
v,-0.0012040588771924376, -0.004651574417948723, -0.0061227064579725266
v,0.0012995946453884244, -0.003206089371815324, -0.007147734984755516
v,-0.0006974182324483991, -0.004359065089374781, -0.007393111940473318
v,0.0012982124462723732, -0.0032068872824311256, -0.006449465174227953
v,0.0011834913166239858, -0.00327312177978456, -0.007581676356494427
v,-0.0006974182324483991, -0.004359065089374781, -0.007393111940473318
v,0.0012995946453884244, -0.003206089371815324, -0.007147734984755516
v,0.0011834913166239858, -0.00327312177978456, -0.007581676356494427
v,-9.74605864030309e-05, -0.004012679681181908, -0.007753754500299692
v,-0.0006974182324483991, -0.004359065089374781, -0.007393111940473318
v,0.0010420039761811495, -0.0033548094797879457, -0.007779834326356649
v,-9.74605864030309e-05, -0.004012679681181908, -0.007753754500299692
v,0.0011834913166239858, -0.00327312177978456, -0.007581676356494427
v,0.0010420039761811495, -0.0033548094797879457, -0.007779834326356649
v,0.00025994679890573025, -0.0038063302636146545, -0.007902526296675205
v,-9.74605864030309e-05, -0.004012679681181908, -0.007753754500299692
v,0.0008793192682787776, -0.0034487354569137096, -0.007893565110862255
v,0.00025994679890573025, -0.0038063302636146545, -0.007902526296675205
v,0.0010420039761811495, -0.0033548094797879457, -0.007779834326356649
v,0.0006114779971539974, -0.0036033736541867256, -0.007957929745316505
v,0.00025994679890573025, -0.0038063302636146545, -0.007902526296675205
v,0.0008793192682787776, -0.0034487354569137096, -0.007893565110862255
v,-0.00032210838980972767, -0.007711766753345728, 0.007425719406455755
v,-0.0006569072138518095, -0.007905063219368458, 0.007519808132201433
v,-0.0009888936765491962, -0.008096734993159771, 0.007515022065490484
v,-0.00032210838980972767, -0.007711766753345728, 0.007425719406455755
v,-0.0009888936765491962, -0.008096734993159771, 0.007515022065490484
v,-0.0012457892298698425, -0.008245053701102734, 0.007436757907271385
v,-0.00032210838980972767, -0.007711766753345728, 0.007425719406455755
v,-0.0012457892298698425, -0.008245053701102734, 0.007436757907271385
v,-0.0014653662219643593, -0.008371827192604542, 0.007287544663995504
v,-3.073782499996014e-05, -0.007543543819338083, 0.007229479495435953
v,-0.00032210838980972767, -0.007711766753345728, 0.007425719406455755
v,-0.0014653662219643593, -0.008371827192604542, 0.007287544663995504
v,-3.073782499996014e-05, -0.007543543819338083, 0.007229479495435953
v,-0.0014653662219643593, -0.008371827192604542, 0.007287544663995504
v,-0.0016457820311188698, -0.008475990034639835, 0.007068570703268051
v,0.00021800865943077952, -0.007399930153042078, 0.0069273305125534534
v,-3.073782499996014e-05, -0.007543543819338083, 0.007229479495435953
v,-0.0016457820311188698, -0.008475990034639835, 0.007068570703268051
v,0.00021800865943077952, -0.007399930153042078, 0.0069273305125534534
v,-0.0016457820311188698, -0.008475990034639835, 0.007068570703268051
v,-0.0017638932913541794, -0.00854418147355318, 0.006805103272199631
v,0.0003870178770739585, -0.0073023526929318905, 0.0065519665367901325
v,0.00021800865943077952, -0.007399930153042078, 0.0069273305125534534
v,-0.0017638932913541794, -0.00854418147355318, 0.006805103272199631
v,0.0003870178770739585, -0.0073023526929318905, 0.0065519665367901325
v,-0.0017638932913541794, -0.00854418147355318, 0.006805103272199631
v,-0.0018206946551799774, -0.008576976135373116, 0.006496117450296879
v,0.0004763217584695667, -0.007250792812556028, 0.006099834106862545
v,0.0003870178770739585, -0.0073023526929318905, 0.0065519665367901325
v,-0.0018206946551799774, -0.008576976135373116, 0.006496117450296879
v,0.0004763217584695667, -0.007250792812556028, 0.006099834106862545
v,-0.0018206946551799774, -0.008576976135373116, 0.006496117450296879
v,-0.0018125276546925306, -0.008572260849177837, 0.006061638705432415
v,0.0004846513329539448, -0.007245983928442001, 0.0056517659686505795
v,0.0004763217584695667, -0.007250792812556028, 0.006099834106862545
v,-0.0018125276546925306, -0.008572260849177837, 0.006061638705432415
v,0.0004846513329539448, -0.007245983928442001, 0.0056517659686505795
v,-0.0018125276546925306, -0.008572260849177837, 0.006061638705432415
v,-0.0017099520191550255, -0.008513038977980614, 0.005583212245255709
v,0.00042820192174986005, -0.007278575096279383, 0.005363781936466694
v,0.0004846513329539448, -0.007245983928442001, 0.0056517659686505795
v,-0.0017099520191550255, -0.008513038977980614, 0.005583212245255709
v,0.00042820192174986005, -0.007278575096279383, 0.005363781936466694
v,-0.0017099520191550255, -0.008513038977980614, 0.005583212245255709
v,-0.0015015373937785625, -0.008392710238695145, 0.005179373547434807
v,0.00031023973133414984, -0.007346680387854576, 0.005110332742333412
v,0.00042820192174986005, -0.007278575096279383, 0.005363781936466694
v,-0.0015015373937785625, -0.008392710238695145, 0.005179373547434807
v,0.00031023973133414984, -0.007346680387854576, 0.005110332742333412
v,-0.0015015373937785625, -0.008392710238695145, 0.005179373547434807
v,-0.00124319305177778, -0.008243555203080177, 0.00489672739058733
v,0.0001287276390939951, -0.007451476529240608, 0.004891516640782356
v,0.00031023973133414984, -0.007346680387854576, 0.005110332742333412
v,-0.00124319305177778, -0.008243555203080177, 0.00489672739058733
v,-9.192380093736574e-05, -0.007578869815915823, 0.004742885008454323
v,0.0001287276390939951, -0.007451476529240608, 0.004891516640782356
v,-0.00124319305177778, -0.008243555203080177, 0.00489672739058733
v,-9.192380093736574e-05, -0.007578869815915823, 0.004742885008454323
v,-0.00124319305177778, -0.008243555203080177, 0.00489672739058733
v,-0.0009801447158679366, -0.008091684430837631, 0.0047395359724760056
v,-0.00035269191721454263, -0.00772942416369915, 0.0046645659022033215
v,-9.192380093736574e-05, -0.007578869815915823, 0.004742885008454323
v,-0.0009801447158679366, -0.008091684430837631, 0.0047395359724760056
v,-0.00035269191721454263, -0.00772942416369915, 0.0046645659022033215
v,-0.0009801447158679366, -0.008091684430837631, 0.0047395359724760056
v,-0.0006886377814225852, -0.007923382334411144, 0.004659957718104124
v,6.745767313987017e-05, -0.007486850954592228, 0.0025696447119116783
v,-0.0003456840058788657, -0.0077253784984350204, 0.0026440087240189314
v,-0.0005259112222120166, -0.007829432375729084, 0.0026090044993907213
v,6.745767313987017e-05, -0.007486850954592228, 0.0025696447119116783
v,-0.0005259112222120166, -0.007829432375729084, 0.0026090044993907213
v,-0.000739163369871676, -0.00795255322009325, 0.0024519094731658697
v,0.0014246742939576507, -0.0067032622173428535, -0.007741727866232395
v,-0.0006974182324483991, -0.004359065089374781, -0.007393111940473318
v,-9.74605864030309e-05, -0.004012679681181908, -0.007753754500299692
v,0.000933555536903441, -0.006986808963119984, 0.0021334837656468153
v,6.745767313987017e-05, -0.007486850954592228, 0.0025696447119116783
v,-0.000739163369871676, -0.00795255322009325, 0.0024519094731658697
v,0.000933555536903441, -0.006986808963119984, 0.0021334837656468153
v,-0.000739163369871676, -0.00795255322009325, 0.0024519094731658697
v,-0.0008812086889520288, -0.00803456362336874, 0.00215366343036294
v,0.000933555536903441, -0.006986808963119984, 0.0021334837656468153
v,-0.0008812086889520288, -0.00803456362336874, 0.00215366343036294
v,-0.0009209760464727879, -0.008057523518800735, 0.0017442796379327774
v,0.002244694158434868, -0.006229822989553213, 0.0011359923519194126
v,0.000933555536903441, -0.006986808963119984, 0.0021334837656468153
v,-0.0009209760464727879, -0.008057523518800735, 0.0017442796379327774
v,0.002244694158434868, -0.006229822989553213, 0.0011359923519194126
v,-0.0009209760464727879, -0.008057523518800735, 0.0017442796379327774
v,-0.0008076787344180048, -0.007992111146450043, 0.0008727818494662642
v,0.0018843725556507707, -0.006437854841351509, 0.0004558403161354363
v,0.002244694158434868, -0.006229822989553213, 0.0011359923519194126
v,0.0016337827546522021, -0.0065825330093503, 0.0004895235761068761
v,0.0016337827546522021, -0.0065825330093503, 0.0004895235761068761
v,0.002244694158434868, -0.006229822989553213, 0.0011359923519194126
v,-0.0008076787344180048, -0.007992111146450043, 0.0008727818494662642
v,0.0015289768343791366, -0.006643042434006929, 0.0004102635430172086
v,0.0016337827546522021, -0.0065825330093503, 0.0004895235761068761
v,-0.0008076787344180048, -0.007992111146450043, 0.0008727818494662642
v,0.0015289768343791366, -0.006643042434006929, 0.0004102635430172086
v,-0.0008076787344180048, -0.007992111146450043, 0.0008727818494662642
v,-0.0005361524526961148, -0.007835345342755318, -0.0004083688254468143
v,0.001489353715442121, -0.006665918976068497, 0.0002818325883708894
v,0.0015289768343791366, -0.006643042434006929, 0.0004102635430172086
v,-0.0005361524526961148, -0.007835345342755318, -0.0004083688254468143
v,0.002244694158434868, -0.006229822989553213, 0.0011359923519194126
v,0.0018843725556507707, -0.006437854841351509, 0.0004558403161354363
v,0.0027627083472907543, -0.0059307473711669445, -7.031189306871966e-05
v,0.0036346379201859236, -0.005427338648587465, -1.7214048057212494e-05
v,0.002244694158434868, -0.006229822989553213, 0.0011359923519194126
v,0.0027627083472907543, -0.0059307473711669445, -7.031189306871966e-05
v,0.001502932864241302, -0.006658079102635384, -5.992358273942955e-05
v,0.001489353715442121, -0.006665918976068497, 0.0002818325883708894
v,-0.0005361524526961148, -0.007835345342755318, -0.0004083688254468143
v,0.003414745209738612, -0.0055542937479913235, -0.0005884073325432837
v,0.0036346379201859236, -0.005427338648587465, -1.7214048057212494e-05
v,0.0027627083472907543, -0.0059307473711669445, -7.031189306871966e-05
v,0.0016890889964997768, -0.0065506016835570335, -0.0011526618618518114
v,0.001502932864241302, -0.006658079102635384, -5.992358273942955e-05
v,-0.0005361524526961148, -0.007835345342755318, -0.0004083688254468143
v,0.0016890889964997768, -0.0065506016835570335, -0.0011526618618518114
v,-0.0005361524526961148, -0.007835345342755318, -0.0004083688254468143
v,0.00021978079166729003, -0.00739890756085515, -0.003385245567187667
v,0.0027293383609503508, -0.005950013641268015, -0.005535121075809002
v,0.0016890889964997768, -0.0065506016835570335, -0.0011526618618518114
v,0.00021978079166729003, -0.00739890756085515, -0.003385245567187667
v,0.0027293383609503508, -0.005950013641268015, -0.005535121075809002
v,0.00021978079166729003, -0.00739890756085515, -0.003385245567187667
v,0.0005244992207735777, -0.0072229779325425625, -0.0047401851043105125
v,0.0027293383609503508, -0.005950013641268015, -0.005535121075809002
v,0.0005244992207735777, -0.0072229779325425625, -0.0047401851043105125
v,0.0006650661234743893, -0.007141822017729282, -0.005657352041453123
v,-0.001165933208540082, -0.008198949508368969, -0.005122884176671505
v,-0.001411064644344151, -0.008340476080775261, -0.005673998035490513
v,0.0007875533774495125, -0.007071103900671005, -0.007352523505687714
v,7.361299140029587e-06, -0.007521547842770815, -0.005949885584414005
v,-0.001165933208540082, -0.008198949508368969, -0.005122884176671505
v,0.0007875533774495125, -0.007071103900671005, -0.007352523505687714
v,0.0027293383609503508, -0.005950013641268015, -0.005535121075809002
v,0.0006650661234743893, -0.007141822017729282, -0.005657352041453123
v,0.0006309482851065695, -0.007161519955843687, -0.0059957485646009445
v,0.00035457347985357046, -0.007321084849536419, -0.00612636050209403
v,7.361299140029587e-06, -0.007521547842770815, -0.005949885584414005
v,0.0007875533774495125, -0.007071103900671005, -0.007352523505687714
v,0.0027293383609503508, -0.005950013641268015, -0.005535121075809002
v,0.0006309482851065695, -0.007161519955843687, -0.0059957485646009445
v,0.0005106745520606637, -0.0072309598326683044, -0.00611396599560976
v,0.0028465900104492903, -0.00588231859728694, -0.006491024978458881
v,0.0027293383609503508, -0.005950013641268015, -0.005535121075809002
v,0.0005106745520606637, -0.0072309598326683044, -0.00611396599560976
v,0.0028465900104492903, -0.00588231859728694, -0.006491024978458881
v,0.0005106745520606637, -0.0072309598326683044, -0.00611396599560976
v,0.00035457347985357046, -0.007321084849536419, -0.00612636050209403
v,0.0028465900104492903, -0.00588231859728694, -0.006491024978458881
v,0.00035457347985357046, -0.007321084849536419, -0.00612636050209403
v,0.0007875533774495125, -0.007071103900671005, -0.007352523505687714
v,0.0028455876745283604, -0.005882897414267063, -0.007125608157366514
v,0.0028465900104492903, -0.00588231859728694, -0.006491024978458881
v,0.0007875533774495125, -0.007071103900671005, -0.007352523505687714
v,0.002734591718763113, -0.00594698078930378, -0.007574294228106737
v,0.0028455876745283604, -0.005882897414267063, -0.007125608157366514
v,0.0007875533774495125, -0.007071103900671005, -0.007352523505687714
v,0.002734591718763113, -0.00594698078930378, -0.007574294228106737
v,0.0007875533774495125, -0.007071103900671005, -0.007352523505687714
v,0.0014246742939576507, -0.0067032622173428535, -0.007741727866232395
v,0.00257714930921793, -0.006037880200892687, -0.007789895869791508
v,0.002734591718763113, -0.00594698078930378, -0.007574294228106737
v,0.0014246742939576507, -0.0067032622173428535, -0.007741727866232395
v,0.00257714930921793, -0.006037880200892687, -0.007789895869791508
v,0.0014246742939576507, -0.0067032622173428535, -0.007741727866232395
v,0.0017971680499613285, -0.006488202605396509, -0.007899693213403225
v,0.0024119806475937366, -0.006133240647614002, -0.00789942592382431
v,0.00257714930921793, -0.006037880200892687, -0.007789895869791508
v,0.0017971680499613285, -0.006488202605396509, -0.007899693213403225
v,0.0021416633389890194, -0.006289307959377766, -0.007957895286381245
v,0.0024119806475937366, -0.006133240647614002, -0.00789942592382431
v,0.0017971680499613285, -0.006488202605396509, -0.007899693213403225
v,-0.0019493077415972948, -0.005081843584775925, 0.002642508130520582
v,-0.0021498107817023993, -0.005197604186832905, 0.002567828632891178
v,-0.0005259112222120166, -0.007829432375729084, 0.0026090044993907213
v,0.0011374957393854856, -0.003299676813185215, -1.8665168681764044e-05
v,0.0018700497457757592, -0.0028767366893589497, -0.0005854584742337465
v,0.0027627083472907543, -0.0059307473711669445, -7.031189306871966e-05
v,-0.0011543381260707974, -0.004622867796570063, -0.004086619708687067
v,-0.0008994327508844435, -0.0044756983406841755, -0.005474451929330826
v,0.0005244992207735777, -0.0072229779325425625, -0.0047401851043105125
v,-0.0008864497649483383, -0.004468202590942383, -0.005868646781891584
v,-0.0009391674539074302, -0.004498639144003391, -0.00603311276063323
v,0.0006309482851065695, -0.007161519955843687, -0.0059957485646009445
v,0.0011834913166239858, -0.00327312177978456, -0.007581676356494427
v,0.0012995946453884244, -0.003206089371815324, -0.007147734984755516
v,0.002734591718763113, -0.00594698078930378, -0.007574294228106737
v,-0.0012782823760062456, -0.0046944268979132175, 0.002482153009623289
v,-0.001649460638873279, -0.004908726550638676, 0.002612769603729248
v,6.745767313987017e-05, -0.007486850954592228, 0.0025696447119116783
v,-0.0024565195199102163, -0.0053746821358799934, 0.001998055726289749
v,-0.002447495935484767, -0.005369472783058882, 0.0015288264257833362
v,-0.0009209760464727879, -0.008057523518800735, 0.0017442796379327774
v,-0.0008994327508844435, -0.0044756983406841755, -0.005474451929330826
v,-0.0008864497649483383, -0.004468202590942383, -0.005868646781891584
v,0.0006650661234743893, -0.007141822017729282, -0.005657352041453123
v,-0.0021498107817023993, -0.005197604186832905, 0.002567828632891178
v,-0.0023452453315258026, -0.005310438107699156, 0.002365353750064969
v,-0.000739163369871676, -0.00795255322009325, 0.0024519094731658697
v,-0.0023452453315258026, -0.005310438107699156, 0.002365353750064969
v,-0.0024565195199102163, -0.0053746821358799934, 0.001998055726289749
v,-0.0008812086889520288, -0.00803456362336874, 0.00215366343036294
v,0.000933555536903441, -0.006986808963119984, 0.0021334837656468153
v,0.0006133686983957887, -0.003602281678467989, 0.0012051176745444536
v,-0.0006369806942529976, -0.0043241712264716625, 0.002149354899302125
v,-0.0021498107817023993, -0.005197604186832905, 0.002567828632891178
v,-0.000739163369871676, -0.00795255322009325, 0.0024519094731658697
v,-0.0005259112222120166, -0.007829432375729084, 0.0026090044993907213
v,-0.0023452453315258026, -0.005310438107699156, 0.002365353750064969
v,-0.0008812086889520288, -0.00803456362336874, 0.00215366343036294
v,-0.000739163369871676, -0.00795255322009325, 0.0024519094731658697
v,-0.00124319305177778, -0.008243555203080177, 0.00489672739058733
v,-0.0030304244719445705, -0.005706026218831539, 0.005155922379344702
v,-0.0027688583359122276, -0.005555010866373777, 0.00488085113465786
v,-0.0005361524526961148, -0.007835345342755318, -0.0004083688254468143
v,-0.002340972190722823, -0.005307971034198999, 0.0008051451295614243
v,-0.0020594042725861073, -0.005145407747477293, -0.0005021769320592284
v,0.0015289768343791366, -0.006643042434006929, 0.0004102635430172086
v,-5.489728573593311e-05, -0.003988105338066816, 0.0002928873000200838
v,-1.203910414915299e-05, -0.003963361028581858, 0.0004172004119027406
v,0.0036346379201859236, -0.005427338648587465, -1.7214048057212494e-05
v,0.0018700497457757592, -0.0028767366893589497, -0.0005854584742337465
v,0.0020890478044748306, -0.0027502980083227158, -1.7214182662428357e-05
v,-0.0024565195199102163, -0.0053746821358799934, 0.001998055726289749
v,-0.0009209760464727879, -0.008057523518800735, 0.0017442796379327774
v,-0.0008812086889520288, -0.00803456362336874, 0.00215366343036294
v,0.001502932864241302, -0.006658079102635384, -5.992358273942955e-05
v,0.0001275804388569668, -0.003882751800119877, -0.0010774824768304825
v,-4.658539910451509e-05, -0.003983306232839823, -2.258602216897998e-05
v,0.0016890889964997768, -0.0065506016835570335, -0.0011526618618518114
v,0.001172738499008119, -0.0032793297432363033, -0.005475393962115049
v,0.0001275804388569668, -0.003882751800119877, -0.0010774824768304825
v,0.0027293383609503508, -0.005950013641268015, -0.005535121075809002
v,0.0012982124462723732, -0.0032068872824311256, -0.006449465174227953
v,0.001172738499008119, -0.0032793297432363033, -0.005475393962115049
v,-0.0006569072138518095, -0.007905063219368458, 0.007519808132201433
v,-0.0018901353469118476, -0.005047679878771305, 0.007435808889567852
v,-0.0022275694645941257, -0.005242497660219669, 0.0075225792825222015
v,-0.0008994327508844435, -0.0044756983406841755, -0.005474451929330826
v,0.0006650661234743893, -0.007141822017729282, -0.005657352041453123
v,0.0005244992207735777, -0.0072229779325425625, -0.0047401851043105125
v,-0.0012457892298698425, -0.008245053701102734, 0.007436757907271385
v,-0.00255396100692451, -0.005430940072983503, 0.007511797361075878
v,-0.002808214630931616, -0.005577733274549246, 0.0074284919537603855
v,-0.0016457820311188698, -0.008475990034639835, 0.007068570703268051
v,-0.0030252484139055014, -0.005703037604689598, 0.007274149917066097
v,-0.00320180575363338, -0.005804973188787699, 0.007051311898976564
v,-3.073782499996014e-05, -0.007543543819338083, 0.007229479495435953
v,-0.0013424610951915383, -0.004731480032205582, 0.006950887851417065
v,-0.001595617737621069, -0.004877640400081873, 0.007246822118759155
v,-0.0018206946551799774, -0.008576976135373116, 0.006496117450296879
v,-0.0033155553974211216, -0.005870646797120571, 0.0067846341989934444
v,-0.0033679718617349863, -0.0059009091928601265, 0.006472655571997166
v,0.0003870178770739585, -0.0073023526929318905, 0.0065519665367901325
v,-0.0010729441419243813, -0.0045758746564388275, 0.006134324707090855
v,-0.0011679853778332472, -0.00463074678555131, 0.006581187713891268
v,-0.0017099520191550255, -0.008513038977980614, 0.005583212245255709
v,-0.0033545014448463917, -0.0058931321837008, 0.006029361393302679
v,-0.0032449690625071526, -0.005829893983900547, 0.005553980357944965
v,0.0004846513329539448, -0.007245983928442001, 0.0056517659686505795
v,-0.0011113289510831237, -0.00459803594276309, 0.005383188370615244
v,-0.001059302594512701, -0.004567998461425304, 0.005672928411513567
v,0.00031023973133414984, -0.007346680387854576, 0.005110332742333412
v,-0.0014027849538251758, -0.004766308236867189, 0.004904657602310181
v,-0.0012249310966581106, -0.004663624335080385, 0.0051271808333694935
v,-9.192380093736574e-05, -0.007578869815915823, 0.004742885008454323
v,-0.0018784751882776618, -0.005040948279201984, 0.004667792934924364
v,-0.001620480907149613, -0.004891994874924421, 0.00475115654990077
v,-0.0006886377814225852, -0.007923382334411144, 0.004659957718104124
v,-0.0025056020822376013, -0.005403019953519106, 0.004731231369078159
v,-0.0022093704901635647, -0.0052319904789328575, 0.004657141398638487
v,0.0018843725556507707, -0.006437854841351509, 0.0004558403161354363
v,0.0011374957393854856, -0.003299676813185215, -1.8665168681764044e-05
v,0.0027627083472907543, -0.0059307473711669445, -7.031189306871966e-05
v,0.00021978079166729003, -0.00739890756085515, -0.003385245567187667
v,-0.0020594042725861073, -0.005145407747477293, -0.0005021769320592284
v,-0.0011543381260707974, -0.004622867796570063, -0.004086619708687067
v,-0.001165933208540082, -0.008198949508368969, -0.005122884176671505
v,-0.0015707551501691341, -0.004863286390900612, -0.005929669830948114
v,-0.0027118404395878315, -0.005522092338651419, -0.005120731890201569
v,0.00035457347985357046, -0.007321084849536419, -0.00612636050209403
v,-0.0010443318169564009, -0.004559355787932873, -0.006117601878941059
v,-0.0012040588771924376, -0.004651574417948723, -0.0061227064579725266
v,-0.0008076787344180048, -0.007992111146450043, 0.0008727818494662642
v,-0.002447495935484767, -0.005369472783058882, 0.0015288264257833362
v,-0.002340972190722823, -0.005307971034198999, 0.0008051451295614243
v,0.0012995946453884244, -0.003206089371815324, -0.007147734984755516
v,0.0028455876745283604, -0.005882897414267063, -0.007125608157366514
v,0.002734591718763113, -0.00594698078930378, -0.007574294228106737
v,0.0016337827546522021, -0.0065825330093503, 0.0004895235761068761
v,-1.203910414915299e-05, -0.003963361028581858, 0.0004172004119027406
v,9.665444667916745e-05, -0.003900606883689761, 0.0004913318553008139
v,0.001489353715442121, -0.006665918976068497, 0.0002818325883708894
v,-4.658539910451509e-05, -0.003983306232839823, -2.258602216897998e-05
v,-5.489728573593311e-05, -0.003988105338066816, 0.0002928873000200838
v,0.0028465900104492903, -0.00588231859728694, -0.006491024978458881
v,0.0012995946453884244, -0.003206089371815324, -0.007147734984755516
v,0.0012982124462723732, -0.0032068872824311256, -0.006449465174227953
v,-0.0003456840058788657, -0.0077253784984350204, 0.0026440087240189314
v,-0.001649460638873279, -0.004908726550638676, 0.002612769603729248
v,-0.0019493077415972948, -0.005081843584775925, 0.002642508130520582
v,0.000933555536903441, -0.006986808963119984, 0.0021334837656468153
v,-0.0012782823760062456, -0.0046944268979132175, 0.002482153009623289
v,6.745767313987017e-05, -0.007486850954592228, 0.0025696447119116783
v,0.002734591718763113, -0.00594698078930378, -0.007574294228106737
v,0.0010420039761811495, -0.0033548094797879457, -0.007779834326356649
v,0.0011834913166239858, -0.00327312177978456, -0.007581676356494427
v,0.0018700497457757592, -0.0028767366893589497, -0.0005854584742337465
v,0.003414745209738612, -0.0055542937479913235, -0.0005884073325432837
v,0.0027627083472907543, -0.0059307473711669445, -7.031189306871966e-05
v,0.0017971680499613285, -0.006488202605396509, -0.007899693213403225
v,-9.74605864030309e-05, -0.004012679681181908, -0.007753754500299692
v,0.00025994679890573025, -0.0038063302636146545, -0.007902526296675205
v,0.0024119806475937366, -0.006133240647614002, -0.00789942592382431
v,0.0006114779971539974, -0.0036033736541867256, -0.007957929745316505
v,0.0008793192682787776, -0.0034487354569137096, -0.007893565110862255
v,0.0021416633389890194, -0.006289307959377766, -0.007957895286381245
v,0.00025994679890573025, -0.0038063302636146545, -0.007902526296675205
v,0.0006114779971539974, -0.0036033736541867256, -0.007957929745316505
v,-0.0009888936765491962, -0.008096734993159771, 0.007515022065490484
v,-0.0022275694645941257, -0.005242497660219669, 0.0075225792825222015
v,-0.00255396100692451, -0.005430940072983503, 0.007511797361075878
v,-0.0014653662219643593, -0.008371827192604542, 0.007287544663995504
v,-0.002808214630931616, -0.005577733274549246, 0.0074284919537603855
v,-0.0030252484139055014, -0.005703037604689598, 0.007274149917066097
v,-0.00032210838980972767, -0.007711766753345728, 0.007425719406455755
v,-0.001595617737621069, -0.004877640400081873, 0.007246822118759155
v,-0.0018901353469118476, -0.005047679878771305, 0.007435808889567852
v,-0.0017638932913541794, -0.00854418147355318, 0.006805103272199631
v,-0.00320180575363338, -0.005804973188787699, 0.007051311898976564
v,-0.0033155553974211216, -0.005870646797120571, 0.0067846341989934444
v,-0.0019493077415972948, -0.005081843584775925, 0.002642508130520582
v,-0.0005259112222120166, -0.007829432375729084, 0.0026090044993907213
v,-0.0003456840058788657, -0.0077253784984350204, 0.0026440087240189314
v,0.00021800865943077952, -0.007399930153042078, 0.0069273305125534534
v,-0.0011679853778332472, -0.00463074678555131, 0.006581187713891268
v,-0.0013424610951915383, -0.004731480032205582, 0.006950887851417065
v,-0.0018125276546925306, -0.008572260849177837, 0.006061638705432415
v,-0.0033679718617349863, -0.0059009091928601265, 0.006472655571997166
v,-0.0033545014448463917, -0.0058931321837008, 0.006029361393302679
v,0.0004763217584695667, -0.007250792812556028, 0.006099834106862545
v,-0.001059302594512701, -0.004567998461425304, 0.005672928411513567
v,-0.0010729441419243813, -0.0045758746564388275, 0.006134324707090855
v,0.00042820192174986005, -0.007278575096279383, 0.005363781936466694
v,-0.0012249310966581106, -0.004663624335080385, 0.0051271808333694935
v,-0.0011113289510831237, -0.00459803594276309, 0.005383188370615244
v,0.0001287276390939951, -0.007451476529240608, 0.004891516640782356
v,-0.001620480907149613, -0.004891994874924421, 0.00475115654990077
v,-0.0014027849538251758, -0.004766308236867189, 0.004904657602310181
v,-0.00035269191721454263, -0.00772942416369915, 0.0046645659022033215
v,-0.0022093704901635647, -0.0052319904789328575, 0.004657141398638487
v,-0.0018784751882776618, -0.005040948279201984, 0.004667792934924364
v,0.0007875533774495125, -0.007071103900671005, -0.007352523505687714
v,-0.002956654643639922, -0.005663435906171799, -0.005673998035490513
v,-0.0006974182324483991, -0.004359065089374781, -0.007393111940473318
v,0.002244694158434868, -0.006229822989553213, 0.0011359923519194126
v,0.0020890478044748306, -0.0027502980083227158, -1.7214182662428357e-05
v,0.0006133686983957887, -0.003602281678467989, 0.0012051176745444536
v,-0.0008864497649483383, -0.004468202590942383, -0.005868646781891584
v,0.0006309482851065695, -0.007161519955843687, -0.0059957485646009445
v,0.0006650661234743893, -0.007141822017729282, -0.005657352041453123
v,0.00257714930921793, -0.006037880200892687, -0.007789895869791508
v,0.0008793192682787776, -0.0034487354569137096, -0.007893565110862255
v,0.0010420039761811495, -0.0033548094797879457, -0.007779834326356649
v,7.361299140029587e-06, -0.007521547842770815, -0.005949885584414005
v,-0.0012040588771924376, -0.004651574417948723, -0.0061227064579725266
v,-0.0015707551501691341, -0.004863286390900612, -0.005929669830948114
v,0.0005106745520606637, -0.0072309598326683044, -0.00611396599560976
v,-0.0009391674539074302, -0.004498639144003391, -0.00603311276063323
v,-0.0010443318169564009, -0.004559355787932873, -0.006117601878941059
v,-0.0015015373937785625, -0.008392710238695145, 0.005179373547434807
v,-0.0032449690625071526, -0.005829893983900547, 0.005553980357944965
v,-0.0030304244719445705, -0.005706026218831539, 0.005155922379344702
v,-0.0009801447158679366, -0.008091684430837631, 0.0047395359724760056
v,-0.0027688583359122276, -0.005555010866373777, 0.00488085113465786
v,-0.0025056020822376013, -0.005403019953519106, 0.004731231369078159
v,0.0018843725556507707, -0.006437854841351509, 0.0004558403161354363
v,9.665444667916745e-05, -0.003900606883689761, 0.0004913318553008139
v,0.0003522652550600469, -0.003753029741346836, 0.00045046492596156895
v,-0.001165933208540082, -0.008198949508368969, -0.005122884176671505
v,-0.002956654643639922, -0.005663435906171799, -0.005673998035490513
v,-0.001411064644344151, -0.008340476080775261, -0.005673998035490513
v,-0.0011543381260707974, -0.004622867796570063, -0.004086619708687067
v,0.0005244992207735777, -0.0072229779325425625, -0.0047401851043105125
v,0.00021978079166729003, -0.00739890756085515, -0.003385245567187667
v,0.0014246742939576507, -0.0067032622173428535, -0.007741727866232395
v,0.0007875533774495125, -0.007071103900671005, -0.007352523505687714
v,-0.0006974182324483991, -0.004359065089374781, -0.007393111940473318
v,0.000933555536903441, -0.006986808963119984, 0.0021334837656468153
v,0.002244694158434868, -0.006229822989553213, 0.0011359923519194126
v,0.0006133686983957887, -0.003602281678467989, 0.0012051176745444536
v,-0.00124319305177778, -0.008243555203080177, 0.00489672739058733
v,-0.0015015373937785625, -0.008392710238695145, 0.005179373547434807
v,-0.0030304244719445705, -0.005706026218831539, 0.005155922379344702
v,-0.0005361524526961148, -0.007835345342755318, -0.0004083688254468143
v,-0.0008076787344180048, -0.007992111146450043, 0.0008727818494662642
v,-0.002340972190722823, -0.005307971034198999, 0.0008051451295614243
v,0.0015289768343791366, -0.006643042434006929, 0.0004102635430172086
v,0.001489353715442121, -0.006665918976068497, 0.0002818325883708894
v,-5.489728573593311e-05, -0.003988105338066816, 0.0002928873000200838
v,0.0036346379201859236, -0.005427338648587465, -1.7214048057212494e-05
v,0.003414745209738612, -0.0055542937479913235, -0.0005884073325432837
v,0.0018700497457757592, -0.0028767366893589497, -0.0005854584742337465
v,0.001502932864241302, -0.006658079102635384, -5.992358273942955e-05
v,0.0016890889964997768, -0.0065506016835570335, -0.0011526618618518114
v,0.0001275804388569668, -0.003882751800119877, -0.0010774824768304825
v,0.0016890889964997768, -0.0065506016835570335, -0.0011526618618518114
v,0.0027293383609503508, -0.005950013641268015, -0.005535121075809002
v,0.001172738499008119, -0.0032793297432363033, -0.005475393962115049
v,0.0027293383609503508, -0.005950013641268015, -0.005535121075809002
v,0.0028465900104492903, -0.00588231859728694, -0.006491024978458881
v,0.0012982124462723732, -0.0032068872824311256, -0.006449465174227953
v,-0.0006569072138518095, -0.007905063219368458, 0.007519808132201433
v,-0.00032210838980972767, -0.007711766753345728, 0.007425719406455755
v,-0.0018901353469118476, -0.005047679878771305, 0.007435808889567852
v,-0.0012457892298698425, -0.008245053701102734, 0.007436757907271385
v,-0.0009888936765491962, -0.008096734993159771, 0.007515022065490484
v,-0.00255396100692451, -0.005430940072983503, 0.007511797361075878
v,-0.0016457820311188698, -0.008475990034639835, 0.007068570703268051
v,-0.0014653662219643593, -0.008371827192604542, 0.007287544663995504
v,-0.0030252484139055014, -0.005703037604689598, 0.007274149917066097
v,-3.073782499996014e-05, -0.007543543819338083, 0.007229479495435953
v,0.00021800865943077952, -0.007399930153042078, 0.0069273305125534534
v,-0.0013424610951915383, -0.004731480032205582, 0.006950887851417065
v,-0.0018206946551799774, -0.008576976135373116, 0.006496117450296879
v,-0.0017638932913541794, -0.00854418147355318, 0.006805103272199631
v,-0.0033155553974211216, -0.005870646797120571, 0.0067846341989934444
v,0.0003870178770739585, -0.0073023526929318905, 0.0065519665367901325
v,0.0004763217584695667, -0.007250792812556028, 0.006099834106862545
v,-0.0010729441419243813, -0.0045758746564388275, 0.006134324707090855
v,-0.0017099520191550255, -0.008513038977980614, 0.005583212245255709
v,-0.0018125276546925306, -0.008572260849177837, 0.006061638705432415
v,-0.0033545014448463917, -0.0058931321837008, 0.006029361393302679
v,0.0004846513329539448, -0.007245983928442001, 0.0056517659686505795
v,0.00042820192174986005, -0.007278575096279383, 0.005363781936466694
v,-0.0011113289510831237, -0.00459803594276309, 0.005383188370615244
v,0.00031023973133414984, -0.007346680387854576, 0.005110332742333412
v,0.0001287276390939951, -0.007451476529240608, 0.004891516640782356
v,-0.0014027849538251758, -0.004766308236867189, 0.004904657602310181
v,-9.192380093736574e-05, -0.007578869815915823, 0.004742885008454323
v,-0.00035269191721454263, -0.00772942416369915, 0.0046645659022033215
v,-0.0018784751882776618, -0.005040948279201984, 0.004667792934924364
v,-0.0006886377814225852, -0.007923382334411144, 0.004659957718104124
v,-0.0009801447158679366, -0.008091684430837631, 0.0047395359724760056
v,-0.0025056020822376013, -0.005403019953519106, 0.004731231369078159
v,0.0018843725556507707, -0.006437854841351509, 0.0004558403161354363
v,0.0003522652550600469, -0.003753029741346836, 0.00045046492596156895
v,0.0011374957393854856, -0.003299676813185215, -1.8665168681764044e-05
v,0.00021978079166729003, -0.00739890756085515, -0.003385245567187667
v,-0.0005361524526961148, -0.007835345342755318, -0.0004083688254468143
v,-0.0020594042725861073, -0.005145407747477293, -0.0005021769320592284
v,-0.001165933208540082, -0.008198949508368969, -0.005122884176671505
v,7.361299140029587e-06, -0.007521547842770815, -0.005949885584414005
v,-0.0015707551501691341, -0.004863286390900612, -0.005929669830948114
v,0.00035457347985357046, -0.007321084849536419, -0.00612636050209403
v,0.0005106745520606637, -0.0072309598326683044, -0.00611396599560976
v,-0.0010443318169564009, -0.004559355787932873, -0.006117601878941059
v,-0.0008076787344180048, -0.007992111146450043, 0.0008727818494662642
v,-0.0009209760464727879, -0.008057523518800735, 0.0017442796379327774
v,-0.002447495935484767, -0.005369472783058882, 0.0015288264257833362
v,0.0016337827546522021, -0.0065825330093503, 0.0004895235761068761
v,0.0015289768343791366, -0.006643042434006929, 0.0004102635430172086
v,-1.203910414915299e-05, -0.003963361028581858, 0.0004172004119027406
v,0.001489353715442121, -0.006665918976068497, 0.0002818325883708894
v,0.001502932864241302, -0.006658079102635384, -5.992358273942955e-05
v,-4.658539910451509e-05, -0.003983306232839823, -2.258602216897998e-05
v,0.0028465900104492903, -0.00588231859728694, -0.006491024978458881
v,0.0028455876745283604, -0.005882897414267063, -0.007125608157366514
v,0.0012995946453884244, -0.003206089371815324, -0.007147734984755516
v,-0.0003456840058788657, -0.0077253784984350204, 0.0026440087240189314
v,6.745767313987017e-05, -0.007486850954592228, 0.0025696447119116783
v,-0.001649460638873279, -0.004908726550638676, 0.002612769603729248
v,0.000933555536903441, -0.006986808963119984, 0.0021334837656468153
v,-0.0006369806942529976, -0.0043241712264716625, 0.002149354899302125
v,-0.0012782823760062456, -0.0046944268979132175, 0.002482153009623289
v,0.002734591718763113, -0.00594698078930378, -0.007574294228106737
v,0.00257714930921793, -0.006037880200892687, -0.007789895869791508
v,0.0010420039761811495, -0.0033548094797879457, -0.007779834326356649
v,0.0017971680499613285, -0.006488202605396509, -0.007899693213403225
v,0.0014246742939576507, -0.0067032622173428535, -0.007741727866232395
v,-9.74605864030309e-05, -0.004012679681181908, -0.007753754500299692
v,0.0024119806475937366, -0.006133240647614002, -0.00789942592382431
v,0.0021416633389890194, -0.006289307959377766, -0.007957895286381245
v,0.0006114779971539974, -0.0036033736541867256, -0.007957929745316505
v,0.0021416633389890194, -0.006289307959377766, -0.007957895286381245
v,0.0017971680499613285, -0.006488202605396509, -0.007899693213403225
v,0.00025994679890573025, -0.0038063302636146545, -0.007902526296675205
v,-0.0009888936765491962, -0.008096734993159771, 0.007515022065490484
v,-0.0006569072138518095, -0.007905063219368458, 0.007519808132201433
v,-0.0022275694645941257, -0.005242497660219669, 0.0075225792825222015
v,-0.0014653662219643593, -0.008371827192604542, 0.007287544663995504
v,-0.0012457892298698425, -0.008245053701102734, 0.007436757907271385
v,-0.002808214630931616, -0.005577733274549246, 0.0074284919537603855
v,-0.00032210838980972767, -0.007711766753345728, 0.007425719406455755
v,-3.073782499996014e-05, -0.007543543819338083, 0.007229479495435953
v,-0.001595617737621069, -0.004877640400081873, 0.007246822118759155
v,-0.0017638932913541794, -0.00854418147355318, 0.006805103272199631
v,-0.0016457820311188698, -0.008475990034639835, 0.007068570703268051
v,-0.00320180575363338, -0.005804973188787699, 0.007051311898976564
v,0.00021800865943077952, -0.007399930153042078, 0.0069273305125534534
v,0.0003870178770739585, -0.0073023526929318905, 0.0065519665367901325
v,-0.0011679853778332472, -0.00463074678555131, 0.006581187713891268
v,-0.0018125276546925306, -0.008572260849177837, 0.006061638705432415
v,-0.0018206946551799774, -0.008576976135373116, 0.006496117450296879
v,-0.0033679718617349863, -0.0059009091928601265, 0.006472655571997166
v,0.0004763217584695667, -0.007250792812556028, 0.006099834106862545
v,0.0004846513329539448, -0.007245983928442001, 0.0056517659686505795
v,-0.001059302594512701, -0.004567998461425304, 0.005672928411513567
v,0.00042820192174986005, -0.007278575096279383, 0.005363781936466694
v,0.00031023973133414984, -0.007346680387854576, 0.005110332742333412
v,-0.0012249310966581106, -0.004663624335080385, 0.0051271808333694935
v,0.0001287276390939951, -0.007451476529240608, 0.004891516640782356
v,-9.192380093736574e-05, -0.007578869815915823, 0.004742885008454323
v,-0.001620480907149613, -0.004891994874924421, 0.00475115654990077
v,-0.00035269191721454263, -0.00772942416369915, 0.0046645659022033215
v,-0.0006886377814225852, -0.007923382334411144, 0.004659957718104124
v,-0.0022093704901635647, -0.0052319904789328575, 0.004657141398638487
v,0.0007875533774495125, -0.007071103900671005, -0.007352523505687714
v,-0.001411064644344151, -0.008340476080775261, -0.005673998035490513
v,-0.002956654643639922, -0.005663435906171799, -0.005673998035490513
v,0.002244694158434868, -0.006229822989553213, 0.0011359923519194126
v,0.0036346379201859236, -0.005427338648587465, -1.7214048057212494e-05
v,0.0020890478044748306, -0.0027502980083227158, -1.7214182662428357e-05
v,0.00257714930921793, -0.006037880200892687, -0.007789895869791508
v,0.0024119806475937366, -0.006133240647614002, -0.00789942592382431
v,0.0008793192682787776, -0.0034487354569137096, -0.007893565110862255
v,7.361299140029587e-06, -0.007521547842770815, -0.005949885584414005
v,0.00035457347985357046, -0.007321084849536419, -0.00612636050209403
v,-0.0012040588771924376, -0.004651574417948723, -0.0061227064579725266
v,0.0005106745520606637, -0.0072309598326683044, -0.00611396599560976
v,0.0006309482851065695, -0.007161519955843687, -0.0059957485646009445
v,-0.0009391674539074302, -0.004498639144003391, -0.00603311276063323
v,-0.0015015373937785625, -0.008392710238695145, 0.005179373547434807
v,-0.0017099520191550255, -0.008513038977980614, 0.005583212245255709
v,-0.0032449690625071526, -0.005829893983900547, 0.005553980357944965
v,-0.0009801447158679366, -0.008091684430837631, 0.0047395359724760056
v,-0.00124319305177778, -0.008243555203080177, 0.00489672739058733
v,-0.0027688583359122276, -0.005555010866373777, 0.00488085113465786
v,0.0018843725556507707, -0.006437854841351509, 0.0004558403161354363
v,0.0016337827546522021, -0.0065825330093503, 0.0004895235761068761
v,9.665444667916745e-05, -0.003900606883689761, 0.0004913318553008139
v,-0.001165933208540082, -0.008198949508368969, -0.005122884176671505
v,-0.0027118404395878315, -0.005522092338651419, -0.005120731890201569
v,-0.002956654643639922, -0.005663435906171799, -0.005673998035490513
n,-16.79714012145996, 29.0935001373291, -1.4684526377095608e-06
n,-16.79714012145996, 29.0935001373291, -1.4684526377095608e-06
n,-16.79714012145996, 29.0935001373291, -1.4684526377095608e-06
n,-16.79714012145996, 29.0935001373291, -1.4684526377095608e-06
n,-16.79714012145996, 29.0935001373291, -1.4684526377095608e-06
n,-16.79714012145996, 29.0935001373291, -1.4684526377095608e-06
n,-16.79714012145996, 29.0935001373291, -1.4684526377095608e-06
n,-16.79714012145996, 29.0935001373291, -1.4684526377095608e-06
n,-16.79714012145996, 29.0935001373291, -1.4684526377095608e-06
n,-16.79714012145996, 29.0935001373291, -1.4684526377095608e-06
n,-16.79714012145996, 29.0935001373291, -1.4684526377095608e-06
n,-16.79714012145996, 29.0935001373291, -1.4684526377095608e-06
n,-16.79714012145996, 29.0935001373291, -1.4684526377095608e-06
n,-16.79714012145996, 29.0935001373291, -1.4684526377095608e-06
n,-16.79714012145996, 29.0935001373291, -1.4684526377095608e-06
n,-16.79714012145996, 29.0935001373291, -1.4684526377095608e-06
n,-16.79714012145996, 29.0935001373291, -1.4684526377095608e-06
n,-16.79714012145996, 29.0935001373291, -1.4684526377095608e-06
n,-16.79714012145996, 29.0935001373291, -1.4684526377095608e-06
n,-16.79714012145996, 29.0935001373291, -1.4684526377095608e-06
n,-16.79714012145996, 29.0935001373291, -1.4684526377095608e-06
n,-16.79714012145996, 29.0935001373291, -1.4684526377095608e-06
n,-16.79714012145996, 29.0935001373291, -1.4684526377095608e-06
n,-16.79714012145996, 29.0935001373291, -1.4684526377095608e-06
n,-16.79714012145996, 29.0935001373291, -1.4684526377095608e-06
n,-16.79714012145996, 29.0935001373291, -1.4684526377095608e-06
n,-16.79714012145996, 29.0935001373291, -1.4684526377095608e-06
n,-16.79714012145996, 29.0935001373291, -1.4684526377095608e-06
n,-16.79714012145996, 29.0935001373291, -1.4684526377095608e-06
n,-16.79714012145996, 29.0935001373291, -1.4684526377095608e-06
n,-16.79714012145996, 29.0935001373291, -1.4684526377095608e-06
n,-16.79714012145996, 29.0935001373291, -1.4684526377095608e-06
n,-16.79714012145996, 29.0935001373291, -1.4684526377095608e-06
n,-16.79714012145996, 29.0935001373291, -1.4684526377095608e-06
n,-16.79714012145996, 29.0935001373291, -1.4684526377095608e-06
n,-16.79714012145996, 29.0935001373291, -1.4684526377095608e-06
n,-16.79714012145996, 29.0935001373291, -1.4684526377095608e-06
n,-16.79714012145996, 29.0935001373291, -1.4684526377095608e-06
n,-16.79714012145996, 29.0935001373291, -1.4684526377095608e-06
n,-16.79714012145996, 29.0935001373291, -1.4684526377095608e-06
n,-16.79714012145996, 29.0935001373291, -1.4684526377095608e-06
n,-16.79714012145996, 29.0935001373291, -1.4684526377095608e-06
n,-16.79714012145996, 29.0935001373291, -1.4684526377095608e-06
n,-16.79714012145996, 29.0935001373291, -1.4684526377095608e-06
n,-16.79714012145996, 29.0935001373291, -1.4684526377095608e-06
n,-16.79714012145996, 29.0935001373291, -1.4684526377095608e-06
n,-16.79714012145996, 29.0935001373291, -1.4684526377095608e-06
n,-16.79714012145996, 29.0935001373291, -1.4684526377095608e-06
n,-16.79714012145996, 29.0935001373291, -1.4684526377095608e-06
n,-16.79714012145996, 29.0935001373291, -1.4684526377095608e-06
n,-16.79714012145996, 29.0935001373291, -1.4684526377095608e-06
n,-16.79714012145996, 29.0935001373291, -1.4684526377095608e-06
n,-16.79714012145996, 29.0935001373291, -1.4684526377095608e-06
n,-16.79714012145996, 29.0935001373291, -1.4684526377095608e-06
n,-16.79714012145996, 29.0935001373291, -1.4684526377095608e-06
n,-16.79714012145996, 29.0935001373291, -1.4684526377095608e-06
n,-16.79714012145996, 29.0935001373291, -1.4684526377095608e-06
n,-16.79714012145996, 29.0935001373291, -1.4684526377095608e-06
n,-16.79714012145996, 29.0935001373291, -1.4684526377095608e-06
n,16.79714012145996, -29.0935001373291, 1.4684526377095608e-06
n,16.79714012145996, -29.0935001373291, 1.4684526377095608e-06
n,16.79714012145996, -29.0935001373291, 1.4684526377095608e-06
n,16.79714012145996, -29.0935001373291, 1.4684526377095608e-06
n,16.79714012145996, -29.0935001373291, 1.4684526377095608e-06
n,16.79714012145996, -29.0935001373291, 1.4684526377095608e-06
n,16.79714012145996, -29.0935001373291, 1.4684526377095608e-06
n,16.79714012145996, -29.0935001373291, 1.4684526377095608e-06
n,16.79714012145996, -29.0935001373291, 1.4684526377095608e-06
n,16.79714012145996, -29.0935001373291, 1.4684526377095608e-06
n,16.79714012145996, -29.0935001373291, 1.4684526377095608e-06
n,16.79714012145996, -29.0935001373291, 1.4684526377095608e-06
n,16.79714012145996, -29.0935001373291, 1.4684526377095608e-06
n,16.79714012145996, -29.0935001373291, 1.4684526377095608e-06
n,16.79714012145996, -29.0935001373291, 1.4684526377095608e-06
n,16.79714012145996, -29.0935001373291, 1.4684526377095608e-06
n,16.79714012145996, -29.0935001373291, 1.4684526377095608e-06
n,16.79714012145996, -29.0935001373291, 1.4684526377095608e-06
n,16.79714012145996, -29.0935001373291, 1.4684526377095608e-06
n,16.79714012145996, -29.0935001373291, 1.4684526377095608e-06
n,16.79714012145996, -29.0935001373291, 1.4684526377095608e-06
n,16.79714012145996, -29.0935001373291, 1.4684526377095608e-06
n,16.79714012145996, -29.0935001373291, 1.4684526377095608e-06
n,16.79714012145996, -29.0935001373291, 1.4684526377095608e-06
n,-13.444116592407227, -7.738897800445557, -29.798336029052734
n,16.79714012145996, -29.0935001373291, 1.4684526377095608e-06
n,16.79714012145996, -29.0935001373291, 1.4684526377095608e-06
n,16.79714012145996, -29.0935001373291, 1.4684526377095608e-06
n,16.79714012145996, -29.0935001373291, 1.4684526377095608e-06
n,16.79714012145996, -29.0935001373291, 1.4684526377095608e-06
n,16.79714012145996, -29.0935001373291, 1.4684526377095608e-06
n,16.79714012145996, -29.0935001373291, 1.4684526377095608e-06
n,16.79714012145996, -29.0935001373291, 1.4684526377095608e-06
n,16.79714012145996, -29.0935001373291, 1.4684526377095608e-06
n,16.79714012145996, -29.0935001373291, 1.4684526377095608e-06
n,16.79714012145996, -29.0935001373291, 1.4684526377095608e-06
n,16.79714012145996, -29.0935001373291, 1.4684526377095608e-06
n,16.79714012145996, -29.0935001373291, 1.4684526377095608e-06
n,16.79714012145996, -29.0935001373291, 1.4684526377095608e-06
n,16.79714012145996, -29.0935001373291, 1.4684526377095608e-06
n,16.79714012145996, -29.0935001373291, 1.4684526377095608e-06
n,16.79714012145996, -29.0935001373291, 1.4684526377095608e-06
n,16.79714012145996, -29.0935001373291, 1.4684526377095608e-06
n,16.79714012145996, -29.0935001373291, 1.4684526377095608e-06
n,16.79714012145996, -29.0935001373291, 1.4684526377095608e-06
n,16.79714012145996, -29.0935001373291, 1.4684526377095608e-06
n,16.79714012145996, -29.0935001373291, 1.4684526377095608e-06
n,16.79714012145996, -29.0935001373291, 1.4684526377095608e-06
n,16.79714012145996, -29.0935001373291, 1.4684526377095608e-06
n,16.79714012145996, -29.0935001373291, 1.4684526377095608e-06
n,16.79714012145996, -29.0935001373291, 1.4684526377095608e-06
n,16.79714012145996, -29.0935001373291, 1.4684526377095608e-06
n,16.79714012145996, -29.0935001373291, 1.4684526377095608e-06
n,16.79714012145996, -29.0935001373291, 1.4684526377095608e-06
n,16.79714012145996, -29.0935001373291, 1.4684526377095608e-06
n,16.79714012145996, -29.0935001373291, 1.4684526377095608e-06
n,16.79714012145996, -29.0935001373291, 1.4684526377095608e-06
n,16.79714012145996, -29.0935001373291, 1.4684526377095608e-06
n,16.79714012145996, -29.0935001373291, 1.4684526377095608e-06
n,-8.993319511413574, -5.048877239227295, 31.971935272216797
n,-16.149944305419922, -9.427997589111328, -27.908205032348633
n,-28.379072189331055, -16.571857452392578, -6.969754695892334
n,-27.2104549407959, -15.880495071411133, 11.66089916229248
n,27.775922775268555, 16.08538246154785, -9.91635799407959
n,8.391868591308594, 5.051093101501465, 32.13469696044922
n,-29.179513931274414, -16.630563735961914, -0.7457842826843262
n,-28.99135971069336, -16.924741744995117, -1.2766684293746948
n,-19.52554702758789, -11.049992561340332, 25.00452423095703
n,-27.564340591430664, -15.676005363464355, 11.092594146728516
n,15.910589218139648, 9.217151641845703, 28.1153507232666
n,-15.571800231933594, -9.165069580078125, 28.32130241394043
n,-25.386306762695312, -14.901434898376465, 16.188217163085938
n,-19.610198974609375, -11.274849891662598, -24.83734130859375
n,-28.2464656829834, -16.278099060058594, -8.107807159423828
n,27.043075561523438, 15.583943367004395, -12.425314903259277
n,26.580347061157227, 15.346169471740723, -13.658548355102539
n,-28.820697784423828, -16.84994888305664, 3.7446324825286865
n,28.592561721801758, 16.476093292236328, 6.291229248046875
n,28.068096160888672, 16.17790412902832, 8.89006233215332
n,28.756309509277344, 16.649991989135742, 4.9424824714660645
n,6.3046064376831055, 3.6849942207336426, 32.79098129272461
n,-28.704544067382812, -16.442407608032227, -5.8542375564575195
n,-7.956148147583008, -4.560281753540039, 32.31840515136719
n,-21.48042106628418, -12.367083549499512, 22.676471710205078
n,20.678312301635742, 11.984550476074219, 23.60833740234375
n,-28.574857711791992, -16.46562957763672, 6.398160457611084
n,28.23442268371582, 16.346158981323242, 8.012259483337402
n,-28.138681411743164, -16.192138671875, -8.637422561645508
n,28.474294662475586, 16.47034454345703, -6.820391654968262
n,21.365774154663086, 12.367975234985352, -22.784042358398438
n,7.825616836547852, 4.551568984985352, -32.35148239135742
n,-6.176864147186279, -3.524505853652954, -32.832908630371094
n,-13.416560173034668, -7.702052593231201, -29.820295333862305
n,-27.896621704101562, -16.184368133544922, -9.40321159362793
n,15.23080825805664, 8.772903442382812, 28.629253387451172
n,-0.7827775478363037, -0.5030010938644409, 33.581390380859375
n,-28.696613311767578, -16.534561157226562, -5.629232406616211
n,28.005117416381836, 16.098114013671875, -9.22712230682373
n,14.814414024353027, 8.510287284851074, -28.925487518310547
n,29.09026527404785, 16.77165985107422, 1.0215710401535034
n,29.07643699645996, 16.82649040222168, 0.0767815113067627
n,2.4504172801971436, 1.5054731369018555, 33.47095489501953
n,11.695840835571289, 6.601322174072266, 30.79294776916504
n,22.446611404418945, 12.962236404418945, -21.37067222595215
n,-16.50887680053711, -9.493571281433105, -27.67498016357422
n,-9.869617462158203, -5.6905436515808105, -31.603546142578125
n,5.913074016571045, 3.4477529525756836, -32.88957595825195
n,-3.9474105834960938, -2.2492830753326416, -33.285648345947266
n,-0.8460035920143127, -0.45605936646461487, 33.580528259277344
n,-15.271450996398926, -8.782451629638672, 28.604665756225586
n,14.111649513244629, 8.194622039794922, 29.36469268798828
n,-26.114498138427734, -15.042649269104004, 14.843426704406738
n,-4.773403167724609, -2.876842737197876, 33.12874984741211
n,25.525747299194336, 14.785167694091797, 16.075157165527344
n,-29.092117309570312, -16.758182525634766, -1.1780214309692383
n,29.05988883972168, 16.81620216369629, 1.146224021911621
n,25.878141403198242, 14.973669052124023, -15.319485664367676
n,15.147534370422363, 8.779862403869629, -28.671274185180664
n,0.7966513633728027, 0.49242642521858215, -33.58122253417969
n,-16.0338077545166, -9.19909954071045, -28.051191329956055
n,16.949748992919922, 9.80522632598877, 27.297237396240234
n,-28.993690490722656, -16.5181884765625, 3.8847227096557617
n,15.054892539978027, 8.721573829650879, -28.737781524658203
n,12.083839416503906, 6.941289901733398, 30.567548751831055
n,-16.598575592041016, -9.623666763305664, 27.576217651367188
n,-24.72214126586914, -14.223347663879395, -17.750709533691406
n,-12.863146781921387, -7.391217231750488, -30.141084671020508
n,-3.9728760719299316, -2.3337645530700684, -33.27680206298828
n,-25.87967872619629, -14.941637992858887, 15.348133087158203
n,-28.242570877075195, -16.113208770751953, -8.443784713745117
n,-13.587873458862305, -7.8844313621521, -29.694799423217773
n,16.024263381958008, 9.210752487182617, 28.05281639099121
n,-19.98981285095215, -11.58828353881836, -24.38636589050293
n,-28.24712562561035, -16.337175369262695, -7.985748767852783
n,27.394105911254883, 15.844269752502441, -11.27376651763916
n,26.58379554748535, 15.351346015930176, -13.646018981933594
n,28.527259826660156, 16.514455795288086, 6.4841227531433105
n,28.077795028686523, 16.16645622253418, 8.880240440368652
n,28.82033920288086, 16.60628890991211, 4.711151599884033
n,6.8998918533325195, 3.9375193119049072, 32.64143371582031
n,-7.407733917236328, -4.309727191925049, 32.48272705078125
n,-21.06348991394043, -12.19519329071045, 23.15561294555664
n,21.10679054260254, 12.1386079788208, 23.145912170410156
n,-28.44521141052246, -16.455581665039062, 6.975631237030029
n,28.38428497314453, 16.34336280822754, 7.470120429992676
n,-28.220766067504883, -16.339746475219727, -8.073201179504395
n,28.3895320892334, 16.35883331298828, -7.4161152839660645
n,21.024682998657227, 12.105362892150879, -23.23786735534668
n,7.337898254394531, 4.203479290008545, -32.512481689453125
n,-6.678778171539307, -3.8902978897094727, -32.69304656982422
n,-13.382390975952148, -7.696459770202637, -29.83708953857422
n,-27.909149169921875, -16.133975982666016, -9.452503204345703
n,15.145766258239746, 8.773447036743164, 28.674169540405273
n,-2.0114903450012207, -1.125173807144165, 33.5151252746582
n,-28.715513229370117, -16.707008361816406, -4.987077713012695
n,15.924160957336426, 9.230325698852539, -28.103343963623047
n,29.047590255737305, 16.80602264404297, 1.5397007465362549
n,29.091142654418945, 16.80111312866211, -0.06127564609050751
n,4.546947479248047, 2.4728379249572754, 33.19316101074219
n,11.940563201904297, 6.860400676727295, 30.64202308654785
n,22.25659942626953, 12.815545082092285, -21.655975341796875
n,-10.019268989562988, -5.809131622314453, -31.534805297851562
n,5.3745551109313965, 3.061474561691284, -33.019954681396484
n,-4.204276084899902, -2.4449574947357178, -33.2403678894043
n,-0.34618061780929565, -0.2391766905784607, 33.591644287109375
n,-14.741183280944824, -8.54515552520752, 28.95261001586914
n,14.678664207458496, 8.427573204040527, 29.018760681152344
n,-25.822032928466797, -14.943062782287598, 15.44354248046875
n,25.83402442932129, 14.867151260375977, 15.496662139892578
n,-29.07328987121582, -16.81630516052246, -0.7290090322494507
n,29.09952163696289, 16.771215438842773, 0.7209627032279968
n,25.641252517700195, 14.77108097076416, -15.903366088867188
n,14.674849510192871, 8.437821388244629, -29.01771354675293
n,0.362740159034729, 0.16981010138988495, -33.59189224243164
n,-16.045589447021484, -9.26392650604248, -28.023103713989258
n,16.976476669311523, 9.801374435424805, 27.28200912475586
n,14.501768112182617, 8.3430814743042, -29.131893157958984
n,11.706023216247559, 6.7926459312438965, 30.747432708740234
n,-18.912830352783203, -10.792635917663574, 25.581233978271484
n,-24.967971801757812, -14.47144603729248, -17.19748306274414
n,-13.352654457092285, -7.75340461730957, -29.83566665649414
n,-3.379885196685791, -1.9146604537963867, -33.36894226074219
n,-25.900537490844727, -14.97006607055664, 15.28512191772461
u,0.3997611701488495, 0.028396546840667725, 0
u,0.3864882290363312, 0.026621580123901367, 0
u,0.3930428624153137, 0.026657819747924805, 0
u,0.3997611701488495, 0.028396546840667725, 0
u,0.38133785128593445, 0.02789485454559326, 0
u,0.3864882290363312, 0.026621580123901367, 0
u,0.3997611701488495, 0.028396546840667725, 0
u,0.3768920600414276, 0.03042781352996826, 0
u,0.38133785128593445, 0.02789485454559326, 0
u,0.4055578112602234, 0.03188180923461914, 0
u,0.3768920600414276, 0.03042781352996826, 0
u,0.3997611701488495, 0.028396546840667725, 0
u,0.4055578112602234, 0.03188180923461914, 0
u,0.37321770191192627, 0.03417861461639404, 0
u,0.3768920600414276, 0.03042781352996826, 0
u,0.4104612469673157, 0.03719693422317505, 0
u,0.37321770191192627, 0.03417861461639404, 0
u,0.4055578112602234, 0.03188180923461914, 0
u,0.4104612469673157, 0.03719693422317505, 0
u,0.370777428150177, 0.03873413801193237, 0
u,0.37321770191192627, 0.03417861461639404, 0
u,0.4137423634529114, 0.04373985528945923, 0
u,0.370777428150177, 0.03873413801193237, 0
u,0.4104612469673157, 0.03719693422317505, 0
u,0.4137423634529114, 0.04373985528945923, 0
u,0.3695407807826996, 0.04411876201629639, 0
u,0.370777428150177, 0.03873413801193237, 0
u,0.41538405418395996, 0.05156904458999634, 0
u,0.3695407807826996, 0.04411876201629639, 0
u,0.4137423634529114, 0.04373985528945923, 0
u,0.41538405418395996, 0.05156904458999634, 0
u,0.36954808235168457, 0.05183005332946777, 0
u,0.3695407807826996, 0.04411876201629639, 0
u,0.41538405418395996, 0.05959498882293701, 0
u,0.36954808235168457, 0.05183005332946777, 0
u,0.41538405418395996, 0.05156904458999634, 0
u,0.41538405418395996, 0.05959498882293701, 0
u,0.3714635968208313, 0.06016463041305542, 0
u,0.36954808235168457, 0.05183005332946777, 0
u,0.41416841745376587, 0.06459343433380127, 0
u,0.3714635968208313, 0.06016463041305542, 0
u,0.41538405418395996, 0.05959498882293701, 0
u,0.41416841745376587, 0.06459343433380127, 0
u,0.37553179264068604, 0.06722772121429443, 0
u,0.3714635968208313, 0.06016463041305542, 0
u,0.4117374122142792, 0.06896370649337769, 0
u,0.37553179264068604, 0.06722772121429443, 0
u,0.41416841745376587, 0.06459343433380127, 0
u,0.4117374122142792, 0.06896370649337769, 0
u,0.38061627745628357, 0.07218611240386963, 0
u,0.37553179264068604, 0.06722772121429443, 0
u,0.4080372452735901, 0.0727081298828125, 0
u,0.38061627745628357, 0.07218611240386963, 0
u,0.4117374122142792, 0.06896370649337769, 0
u,0.40357866883277893, 0.0752260684967041, 0
u,0.38061627745628357, 0.07218611240386963, 0
u,0.4080372452735901, 0.0727081298828125, 0
u,0.40357866883277893, 0.0752260684967041, 0
u,0.38580912351608276, 0.07496601343154907, 0
u,0.38061627745628357, 0.07218611240386963, 0
u,0.3983532190322876, 0.07649773359298706, 0
u,0.38580912351608276, 0.07496601343154907, 0
u,0.40357866883277893, 0.0752260684967041, 0
u,0.3983532190322876, 0.07649773359298706, 0
u,0.3917083144187927, 0.07645618915557861, 0
u,0.38580912351608276, 0.07496601343154907, 0
u,0.7061941027641296, 0.5380189418792725, 0
u,0.696330189704895, 0.5400676131248474, 0
u,0.7001579403877258, 0.538269430398941, 0
u,0.713873028755188, 0.5393264889717102, 0
u,0.696330189704895, 0.5400676131248474, 0
u,0.7061941027641296, 0.5380189418792725, 0
u,0.713873028755188, 0.5393264889717102, 0
u,0.6928850412368774, 0.5440566837787628, 0
u,0.696330189704895, 0.5400676131248474, 0
u,0.7273763418197632, 0.5434328615665436, 0
u,0.6928850412368774, 0.5440566837787628, 0
u,0.713873028755188, 0.5393264889717102, 0
u,0.7273763418197632, 0.5434328615665436, 0
u,0.6914790272712708, 0.55067378282547, 0
u,0.6928850412368774, 0.5440566837787628, 0
u,0.7273763418197632, 0.5434328615665436, 0
u,0.6926931738853455, 0.5587424039840698, 0
u,0.6914790272712708, 0.55067378282547, 0
u,0.7543551325798035, 0.5565327703952789, 0
u,0.6926931738853455, 0.5587424039840698, 0
u,0.7273763418197632, 0.5434328615665436, 0
u,0.7543551325798035, 0.5565327703952789, 0
u,0.6964097023010254, 0.5709506869316101, 0
u,0.6926931738853455, 0.5587424039840698, 0
u,0.7508196830749512, 0.5702109932899475, 0
u,0.7456398010253906, 0.5701569318771362, 0
u,0.7543551325798035, 0.5565327703952789, 0
u,0.7456398010253906, 0.5701569318771362, 0
u,0.6964097023010254, 0.5709506869316101, 0
u,0.7543551325798035, 0.5565327703952789, 0
u,0.7436389327049255, 0.5717119872570038, 0
u,0.6964097023010254, 0.5709506869316101, 0
u,0.7456398010253906, 0.5701569318771362, 0
u,0.7436389327049255, 0.5717119872570038, 0
u,0.7048983573913574, 0.5927779078483582, 0
u,0.6964097023010254, 0.5709506869316101, 0
u,0.7430595755577087, 0.5739648044109344, 0
u,0.7048983573913574, 0.5927779078483582, 0
u,0.7436389327049255, 0.5717119872570038, 0
u,0.7543551325798035, 0.5565327703952789, 0
u,0.767489492893219, 0.5763019621372223, 0
u,0.7508196830749512, 0.5702109932899475, 0
u,0.7864336967468262, 0.5738546550273895, 0
u,0.767489492893219, 0.5763019621372223, 0
u,0.7543551325798035, 0.5565327703952789, 0
u,0.7439205646514893, 0.5793837904930115, 0
u,0.7048983573913574, 0.5927779078483582, 0
u,0.7430595755577087, 0.5739648044109344, 0
u,0.783325731754303, 0.5842111706733704, 0
u,0.767489492893219, 0.5763019621372223, 0
u,0.7864336967468262, 0.5738546550273895, 0
u,0.749714195728302, 0.5971314907073975, 0
u,0.7048983573913574, 0.5927779078483582, 0
u,0.7439205646514893, 0.5793837904930115, 0
u,0.749714195728302, 0.5971314907073975, 0
u,0.7308222651481628, 0.6522855162620544, 0
u,0.7048983573913574, 0.5927779078483582, 0
u,0.7802209854125977, 0.6703102588653564, 0
u,0.7308222651481628, 0.6522855162620544, 0
u,0.749714195728302, 0.5971314907073975, 0
u,0.7802209854125977, 0.6703102588653564, 0
u,0.7389575839042664, 0.6755689680576324, 0
u,0.7308222651481628, 0.6522855162620544, 0
u,0.7802209854125977, 0.6703102588653564, 0
u,0.7400851249694824, 0.6823335886001587, 0
u,0.7389575839042664, 0.6755689680576324, 0
u,0.7020888924598694, 0.6740829646587372, 0
u,0.747209906578064, 0.7081408798694611, 0
u,0.6984338164329529, 0.6842469274997711, 0
u,0.7265936732292175, 0.685127854347229, 0
u,0.747209906578064, 0.7081408798694611, 0
u,0.7020888924598694, 0.6740829646587372, 0
u,0.7802209854125977, 0.6703102588653564, 0
u,0.7393979430198669, 0.6853038966655731, 0
u,0.7400851249694824, 0.6823335886001587, 0
u,0.7343209385871887, 0.6875231862068176, 0
u,0.747209906578064, 0.7081408798694611, 0
u,0.7265936732292175, 0.685127854347229, 0
u,0.7802209854125977, 0.6703102588653564, 0
u,0.737490177154541, 0.6870285868644714, 0
u,0.7393979430198669, 0.6853038966655731, 0
u,0.7848668098449707, 0.6867881417274475, 0
u,0.737490177154541, 0.6870285868644714, 0
u,0.7802209854125977, 0.6703102588653564, 0
u,0.7848668098449707, 0.6867881417274475, 0
u,0.7343209385871887, 0.6875231862068176, 0
u,0.737490177154541, 0.6870285868644714, 0
u,0.7848668098449707, 0.6867881417274475, 0
u,0.747209906578064, 0.7081408798694611, 0
u,0.7343209385871887, 0.6875231862068176, 0
u,0.7864336967468262, 0.698825865983963, 0
u,0.747209906578064, 0.7081408798694611, 0
u,0.7848668098449707, 0.6867881417274475, 0
u,0.7850785255432129, 0.7066044807434082, 0
u,0.747209906578064, 0.7081408798694611, 0
u,0.7864336967468262, 0.698825865983963, 0
u,0.7850785255432129, 0.7066044807434082, 0
u,0.7599514126777649, 0.7128326892852783, 0
u,0.747209906578064, 0.7081408798694611, 0
u,0.7826980352401733, 0.7103817760944366, 0
u,0.7599514126777649, 0.7128326892852783, 0
u,0.7850785255432129, 0.7066044807434082, 0
u,0.7826980352401733, 0.7103817760944366, 0
u,0.767396092414856, 0.7144883275032043, 0
u,0.7599514126777649, 0.7128326892852783, 0
u,0.7797093987464905, 0.7127571403980255, 0
u,0.767396092414856, 0.7144883275032043, 0
u,0.7826980352401733, 0.7103817760944366, 0
u,0.7745180130004883, 0.7145488858222961, 0
u,0.767396092414856, 0.7144883275032043, 0
u,0.7797093987464905, 0.7127571403980255, 0
u,0.74001544713974, 0.031192362308502197, 0
u,0.7466995716094971, 0.029412806034088135, 0
u,0.7533642053604126, 0.029352962970733643, 0
u,0.74001544713974, 0.031192362308502197, 0
u,0.7533642053604126, 0.029352962970733643, 0
u,0.758549153804779, 0.030602574348449707, 0
u,0.74001544713974, 0.031192362308502197, 0
u,0.758549153804779, 0.030602574348449707, 0
u,0.763011634349823, 0.03310137987136841, 0
u,0.7342409491539001, 0.03472864627838135, 0
u,0.74001544713974, 0.031192362308502197, 0
u,0.763011634349823, 0.03310137987136841, 0
u,0.7342409491539001, 0.03472864627838135, 0
u,0.763011634349823, 0.03310137987136841, 0
u,0.7667142152786255, 0.036829590797424316, 0
u,0.7293614745140076, 0.04008740186691284, 0
u,0.7342409491539001, 0.03472864627838135, 0
u,0.7667142152786255, 0.036829590797424316, 0
u,0.7293614745140076, 0.04008740186691284, 0
u,0.7667142152786255, 0.036829590797424316, 0
u,0.7691829800605774, 0.041357994079589844, 0
u,0.7261095643043518, 0.046684324741363525, 0
u,0.7293614745140076, 0.04008740186691284, 0
u,0.7691829800605774, 0.041357994079589844, 0
u,0.7261095643043518, 0.046684324741363525, 0
u,0.7691829800605774, 0.041357994079589844, 0
u,0.7704381942749023, 0.04670393466949463, 0
u,0.7244859933853149, 0.0545811653137207, 0
u,0.7261095643043518, 0.046684324741363525, 0
u,0.7704381942749023, 0.04670393466949463, 0
u,0.7244859933853149, 0.0545811653137207, 0
u,0.7704381942749023, 0.04670393466949463, 0
u,0.7704364061355591, 0.05425900220870972, 0
u,0.7244859933853149, 0.062372565269470215, 0
u,0.7244859933853149, 0.0545811653137207, 0
u,0.7704364061355591, 0.05425900220870972, 0
u,0.7244859933853149, 0.062372565269470215, 0
u,0.7704364061355591, 0.05425900220870972, 0
u,0.7685562372207642, 0.06261861324310303, 0
u,0.725726306438446, 0.06735360622406006, 0
u,0.7244859933853149, 0.062372565269470215, 0
u,0.7685562372207642, 0.06261861324310303, 0
u,0.725726306438446, 0.06735360622406006, 0
u,0.7685562372207642, 0.06261861324310303, 0
u,0.7645241618156433, 0.06972742080688477, 0
u,0.7281883358955383, 0.07170790433883667, 0
u,0.725726306438446, 0.06735360622406006, 0
u,0.7645241618156433, 0.06972742080688477, 0
u,0.7281883358955383, 0.07170790433883667, 0
u,0.7645241618156433, 0.06972742080688477, 0
u,0.7594447135925293, 0.07475131750106812, 0
u,0.7319128513336182, 0.07543289661407471, 0
u,0.7281883358955383, 0.07170790433883667, 0
u,0.7594447135925293, 0.07475131750106812, 0
u,0.7363966703414917, 0.07792115211486816, 0
u,0.7319128513336182, 0.07543289661407471, 0
u,0.7594447135925293, 0.07475131750106812, 0
u,0.7363966703414917, 0.07792115211486816, 0
u,0.7594447135925293, 0.07475131750106812, 0
u,0.7542241215705872, 0.07759672403335571, 0
u,0.74165940284729, 0.07917004823684692, 0
u,0.7363966703414917, 0.07792115211486816, 0
u,0.7542241215705872, 0.07759672403335571, 0
u,0.74165940284729, 0.07917004823684692, 0
u,0.7542241215705872, 0.07759672403335571, 0
u,0.7484033703804016, 0.0791054368019104, 0
u,0.5966084599494934, 0.1665283441543579, 0
u,0.6049990057945251, 0.16630041599273682, 0
u,0.6085101962089539, 0.1673640012741089, 0
u,0.5966084599494934, 0.1665283441543579, 0
u,0.6085101962089539, 0.1673640012741089, 0
u,0.6124091148376465, 0.17061710357666016, 0
u,0.053739652037620544, 0.12399011850357056, 0
u,2.3113543079489318e-07, 0.13565337657928467, 0
u,2.494107036454807e-07, 0.12351679801940918, 0
u,0.5783993005752563, 0.17183899879455566, 0
u,0.5966084599494934, 0.1665283441543579, 0
u,0.6124091148376465, 0.17061710357666016, 0
u,0.5783993005752563, 0.17183899879455566, 0
u,0.6124091148376465, 0.17061710357666016, 0
u,0.6145782470703125, 0.1761224865913391, 0
u,0.5783993005752563, 0.17183899879455566, 0
u,0.6145782470703125, 0.1761224865913391, 0
u,0.6144652366638184, 0.183283269405365, 0
u,0.5500882267951965, 0.18569320440292358, 0
u,0.5783993005752563, 0.17183899879455566, 0
u,0.6144652366638184, 0.183283269405365, 0
u,0.5500882267951965, 0.18569320440292358, 0
u,0.6144652366638184, 0.183283269405365, 0
u,0.6102831363677979, 0.19802194833755493, 0
u,0.5557594299316406, 0.19834113121032715, 0
u,0.5500882267951965, 0.18569320440292358, 0
u,0.5608234405517578, 0.1983998417854309, 0
u,0.5608234405517578, 0.1983998417854309, 0
u,0.5500882267951965, 0.18569320440292358, 0
u,0.6102831363677979, 0.19802194833755493, 0
u,0.5627350807189941, 0.2000340223312378, 0
u,0.5608234405517578, 0.1983998417854309, 0
u,0.6102831363677979, 0.19802194833755493, 0
u,0.5627350807189941, 0.2000340223312378, 0
u,0.6102831363677979, 0.19802194833755493, 0
u,0.6020451188087463, 0.21942073106765747, 0
u,0.5632401704788208, 0.20234978199005127, 0
u,0.5627350807189941, 0.2000340223312378, 0
u,0.6020451188087463, 0.21942073106765747, 0
u,0.5500882267951965, 0.18569320440292358, 0
u,0.5557594299316406, 0.19834113121032715, 0
u,0.5371077060699463, 0.20517230033874512, 0
u,0.5198638439178467, 0.2020314335823059, 0
u,0.5500882267951965, 0.18569320440292358, 0
u,0.5371077060699463, 0.20517230033874512, 0
u,0.5622144341468811, 0.20820826292037964, 0
u,0.5632401704788208, 0.20234978199005127, 0
u,0.6020451188087463, 0.21942073106765747, 0
u,0.522979736328125, 0.21244210004806519, 0
u,0.5198638439178467, 0.2020314335823059, 0
u,0.5371077060699463, 0.20517230033874512, 0
u,0.5560926198959351, 0.226576030254364, 0
u,0.5622144341468811, 0.20820826292037964, 0
u,0.6020451188087463, 0.21942073106765747, 0
u,0.5560926198959351, 0.226576030254364, 0
u,0.6020451188087463, 0.21942073106765747, 0
u,0.5804139971733093, 0.2688238024711609, 0
u,0.5256937742233276, 0.29949086904525757, 0
u,0.5560926198959351, 0.226576030254364, 0
u,0.5804139971733093, 0.2688238024711609, 0
u,0.5256937742233276, 0.29949086904525757, 0
u,0.5804139971733093, 0.2688238024711609, 0
u,0.571351945400238, 0.29141026735305786, 0
u,0.5256937742233276, 0.29949086904525757, 0
u,0.571351945400238, 0.29141026735305786, 0
u,0.566525936126709, 0.3068668842315674, 0
u,0.6041647791862488, 0.3023236393928528, 0
u,0.6078276038169861, 0.31245243549346924, 0
u,0.560340404510498, 0.33578526973724365, 0
u,0.5789751410484314, 0.31358975172042847, 0
u,0.6041647791862488, 0.3023236393928528, 0
u,0.560340404510498, 0.33578526973724365, 0
u,0.5256937742233276, 0.29949086904525757, 0
u,0.566525936126709, 0.3068668842315674, 0
u,0.5664573907852173, 0.3127891421318054, 0
u,0.5716716647148132, 0.3157467246055603, 0
u,0.5789751410484314, 0.31358975172042847, 0
u,0.560340404510498, 0.33578526973724365, 0
u,0.5256937742233276, 0.29949086904525757, 0
u,0.5664573907852173, 0.3127891421318054, 0
u,0.5685908794403076, 0.31513458490371704, 0
u,0.5212464332580566, 0.31567496061325073, 0
u,0.5256937742233276, 0.29949086904525757, 0
u,0.5685908794403076, 0.31513458490371704, 0
u,0.5212464332580566, 0.31567496061325073, 0
u,0.5685908794403076, 0.31513458490371704, 0
u,0.5716716647148132, 0.3157467246055603, 0
u,0.5212464332580566, 0.31567496061325073, 0
u,0.5716716647148132, 0.3157467246055603, 0
u,0.560340404510498, 0.33578526973724365, 0
u,0.5198638439178467, 0.32662004232406616, 0
u,0.5212464332580566, 0.31567496061325073, 0
u,0.560340404510498, 0.33578526973724365, 0
u,0.5210822224617004, 0.3346403241157532, 0
u,0.5198638439178467, 0.32662004232406616, 0
u,0.560340404510498, 0.33578526973724365, 0
u,0.5210822224617004, 0.3346403241157532, 0
u,0.560340404510498, 0.33578526973724365, 0
u,0.5467942953109741, 0.34087055921554565, 0
u,0.5237405896186829, 0.3387598991394043, 0
u,0.5210822224617004, 0.3346403241157532, 0
u,0.5467942953109741, 0.34087055921554565, 0
u,0.5237405896186829, 0.3387598991394043, 0
u,0.5467942953109741, 0.34087055921554565, 0
u,0.5390282869338989, 0.3426437973976135, 0
u,0.5267872214317322, 0.34107011556625366, 0
u,0.5237405896186829, 0.3387598991394043, 0
u,0.5390282869338989, 0.3426437973976135, 0
u,0.5320403575897217, 0.34276825189590454, 0
u,0.5267872214317322, 0.34107011556625366, 0
u,0.5390282869338989, 0.3426437973976135, 0
u,0.6371588706970215, 0.7997471392154694, 0
u,0.6371581554412842, 0.8037620931863785, 0
u,0.5834190845489502, 0.802189514040947, 0
u,0.588456392288208, 0.16629594564437866, 0
u,0.5736044049263, 0.16630041599273682, 0
u,0.5868275165557861, 0.11255699396133423, 0
u,0.29172250628471375, 0.3018742799758911, 0
u,0.29172247648239136, 0.32629501819610596, 0
u,0.23798316717147827, 0.31339097023010254, 0
u,0.29172220826148987, 0.3331497311592102, 0
u,0.29172182083129883, 0.335929811000824, 0
u,0.23798257112503052, 0.33531367778778076, 0
u,0.7239016890525818, 0.3275163173675537, 0
u,0.723901629447937, 0.3202793002128601, 0
u,0.7776411175727844, 0.3274010419845581, 0
u,0.6371597647666931, 0.7862560451030731, 0
u,0.6371594667434692, 0.7937241941690445, 0
u,0.5834202766418457, 0.7902732640504837, 0
u,0.2917216420173645, 0.1945529580116272, 0
u,0.29172128438949585, 0.20270365476608276, 0
u,0.23798198997974396, 0.19893884658813477, 0
u,0.29172247648239136, 0.32629501819610596, 0
u,0.29172220826148987, 0.3331497311592102, 0
u,0.23798303306102753, 0.32949137687683105, 0
u,0.6371581554412842, 0.8037620931863785, 0
u,0.6371568441390991, 0.8076584041118622, 0
u,0.5834179520606995, 0.8064494878053665, 0
u,0.29172247648239136, 0.1883353590965271, 0
u,0.2917216420173645, 0.1945529580116272, 0
u,0.23798252642154694, 0.1918931007385254, 0
u,0.5834205150604248, 0.7728299200534821, 0
u,0.6371589303016663, 0.7481150329113007, 0
u,0.6371598839759827, 0.7733388394117355, 0
u,0.6371581554412842, 0.8037620931863785, 0
u,0.5834179520606995, 0.8064494878053665, 0
u,0.5834190845489502, 0.802189514040947, 0
u,0.29172247648239136, 0.1883353590965271, 0
u,0.23798252642154694, 0.1918931007385254, 0
u,0.23798345029354095, 0.18691545724868774, 0
u,0.5092340111732483, 0.019734740257263184, 0
u,0.5143566727638245, 0.07345515489578247, 0
u,0.5090346932411194, 0.07347530126571655, 0
u,0.23798193037509918, 0.23680299520492554, 0
u,0.2917211651802063, 0.21540147066116333, 0
u,0.2917213439941406, 0.2384624481201172, 0
u,0.7776411175727844, 0.18675845861434937, 0
u,0.7239017486572266, 0.18870067596435547, 0
u,0.7239017486572266, 0.1866489052772522, 0
u,0.9762714505195618, 0.2232896089553833, 0
u,0.9855983853340149, 0.2770288586616516, 0
u,0.9762714505195618, 0.27702897787094116, 0
u,0.2917216420173645, 0.1945529580116272, 0
u,0.23798198997974396, 0.19893884658813477, 0
u,0.23798252642154694, 0.1918931007385254, 0
u,0.7776411771774292, 0.19482332468032837, 0
u,0.7239017486572266, 0.21278411149978638, 0
u,0.7239017486572266, 0.1941695213317871, 0
u,0.7776411771774292, 0.21411848068237305, 0
u,0.7239015698432922, 0.29110342264175415, 0
u,0.7239017486572266, 0.21278411149978638, 0
u,0.7776409983634949, 0.2921598553657532, 0
u,0.7239015698432922, 0.30821263790130615, 0
u,0.7239015698432922, 0.29110342264175415, 0
u,0.977777361869812, 0.4156529903411865, 0
u,0.9843437075614929, 0.469357967376709, 0
u,0.9775587916374207, 0.469394326210022, 0
u,0.29172247648239136, 0.32629501819610596, 0
u,0.23798303306102753, 0.32949137687683105, 0
u,0.23798316717147827, 0.31339097023010254, 0
u,0.9659674763679504, 0.4157152771949768, 0
u,0.9710084795951843, 0.46942901611328125, 0
u,0.9659157395362854, 0.46945565938949585, 0
u,0.6477593183517456, 0.020353615283966064, 0
u,0.6513093113899231, 0.07408016920089722, 0
u,0.6476870179176331, 0.07409363985061646, 0
u,0.4781848192214966, 0.0737794041633606, 0
u,0.48378902673721313, 0.12749165296554565, 0
u,0.478109747171402, 0.12751984596252441, 0
u,0.6380710005760193, 0.02039092779159546, 0
u,0.6432180404663086, 0.07411068677902222, 0
u,0.6378790736198425, 0.07413148880004883, 0
u,0.49082472920417786, 0.07371658086776733, 0
u,0.4984993636608124, 0.12741845846176147, 0
u,0.49056655168533325, 0.12745791673660278, 0
u,0.6220855712890625, 0.020454466342926025, 0
u,0.6301721930503845, 0.07416194677352905, 0
u,0.6217767596244812, 0.07419556379318237, 0
u,0.506595253944397, 0.07363802194595337, 0
u,0.5113901495933533, 0.12735414505004883, 0
u,0.5065010190010071, 0.12737858295440674, 0
u,0.4781097173690796, 0.01985347270965576, 0
u,0.4816213846206665, 0.07357978820800781, 0
u,0.4781097173690796, 0.07359325885772705, 0
u,0.48608577251434326, 0.019822895526885986, 0
u,0.49110740423202515, 0.07354354858398438, 0
u,0.4859507977962494, 0.07356321811676025, 0
u,0.49804121255874634, 0.019777297973632812, 0
u,0.5037115216255188, 0.07349550724029541, 0
u,0.4977462589740753, 0.07351821660995483, 0
u,0.6045949459075928, 0.11255156993865967, 0
u,0.588456392288208, 0.16629594564437866, 0
u,0.5868275165557861, 0.11255699396133423, 0
u,0.23798289895057678, 0.2894722819328308, 0
u,0.2917213439941406, 0.2384624481201172, 0
u,0.29172250628471375, 0.3018742799758911, 0
u,0.9476528763771057, 0.7321555614471436, 0
u,0.970665454864502, 0.7858888655900955, 0
u,0.9476528763771057, 0.785894975066185, 0
u,0.9783074855804443, 0.7321477234363556, 0
u,0.9812574982643127, 0.7858867943286896, 0
u,0.9780519008636475, 0.7858871668577194, 0
u,0.23798176646232605, 0.21420973539352417, 0
u,0.29172128438949585, 0.20270365476608276, 0
u,0.2917211651802063, 0.21540147066116333, 0
u,0.723901629447937, 0.3202793002128601, 0
u,0.7776409983634949, 0.3198978900909424, 0
u,0.7776411175727844, 0.3274010419845581, 0
u,0.6096335649490356, 0.11254996061325073, 0
u,0.6116437315940857, 0.16628867387771606, 0
u,0.6094813942909241, 0.16628938913345337, 0
u,0.7776411771774292, 0.18888860940933228, 0
u,0.7239017486572266, 0.1941695213317871, 0
u,0.7239017486572266, 0.18870067596435547, 0
u,0.7776409983634949, 0.30893683433532715, 0
u,0.723901629447937, 0.3202793002128601, 0
u,0.7239015698432922, 0.30821263790130615, 0
u,0.5834196209907532, 0.7985763251781464, 0
u,0.6371594667434692, 0.7937241941690445, 0
u,0.6371588706970215, 0.7997471392154694, 0
u,0.5834205150604248, 0.7728299200534821, 0
u,0.6371597647666931, 0.7862560451030731, 0
u,0.5834202766418457, 0.7902732640504837, 0
u,0.7776411175727844, 0.3274010419845581, 0
u,0.7239017486572266, 0.3306230306625366, 0
u,0.7239016890525818, 0.3275163173675537, 0
u,0.5736044049263, 0.16630041599273682, 0
u,0.5736044049263, 0.11256104707717896, 0
u,0.5868275165557861, 0.11255699396133423, 0
u,0.05373963341116905, 0.11647218465805054, 0
u,2.494107036454807e-07, 0.12351679801940918, 0
u,2.3337969423664617e-07, 0.11630403995513916, 0
u,0.05373949557542801, 0.10413175821304321, 0
u,1.7650900474563969e-07, 0.10923361778259277, 0
u,8.648314064885199e-08, 0.10387438535690308, 0
u,0.053739581257104874, 0.10954225063323975, 0
u,2.3337969423664617e-07, 0.11630403995513916, 0
u,1.7650900474563969e-07, 0.10923361778259277, 0
u,0.971113920211792, 0.41568827629089355, 0
u,0.9775587916374207, 0.469394326210022, 0
u,0.9710084795951843, 0.46942901611328125, 0
u,0.9615795612335205, 0.41573792695999146, 0
u,0.9659157395362854, 0.46945565938949585, 0
u,0.9615795612335205, 0.4694780111312866, 0
u,0.9845103025436401, 0.41561686992645264, 0
u,0.9902806282043457, 0.4693257212638855, 0
u,0.9843437075614929, 0.469357967376709, 0
u,0.6433519721031189, 0.020370423793792725, 0
u,0.6476870179176331, 0.07409363985061646, 0
u,0.6432180404663086, 0.07411068677902222, 0
u,0.6371588706970215, 0.7997471392154694, 0
u,0.5834190845489502, 0.802189514040947, 0
u,0.5834196209907532, 0.7985763251781464, 0
u,0.4839615821838379, 0.07375073432922363, 0
u,0.49056655168533325, 0.12745791673660278, 0
u,0.48378902673721313, 0.12749165296554565, 0
u,0.6305242776870728, 0.020420730113983154, 0
u,0.6378790736198425, 0.07413148880004883, 0
u,0.6301721930503845, 0.07416194677352905, 0
u,0.4988357126712799, 0.0736767053604126, 0
u,0.5065010190010071, 0.12737858295440674, 0
u,0.4984993636608124, 0.12741845846176147, 0
u,0.5114441514015198, 0.07361382246017456, 0
u,0.515558660030365, 0.12733334302902222, 0
u,0.5113901495933533, 0.12735414505004883, 0
u,0.4816957712173462, 0.019839704036712646, 0
u,0.4859507977962494, 0.07356321811676025, 0
u,0.4816213846206665, 0.07357978820800781, 0
u,0.4912993907928467, 0.019802987575531006, 0
u,0.4977462589740753, 0.07351821660995483, 0
u,0.49110740423202515, 0.07354354858398438, 0
u,0.053739629685878754, 0.13688009977340698, 0
u,4.29074642482874e-09, 0.18145006895065308, 0
u,2.3113543079489318e-07, 0.13565337657928467, 0
u,0.5834194421768188, 0.7463788092136383, 0
u,0.6371573805809021, 0.7183313071727753, 0
u,0.6371589303016663, 0.7481150329113007, 0
u,0.29172220826148987, 0.3331497311592102, 0
u,0.23798257112503052, 0.33531367778778076, 0
u,0.23798303306102753, 0.32949137687683105, 0
u,0.053739406168460846, 0.10084515810012817, 0
u,8.648314064885199e-08, 0.10387438535690308, 0
u,6.296962951068963e-10, 0.100638747215271, 0
u,0.9713143706321716, 0.7321493029594421, 0
u,0.9780519008636475, 0.7858871668577194, 0
u,0.970665454864502, 0.7858888655900955, 0
u,0.9814394116401672, 0.7321473956108093, 0
u,0.9833573698997498, 0.7858868837356567, 0
u,0.9812574982643127, 0.7858867943286896, 0
u,0.6147952079772949, 0.020484209060668945, 0
u,0.6217767596244812, 0.07419556379318237, 0
u,0.6145781874656677, 0.07422494888305664, 0
u,0.5039130449295044, 0.01975494623184204, 0
u,0.5090346932411194, 0.07347530126571655, 0
u,0.5037115216255188, 0.07349550724029541, 0
u,0.6045949459075928, 0.11255156993865967, 0
u,0.6094813942909241, 0.16628938913345337, 0
u,0.604340136051178, 0.16629105806350708, 0
u,0.17153562605381012, 0.0141829252243042, 0
u,0.1623138189315796, 0.067920982837677, 0
u,0.1623138189315796, 0.01418161392211914, 0
u,0.29172250628471375, 0.3018742799758911, 0
u,0.23798316717147827, 0.31339097023010254, 0
u,0.23798289895057678, 0.2894722819328308, 0
u,0.053739652037620544, 0.12399011850357056, 0
u,0.053739629685878754, 0.13688009977340698, 0
u,2.3113543079489318e-07, 0.13565337657928467, 0
u,0.5834205150604248, 0.7728299200534821, 0
u,0.5834194421768188, 0.7463788092136383, 0
u,0.6371589303016663, 0.7481150329113007, 0
u,0.5092340111732483, 0.019734740257263184, 0
u,0.5144933462142944, 0.019714832305908203, 0
u,0.5143566727638245, 0.07345515489578247, 0
u,0.23798193037509918, 0.23680299520492554, 0
u,0.23798176646232605, 0.21420973539352417, 0
u,0.2917211651802063, 0.21540147066116333, 0
u,0.7776411175727844, 0.18675845861434937, 0
u,0.7776411771774292, 0.18888860940933228, 0
u,0.7239017486572266, 0.18870067596435547, 0
u,0.9762714505195618, 0.2232896089553833, 0
u,0.9856473803520203, 0.22328948974609375, 0
u,0.9855983853340149, 0.2770288586616516, 0
u,0.7776411771774292, 0.19482332468032837, 0
u,0.7776411771774292, 0.21411848068237305, 0
u,0.7239017486572266, 0.21278411149978638, 0
u,0.7776411771774292, 0.21411848068237305, 0
u,0.7776409983634949, 0.2921598553657532, 0
u,0.7239015698432922, 0.29110342264175415, 0
u,0.7776409983634949, 0.2921598553657532, 0
u,0.7776409983634949, 0.30893683433532715, 0
u,0.7239015698432922, 0.30821263790130615, 0
u,0.977777361869812, 0.4156529903411865, 0
u,0.9845103025436401, 0.41561686992645264, 0
u,0.9843437075614929, 0.469357967376709, 0
u,0.9659674763679504, 0.4157152771949768, 0
u,0.971113920211792, 0.41568827629089355, 0
u,0.9710084795951843, 0.46942901611328125, 0
u,0.6477593183517456, 0.020353615283966064, 0
u,0.6513093113899231, 0.020340442657470703, 0
u,0.6513093113899231, 0.07408016920089722, 0
u,0.4781848192214966, 0.0737794041633606, 0
u,0.4839615821838379, 0.07375073432922363, 0
u,0.48378902673721313, 0.12749165296554565, 0
u,0.6380710005760193, 0.02039092779159546, 0
u,0.6433519721031189, 0.020370423793792725, 0
u,0.6432180404663086, 0.07411068677902222, 0
u,0.49082472920417786, 0.07371658086776733, 0
u,0.4988357126712799, 0.0736767053604126, 0
u,0.4984993636608124, 0.12741845846176147, 0
u,0.6220855712890625, 0.020454466342926025, 0
u,0.6305242776870728, 0.020420730113983154, 0
u,0.6301721930503845, 0.07416194677352905, 0
u,0.506595253944397, 0.07363802194595337, 0
u,0.5114441514015198, 0.07361382246017456, 0
u,0.5113901495933533, 0.12735414505004883, 0
u,0.4781097173690796, 0.01985347270965576, 0
u,0.4816957712173462, 0.019839704036712646, 0
u,0.4816213846206665, 0.07357978820800781, 0
u,0.48608577251434326, 0.019822895526885986, 0
u,0.4912993907928467, 0.019802987575531006, 0
u,0.49110740423202515, 0.07354354858398438, 0
u,0.49804121255874634, 0.019777297973632812, 0
u,0.5039130449295044, 0.01975494623184204, 0
u,0.5037115216255188, 0.07349550724029541, 0
u,0.6045949459075928, 0.11255156993865967, 0
u,0.604340136051178, 0.16629105806350708, 0
u,0.588456392288208, 0.16629594564437866, 0
u,0.23798289895057678, 0.2894722819328308, 0
u,0.23798193037509918, 0.23680299520492554, 0
u,0.2917213439941406, 0.2384624481201172, 0
u,0.9476528763771057, 0.7321555614471436, 0
u,0.9713143706321716, 0.7321493029594421, 0
u,0.970665454864502, 0.7858888655900955, 0
u,0.9783074855804443, 0.7321477234363556, 0
u,0.9814394116401672, 0.7321473956108093, 0
u,0.9812574982643127, 0.7858867943286896, 0
u,0.23798176646232605, 0.21420973539352417, 0
u,0.23798198997974396, 0.19893884658813477, 0
u,0.29172128438949585, 0.20270365476608276, 0
u,0.6096335649490356, 0.11254996061325073, 0
u,0.6117165088653564, 0.11254924535751343, 0
u,0.6116437315940857, 0.16628867387771606, 0
u,0.7776411771774292, 0.18888860940933228, 0
u,0.7776411771774292, 0.19482332468032837, 0
u,0.7239017486572266, 0.1941695213317871, 0
u,0.7776409983634949, 0.30893683433532715, 0
u,0.7776409983634949, 0.3198978900909424, 0
u,0.723901629447937, 0.3202793002128601, 0
u,0.5834196209907532, 0.7985763251781464, 0
u,0.5834202766418457, 0.7902732640504837, 0
u,0.6371594667434692, 0.7937241941690445, 0
u,0.5834205150604248, 0.7728299200534821, 0
u,0.6371598839759827, 0.7733388394117355, 0
u,0.6371597647666931, 0.7862560451030731, 0
u,0.7776411175727844, 0.3274010419845581, 0
u,0.7776411771774292, 0.33077341318130493, 0
u,0.7239017486572266, 0.3306230306625366, 0
u,0.05373963341116905, 0.11647218465805054, 0
u,0.053739652037620544, 0.12399011850357056, 0
u,2.494107036454807e-07, 0.12351679801940918, 0
u,0.05373949557542801, 0.10413175821304321, 0
u,0.053739581257104874, 0.10954225063323975, 0
u,1.7650900474563969e-07, 0.10923361778259277, 0
u,0.053739581257104874, 0.10954225063323975, 0
u,0.05373963341116905, 0.11647218465805054, 0
u,2.3337969423664617e-07, 0.11630403995513916, 0
u,0.971113920211792, 0.41568827629089355, 0
u,0.977777361869812, 0.4156529903411865, 0
u,0.9775587916374207, 0.469394326210022, 0
u,0.9615795612335205, 0.41573792695999146, 0
u,0.9659674763679504, 0.4157152771949768, 0
u,0.9659157395362854, 0.46945565938949585, 0
u,0.9845103025436401, 0.41561686992645264, 0
u,0.9903849959373474, 0.415584921836853, 0
u,0.9902806282043457, 0.4693257212638855, 0
u,0.6433519721031189, 0.020370423793792725, 0
u,0.6477593183517456, 0.020353615283966064, 0
u,0.6476870179176331, 0.07409363985061646, 0
u,0.4839615821838379, 0.07375073432922363, 0
u,0.49082472920417786, 0.07371658086776733, 0
u,0.49056655168533325, 0.12745791673660278, 0
u,0.6305242776870728, 0.020420730113983154, 0
u,0.6380710005760193, 0.02039092779159546, 0
u,0.6378790736198425, 0.07413148880004883, 0
u,0.4988357126712799, 0.0736767053604126, 0
u,0.506595253944397, 0.07363802194595337, 0
u,0.5065010190010071, 0.12737858295440674, 0
u,0.5114441514015198, 0.07361382246017456, 0
u,0.515558660030365, 0.07359325885772705, 0
u,0.515558660030365, 0.12733334302902222, 0
u,0.4816957712173462, 0.019839704036712646, 0
u,0.48608577251434326, 0.019822895526885986, 0
u,0.4859507977962494, 0.07356321811676025, 0
u,0.4912993907928467, 0.019802987575531006, 0
u,0.49804121255874634, 0.019777297973632812, 0
u,0.4977462589740753, 0.07351821660995483, 0
u,0.053739629685878754, 0.13688009977340698, 0
u,0.053739406168460846, 0.18144947290420532, 0
u,4.29074642482874e-09, 0.18145006895065308, 0
u,0.5834194421768188, 0.7463788092136383, 0
u,0.5834179520606995, 0.7183252274990082, 0
u,0.6371573805809021, 0.7183313071727753, 0
u,0.053739406168460846, 0.10084515810012817, 0
u,0.05373949557542801, 0.10413175821304321, 0
u,8.648314064885199e-08, 0.10387438535690308, 0
u,0.9713143706321716, 0.7321493029594421, 0
u,0.9783074855804443, 0.7321477234363556, 0
u,0.9780519008636475, 0.7858871668577194, 0
u,0.9814394116401672, 0.7321473956108093, 0
u,0.9838380813598633, 0.7321475744247437, 0
u,0.9833573698997498, 0.7858868837356567, 0
u,0.6147952079772949, 0.020484209060668945, 0
u,0.6220855712890625, 0.020454466342926025, 0
u,0.6217767596244812, 0.07419556379318237, 0
u,0.5039130449295044, 0.01975494623184204, 0
u,0.5092340111732483, 0.019734740257263184, 0
u,0.5090346932411194, 0.07347530126571655, 0
u,0.6045949459075928, 0.11255156993865967, 0
u,0.6096335649490356, 0.11254996061325073, 0
u,0.6094813942909241, 0.16628938913345337, 0
u,0.17153562605381012, 0.0141829252243042, 0
u,0.17157338559627533, 0.06792229413986206, 0
u,0.1623138189315796, 0.067920982837677, 0
