v,0.0013082550140097737, -0.009489322081208229, 0.007292098831385374
v,0.00153168139513582, -0.009396679699420929, 0.007016079034656286
v,0.0011581986909732223, -0.00955154187977314, 0.005588795058429241
v,-0.00048293996951542795, -0.010232033208012581, 0.0066463216207921505
v,0.0013082550140097737, -0.009489322081208229, 0.007292098831385374
v,0.0011581986909732223, -0.00955154187977314, 0.005588795058429241
v,-0.0014136747922748327, -0.010617957450449467, 0.006361208390444517
v,-0.00048293996951542795, -0.010232033208012581, 0.0066463216207921505
v,0.0011581986909732223, -0.00955154187977314, 0.005588795058429241
v,-0.0014592146035283804, -0.010636840015649796, 0.005563417915254831
v,-0.0014136747922748327, -0.010617957450449467, 0.006361208390444517
v,0.0011581986909732223, -0.00955154187977314, 0.005588795058429241
v,-0.001654001185670495, -0.010717608034610748, 0.004070604220032692
v,-0.0014592146035283804, -0.010636840015649796, 0.005563417915254831
v,0.0011581986909732223, -0.00955154187977314, 0.005588795058429241
v,-0.001654001185670495, -0.010717608034610748, 0.004070604220032692
v,0.0011581986909732223, -0.00955154187977314, 0.005588795058429241
v,0.000513278238940984, -0.009818955324590206, 0.0028801618609577417
v,-0.0018140581669285893, -0.010783974081277847, 0.0030786623246967793
v,-0.001654001185670495, -0.010717608034610748, 0.004070604220032692
v,0.000513278238940984, -0.009818955324590206, 0.0028801618609577417
v,-0.0024041368160396814, -0.011028647422790527, 0.0028640436939895153
v,-0.0018140581669285893, -0.010783974081277847, 0.0030786623246967793
v,0.000513278238940984, -0.009818955324590206, 0.0028801618609577417
v,0.0023800835479050875, -0.009044893085956573, 0.0028866964858025312
v,0.003521459177136421, -0.008571627549827099, 0.0029681306332349777
v,0.0036038816906511784, -0.008537450805306435, 0.002880039159208536
v,-0.0024041368160396814, -0.011028647422790527, 0.0028640436939895153
v,0.000513278238940984, -0.009818955324590206, 0.0028801618609577417
v,0.0023800835479050875, -0.009044893085956573, 0.0028866964858025312
v,-0.0024041368160396814, -0.011028647422790527, 0.0028640436939895153
v,0.0023800835479050875, -0.009044893085956573, 0.0028866964858025312
v,0.0036038816906511784, -0.008537450805306435, 0.002880039159208536
v,-0.0024041368160396814, -0.011028647422790527, 0.0028640436939895153
v,0.0036038816906511784, -0.008537450805306435, 0.002880039159208536
v,0.003358386689797044, -0.008639244362711906, 0.001898001180961728
v,-0.0035157357342541218, -0.0114895673468709, 0.0024978567380458117
v,-0.0024041368160396814, -0.011028647422790527, 0.0028640436939895153
v,0.003358386689797044, -0.008639244362711906, 0.001898001180961728
v,-0.004361355677247047, -0.011840199120342731, 0.00227137072943151
v,-0.0035157357342541218, -0.0114895673468709, 0.0024978567380458117
v,0.003358386689797044, -0.008639244362711906, 0.001898001180961728
v,-0.004512235522270203, -0.011902760714292526, 0.0016298796981573105
v,-0.004361355677247047, -0.011840199120342731, 0.00227137072943151
v,0.003358386689797044, -0.008639244362711906, 0.001898001180961728
v,-0.000879624392837286, -0.01388181746006012, 0.0016294361557811499
v,-0.00242937495931983, -0.011039112694561481, -9.664555363997351e-06
v,-0.001216971199028194, -0.014021696522831917, -0.00011102457938250154
v,-0.004512235522270203, -0.011902760714292526, 0.0016298796981573105
v,0.003358386689797044, -0.008639244362711906, 0.001898001180961728
v,-0.0021131308749318123, -0.010907983407378197, 0.0016296994872391224
v,-0.0021131308749318123, -0.010907983407378197, 0.0016296994872391224
v,0.003358386689797044, -0.008639244362711906, 0.001898001180961728
v,0.00026777523453347385, -0.009920751675963402, 0.001629834994673729
v,0.00026777523453347385, -0.009920751675963402, 0.001629834994673729
v,0.003358386689797044, -0.008639244362711906, 0.001898001180961728
v,0.00196631345897913, -0.009216461330652237, 0.0016253055073320866
v,0.0033123870380222797, -0.008658317849040031, 0.0015410184860229492
v,0.00196631345897913, -0.009216461330652237, 0.0016253055073320866
v,0.003358386689797044, -0.008639244362711906, 0.001898001180961728
v,-0.0021131308749318123, -0.010907983407378197, 0.0016296994872391224
v,0.00026777523453347385, -0.009920751675963402, 0.001629834994673729
v,-3.0182227419572882e-05, -0.010044298134744167, 0.0004214562941342592
v,-0.00242937495931983, -0.011039112694561481, -9.664555363997351e-06
v,-0.0021131308749318123, -0.010907983407378197, 0.0016296994872391224
v,-3.0182227419572882e-05, -0.010044298134744167, 0.0004214562941342592
v,-0.00242937495931983, -0.011039112694561481, -9.664555363997351e-06
v,-3.0182227419572882e-05, -0.010044298134744167, 0.0004214562941342592
v,-0.0006772802444174886, -0.01031261496245861, -0.0026998016983270645
v,-0.003318005008623004, -0.011407578364014626, -0.004244903102517128
v,-0.00242937495931983, -0.011039112694561481, -9.664555363997351e-06
v,-0.0006772802444174886, -0.01031261496245861, -0.0026998016983270645
v,-0.003318005008623004, -0.011407578364014626, -0.004244903102517128
v,-0.0006772802444174886, -0.01031261496245861, -0.0026998016983270645
v,-0.0010351320961490273, -0.010460996069014072, -0.004688104148954153
v,-0.003318005008623004, -0.011407578364014626, -0.004244903102517128
v,-0.0010351320961490273, -0.010460996069014072, -0.004688104148954153
v,-0.0011450948659330606, -0.010506591759622097, -0.005502657499164343
v,-0.0036678288597613573, -0.011552631855010986, -0.005971146747469902
v,-0.003318005008623004, -0.011407578364014626, -0.004244903102517128
v,-0.0011450948659330606, -0.010506591759622097, -0.005502657499164343
v,0.0011366030666977167, -0.009560496546328068, -0.005457043647766113
v,0.0018358341185376048, -0.0092705637216568, -0.00486110569909215
v,0.002092901850119233, -0.009163971059024334, -0.005508878268301487
v,0.0011366030666977167, -0.009560496546328068, -0.005457043647766113
v,0.002092901850119233, -0.009163971059024334, -0.005508878268301487
v,0.0001827898231567815, -0.009955990128219128, -0.007010831963270903
v,0.000569871801417321, -0.00979548878967762, -0.005860411562025547
v,0.0011366030666977167, -0.009560496546328068, -0.005457043647766113
v,0.0001827898231567815, -0.009955990128219128, -0.007010831963270903
v,-0.0036678288597613573, -0.011552631855010986, -0.005971146747469902
v,-0.0011450948659330606, -0.010506591759622097, -0.005502657499164343
v,-0.0011488849995657802, -0.010508162900805473, -0.005900413729250431
v,-0.0036678288597613573, -0.011552631855010986, -0.005971146747469902
v,-0.0011488849995657802, -0.010508162900805473, -0.005900413729250431
v,-0.0010782784083858132, -0.010478886775672436, -0.006112164352089167
v,5.3242220019456e-05, -0.0100097069516778, -0.006173199974000454
v,0.000569871801417321, -0.00979548878967762, -0.005860411562025547
v,0.0001827898231567815, -0.009955990128219128, -0.007010831963270903
v,-0.0036678288597613573, -0.011552631855010986, -0.005971146747469902
v,-0.0010782784083858132, -0.010478886775672436, -0.006112164352089167
v,-0.0009906559716910124, -0.010442554019391537, -0.00623314781114459
v,-0.0002278234896948561, -0.010126248933374882, -0.006303301081061363
v,5.3242220019456e-05, -0.0100097069516778, -0.006173199974000454
v,0.0001827898231567815, -0.009955990128219128, -0.007010831963270903
v,-0.0037418357096612453, -0.011583318002521992, -0.0065788994543254375
v,-0.0036678288597613573, -0.011552631855010986, -0.005971146747469902
v,-0.0009906559716910124, -0.010442554019391537, -0.00623314781114459
v,-0.0037418357096612453, -0.011583318002521992, -0.0065788994543254375
v,-0.0009906559716910124, -0.010442554019391537, -0.00623314781114459
v,-0.0008619780419394374, -0.010389198549091816, -0.006332270801067352
v,-0.0005120300338603556, -0.010244093835353851, -0.006380496080964804
v,-0.0002278234896948561, -0.010126248933374882, -0.006303301081061363
v,0.0001827898231567815, -0.009955990128219128, -0.007010831963270903
v,-0.0037418357096612453, -0.011583318002521992, -0.0065788994543254375
v,-0.0008619780419394374, -0.010389198549091816, -0.006332270801067352
v,-0.000714672903995961, -0.010328118689358234, -0.006379885133355856
v,-0.0037418357096612453, -0.011583318002521992, -0.0065788994543254375
v,-0.000714672903995961, -0.010328118689358234, -0.006379885133355856
v,-0.0005120300338603556, -0.010244093835353851, -0.006380496080964804
v,-0.0037418357096612453, -0.011583318002521992, -0.0065788994543254375
v,-0.0005120300338603556, -0.010244093835353851, -0.006380496080964804
v,0.0001827898231567815, -0.009955990128219128, -0.007010831963270903
v,-0.003735291538760066, -0.011580604128539562, -0.007086336612701416
v,-0.0037418357096612453, -0.011583318002521992, -0.0065788994543254375
v,0.0001827898231567815, -0.009955990128219128, -0.007010831963270903
v,-0.0036537081468850374, -0.011546776629984379, -0.00748786423355341
v,-0.003735291538760066, -0.011580604128539562, -0.007086336612701416
v,0.0001827898231567815, -0.009955990128219128, -0.007010831963270903
v,-0.0036537081468850374, -0.011546776629984379, -0.00748786423355341
v,0.0001827898231567815, -0.009955990128219128, -0.007010831963270903
v,-0.0007486875401809812, -0.010342222638428211, -0.007639928255230188
v,-0.0034994990564882755, -0.01148283388465643, -0.007815242744982243
v,-0.0036537081468850374, -0.011546776629984379, -0.00748786423355341
v,-0.0007486875401809812, -0.010342222638428211, -0.007639928255230188
v,-0.0034994990564882755, -0.01148283388465643, -0.007815242744982243
v,-0.0007486875401809812, -0.010342222638428211, -0.007639928255230188
v,-0.0012859562411904335, -0.010564998723566532, -0.007949842140078545
v,-0.003301863092929125, -0.011400884948670864, -0.008044200018048286
v,-0.0034994990564882755, -0.01148283388465643, -0.007815242744982243
v,-0.0012859562411904335, -0.010564998723566532, -0.007949842140078545
v,-0.003301863092929125, -0.011400884948670864, -0.008044200018048286
v,-0.0012859562411904335, -0.010564998723566532, -0.007949842140078545
v,-0.0017228613141924143, -0.010746159590780735, -0.008144711144268513
v,-0.0030721104703843594, -0.011305619031190872, -0.008205927908420563
v,-0.003301863092929125, -0.011400884948670864, -0.008044200018048286
v,-0.0017228613141924143, -0.010746159590780735, -0.008144711144268513
v,-0.0030721104703843594, -0.011305619031190872, -0.008205927908420563
v,-0.0017228613141924143, -0.010746159590780735, -0.008144711144268513
v,-0.002103046979755163, -0.010903801769018173, -0.008268043398857117
v,-0.002763125579804182, -0.01117750070989132, -0.00830821692943573
v,-0.0030721104703843594, -0.011305619031190872, -0.008205927908420563
v,-0.002103046979755163, -0.010903801769018173, -0.008268043398857117
v,-0.002763125579804182, -0.01117750070989132, -0.00830821692943573
v,-0.002103046979755163, -0.010903801769018173, -0.008268043398857117
v,-0.0024328185245394707, -0.011040540412068367, -0.008323714137077332
v,0.0006828620680607855, -0.013233940117061138, 0.006624128203839064
v,0.002761805895715952, -0.012371916323900223, 0.007019604090601206
v,0.0025415660347789526, -0.012463237158954144, 0.007291222922503948
v,-0.0001798721496015787, -0.01359166856855154, 0.006361703854054213
v,0.002761805895715952, -0.012371916323900223, 0.007019604090601206
v,0.0006828620680607855, -0.013233940117061138, 0.006624128203839064
v,-0.00023349789262283593, -0.01361390482634306, 0.0054892064072191715
v,0.002761805895715952, -0.012371916323900223, 0.007019604090601206
v,-0.0001798721496015787, -0.01359166856855154, 0.006361703854054213
v,-0.00023349789262283593, -0.01361390482634306, 0.0054892064072191715
v,0.0021216212771832943, -0.012637365609407425, 0.004490463063120842
v,0.002761805895715952, -0.012371916323900223, 0.007019604090601206
v,-0.00043523855856619775, -0.013697555288672447, 0.003975763916969299
v,0.0021216212771832943, -0.012637365609407425, 0.004490463063120842
v,-0.00023349789262283593, -0.01361390482634306, 0.0054892064072191715
v,-0.00043523855856619775, -0.013697555288672447, 0.003975763916969299
v,0.0017498073866590858, -0.012791535817086697, 0.002880045212805271
v,0.0021216212771832943, -0.012637365609407425, 0.004490463063120842
v,-0.0005809101276099682, -0.013757957145571709, 0.0030786620918661356
v,0.0017498073866590858, -0.012791535817086697, 0.002880045212805271
v,-0.00043523855856619775, -0.013697555288672447, 0.003975763916969299
v,-0.001733549521304667, -0.014235894195735455, 0.0026681888848543167
v,0.0017498073866590858, -0.012791535817086697, 0.002880045212805271
v,-0.0005809101276099682, -0.013757957145571709, 0.0030786620918661356
v,0.0035650054924190044, -0.012038872577250004, 0.0028854135889559984
v,0.004837029613554478, -0.011511433869600296, 0.0028800389263778925
v,0.0047538368962705135, -0.011545929126441479, 0.002967200707644224
v,-0.001733549521304667, -0.014235894195735455, 0.0026681888848543167
v,0.0035650054924190044, -0.012038872577250004, 0.0028854135889559984
v,0.0017498073866590858, -0.012791535817086697, 0.002880045212805271
v,-0.001733549521304667, -0.014235894195735455, 0.0026681888848543167
v,0.004837029613554478, -0.011511433869600296, 0.0028800389263778925
v,0.0035650054924190044, -0.012038872577250004, 0.0028854135889559984
v,-0.001733549521304667, -0.014235894195735455, 0.0026681888848543167
v,0.004594155587255955, -0.011612140573561192, 0.0019106508698314428
v,0.004837029613554478, -0.011511433869600296, 0.0028800389263778925
v,-0.003128830809146166, -0.014814441092312336, 0.002267698058858514
v,0.004594155587255955, -0.011612140573561192, 0.0019106508698314428
v,-0.001733549521304667, -0.014235894195735455, 0.0026681888848543167
v,-0.0032790875993669033, -0.014876743778586388, 0.0016298794653266668
v,0.004594155587255955, -0.011612140573561192, 0.0019106508698314428
v,-0.003128830809146166, -0.014814441092312336, 0.002267698058858514
v,-0.0032790875993669033, -0.014876743778586388, 0.0016298794653266668
v,-0.000879624392837286, -0.01388181746006012, 0.0016294361557811499
v,0.004594155587255955, -0.011612140573561192, 0.0019106508698314428
v,-0.000879624392837286, -0.01388181746006012, 0.0016294361557811499
v,0.0014973325887694955, -0.012896223925054073, 0.0016296361573040485
v,0.004594155587255955, -0.011612140573561192, 0.0019106508698314428
v,0.0014973325887694955, -0.012896223925054073, 0.0016296361573040485
v,0.003241470782086253, -0.01217302493751049, 0.0016241339035332203
v,0.004594155587255955, -0.011612140573561192, 0.0019106508698314428
v,0.004545812960714102, -0.01163218542933464, 0.0015403584111481905
v,0.004594155587255955, -0.011612140573561192, 0.0019106508698314428
v,0.003241470782086253, -0.01217302493751049, 0.0016241339035332203
v,-0.001216971199028194, -0.014021696522831917, -0.00011102457938250154
v,0.0014973325887694955, -0.012896223925054073, 0.0016296361573040485
v,-0.000879624392837286, -0.01388181746006012, 0.0016294361557811499
v,-0.001216971199028194, -0.014021696522831917, -0.00011102457938250154
v,0.000999773503281176, -0.013102534227073193, -0.0004985659616068006
v,0.0014973325887694955, -0.012896223925054073, 0.0016296361573040485
v,-0.002111976034939289, -0.014392806217074394, -0.004375101067125797
v,0.000999773503281176, -0.013102534227073193, -0.0004985659616068006
v,-0.001216971199028194, -0.014021696522831917, -0.00011102457938250154
v,-0.002111976034939289, -0.014392806217074394, -0.004375101067125797
v,0.00027642014902085066, -0.013402469456195831, -0.004197635687887669
v,0.000999773503281176, -0.013102534227073193, -0.0004985659616068006
v,-0.002111976034939289, -0.014392806217074394, -0.004375101067125797
v,9.183955990010872e-05, -0.013479004614055157, -0.005462834145873785
v,0.00027642014902085066, -0.013402469456195831, -0.004197635687887669
v,0.0024681133218109608, -0.012493693269789219, -0.005383580923080444
v,0.003326050005853176, -0.012137954123318195, -0.005508878268301487
v,0.0030675013549625874, -0.012245160527527332, -0.004856014158576727
v,-0.0024383333511650562, -0.014528129249811172, -0.005992354359477758
v,9.183955990010872e-05, -0.013479004614055157, -0.005462834145873785
v,-0.002111976034939289, -0.014392806217074394, -0.004375101067125797
v,0.0024681133218109608, -0.012493693269789219, -0.005383580923080444
v,0.0016554557951167226, -0.012830657884478569, -0.006834041327238083
v,0.003326050005853176, -0.012137954123318195, -0.005508878268301487
v,0.001761455787345767, -0.01278670597821474, -0.005887487903237343
v,0.0016554557951167226, -0.012830657884478569, -0.006834041327238083
v,0.0024681133218109608, -0.012493693269789219, -0.005383580923080444
v,-0.0024383333511650562, -0.014528129249811172, -0.005992354359477758
v,8.202288881875575e-05, -0.013483074493706226, -0.005885280668735504
v,9.183955990010872e-05, -0.013479004614055157, -0.005462834145873785
v,-0.0024383333511650562, -0.014528129249811172, -0.005992354359477758
v,0.00014981380081735551, -0.013454965315759182, -0.006102347746491432
v,8.202288881875575e-05, -0.013483074493706226, -0.005885280668735504
v,0.0012673224555328488, -0.012991596013307571, -0.00618340726941824
v,0.0016554557951167226, -0.012830657884478569, -0.006834041327238083
v,0.001761455787345767, -0.01278670597821474, -0.005887487903237343
v,-0.0024383333511650562, -0.014528129249811172, -0.005992354359477758
v,0.00027309919823892415, -0.013403845950961113, -0.006267334800213575
v,0.00014981380081735551, -0.013454965315759182, -0.006102347746491432
v,0.0009863110026344657, -0.013108115643262863, -0.0063103544525802135
v,0.0016554557951167226, -0.012830657884478569, -0.006834041327238083
v,0.0012673224555328488, -0.012991596013307571, -0.00618340726941824
v,-0.002510305494070053, -0.014557971619069576, -0.006605044007301331
v,0.00027309919823892415, -0.013403845950961113, -0.006267334800213575
v,-0.0024383333511650562, -0.014528129249811172, -0.005992354359477758
v,-0.002510305494070053, -0.014557971619069576, -0.006605044007301331
v,0.0004884859081357718, -0.013314536772668362, -0.006377675570547581
v,0.00027309919823892415, -0.013403845950961113, -0.006267334800213575
v,0.0007344690384343266, -0.013212541118264198, -0.006377252284437418
v,0.0016554557951167226, -0.012830657884478569, -0.006834041327238083
v,0.0009863110026344657, -0.013108115643262863, -0.0063103544525802135
v,0.0004884859081357718, -0.013314536772668362, -0.006377675570547581
v,0.0016554557951167226, -0.012830657884478569, -0.006834041327238083
v,0.0007344690384343266, -0.013212541118264198, -0.006377252284437418
v,-0.002510305494070053, -0.014557971619069576, -0.006605044007301331
v,0.0016554557951167226, -0.012830657884478569, -0.006834041327238083
v,0.0004884859081357718, -0.013314536772668362, -0.006377675570547581
v,-0.002498784800991416, -0.014553194865584373, -0.007117129396647215
v,0.0016554557951167226, -0.012830657884478569, -0.006834041327238083
v,-0.002510305494070053, -0.014557971619069576, -0.006605044007301331
v,-0.002498784800991416, -0.014553194865584373, -0.007117129396647215
v,0.0008569154306314886, -0.013161769136786461, -0.007397613953799009
v,0.0016554557951167226, -0.012830657884478569, -0.006834041327238083
v,-0.002411970403045416, -0.014517197385430336, -0.007513565476983786
v,0.0008569154306314886, -0.013161769136786461, -0.007397613953799009
v,-0.002498784800991416, -0.014553194865584373, -0.007117129396647215
v,-0.002411970403045416, -0.014517197385430336, -0.007513565476983786
v,0.00023162871366366744, -0.013421040959656239, -0.007793176919221878
v,0.0008569154306314886, -0.013161769136786461, -0.007397613953799009
v,-0.0022527731489390135, -0.01445118710398674, -0.007835532538592815
v,0.00023162871366366744, -0.013421040959656239, -0.007793176919221878
v,-0.002411970403045416, -0.014517197385430336, -0.007513565476983786
v,-0.0022527731489390135, -0.01445118710398674, -0.007835532538592815
v,-0.0003355841035954654, -0.013656233437359333, -0.008084814995527267
v,0.00023162871366366744, -0.013421040959656239, -0.007793176919221878
v,-0.0020214945543557405, -0.014355288818478584, -0.0080870371311903
v,-0.0003355841035954654, -0.013656233437359333, -0.008084814995527267
v,-0.0022527731489390135, -0.01445118710398674, -0.007835532538592815
v,-0.0017820993671193719, -0.014256023801863194, -0.008230895735323429
v,-0.0003355841035954654, -0.013656233437359333, -0.008084814995527267
v,-0.0020214945543557405, -0.014355288818478584, -0.0080870371311903
v,-0.0017820993671193719, -0.014256023801863194, -0.008230895735323429
v,-0.0008447926375083625, -0.013867374509572983, -0.008261587470769882
v,-0.0003355841035954654, -0.013656233437359333, -0.008084814995527267
v,-0.0015062169404700398, -0.014141631312668324, -0.008312180638313293
v,-0.0008447926375083625, -0.013867374509572983, -0.008261587470769882
v,-0.0017820993671193719, -0.014256023801863194, -0.008230895735323429
v,-0.0015062169404700398, -0.014141631312668324, -0.008312180638313293
v,-0.0011780493659898639, -0.014005557633936405, -0.008322015404701233
v,-0.0008447926375083625, -0.013867374509572983, -0.008261587470769882
v,0.00026777523453347385, -0.009920751675963402, 0.001629834994673729
v,0.0014973325887694955, -0.012896223925054073, 0.0016296361573040485
v,-3.0182227419572882e-05, -0.010044298134744167, 0.0004214562941342592
v,0.0001827898231567815, -0.009955990128219128, -0.007010831963270903
v,0.0008569154306314886, -0.013161769136786461, -0.007397613953799009
v,-0.0007486875401809812, -0.010342222638428211, -0.007639928255230188
v,0.00153168139513582, -0.009396679699420929, 0.007016079034656286
v,0.002761805895715952, -0.012371916323900223, 0.007019604090601206
v,0.0011581986909732223, -0.00955154187977314, 0.005588795058429241
v,-3.0182227419572882e-05, -0.010044298134744167, 0.0004214562941342592
v,0.000999773503281176, -0.013102534227073193, -0.0004985659616068006
v,-0.0006772802444174886, -0.01031261496245861, -0.0026998016983270645
v,-0.0007486875401809812, -0.010342222638428211, -0.007639928255230188
v,0.00023162871366366744, -0.013421040959656239, -0.007793176919221878
v,-0.0012859562411904335, -0.010564998723566532, -0.007949842140078545
v,-0.0006772802444174886, -0.01031261496245861, -0.0026998016983270645
v,0.00027642014902085066, -0.013402469456195831, -0.004197635687887669
v,-0.0010351320961490273, -0.010460996069014072, -0.004688104148954153
v,-0.0012859562411904335, -0.010564998723566532, -0.007949842140078545
v,-0.0003355841035954654, -0.013656233437359333, -0.008084814995527267
v,-0.0017228613141924143, -0.010746159590780735, -0.008144711144268513
v,-0.0030721104703843594, -0.011305619031190872, -0.008205927908420563
v,-0.0020214945543557405, -0.014355288818478584, -0.0080870371311903
v,-0.003301863092929125, -0.011400884948670864, -0.008044200018048286
v,0.0011581986909732223, -0.00955154187977314, 0.005588795058429241
v,0.0021216212771832943, -0.012637365609407425, 0.004490463063120842
v,0.000513278238940984, -0.009818955324590206, 0.0028801618609577417
v,0.0011366030666977167, -0.009560496546328068, -0.005457043647766113
v,0.0024681133218109608, -0.012493693269789219, -0.005383580923080444
v,0.0018358341185376048, -0.0092705637216568, -0.00486110569909215
v,-0.0035157357342541218, -0.0114895673468709, 0.0024978567380458117
v,-0.001733549521304667, -0.014235894195735455, 0.0026681888848543167
v,-0.0024041368160396814, -0.011028647422790527, 0.0028640436939895153
v,-0.004361355677247047, -0.011840199120342731, 0.00227137072943151
v,-0.003128830809146166, -0.014814441092312336, 0.002267698058858514
v,-0.0035157357342541218, -0.0114895673468709, 0.0024978567380458117
v,-0.0009906559716910124, -0.010442554019391537, -0.00623314781114459
v,0.00027309919823892415, -0.013403845950961113, -0.006267334800213575
v,-0.0008619780419394374, -0.010389198549091816, -0.006332270801067352
v,-0.0008619780419394374, -0.010389198549091816, -0.006332270801067352
v,0.0004884859081357718, -0.013314536772668362, -0.006377675570547581
v,-0.000714672903995961, -0.010328118689358234, -0.006379885133355856
v,-0.000714672903995961, -0.010328118689358234, -0.006379885133355856
v,0.0004884859081357718, -0.013314536772668362, -0.006377675570547581
v,-0.0005120300338603556, -0.010244093835353851, -0.006380496080964804
v,-0.002510305494070053, -0.014557971619069576, -0.006605044007301331
v,-0.003735291538760066, -0.011580604128539562, -0.007086336612701416
v,-0.002498784800991416, -0.014553194865584373, -0.007117129396647215
v,0.002761805895715952, -0.012371916323900223, 0.007019604090601206
v,0.0013082550140097737, -0.009489322081208229, 0.007292098831385374
v,0.0025415660347789526, -0.012463237158954144, 0.007291222922503948
v,-3.0182227419572882e-05, -0.010044298134744167, 0.0004214562941342592
v,0.0014973325887694955, -0.012896223925054073, 0.0016296361573040485
v,0.000999773503281176, -0.013102534227073193, -0.0004985659616068006
v,0.0001827898231567815, -0.009955990128219128, -0.007010831963270903
v,0.0016554557951167226, -0.012830657884478569, -0.006834041327238083
v,0.0008569154306314886, -0.013161769136786461, -0.007397613953799009
v,-0.002498784800991416, -0.014553194865584373, -0.007117129396647215
v,-0.0036537081468850374, -0.011546776629984379, -0.00748786423355341
v,-0.002411970403045416, -0.014517197385430336, -0.007513565476983786
v,0.0025415660347789526, -0.012463237158954144, 0.007291222922503948
v,-0.00048293996951542795, -0.010232033208012581, 0.0066463216207921505
v,0.0006828620680607855, -0.013233940117061138, 0.006624128203839064
v,-0.002411970403045416, -0.014517197385430336, -0.007513565476983786
v,-0.0034994990564882755, -0.01148283388465643, -0.007815242744982243
v,-0.0022527731489390135, -0.01445118710398674, -0.007835532538592815
v,-0.0007486875401809812, -0.010342222638428211, -0.007639928255230188
v,0.0008569154306314886, -0.013161769136786461, -0.007397613953799009
v,0.00023162871366366744, -0.013421040959656239, -0.007793176919221878
v,-0.001216971199028194, -0.014021696522831917, -0.00011102457938250154
v,-0.003318005008623004, -0.011407578364014626, -0.004244903102517128
v,-0.002111976034939289, -0.014392806217074394, -0.004375101067125797
v,0.0006828620680607855, -0.013233940117061138, 0.006624128203839064
v,-0.0014136747922748327, -0.010617957450449467, 0.006361208390444517
v,-0.0001798721496015787, -0.01359166856855154, 0.006361703854054213
v,-0.0001798721496015787, -0.01359166856855154, 0.006361703854054213
v,-0.0014592146035283804, -0.010636840015649796, 0.005563417915254831
v,-0.00023349789262283593, -0.01361390482634306, 0.0054892064072191715
v,-0.0006772802444174886, -0.01031261496245861, -0.0026998016983270645
v,0.000999773503281176, -0.013102534227073193, -0.0004985659616068006
v,0.00027642014902085066, -0.013402469456195831, -0.004197635687887669
v,-0.0022527731489390135, -0.01445118710398674, -0.007835532538592815
v,-0.003301863092929125, -0.011400884948670864, -0.008044200018048286
v,-0.0020214945543557405, -0.014355288818478584, -0.0080870371311903
v,-0.0012859562411904335, -0.010564998723566532, -0.007949842140078545
v,0.00023162871366366744, -0.013421040959656239, -0.007793176919221878
v,-0.0003355841035954654, -0.013656233437359333, -0.008084814995527267
v,0.003326050005853176, -0.012137954123318195, -0.005508878268301487
v,0.0018358341185376048, -0.0092705637216568, -0.00486110569909215
v,0.0030675013549625874, -0.012245160527527332, -0.004856014158576727
v,0.0011581986909732223, -0.00955154187977314, 0.005588795058429241
v,0.002761805895715952, -0.012371916323900223, 0.007019604090601206
v,0.0021216212771832943, -0.012637365609407425, 0.004490463063120842
v,-0.0030721104703843594, -0.011305619031190872, -0.008205927908420563
v,-0.0017820993671193719, -0.014256023801863194, -0.008230895735323429
v,-0.0020214945543557405, -0.014355288818478584, -0.0080870371311903
v,-0.00023349789262283593, -0.01361390482634306, 0.0054892064072191715
v,-0.001654001185670495, -0.010717608034610748, 0.004070604220032692
v,-0.00043523855856619775, -0.013697555288672447, 0.003975763916969299
v,9.183955990010872e-05, -0.013479004614055157, -0.005462834145873785
v,-0.0010351320961490273, -0.010460996069014072, -0.004688104148954153
v,0.00027642014902085066, -0.013402469456195831, -0.004197635687887669
v,-0.0008447926375083625, -0.013867374509572983, -0.008261587470769882
v,-0.0017228613141924143, -0.010746159590780735, -0.008144711144268513
v,-0.0003355841035954654, -0.013656233437359333, -0.008084814995527267
v,-0.002111976034939289, -0.014392806217074394, -0.004375101067125797
v,-0.0036678288597613573, -0.011552631855010986, -0.005971146747469902
v,-0.0024383333511650562, -0.014528129249811172, -0.005992354359477758
v,0.0018358341185376048, -0.0092705637216568, -0.00486110569909215
v,0.0024681133218109608, -0.012493693269789219, -0.005383580923080444
v,0.0030675013549625874, -0.012245160527527332, -0.004856014158576727
v,-0.0017820993671193719, -0.014256023801863194, -0.008230895735323429
v,-0.002763125579804182, -0.01117750070989132, -0.00830821692943573
v,-0.0015062169404700398, -0.014141631312668324, -0.008312180638313293
v,-0.00043523855856619775, -0.013697555288672447, 0.003975763916969299
v,-0.0018140581669285893, -0.010783974081277847, 0.0030786623246967793
v,-0.0005809101276099682, -0.013757957145571709, 0.0030786620918661356
v,0.000513278238940984, -0.009818955324590206, 0.0028801618609577417
v,0.0021216212771832943, -0.012637365609407425, 0.004490463063120842
v,0.0017498073866590858, -0.012791535817086697, 0.002880045212805271
v,-0.0011780493659898639, -0.014005557633936405, -0.008322015404701233
v,-0.002103046979755163, -0.010903801769018173, -0.008268043398857117
v,-0.0008447926375083625, -0.013867374509572983, -0.008261587470769882
v,-0.0005809101276099682, -0.013757957145571709, 0.0030786620918661356
v,-0.0024041368160396814, -0.011028647422790527, 0.0028640436939895153
v,-0.001733549521304667, -0.014235894195735455, 0.0026681888848543167
v,0.0016554557951167226, -0.012830657884478569, -0.006834041327238083
v,0.002092901850119233, -0.009163971059024334, -0.005508878268301487
v,0.003326050005853176, -0.012137954123318195, -0.005508878268301487
v,0.0036038816906511784, -0.008537450805306435, 0.002880039159208536
v,0.0047538368962705135, -0.011545929126441479, 0.002967200707644224
v,0.004837029613554478, -0.011511433869600296, 0.0028800389263778925
v,-0.0015062169404700398, -0.014141631312668324, -0.008312180638313293
v,-0.0024328185245394707, -0.011040540412068367, -0.008323714137077332
v,-0.0011780493659898639, -0.014005557633936405, -0.008322015404701233
v,0.0011366030666977167, -0.009560496546328068, -0.005457043647766113
v,0.001761455787345767, -0.01278670597821474, -0.005887487903237343
v,0.0024681133218109608, -0.012493693269789219, -0.005383580923080444
v,8.202288881875575e-05, -0.013483074493706226, -0.005885280668735504
v,-0.0011450948659330606, -0.010506591759622097, -0.005502657499164343
v,9.183955990010872e-05, -0.013479004614055157, -0.005462834145873785
v,0.0047538368962705135, -0.011545929126441479, 0.002967200707644224
v,0.0023800835479050875, -0.009044893085956573, 0.0028866964858025312
v,0.0035650054924190044, -0.012038872577250004, 0.0028854135889559984
v,0.0035650054924190044, -0.012038872577250004, 0.0028854135889559984
v,0.000513278238940984, -0.009818955324590206, 0.0028801618609577417
v,0.0017498073866590858, -0.012791535817086697, 0.002880045212805271
v,0.004594155587255955, -0.011612140573561192, 0.0019106508698314428
v,0.0036038816906511784, -0.008537450805306435, 0.002880039159208536
v,0.004837029613554478, -0.011511433869600296, 0.0028800389263778925
v,0.00014981380081735551, -0.013454965315759182, -0.006102347746491432
v,-0.0011488849995657802, -0.010508162900805473, -0.005900413729250431
v,8.202288881875575e-05, -0.013483074493706226, -0.005885280668735504
v,0.001761455787345767, -0.01278670597821474, -0.005887487903237343
v,5.3242220019456e-05, -0.0100097069516778, -0.006173199974000454
v,0.0012673224555328488, -0.012991596013307571, -0.00618340726941824
v,-0.003128830809146166, -0.014814441092312336, 0.002267698058858514
v,-0.004512235522270203, -0.011902760714292526, 0.0016298796981573105
v,-0.0032790875993669033, -0.014876743778586388, 0.0016298794653266668
v,-0.0035157357342541218, -0.0114895673468709, 0.0024978567380458117
v,-0.003128830809146166, -0.014814441092312336, 0.002267698058858514
v,-0.001733549521304667, -0.014235894195735455, 0.0026681888848543167
v,-0.0009906559716910124, -0.010442554019391537, -0.00623314781114459
v,0.00014981380081735551, -0.013454965315759182, -0.006102347746491432
v,0.00027309919823892415, -0.013403845950961113, -0.006267334800213575
v,0.0012673224555328488, -0.012991596013307571, -0.00618340726941824
v,-0.0002278234896948561, -0.010126248933374882, -0.006303301081061363
v,0.0009863110026344657, -0.013108115643262863, -0.0063103544525802135
v,-0.0024383333511650562, -0.014528129249811172, -0.005992354359477758
v,-0.0037418357096612453, -0.011583318002521992, -0.0065788994543254375
v,-0.002510305494070053, -0.014557971619069576, -0.006605044007301331
v,-0.0032790875993669033, -0.014876743778586388, 0.0016298794653266668
v,-0.0021131308749318123, -0.010907983407378197, 0.0016296994872391224
v,-0.000879624392837286, -0.01388181746006012, 0.0016294361557811499
v,0.0014973325887694955, -0.012896223925054073, 0.0016296361573040485
v,0.00196631345897913, -0.009216461330652237, 0.0016253055073320866
v,0.003241470782086253, -0.01217302493751049, 0.0016241339035332203
v,0.0009863110026344657, -0.013108115643262863, -0.0063103544525802135
v,-0.0005120300338603556, -0.010244093835353851, -0.006380496080964804
v,0.0007344690384343266, -0.013212541118264198, -0.006377252284437418
v,-0.0008619780419394374, -0.010389198549091816, -0.006332270801067352
v,0.00027309919823892415, -0.013403845950961113, -0.006267334800213575
v,0.0004884859081357718, -0.013314536772668362, -0.006377675570547581
v,0.003241470782086253, -0.01217302493751049, 0.0016241339035332203
v,0.0033123870380222797, -0.008658317849040031, 0.0015410184860229492
v,0.004545812960714102, -0.01163218542933464, 0.0015403584111481905
v,0.004545812960714102, -0.01163218542933464, 0.0015403584111481905
v,0.003358386689797044, -0.008639244362711906, 0.001898001180961728
v,0.004594155587255955, -0.011612140573561192, 0.0019106508698314428
v,-0.0005120300338603556, -0.010244093835353851, -0.006380496080964804
v,0.0004884859081357718, -0.013314536772668362, -0.006377675570547581
v,0.0007344690384343266, -0.013212541118264198, -0.006377252284437418
v,-0.000879624392837286, -0.01388181746006012, 0.0016294361557811499
v,-0.0021131308749318123, -0.010907983407378197, 0.0016296994872391224
v,-0.00242937495931983, -0.011039112694561481, -9.664555363997351e-06
v,-0.002510305494070053, -0.014557971619069576, -0.006605044007301331
v,-0.0037418357096612453, -0.011583318002521992, -0.0065788994543254375
v,-0.003735291538760066, -0.011580604128539562, -0.007086336612701416
v,0.002761805895715952, -0.012371916323900223, 0.007019604090601206
v,0.00153168139513582, -0.009396679699420929, 0.007016079034656286
v,0.0013082550140097737, -0.009489322081208229, 0.007292098831385374
v,-0.002498784800991416, -0.014553194865584373, -0.007117129396647215
v,-0.003735291538760066, -0.011580604128539562, -0.007086336612701416
v,-0.0036537081468850374, -0.011546776629984379, -0.00748786423355341
v,0.0025415660347789526, -0.012463237158954144, 0.007291222922503948
v,0.0013082550140097737, -0.009489322081208229, 0.007292098831385374
v,-0.00048293996951542795, -0.010232033208012581, 0.0066463216207921505
v,-0.002411970403045416, -0.014517197385430336, -0.007513565476983786
v,-0.0036537081468850374, -0.011546776629984379, -0.00748786423355341
v,-0.0034994990564882755, -0.01148283388465643, -0.007815242744982243
v,-0.001216971199028194, -0.014021696522831917, -0.00011102457938250154
v,-0.00242937495931983, -0.011039112694561481, -9.664555363997351e-06
v,-0.003318005008623004, -0.011407578364014626, -0.004244903102517128
v,0.0006828620680607855, -0.013233940117061138, 0.006624128203839064
v,-0.00048293996951542795, -0.010232033208012581, 0.0066463216207921505
v,-0.0014136747922748327, -0.010617957450449467, 0.006361208390444517
v,-0.0001798721496015787, -0.01359166856855154, 0.006361703854054213
v,-0.0014136747922748327, -0.010617957450449467, 0.006361208390444517
v,-0.0014592146035283804, -0.010636840015649796, 0.005563417915254831
v,-0.0022527731489390135, -0.01445118710398674, -0.007835532538592815
v,-0.0034994990564882755, -0.01148283388465643, -0.007815242744982243
v,-0.003301863092929125, -0.011400884948670864, -0.008044200018048286
v,0.003326050005853176, -0.012137954123318195, -0.005508878268301487
v,0.002092901850119233, -0.009163971059024334, -0.005508878268301487
v,0.0018358341185376048, -0.0092705637216568, -0.00486110569909215
v,-0.00023349789262283593, -0.01361390482634306, 0.0054892064072191715
v,-0.0014592146035283804, -0.010636840015649796, 0.005563417915254831
v,-0.001654001185670495, -0.010717608034610748, 0.004070604220032692
v,9.183955990010872e-05, -0.013479004614055157, -0.005462834145873785
v,-0.0011450948659330606, -0.010506591759622097, -0.005502657499164343
v,-0.0010351320961490273, -0.010460996069014072, -0.004688104148954153
v,-0.0008447926375083625, -0.013867374509572983, -0.008261587470769882
v,-0.002103046979755163, -0.010903801769018173, -0.008268043398857117
v,-0.0017228613141924143, -0.010746159590780735, -0.008144711144268513
v,-0.002111976034939289, -0.014392806217074394, -0.004375101067125797
v,-0.003318005008623004, -0.011407578364014626, -0.004244903102517128
v,-0.0036678288597613573, -0.011552631855010986, -0.005971146747469902
v,-0.0017820993671193719, -0.014256023801863194, -0.008230895735323429
v,-0.0030721104703843594, -0.011305619031190872, -0.008205927908420563
v,-0.002763125579804182, -0.01117750070989132, -0.00830821692943573
v,-0.00043523855856619775, -0.013697555288672447, 0.003975763916969299
v,-0.001654001185670495, -0.010717608034610748, 0.004070604220032692
v,-0.0018140581669285893, -0.010783974081277847, 0.0030786623246967793
v,-0.0011780493659898639, -0.014005557633936405, -0.008322015404701233
v,-0.0024328185245394707, -0.011040540412068367, -0.008323714137077332
v,-0.002103046979755163, -0.010903801769018173, -0.008268043398857117
v,-0.0005809101276099682, -0.013757957145571709, 0.0030786620918661356
v,-0.0018140581669285893, -0.010783974081277847, 0.0030786623246967793
v,-0.0024041368160396814, -0.011028647422790527, 0.0028640436939895153
v,0.0016554557951167226, -0.012830657884478569, -0.006834041327238083
v,0.0001827898231567815, -0.009955990128219128, -0.007010831963270903
v,0.002092901850119233, -0.009163971059024334, -0.005508878268301487
v,0.0036038816906511784, -0.008537450805306435, 0.002880039159208536
v,0.003521459177136421, -0.008571627549827099, 0.0029681306332349777
v,0.0047538368962705135, -0.011545929126441479, 0.002967200707644224
v,-0.0015062169404700398, -0.014141631312668324, -0.008312180638313293
v,-0.002763125579804182, -0.01117750070989132, -0.00830821692943573
v,-0.0024328185245394707, -0.011040540412068367, -0.008323714137077332
v,0.0011366030666977167, -0.009560496546328068, -0.005457043647766113
v,0.000569871801417321, -0.00979548878967762, -0.005860411562025547
v,0.001761455787345767, -0.01278670597821474, -0.005887487903237343
v,8.202288881875575e-05, -0.013483074493706226, -0.005885280668735504
v,-0.0011488849995657802, -0.010508162900805473, -0.005900413729250431
v,-0.0011450948659330606, -0.010506591759622097, -0.005502657499164343
v,0.0047538368962705135, -0.011545929126441479, 0.002967200707644224
v,0.003521459177136421, -0.008571627549827099, 0.0029681306332349777
v,0.0023800835479050875, -0.009044893085956573, 0.0028866964858025312
v,0.0035650054924190044, -0.012038872577250004, 0.0028854135889559984
v,0.0023800835479050875, -0.009044893085956573, 0.0028866964858025312
v,0.000513278238940984, -0.009818955324590206, 0.0028801618609577417
v,0.004594155587255955, -0.011612140573561192, 0.0019106508698314428
v,0.003358386689797044, -0.008639244362711906, 0.001898001180961728
v,0.0036038816906511784, -0.008537450805306435, 0.002880039159208536
v,0.00014981380081735551, -0.013454965315759182, -0.006102347746491432
v,-0.0010782784083858132, -0.010478886775672436, -0.006112164352089167
v,-0.0011488849995657802, -0.010508162900805473, -0.005900413729250431
v,0.001761455787345767, -0.01278670597821474, -0.005887487903237343
v,0.000569871801417321, -0.00979548878967762, -0.005860411562025547
v,5.3242220019456e-05, -0.0100097069516778, -0.006173199974000454
v,-0.003128830809146166, -0.014814441092312336, 0.002267698058858514
v,-0.004361355677247047, -0.011840199120342731, 0.00227137072943151
v,-0.004512235522270203, -0.011902760714292526, 0.0016298796981573105
v,-0.0009906559716910124, -0.010442554019391537, -0.00623314781114459
v,-0.0010782784083858132, -0.010478886775672436, -0.006112164352089167
v,0.00014981380081735551, -0.013454965315759182, -0.006102347746491432
v,0.0012673224555328488, -0.012991596013307571, -0.00618340726941824
v,5.3242220019456e-05, -0.0100097069516778, -0.006173199974000454
v,-0.0002278234896948561, -0.010126248933374882, -0.006303301081061363
v,-0.0024383333511650562, -0.014528129249811172, -0.005992354359477758
v,-0.0036678288597613573, -0.011552631855010986, -0.005971146747469902
v,-0.0037418357096612453, -0.011583318002521992, -0.0065788994543254375
v,-0.0032790875993669033, -0.014876743778586388, 0.0016298794653266668
v,-0.004512235522270203, -0.011902760714292526, 0.0016298796981573105
v,-0.0021131308749318123, -0.010907983407378197, 0.0016296994872391224
v,0.0014973325887694955, -0.012896223925054073, 0.0016296361573040485
v,0.00026777523453347385, -0.009920751675963402, 0.001629834994673729
v,0.00196631345897913, -0.009216461330652237, 0.0016253055073320866
v,0.0009863110026344657, -0.013108115643262863, -0.0063103544525802135
v,-0.0002278234896948561, -0.010126248933374882, -0.006303301081061363
v,-0.0005120300338603556, -0.010244093835353851, -0.006380496080964804
v,0.003241470782086253, -0.01217302493751049, 0.0016241339035332203
v,0.00196631345897913, -0.009216461330652237, 0.0016253055073320866
v,0.0033123870380222797, -0.008658317849040031, 0.0015410184860229492
v,0.004545812960714102, -0.01163218542933464, 0.0015403584111481905
v,0.0033123870380222797, -0.008658317849040031, 0.0015410184860229492
v,0.003358386689797044, -0.008639244362711906, 0.001898001180961728
n,-11.666430473327637, 28.135927200317383, 1.3313947420101613e-06
n,-11.666430473327637, 28.135927200317383, 1.3313947420101613e-06
n,-11.666430473327637, 28.135927200317383, 1.3313947420101613e-06
n,-11.666430473327637, 28.135927200317383, 1.3313947420101613e-06
n,-11.666430473327637, 28.135927200317383, 1.3313947420101613e-06
n,-11.666430473327637, 28.135927200317383, 1.3313947420101613e-06
n,-11.666430473327637, 28.135927200317383, 1.3313947420101613e-06
n,-11.666430473327637, 28.135927200317383, 1.3313947420101613e-06
n,-11.666430473327637, 28.135927200317383, 1.3313947420101613e-06
n,-11.666430473327637, 28.135927200317383, 1.3313947420101613e-06
n,-11.666430473327637, 28.135927200317383, 1.3313947420101613e-06
n,-11.666430473327637, 28.135927200317383, 1.3313947420101613e-06
n,-11.666430473327637, 28.135927200317383, 1.3313947420101613e-06
n,-11.666430473327637, 28.135927200317383, 1.3313947420101613e-06
n,-11.666430473327637, 28.135927200317383, 1.3313947420101613e-06
n,-27.540489196777344, -11.407620429992676, 6.254886150360107
n,-11.666430473327637, 28.135927200317383, 1.3313947420101613e-06
n,-11.666430473327637, 28.135927200317383, 1.3313947420101613e-06
n,-11.666430473327637, 28.135927200317383, 1.3313947420101613e-06
n,-11.666430473327637, 28.135927200317383, 1.3313947420101613e-06
n,-11.666430473327637, 28.135927200317383, 1.3313947420101613e-06
n,-11.666430473327637, 28.135927200317383, 1.3313947420101613e-06
n,-11.666430473327637, 28.135927200317383, 1.3313947420101613e-06
n,-11.666430473327637, 28.135927200317383, 1.3313947420101613e-06
n,-11.666430473327637, 28.135927200317383, 1.3313947420101613e-06
n,-11.666430473327637, 28.135927200317383, 1.3313947420101613e-06
n,-11.666430473327637, 28.135927200317383, 1.3313947420101613e-06
n,-11.666430473327637, 28.135927200317383, 1.3313947420101613e-06
n,-11.666430473327637, 28.135927200317383, 1.3313947420101613e-06
n,-11.666430473327637, 28.135927200317383, 1.3313947420101613e-06
n,-11.666430473327637, 28.135927200317383, 1.3313947420101613e-06
n,-11.666430473327637, 28.135927200317383, 1.3313947420101613e-06
n,-11.666430473327637, 28.135927200317383, 1.3313947420101613e-06
n,-11.666430473327637, 28.135927200317383, 1.3313947420101613e-06
n,-11.666430473327637, 28.135927200317383, 1.3313947420101613e-06
n,-11.666430473327637, 28.135927200317383, 1.3313947420101613e-06
n,-11.666430473327637, 28.135927200317383, 1.3313947420101613e-06
n,-11.666430473327637, 28.135927200317383, 1.3313947420101613e-06
n,-11.666430473327637, 28.135927200317383, 1.3313947420101613e-06
n,-11.666430473327637, 28.135927200317383, 1.3313947420101613e-06
n,-11.666430473327637, 28.135927200317383, 1.3313947420101613e-06
n,-11.666430473327637, 28.135927200317383, 1.3313947420101613e-06
n,-11.666430473327637, 28.135927200317383, 1.3313947420101613e-06
n,-11.666430473327637, 28.135927200317383, 1.3313947420101613e-06
n,-11.666430473327637, 28.135927200317383, 1.3313947420101613e-06
n,-11.666430473327637, 28.135927200317383, 1.3313947420101613e-06
n,-11.666430473327637, 28.135927200317383, 1.3313947420101613e-06
n,-11.666430473327637, 28.135927200317383, 1.3313947420101613e-06
n,-11.666430473327637, 28.135927200317383, 1.3313947420101613e-06
n,-11.666430473327637, 28.135927200317383, 1.3313947420101613e-06
n,-11.666430473327637, 28.135927200317383, 1.3313947420101613e-06
n,-11.666430473327637, 28.135927200317383, 1.3313947420101613e-06
n,11.666430473327637, -28.135927200317383, -1.3313947420101613e-06
n,11.666430473327637, -28.135927200317383, -1.3313947420101613e-06
n,11.666430473327637, -28.135927200317383, -1.3313947420101613e-06
n,11.666430473327637, -28.135927200317383, -1.3313947420101613e-06
n,11.666430473327637, -28.135927200317383, -1.3313947420101613e-06
n,11.666430473327637, -28.135927200317383, -1.3313947420101613e-06
n,11.666430473327637, -28.135927200317383, -1.3313947420101613e-06
n,11.666430473327637, -28.135927200317383, -1.3313947420101613e-06
n,11.666430473327637, -28.135927200317383, -1.3313947420101613e-06
n,11.666430473327637, -28.135927200317383, -1.3313947420101613e-06
n,11.666430473327637, -28.135927200317383, -1.3313947420101613e-06
n,11.666430473327637, -28.135927200317383, -1.3313947420101613e-06
n,11.666430473327637, -28.135927200317383, -1.3313947420101613e-06
n,11.666430473327637, -28.135927200317383, -1.3313947420101613e-06
n,11.666430473327637, -28.135927200317383, -1.3313947420101613e-06
n,11.666430473327637, -28.135927200317383, -1.3313947420101613e-06
n,11.666430473327637, -28.135927200317383, -1.3313947420101613e-06
n,11.666430473327637, -28.135927200317383, -1.3313947420101613e-06
n,11.666430473327637, -28.135927200317383, -1.3313947420101613e-06
n,11.666430473327637, -28.135927200317383, -1.3313947420101613e-06
n,11.666430473327637, -28.135927200317383, -1.3313947420101613e-06
n,11.666430473327637, -28.135927200317383, -1.3313947420101613e-06
n,11.666430473327637, -28.135927200317383, -1.3313947420101613e-06
n,11.666430473327637, -28.135927200317383, -1.3313947420101613e-06
n,11.666430473327637, -28.135927200317383, -1.3313947420101613e-06
n,11.666430473327637, -28.135927200317383, -1.3313947420101613e-06
n,11.666430473327637, -28.135927200317383, -1.3313947420101613e-06
n,11.666430473327637, -28.135927200317383, -1.3313947420101613e-06
n,11.666430473327637, -28.135927200317383, -1.3313947420101613e-06
n,11.666430473327637, -28.135927200317383, -1.3313947420101613e-06
n,11.666430473327637, -28.135927200317383, -1.3313947420101613e-06
n,11.666430473327637, -28.135927200317383, -1.3313947420101613e-06
n,11.666430473327637, -28.135927200317383, -1.3313947420101613e-06
n,11.666430473327637, -28.135927200317383, -1.3313947420101613e-06
n,11.666430473327637, -28.135927200317383, -1.3313947420101613e-06
n,11.666430473327637, -28.135927200317383, -1.3313947420101613e-06
n,11.666430473327637, -28.135927200317383, -1.3313947420101613e-06
n,11.666430473327637, -28.135927200317383, -1.3313947420101613e-06
n,11.666430473327637, -28.135927200317383, -1.3313947420101613e-06
n,11.666430473327637, -28.135927200317383, -1.3313947420101613e-06
n,11.666430473327637, -28.135927200317383, -1.3313947420101613e-06
n,11.666430473327637, -28.135927200317383, -1.3313947420101613e-06
n,11.666430473327637, -28.135927200317383, -1.3313947420101613e-06
n,11.666430473327637, -28.135927200317383, -1.3313947420101613e-06
n,11.666430473327637, -28.135927200317383, -1.3313947420101613e-06
n,11.666430473327637, -28.135927200317383, -1.3313947420101613e-06
n,11.666430473327637, -28.135927200317383, -1.3313947420101613e-06
n,11.666430473327637, -28.135927200317383, -1.3313947420101613e-06
n,27.19751739501953, 11.239384651184082, -7.855395793914795
n,14.864176750183105, 6.243582725524902, -25.84202003479004
n,27.085599899291992, 11.188824653625488, -8.301596641540527
n,27.50044059753418, 11.268203735351562, -6.670041084289551
n,13.2072172164917, 5.543261528015137, -26.88080596923828
n,27.65447998046875, 11.359394073486328, -5.824934482574463
n,10.688446998596191, 4.515711784362793, -28.162057876586914
n,-15.366828918457031, -6.289375305175781, -25.53508186340332
n,27.276527404785156, 11.221890449523926, -7.602384567260742
n,-17.374792098999023, -7.287821292877197, 23.93199348449707
n,-8.154398918151855, -3.4843969345092773, 29.13933563232422
n,-6.745002746582031, -2.8316361904144287, 29.5672607421875
n,16.343759536743164, 6.688326835632324, 24.81700897216797
n,8.075759887695312, 3.2751271724700928, 29.185468673706055
n,0.07069189846515656, 0.051011841744184494, 30.458633422851562
n,-28.11712074279785, -11.688179016113281, -0.7416004538536072
n,21.14686393737793, 8.763885498046875, 20.09329605102539
n,27.23041343688965, 11.418896675109863, -7.473247528076172
n,15.389239311218262, 6.314582824707031, -25.515357971191406
n,-27.365821838378906, -11.379056930541992, -7.026012897491455
n,-8.860867500305176, -3.6548988819122314, 28.91128921508789
n,-24.793540954589844, -10.31518268585205, -14.374053001403809
n,14.216533660888672, 5.835613250732422, -26.297754287719727
n,-27.435768127441406, -11.37836742401123, 6.748884201049805
n,-7.611943244934082, -3.153334856033325, 29.323211669921875
n,-28.085073471069336, -11.613592147827148, 2.0221469402313232
n,27.4740047454834, 11.537899017333984, -6.308080196380615
n,-19.918134689331055, -8.320470809936523, -21.488924026489258
n,12.1049165725708, 4.922858238220215, -27.513134002685547
n,25.85770606994629, 10.72723388671875, 12.001733779907227
n,27.104141235351562, 11.327229499816895, -8.049555778503418
n,-13.62617301940918, -5.73243522644043, -26.630859375
n,-27.854244232177734, -11.530500411987305, 4.350261211395264
n,27.764841079711914, 11.587573051452637, -4.751596450805664
n,8.613629341125488, 3.5092873573303223, -29.003902435302734
n,-27.485261917114258, -11.403428077697754, 6.500622749328613
n,-17.76753807067871, -7.31640625, 23.633045196533203
n,-7.378324508666992, -3.089399814605713, -29.389657974243164
n,-27.71103858947754, -11.490252494812012, 5.273362159729004
n,27.283246994018555, 11.349528312683105, -7.385696887969971
n,4.654714107513428, 1.9108301401138306, -30.040279388427734
n,-8.807465553283691, -3.608370542526245, 28.93344497680664
n,16.629741668701172, 6.895445823669434, -24.569095611572266
n,19.567028045654297, 8.113375663757324, 21.886995315551758
n,-0.7700661420822144, -0.3433261215686798, -30.44708824157715
n,-15.48728084564209, -6.393319606781006, 25.43630599975586
n,28.11579704284668, 11.689793586730957, -0.7659810781478882
n,-1.7917873859405518, -0.7221574187278748, 30.39743423461914
n,-0.07640793919563293, -0.032978545874357224, 30.45864486694336
n,27.15483283996582, 11.259624481201172, -7.973199844360352
n,26.64458656311035, 11.074163436889648, 9.755250930786133
n,-13.623427391052246, -5.638030529022217, 26.652408599853516
n,-27.263301849365234, -11.304600715637207, 7.526921272277832
n,-7.255446434020996, -2.8823113441467285, 29.44124412536621
n,21.859359741210938, 9.107507705688477, 19.15614128112793
n,-10.840660095214844, -4.4805145263671875, 28.10944938659668
n,-27.90549087524414, -11.58686351776123, 3.8424131870269775
n,-0.005754149053245783, 0.00030797981889918447, -30.458759307861328
n,-0.0857573002576828, -0.024917133152484894, -30.458627700805664
n,-6.703894138336182, -2.782747983932495, 29.58124542236328
n,11.986824989318848, 5.106318950653076, 27.531391143798828
n,-1.6686979532241821, -0.6853513717651367, -30.405290603637695
n,27.85530662536621, 11.560711860656738, -4.26238489151001
n,-0.05643559992313385, 0.009586901403963566, 30.45870590209961
n,-27.54020118713379, -11.42385482788086, 6.226458549499512
n,-28.140850067138672, -11.646795272827148, -0.42520084977149963
n,21.161462783813477, 8.773078918457031, 20.073902130126953
n,-27.49013900756836, -11.36727523803711, -6.543187141418457
n,-8.886960983276367, -3.694023609161377, 28.898305892944336
n,-25.07746696472168, -10.363519668579102, -13.836695671081543
n,-27.43505096435547, -11.381468772888184, 6.7465596199035645
n,-7.655373573303223, -3.189673662185669, 29.307971954345703
n,-28.07990837097168, -11.65013313293457, 1.878612756729126
n,-20.568574905395508, -8.49677562713623, -20.796024322509766
n,25.851247787475586, 10.719098091125488, 12.022889137268066
n,-27.85060691833496, -11.572847366333008, 4.260165691375732
n,27.846363067626953, 11.528923988342285, -4.404539585113525
n,8.07055950164795, 3.362987756729126, -29.17691421508789
n,-27.485177993774414, -11.388646125793457, 6.526845932006836
n,-8.249218940734863, -3.3603336811065674, -29.127212524414062
n,-27.71271324157715, -11.500968933105469, 5.241127967834473
n,4.328151226043701, 1.8143960237503052, -30.09503173828125
n,-8.96073055267334, -3.715526580810547, 28.872758865356445
n,16.501113891601562, 6.93778657913208, -24.643789291381836
n,19.771848678588867, 8.185524940490723, 21.67504119873047
n,-1.2285268306732178, -0.48025068640708923, -30.43018341064453
n,-15.464531898498535, -6.390843391418457, 25.45076560974121
n,28.143774032592773, 11.64324951171875, -0.3141763210296631
n,-1.8471548557281494, -0.7748555541038513, 30.392820358276367
n,-0.0869421660900116, -0.04746011272072792, 30.45859718322754
n,27.161029815673828, 11.256397247314453, -7.956633567810059
n,26.47112274169922, 10.957537651062012, 10.341562271118164
n,-13.727582931518555, -5.709166526794434, 26.5837345123291
n,-27.265047073364258, -11.307909965515137, 7.515605449676514
n,22.13538360595703, 9.196253776550293, 18.793344497680664
n,-11.057095527648926, -4.597778797149658, 28.00602149963379
n,-27.898759841918945, -11.556328773498535, 3.9807634353637695
n,-0.001953528495505452, -0.0008085801382549107, -30.458759307861328
n,-0.07006274908781052, -0.02691742591559887, -30.45866584777832
n,-6.840501308441162, -2.8551506996154785, 29.543046951293945
n,-1.6194345951080322, -0.686407744884491, -30.407928466796875
n,27.864704132080078, 11.557951927185059, -4.2080864906311035
u,0.5562949180603027, 0.5976224839687347, 0
u,0.5505761504173279, 0.6056718230247498, 0
u,0.564781904220581, 0.6424028873443604, 0
u,0.6091834306716919, 0.60971400141716, 0
u,0.5562949180603027, 0.5976224839687347, 0
u,0.564781904220581, 0.6424028873443604, 0
u,0.6365424990653992, 0.6147896945476532, 0
u,0.6091834306716919, 0.60971400141716, 0
u,0.564781904220581, 0.6424028873443604, 0
u,0.6401242017745972, 0.6357163786888123, 0
u,0.6365424990653992, 0.6147896945476532, 0
u,0.564781904220581, 0.6424028873443604, 0
u,0.6493281722068787, 0.6746573448181152, 0
u,0.6401242017745972, 0.6357163786888123, 0
u,0.564781904220581, 0.6424028873443604, 0
u,0.6493281722068787, 0.6746573448181152, 0
u,0.564781904220581, 0.6424028873443604, 0
u,0.5901923775672913, 0.7121778130531311, 0
u,0.6563646197319031, 0.7004474997520447, 0
u,0.6493281722068787, 0.6746573448181152, 0
u,0.5901923775672913, 0.7121778130531311, 0
u,0.6738079786300659, 0.704420804977417, 0
u,0.6563646197319031, 0.7004474997520447, 0
u,0.5901923775672913, 0.7121778130531311, 0
u,0.5368618965148926, 0.7169422209262848, 0
u,0.5040186643600464, 0.7179989516735077, 0
u,0.5018841028213501, 0.7207086980342865, 0
u,0.6738079786300659, 0.704420804977417, 0
u,0.5901923775672913, 0.7121778130531311, 0
u,0.5368618965148926, 0.7169422209262848, 0
u,0.6738079786300659, 0.704420804977417, 0
u,0.5368618965148926, 0.7169422209262848, 0
u,0.5018841028213501, 0.7207086980342865, 0
u,0.6738079786300659, 0.704420804977417, 0
u,0.5018841028213501, 0.7207086980342865, 0
u,0.5111439824104309, 0.7460626363754272, 0
u,0.7065611481666565, 0.7109028100967407, 0
u,0.6738079786300659, 0.704420804977417, 0
u,0.5111439824104309, 0.7460626363754272, 0
u,0.7313039898872375, 0.7146946489810944, 0
u,0.7065611481666565, 0.7109028100967407, 0
u,0.5111439824104309, 0.7460626363754272, 0
u,0.7372586727142334, 0.7312552332878113, 0
u,0.7313039898872375, 0.7146946489810944, 0
u,0.5111439824104309, 0.7460626363754272, 0
u,0.8227325081825256, 1.0000066746320044, 0
u,0.9082062244415283, 0.9559587351977825, 0
u,0.8227324485778809, 0.9532322064042091, 0
u,0.7372586727142334, 0.7312552332878113, 0
u,0.5111439824104309, 0.7460626363754272, 0
u,0.6687144637107849, 0.7378831803798676, 0
u,0.6687144637107849, 0.7378831803798676, 0
u,0.5111439824104309, 0.7460626363754272, 0
u,0.6004893183708191, 0.7445129752159119, 0
u,0.6004893183708191, 0.7445129752159119, 0
u,0.5111439824104309, 0.7460626363754272, 0
u,0.5519614219665527, 0.7494922876358032, 0
u,0.5136718153953552, 0.7554044723510742, 0
u,0.5519614219665527, 0.7494922876358032, 0
u,0.5111439824104309, 0.7460626363754272, 0
u,0.6687144637107849, 0.7378831803798676, 0
u,0.6004893183708191, 0.7445129752159119, 0
u,0.6119617223739624, 0.7756684124469757, 0
u,0.6819595098495483, 0.7803230881690979, 0
u,0.6687144637107849, 0.7378831803798676, 0
u,0.6119617223739624, 0.7756684124469757, 0
u,0.6819595098495483, 0.7803230881690979, 0
u,0.6119617223739624, 0.7756684124469757, 0
u,0.6384091973304749, 0.8563645780086517, 0
u,0.7180826663970947, 0.8898221850395203, 0
u,0.6819595098495483, 0.7803230881690979, 0
u,0.6384091973304749, 0.8563645780086517, 0
u,0.7180826663970947, 0.8898221850395203, 0
u,0.6384091973304749, 0.8563645780086517, 0
u,0.6538830399513245, 0.9078646302223206, 0
u,0.7180826663970947, 0.8898221850395203, 0
u,0.6538830399513245, 0.9078646302223206, 0
u,0.6590580344200134, 0.9290901124477386, 0
u,0.7324308156967163, 0.9344892054796219, 0
u,0.7180826663970947, 0.8898221850395203, 0
u,0.6590580344200134, 0.9290901124477386, 0
u,0.5938608646392822, 0.9340810850262642, 0
u,0.5723718404769897, 0.9202310368418694, 0
u,0.5665802955627441, 0.9381993785500526, 0
u,0.5938608646392822, 0.9340810850262642, 0
u,0.5665802955627441, 0.9381993785500526, 0
u,0.6251506805419922, 0.9724377542734146, 0
u,0.6110970973968506, 0.9431676045060158, 0
u,0.5938608646392822, 0.9340810850262642, 0
u,0.6251506805419922, 0.9724377542734146, 0
u,0.7324308156967163, 0.9344892054796219, 0
u,0.6590580344200134, 0.9290901124477386, 0
u,0.6600461006164551, 0.9395472034811974, 0
u,0.7324308156967163, 0.9344892054796219, 0
u,0.6600461006164551, 0.9395472034811974, 0
u,0.6587555408477783, 0.945316169410944, 0
u,0.6266549229621887, 0.9500329568982124, 0
u,0.6110970973968506, 0.9431676045060158, 0
u,0.6251506805419922, 0.9724377542734146, 0
u,0.7324308156967163, 0.9344892054796219, 0
u,0.6587555408477783, 0.945316169410944, 0
u,0.6565777063369751, 0.9487372152507305, 0
u,0.6350244283676147, 0.9526681154966354, 0
u,0.6266549229621887, 0.9500329568982124, 0
u,0.6251506805419922, 0.9724377542734146, 0
u,0.7360502481460571, 0.9503370672464371, 0
u,0.7324308156967163, 0.9344892054796219, 0
u,0.6565777063369751, 0.9487372152507305, 0
u,0.7360502481460571, 0.9503370672464371, 0
u,0.6565777063369751, 0.9487372152507305, 0
u,0.65314781665802, 0.9516549408435822, 0
u,0.6433333158493042, 0.9538271129131317, 0
u,0.6350244283676147, 0.9526681154966354, 0
u,0.6251506805419922, 0.9724377542734146, 0
u,0.7360502481460571, 0.9503370672464371, 0
u,0.65314781665802, 0.9516549408435822, 0
u,0.6491051912307739, 0.9533574543893337, 0
u,0.7360502481460571, 0.9503370672464371, 0
u,0.6491051912307739, 0.9533574543893337, 0
u,0.6433333158493042, 0.9538271129131317, 0
u,0.7360502481460571, 0.9503370672464371, 0
u,0.6433333158493042, 0.9538271129131317, 0
u,0.6251506805419922, 0.9724377542734146, 0
u,0.7371628284454346, 0.9637315347790718, 0
u,0.7360502481460571, 0.9503370672464371, 0
u,0.6251506805419922, 0.9724377542734146, 0
u,0.7358389496803284, 0.9745215121656656, 0
u,0.7371628284454346, 0.9637315347790718, 0
u,0.6251506805419922, 0.9724377542734146, 0
u,0.7358389496803284, 0.9745215121656656, 0
u,0.6251506805419922, 0.9724377542734146, 0
u,0.6533631086349487, 0.9865514356642962, 0
u,0.7322764992713928, 0.9835412483662367, 0
u,0.7358389496803284, 0.9745215121656656, 0
u,0.6533631086349487, 0.9865514356642962, 0
u,0.7322764992713928, 0.9835412483662367, 0
u,0.6533631086349487, 0.9865514356642962, 0
u,0.6695260405540466, 0.993228655308485, 0
u,0.7273173332214355, 0.9901677314192057, 0
u,0.7322764992713928, 0.9835412483662367, 0
u,0.6695260405540466, 0.993228655308485, 0
u,0.7273173332214355, 0.9901677314192057, 0
u,0.6695260405540466, 0.993228655308485, 0
u,0.6825056076049805, 0.9971895501948893, 0
u,0.7211322784423828, 0.994979428127408, 0
u,0.7273173332214355, 0.9901677314192057, 0
u,0.6825056076049805, 0.9971895501948893, 0
u,0.7211322784423828, 0.994979428127408, 0
u,0.6825056076049805, 0.9971895501948893, 0
u,0.6936890482902527, 0.9993768533458933, 0
u,0.7126115560531616, 0.9985295846126974, 0
u,0.7211322784423828, 0.994979428127408, 0
u,0.6936890482902527, 0.9993768533458933, 0
u,0.7126115560531616, 0.9985295846126974, 0
u,0.6936890482902527, 0.9993768533458933, 0
u,0.7032472491264343, 0.9999121236905921, 0
u,0.6279765963554382, 0.20774990320205688, 0
u,0.6885907053947449, 0.20324426889419556, 0
u,0.6828448176383972, 0.19525718688964844, 0
u,0.6026028990745544, 0.2124183177947998, 0
u,0.6885907053947449, 0.20324426889419556, 0
u,0.6279765963554382, 0.20774990320205688, 0
u,0.598613440990448, 0.23528921604156494, 0
u,0.6885907053947449, 0.20324426889419556, 0
u,0.6026028990745544, 0.2124183177947998, 0
u,0.598613440990448, 0.23528921604156494, 0
u,0.6637995839118958, 0.2682986855506897, 0
u,0.6885907053947449, 0.20324426889419556, 0
u,0.5891600847244263, 0.2747575044631958, 0
u,0.6637995839118958, 0.2682986855506897, 0
u,0.598613440990448, 0.23528921604156494, 0
u,0.5891600847244263, 0.2747575044631958, 0
u,0.6489571332931519, 0.30979275703430176, 0
u,0.6637995839118958, 0.2682986855506897, 0
u,0.5827781558036804, 0.2980814576148987, 0
u,0.6489571332931519, 0.30979275703430176, 0
u,0.5891600847244263, 0.2747575044631958, 0
u,0.5486965179443359, 0.3054472804069519, 0
u,0.6489571332931519, 0.30979275703430176, 0
u,0.5827781558036804, 0.2980814576148987, 0
u,0.7008979320526123, 0.3144824504852295, 0
u,0.7372586727142334, 0.3183426856994629, 0
u,0.7350998520851135, 0.3156331777572632, 0
u,0.5486965179443359, 0.3054472804069519, 0
u,0.7008979320526123, 0.3144824504852295, 0
u,0.6489571332931519, 0.30979275703430176, 0
u,0.5486965179443359, 0.3054472804069519, 0
u,0.7372586727142334, 0.3183426856994629, 0
u,0.7008979320526123, 0.3144824504852295, 0
u,0.5486965179443359, 0.3054472804069519, 0
u,0.7280919551849365, 0.3433661460876465, 0
u,0.7372586727142334, 0.3183426856994629, 0
u,0.5077991485595703, 0.3123340606689453, 0
u,0.7280919551849365, 0.3433661460876465, 0
u,0.5486965179443359, 0.3054472804069519, 0
u,0.5018841028213501, 0.3288891911506653, 0
u,0.7280919551849365, 0.3433661460876465, 0
u,0.5077991485595703, 0.3123340606689453, 0
u,0.5018841028213501, 0.3288891911506653, 0
u,0.5704269409179688, 0.3355218172073364, 0
u,0.7280919551849365, 0.3433661460876465, 0
u,0.5704269409179688, 0.3355218172073364, 0
u,0.638641893863678, 0.34217721223831177, 0
u,0.7280919551849365, 0.3433661460876465, 0
u,0.638641893863678, 0.34217721223831177, 0
u,0.6883794069290161, 0.3472776412963867, 0
u,0.7280919551849365, 0.3433661460876465, 0
u,0.7254800796508789, 0.35304003953933716, 0
u,0.7280919551849365, 0.3433661460876465, 0
u,0.6883794069290161, 0.3472776412963867, 0
u,0.5563317537307739, 0.3805783987045288, 0
u,0.638641893863678, 0.34217721223831177, 0
u,0.5704269409179688, 0.3355218172073364, 0
u,0.5563317537307739, 0.3805783987045288, 0
u,0.6191015243530273, 0.3970768451690674, 0
u,0.638641893863678, 0.34217721223831177, 0
u,0.5199518203735352, 0.4908217191696167, 0
u,0.6191015243530273, 0.3970768451690674, 0
u,0.5563317537307739, 0.3805783987045288, 0
u,0.5199518203735352, 0.4908217191696167, 0
u,0.588945746421814, 0.4928112030029297, 0
u,0.6191015243530273, 0.3970768451690674, 0
u,0.5199518203735352, 0.4908217191696167, 0
u,0.5802967548370361, 0.5256831645965576, 0
u,0.588945746421814, 0.4928112030029297, 0
u,0.6482006311416626, 0.5299127101898193, 0
u,0.6725624799728394, 0.535833328962326, 0
u,0.6668155193328857, 0.5178343951702118, 0
u,0.5065547823905945, 0.5326735377311707, 0
u,0.5802967548370361, 0.5256831645965576, 0
u,0.5199518203735352, 0.4908217191696167, 0
u,0.6482006311416626, 0.5299127101898193, 0
u,0.6213557124137878, 0.5661758780479431, 0
u,0.6725624799728394, 0.535833328962326, 0
u,0.6267876625061035, 0.541401743888855, 0
u,0.6213557124137878, 0.5661758780479431, 0
u,0.6482006311416626, 0.5299127101898193, 0
u,0.5065547823905945, 0.5326735377311707, 0
u,0.5790703892707825, 0.5367788076400757, 0
u,0.5802967548370361, 0.5256831645965576, 0
u,0.5065547823905945, 0.5326735377311707, 0
u,0.5802682638168335, 0.5426777005195618, 0
u,0.5790703892707825, 0.5367788076400757, 0
u,0.611916184425354, 0.5478828549385071, 0
u,0.6213557124137878, 0.5661758780479431, 0
u,0.6267876625061035, 0.541401743888855, 0
u,0.5065547823905945, 0.5326735377311707, 0
u,0.5834817290306091, 0.5472144484519958, 0
u,0.5802682638168335, 0.5426777005195618, 0
u,0.6035569906234741, 0.550435870885849, 0
u,0.6213557124137878, 0.5661758780479431, 0
u,0.611916184425354, 0.5478828549385071, 0
u,0.5029828548431396, 0.5486570596694946, 0
u,0.5834817290306091, 0.5472144484519958, 0
u,0.5065547823905945, 0.5326735377311707, 0
u,0.5029828548431396, 0.5486570596694946, 0
u,0.5892406105995178, 0.5506731271743774, 0
u,0.5834817290306091, 0.5472144484519958, 0
u,0.5961980819702148, 0.551485002040863, 0
u,0.6213557124137878, 0.5661758780479431, 0
u,0.6035569906234741, 0.550435870885849, 0
u,0.5892406105995178, 0.5506731271743774, 0
u,0.6213557124137878, 0.5661758780479431, 0
u,0.5961980819702148, 0.551485002040863, 0
u,0.5029828548431396, 0.5486570596694946, 0
u,0.6213557124137878, 0.5661758780479431, 0
u,0.5892406105995178, 0.5506731271743774, 0
u,0.5019968152046204, 0.5621870756149292, 0
u,0.6213557124137878, 0.5661758780479431, 0
u,0.5029828548431396, 0.5486570596694946, 0
u,0.5019968152046204, 0.5621870756149292, 0
u,0.5970566272735596, 0.5788247585296631, 0
u,0.6213557124137878, 0.5661758780479431, 0
u,0.5034829378128052, 0.5728564262390137, 0
u,0.5970566272735596, 0.5788247585296631, 0
u,0.5019968152046204, 0.5621870756149292, 0
u,0.5034829378128052, 0.5728564262390137, 0
u,0.5781521201133728, 0.5875203013420105, 0
u,0.5970566272735596, 0.5788247585296631, 0
u,0.5072011947631836, 0.5817468166351318, 0
u,0.5781521201133728, 0.5875203013420105, 0
u,0.5034829378128052, 0.5728564262390137, 0
u,0.5072011947631836, 0.5817468166351318, 0
u,0.5611555576324463, 0.5935284495353699, 0
u,0.5781521201133728, 0.5875203013420105, 0
u,0.5131276249885559, 0.5889920592308044, 0
u,0.5611555576324463, 0.5935284495353699, 0
u,0.5072011947631836, 0.5817468166351318, 0
u,0.5195215344429016, 0.5935102701187134, 0
u,0.5611555576324463, 0.5935284495353699, 0
u,0.5131276249885559, 0.5889920592308044, 0
u,0.5195215344429016, 0.5935102701187134, 0
u,0.5461878776550293, 0.5969096422195435, 0
u,0.5611555576324463, 0.5935284495353699, 0
u,0.5271989107131958, 0.5963334441184998, 0
u,0.5461878776550293, 0.5969096422195435, 0
u,0.5195215344429016, 0.5935102701187134, 0
u,0.5271989107131958, 0.5963334441184998, 0
u,0.5365173816680908, 0.5975608229637146, 0
u,0.5461878776550293, 0.5969096422195435, 0
u,0.9082062840461731, 0.2867962121963501, 0
u,0.8227325081825256, 0.28682804107666016, 0
u,0.9082063436508179, 0.31951904296875, 0
u,0.1709475815296173, 0.13539111614227295, 0
u,0.08547380566596985, 0.15244877338409424, 0
u,0.1709475815296173, 0.16380053758621216, 0
u,0.672831654548645, 0.083354651927948, 0
u,0.5873578786849976, 0.0832897424697876, 0
u,0.672831654548645, 0.12205731868743896, 0
u,0.9082063436508179, 0.31951904296875, 0
u,0.8227325677871704, 0.34436678886413574, 0
u,0.9082063436508179, 0.40368032455444336, 0
u,0.1709475815296173, 0.16380053758621216, 0
u,0.08547380566596985, 0.17147445678710938, 0
u,0.1709475815296173, 0.1800563931465149, 0
u,0.9082063436508179, 0.40368032455444336, 0
u,0.8227325677871704, 0.44398999214172363, 0
u,0.9082062244415283, 0.4571361541748047, 0
u,0.1709475815296173, 0.1800563931465149, 0
u,0.08547380566596985, 0.18855440616607666, 0
u,0.1709475815296173, 0.19309067726135254, 0
u,0.1709475815296173, 0.2316821813583374, 0
u,0.08547380566596985, 0.23651331663131714, 0
u,0.1709475815296173, 0.2377985119819641, 0
u,0.672831654548645, 0.12205731868743896, 0
u,0.5873578786849976, 0.15176904201507568, 0
u,0.672831654548645, 0.19529110193252563, 0
u,0.9936801195144653, 0.8681318163871765, 0
u,0.9082063436508179, 0.8712721467018127, 0
u,0.9936801195144653, 0.891332782804966, 0
u,0.9332232475280762, 0.20131230354309082, 0
u,0.9496108293533325, 0.2867860794067383, 0
u,0.966558575630188, 0.20131230354309082, 0
u,0.9081936478614807, 0.20131230354309082, 0
u,0.9081536531448364, 0.28678613901138306, 0
u,0.9332232475280762, 0.20131230354309082, 0
u,0.9936801195144653, 0.8045415282249451, 0
u,0.9082063436508179, 0.8051259219646454, 0
u,0.9936801195144653, 0.80698162317276, 0
u,0.9936801195144653, 0.80698162317276, 0
u,0.9082063436508179, 0.8100040853023529, 0
u,0.9936801195144653, 0.8107493072748184, 0
u,0.9936801195144653, 0.8107493072748184, 0
u,0.9082063436508179, 0.8100040853023529, 0
u,0.9936801195144653, 0.8164003789424896, 0
u,0.8227324485778809, 0.7786173522472382, 0
u,0.9082062244415283, 0.7659193277359009, 0
u,0.8227324485778809, 0.7651120722293854, 0
u,0.5873578786849976, 0.0832897424697876, 0
u,0.672831654548645, 0.0765000581741333, 0
u,0.5873578786849976, 0.0765000581741333, 0
u,0.9082063436508179, 0.31951904296875, 0
u,0.8227325081825256, 0.28682804107666016, 0
u,0.8227325677871704, 0.34436678886413574, 0
u,0.1709475815296173, 0.13539111614227295, 0
u,0.08547380566596985, 0.12797307968139648, 0
u,0.08547380566596985, 0.15244877338409424, 0
u,0.8227324485778809, 0.7651120722293854, 0
u,0.9082062244415283, 0.7555003464221954, 0
u,0.8227324485778809, 0.7548390477895737, 0
u,0.9900516867637634, 0.49811094999313354, 0
u,0.9360010027885437, 0.41263723373413086, 0
u,0.9339817762374878, 0.49811089038848877, 0
u,0.8227324485778809, 0.7548390477895737, 0
u,0.9082062244415283, 0.7471995949745178, 0
u,0.8227324485778809, 0.7466917335987091, 0
u,0.1709475815296173, 0.16380053758621216, 0
u,0.08547380566596985, 0.15244877338409424, 0
u,0.08547380566596985, 0.17147445678710938, 0
u,0.8227324485778809, 0.9532322064042091, 0
u,0.9082062840461731, 0.8419737666845322, 0
u,0.8227325081825256, 0.8384706377983093, 0
u,0.9339817762374878, 0.49811089038848877, 0
u,0.9082003235816956, 0.4126371145248413, 0
u,0.9082023501396179, 0.49811094999313354, 0
u,0.1709475815296173, 0.11010050773620605, 0
u,0.2564213275909424, 0.08886271715164185, 0
u,0.1709475815296173, 0.08688324689865112, 0
u,0.9082063436508179, 0.40368032455444336, 0
u,0.8227325677871704, 0.34436678886413574, 0
u,0.8227325677871704, 0.44398999214172363, 0
u,0.8227324485778809, 0.7466917335987091, 0
u,0.9082062244415283, 0.7427065372467041, 0
u,0.8227324485778809, 0.7427065670490265, 0
u,0.1709475815296173, 0.1800563931465149, 0
u,0.08547380566596985, 0.17147445678710938, 0
u,0.08547380566596985, 0.18855440616607666, 0
u,1.0, 0.11583852767944336, 0
u,0.9833368062973022, 0.030364692211151123, 0
u,0.9833368062973022, 0.11583852767944336, 0
u,0.672831654548645, 0.12205731868743896, 0
u,0.5873578786849976, 0.0832897424697876, 0
u,0.5873578786849976, 0.15176904201507568, 0
u,0.1709475815296173, 0.2316821813583374, 0
u,0.08547381311655045, 0.23018401861190796, 0
u,0.08547380566596985, 0.23651331663131714, 0
u,0.1709475815296173, 0.08688324689865112, 0
u,0.25642135739326477, 0.048932671546936035, 0
u,0.1709475815296173, 0.046392083168029785, 0
u,0.8227325677871704, 0.4778868556022644, 0
u,0.9082062244415283, 0.4571361541748047, 0
u,0.8227325677871704, 0.44398999214172363, 0
u,0.08547380566596985, 0.2035684585571289, 0
u,0.1709475815296173, 0.19309067726135254, 0
u,0.08547380566596985, 0.18855440616607666, 0
u,0.8227325081825256, 0.8384706377983093, 0
u,0.9082062840461731, 0.7955413460731506, 0
u,0.8227324485778809, 0.7949725389480591, 0
u,0.9936801195144653, 0.891332782804966, 0
u,0.9082063436508179, 0.8712721467018127, 0
u,0.9082062840461731, 0.8913813084363937, 0
u,0.08547381311655045, 0.23018401861190796, 0
u,0.1709475815296173, 0.22321254014968872, 0
u,0.08547380566596985, 0.22254741191864014, 0
u,0.1709475815296173, 0.046392083168029785, 0
u,0.25642135739326477, 0.022331058979034424, 0
u,0.17094756662845612, 0.022331058979034424, 0
u,0.672831654548645, 0.19529110193252563, 0
u,0.5873578786849976, 0.15176904201507568, 0
u,0.5873578786849976, 0.19527113437652588, 0
u,0.08547380566596985, 0.2132471799850464, 0
u,0.1709475815296173, 0.20430392026901245, 0
u,0.08547380566596985, 0.2035684585571289, 0
u,0.984384298324585, 0.2867860794067383, 0
u,0.966558575630188, 0.20131230354309082, 0
u,0.9496108293533325, 0.2867860794067383, 0
u,0.08547380566596985, 0.12797307968139648, 0
u,0.17094756662845612, 0.07634198665618896, 0
u,0.08547379821538925, 0.07634198665618896, 0
u,0.6750897169113159, 0.10979413986206055, 0
u,0.672831654548645, 0.195267915725708, 0
u,0.6750897169113159, 0.195267915725708, 0
u,0.08547380566596985, 0.22254741191864014, 0
u,0.1709475815296173, 0.21386873722076416, 0
u,0.08547380566596985, 0.2132471799850464, 0
u,0.9936801195144653, 0.8681318163871765, 0
u,0.9082062244415283, 0.8484736680984497, 0
u,0.9082063436508179, 0.8712721467018127, 0
u,0.8227325081825256, 0.4890204668045044, 0
u,0.9082063436508179, 0.47894901037216187, 0
u,0.8227325677871704, 0.4778868556022644, 0
u,0.9927070140838623, 0.7175208032131195, 0
u,0.9603512287139893, 0.632047027349472, 0
u,0.9589945673942566, 0.7175207734107971, 0
u,0.9589945673942566, 0.7175207734107971, 0
u,0.9082062840461731, 0.632047027349472, 0
u,0.9082062840461731, 0.7175208032131195, 0
u,0.7013634443283081, 0.195267915725708, 0
u,0.6750897169113159, 0.10979413986206055, 0
u,0.6750897169113159, 0.195267915725708, 0
u,0.8227325081825256, 0.49460291862487793, 0
u,0.9082062244415283, 0.48941129446029663, 0
u,0.8227325081825256, 0.4890204668045044, 0
u,0.9082062244415283, 0.8484736680984497, 0
u,0.9936801195144653, 0.8334436267614365, 0
u,0.9082062244415283, 0.8328476250171661, 0
u,0.7113510370254517, 0.10979408025741577, 0
u,0.6940264701843262, 0.02432030439376831, 0
u,0.6940264701843262, 0.10979408025741577, 0
u,0.9332232475280762, 0.20131230354309082, 0
u,0.9081536531448364, 0.28678613901138306, 0
u,0.9496108293533325, 0.2867860794067383, 0
u,0.9082062840461731, 0.49763691425323486, 0
u,0.8227325081825256, 0.49460291862487793, 0
u,0.8227325081825256, 0.49751126766204834, 0
u,0.9082062244415283, 0.8328476250171661, 0
u,0.9936801195144653, 0.8247897177934647, 0
u,0.9082062244415283, 0.8242152631282806, 0
u,0.8227324485778809, 0.7949725389480591, 0
u,0.9082063436508179, 0.7793120741844177, 0
u,0.8227324485778809, 0.7786173522472382, 0
u,0.49580907821655273, 0.2392142415046692, 0
u,0.42736896872520447, 0.15374046564102173, 0
u,0.42736896872520447, 0.2392142415046692, 0
u,0.9082063436508179, 0.8041840493679047, 0
u,0.9936801195144653, 0.7557353377342224, 0
u,0.9082063436508179, 0.7545396685600281, 0
u,0.9082062244415283, 0.8242152631282806, 0
u,0.9936801195144653, 0.8164003789424896, 0
u,0.9082062244415283, 0.8167819082736969, 0
u,0.9936801195144653, 0.80698162317276, 0
u,0.9082063436508179, 0.8051259219646454, 0
u,0.9082063436508179, 0.8100040853023529, 0
u,0.9082063436508179, 0.7545396685600281, 0
u,0.9936800599098206, 0.7175332605838776, 0
u,0.9082062840461731, 0.7175242006778717, 0
u,0.7113510370254517, 0.195267915725708, 0
u,0.7017053365707397, 0.10979413986206055, 0
u,0.7013634443283081, 0.195267915725708, 0
u,0.9936801195144653, 0.8164003789424896, 0
u,0.9082063436508179, 0.8100040853023529, 0
u,0.9082062244415283, 0.8167819082736969, 0
u,0.8227325081825256, 1.0000066746320044, 0
u,0.9082062840461731, 1.0000114521253636, 0
u,0.9082062244415283, 0.9559587351977825, 0
u,0.8227324485778809, 0.7786173522472382, 0
u,0.9082063436508179, 0.7793120741844177, 0
u,0.9082062244415283, 0.7659193277359009, 0
u,0.5873578786849976, 0.0832897424697876, 0
u,0.672831654548645, 0.083354651927948, 0
u,0.672831654548645, 0.0765000581741333, 0
u,0.8227324485778809, 0.7651120722293854, 0
u,0.9082062244415283, 0.7659193277359009, 0
u,0.9082062244415283, 0.7555003464221954, 0
u,0.9900516867637634, 0.49811094999313354, 0
u,0.9900548458099365, 0.4126371741294861, 0
u,0.9360010027885437, 0.41263723373413086, 0
u,0.8227324485778809, 0.7548390477895737, 0
u,0.9082062244415283, 0.7555003464221954, 0
u,0.9082062244415283, 0.7471995949745178, 0
u,0.8227324485778809, 0.9532322064042091, 0
u,0.9082062244415283, 0.9559587351977825, 0
u,0.9082062840461731, 0.8419737666845322, 0
u,0.9339817762374878, 0.49811089038848877, 0
u,0.9360010027885437, 0.41263723373413086, 0
u,0.9082003235816956, 0.4126371145248413, 0
u,0.1709475815296173, 0.11010050773620605, 0
u,0.25642135739326477, 0.11009550094604492, 0
u,0.2564213275909424, 0.08886271715164185, 0
u,0.8227324485778809, 0.7466917335987091, 0
u,0.9082062244415283, 0.7471995949745178, 0
u,0.9082062244415283, 0.7427065372467041, 0
u,1.0, 0.11583852767944336, 0
u,1.0, 0.030364692211151123, 0
u,0.9833368062973022, 0.030364692211151123, 0
u,0.1709475815296173, 0.08688324689865112, 0
u,0.2564213275909424, 0.08886271715164185, 0
u,0.25642135739326477, 0.048932671546936035, 0
u,0.8227325677871704, 0.4778868556022644, 0
u,0.9082063436508179, 0.47894901037216187, 0
u,0.9082062244415283, 0.4571361541748047, 0
u,0.08547380566596985, 0.2035684585571289, 0
u,0.1709475815296173, 0.20430392026901245, 0
u,0.1709475815296173, 0.19309067726135254, 0
u,0.8227325081825256, 0.8384706377983093, 0
u,0.9082062840461731, 0.8419737666845322, 0
u,0.9082062840461731, 0.7955413460731506, 0
u,0.08547381311655045, 0.23018401861190796, 0
u,0.1709475815296173, 0.2316821813583374, 0
u,0.1709475815296173, 0.22321254014968872, 0
u,0.1709475815296173, 0.046392083168029785, 0
u,0.25642135739326477, 0.048932671546936035, 0
u,0.25642135739326477, 0.022331058979034424, 0
u,0.08547380566596985, 0.2132471799850464, 0
u,0.1709475815296173, 0.21386873722076416, 0
u,0.1709475815296173, 0.20430392026901245, 0
u,0.984384298324585, 0.2867860794067383, 0
u,0.984384298324585, 0.20131230354309082, 0
u,0.966558575630188, 0.20131230354309082, 0
u,0.08547380566596985, 0.12797307968139648, 0
u,0.1709475815296173, 0.13539111614227295, 0
u,0.17094756662845612, 0.07634198665618896, 0
u,0.6750897169113159, 0.10979413986206055, 0
u,0.672831654548645, 0.10979413986206055, 0
u,0.672831654548645, 0.195267915725708, 0
u,0.08547380566596985, 0.22254741191864014, 0
u,0.1709475815296173, 0.22321254014968872, 0
u,0.1709475815296173, 0.21386873722076416, 0
u,0.9936801195144653, 0.8681318163871765, 0
u,0.9936801195144653, 0.849802702665329, 0
u,0.9082062244415283, 0.8484736680984497, 0
u,0.8227325081825256, 0.4890204668045044, 0
u,0.9082062244415283, 0.48941129446029663, 0
u,0.9082063436508179, 0.47894901037216187, 0
u,0.9927070140838623, 0.7175208032131195, 0
u,0.9927311539649963, 0.632047027349472, 0
u,0.9603512287139893, 0.632047027349472, 0
u,0.9589945673942566, 0.7175207734107971, 0
u,0.9603512287139893, 0.632047027349472, 0
u,0.9082062840461731, 0.632047027349472, 0
u,0.7013634443283081, 0.195267915725708, 0
u,0.7017053365707397, 0.10979413986206055, 0
u,0.6750897169113159, 0.10979413986206055, 0
u,0.8227325081825256, 0.49460291862487793, 0
u,0.9082062840461731, 0.49484914541244507, 0
u,0.9082062244415283, 0.48941129446029663, 0
u,0.9082062244415283, 0.8484736680984497, 0
u,0.9936801195144653, 0.849802702665329, 0
u,0.9936801195144653, 0.8334436267614365, 0
u,0.7113510370254517, 0.10979408025741577, 0
u,0.7113510370254517, 0.02432030439376831, 0
u,0.6940264701843262, 0.02432030439376831, 0
u,0.9082062840461731, 0.49763691425323486, 0
u,0.9082062840461731, 0.49484914541244507, 0
u,0.8227325081825256, 0.49460291862487793, 0
u,0.9082062244415283, 0.8328476250171661, 0
u,0.9936801195144653, 0.8334436267614365, 0
u,0.9936801195144653, 0.8247897177934647, 0
u,0.8227324485778809, 0.7949725389480591, 0
u,0.9082062840461731, 0.7955413460731506, 0
u,0.9082063436508179, 0.7793120741844177, 0
u,0.49580907821655273, 0.2392142415046692, 0
u,0.49580907821655273, 0.15374046564102173, 0
u,0.42736896872520447, 0.15374046564102173, 0
u,0.9082063436508179, 0.8041840493679047, 0
u,0.9936800599098206, 0.8041840344667435, 0
u,0.9936801195144653, 0.7557353377342224, 0
u,0.9082062244415283, 0.8242152631282806, 0
u,0.9936801195144653, 0.8247897177934647, 0
u,0.9936801195144653, 0.8164003789424896, 0
u,0.9082063436508179, 0.7545396685600281, 0
u,0.9936801195144653, 0.7557353377342224, 0
u,0.9936800599098206, 0.7175332605838776, 0
u,0.7113510370254517, 0.195267915725708, 0
u,0.7113510370254517, 0.10979413986206055, 0
u,0.7017053365707397, 0.10979413986206055, 0
