v,0.0007494572782889009, -0.0036418491508811712, 0.007435808889567852
v,0.00036619725869968534, -0.002978023374453187, 0.007511797361075878
v,0.0005546394968405366, -0.0033044149167835712, 0.0075225792825222015
v,0.0007494572782889009, -0.0036418491508811712, 0.007435808889567852
v,0.0002194038243032992, -0.002723769750446081, 0.0074284919537603855
v,0.00036619725869968534, -0.002978023374453187, 0.007511797361075878
v,0.0007494572782889009, -0.0036418491508811712, 0.007435808889567852
v,9.40993704716675e-05, -0.0025067359674721956, 0.007274149917066097
v,0.0002194038243032992, -0.002723769750446081, 0.0074284919537603855
v,0.0009194971062242985, -0.003936366643756628, 0.007246822118759155
v,9.40993704716675e-05, -0.0025067359674721956, 0.007274149917066097
v,0.0007494572782889009, -0.0036418491508811712, 0.007435808889567852
v,0.0009194971062242985, -0.003936366643756628, 0.007246822118759155
v,-7.836222721380182e-06, -0.002330178627744317, 0.007051311898976564
v,9.40993704716675e-05, -0.0025067359674721956, 0.007274149917066097
v,0.0010656571248546243, -0.0041895234026014805, 0.006950887851417065
v,-7.836222721380182e-06, -0.002330178627744317, 0.007051311898976564
v,0.0009194971062242985, -0.003936366643756628, 0.007246822118759155
v,0.0010656571248546243, -0.0041895234026014805, 0.006950887851417065
v,-7.350949454121292e-05, -0.0022164289839565754, 0.0067846341989934444
v,-7.836222721380182e-06, -0.002330178627744317, 0.007051311898976564
v,0.0011663907207548618, -0.004363998770713806, 0.006581187713891268
v,-7.350949454121292e-05, -0.0022164289839565754, 0.0067846341989934444
v,0.0010656571248546243, -0.0041895234026014805, 0.006950887851417065
v,0.0011663907207548618, -0.004363998770713806, 0.006581187713891268
v,-0.00010377224680269137, -0.0021640125196427107, 0.006472655571997166
v,-7.350949454121292e-05, -0.0022164289839565754, 0.0067846341989934444
v,0.001221262849867344, -0.004459040239453316, 0.006134324707090855
v,-0.00010377224680269137, -0.0021640125196427107, 0.006472655571997166
v,0.0011663907207548618, -0.004363998770713806, 0.006581187713891268
v,0.001221262849867344, -0.004459040239453316, 0.006134324707090855
v,-9.599525947123766e-05, -0.0021774829365313053, 0.006029361393302679
v,-0.00010377224680269137, -0.0021640125196427107, 0.006472655571997166
v,0.0012291386956349015, -0.004472681786864996, 0.005672928411513567
v,-9.599525947123766e-05, -0.0021774829365313053, 0.006029361393302679
v,0.001221262849867344, -0.004459040239453316, 0.006134324707090855
v,0.0012291386956349015, -0.004472681786864996, 0.005672928411513567
v,-3.2756608561612666e-05, -0.0022870153188705444, 0.005553980357944965
v,-9.599525947123766e-05, -0.0021774829365313053, 0.006029361393302679
v,0.0011991013307124376, -0.0044206553138792515, 0.005383188370615244
v,-3.2756608561612666e-05, -0.0022870153188705444, 0.005553980357944965
v,0.0012291386956349015, -0.004472681786864996, 0.005672928411513567
v,0.0011991013307124376, -0.0044206553138792515, 0.005383188370615244
v,9.11107927095145e-05, -0.0025015599094331264, 0.005155922379344702
v,-3.2756608561612666e-05, -0.0022870153188705444, 0.005553980357944965
v,0.0011335130548104644, -0.004307053051888943, 0.0051271808333694935
v,9.11107927095145e-05, -0.0025015599094331264, 0.005155922379344702
v,0.0011991013307124376, -0.0044206553138792515, 0.005383188370615244
v,0.0011335130548104644, -0.004307053051888943, 0.0051271808333694935
v,0.00024212613061536103, -0.0027631260454654694, 0.00488085113465786
v,9.11107927095145e-05, -0.0025015599094331264, 0.005155922379344702
v,0.0010308290366083384, -0.004129199311137199, 0.004904657602310181
v,0.00024212613061536103, -0.0027631260454654694, 0.00488085113465786
v,0.0011335130548104644, -0.004307053051888943, 0.0051271808333694935
v,0.0009051421657204628, -0.003911503590643406, 0.00475115654990077
v,0.00024212613061536103, -0.0027631260454654694, 0.00488085113465786
v,0.0010308290366083384, -0.004129199311137199, 0.004904657602310181
v,0.0009051421657204628, -0.003911503590643406, 0.00475115654990077
v,0.00039411726174876094, -0.0030263822991400957, 0.004731231369078159
v,0.00024212613061536103, -0.0027631260454654694, 0.00488085113465786
v,0.0007561891106888652, -0.0036535090766847134, 0.004667792934924364
v,0.00039411726174876094, -0.0030263822991400957, 0.004731231369078159
v,0.0009051421657204628, -0.003911503590643406, 0.00475115654990077
v,0.0007561891106888652, -0.0036535090766847134, 0.004667792934924364
v,0.0005651466199196875, -0.0033226138912141323, 0.004657141398638487
v,0.00039411726174876094, -0.0030263822991400957, 0.004731231369078159
v,0.0008884106064215302, -0.003882523626089096, 0.002612769603729248
v,0.0005995332612656057, -0.0033821735996752977, 0.002567828632891178
v,0.0007152938051149249, -0.003582676639780402, 0.002642508130520582
v,0.0011027106083929539, -0.004253702238202095, 0.002482153009623289
v,0.0005995332612656057, -0.0033821735996752977, 0.002567828632891178
v,0.0008884106064215302, -0.003882523626089096, 0.002612769603729248
v,0.0011027106083929539, -0.004253702238202095, 0.002482153009623289
v,0.00048669902025721967, -0.0031867390498518944, 0.002365353750064969
v,0.0005995332612656057, -0.0033821735996752977, 0.002567828632891178
v,0.001472966279834509, -0.004895003512501717, 0.002149354899302125
v,0.00048669902025721967, -0.0031867390498518944, 0.002365353750064969
v,0.0011027106083929539, -0.004253702238202095, 0.002482153009623289
v,0.001472966279834509, -0.004895003512501717, 0.002149354899302125
v,0.0004224548756610602, -0.0030754648614674807, 0.001998055726289749
v,0.00048669902025721967, -0.0031867390498518944, 0.002365353750064969
v,0.001472966279834509, -0.004895003512501717, 0.002149354899302125
v,0.00042766466503962874, -0.00308448844589293, 0.0015288264257833362
v,0.0004224548756610602, -0.0030754648614674807, 0.001998055726289749
v,0.0021948558278381824, -0.006145352963358164, 0.0012051176745444536
v,0.00042766466503962874, -0.00308448844589293, 0.0015288264257833362
v,0.001472966279834509, -0.004895003512501717, 0.002149354899302125
v,0.0021948558278381824, -0.006145352963358164, 0.0012051176745444536
v,0.0004891661810688674, -0.003191012190654874, 0.0008051451295614243
v,0.00042766466503962874, -0.00308448844589293, 0.0015288264257833362
v,0.0020441077649593353, -0.005884249694645405, 0.00045046492596156895
v,0.0018965306226164103, -0.005628638900816441, 0.0004913318553008139
v,0.0021948558278381824, -0.006145352963358164, 0.0012051176745444536
v,0.0018965306226164103, -0.005628638900816441, 0.0004913318553008139
v,0.0004891661810688674, -0.003191012190654874, 0.0008051451295614243
v,0.0021948558278381824, -0.006145352963358164, 0.0012051176745444536
v,0.0018337764777243137, -0.005519945174455643, 0.0004172004119027406
v,0.0004891661810688674, -0.003191012190654874, 0.0008051451295614243
v,0.0018965306226164103, -0.005628638900816441, 0.0004913318553008139
v,0.0018337764777243137, -0.005519945174455643, 0.0004172004119027406
v,0.000651729351375252, -0.0034725801087915897, -0.0005021769320592284
v,0.0004891661810688674, -0.003191012190654874, 0.0008051451295614243
v,0.001809032284654677, -0.0054770871065557, 0.0002928873000200838
v,0.000651729351375252, -0.0034725801087915897, -0.0005021769320592284
v,0.0018337764777243137, -0.005519945174455643, 0.0004172004119027406
v,0.0021948558278381824, -0.006145352963358164, 0.0012051176745444536
v,0.0024974609259516, -0.006669480353593826, -1.8665168681764044e-05
v,0.0020441077649593353, -0.005884249694645405, 0.00045046492596156895
v,0.0030468397308140993, -0.007621032185852528, -1.7214182662428357e-05
v,0.0024974609259516, -0.006669480353593826, -1.8665168681764044e-05
v,0.0021948558278381824, -0.006145352963358164, 0.0012051176745444536
v,0.001813831040635705, -0.0054853991605341434, -2.258602216897998e-05
v,0.000651729351375252, -0.0034725801087915897, -0.0005021769320592284
v,0.001809032284654677, -0.0054770871065557, 0.0002928873000200838
v,0.0029204010497778654, -0.007402034010738134, -0.0005854584742337465
v,0.0024974609259516, -0.006669480353593826, -1.8665168681764044e-05
v,0.0030468397308140993, -0.007621032185852528, -1.7214182662428357e-05
v,0.0019143857061862946, -0.0056595648638904095, -0.0010774824768304825
v,0.000651729351375252, -0.0034725801087915897, -0.0005021769320592284
v,0.001813831040635705, -0.0054853991605341434, -2.258602216897998e-05
v,0.0019143857061862946, -0.0056595648638904095, -0.0010774824768304825
v,0.0011742694769054651, -0.004377646371722221, -0.004086619708687067
v,0.000651729351375252, -0.0034725801087915897, -0.0005021769320592284
v,0.0025178079959005117, -0.006704722996801138, -0.005475393962115049
v,0.0011742694769054651, -0.004377646371722221, -0.004086619708687067
v,0.0019143857061862946, -0.0056595648638904095, -0.0010774824768304825
v,0.0025178079959005117, -0.006704722996801138, -0.005475393962115049
v,0.001321439165621996, -0.004632551688700914, -0.005474451929330826
v,0.0011742694769054651, -0.004377646371722221, -0.004086619708687067
v,0.0025178079959005117, -0.006704722996801138, -0.005475393962115049
v,0.0013289347989484668, -0.0046455347910523415, -0.005868646781891584
v,0.001321439165621996, -0.004632551688700914, -0.005474451929330826
v,0.00027504487661644816, -0.0028201439417898655, -0.005120731890201569
v,0.0014380721841007471, -0.00483456626534462, -0.007393111940473318
v,0.0001337012799922377, -0.002575329737737775, -0.005673998035490513
v,0.000933850824367255, -0.003961229231208563, -0.005929669830948114
v,0.0014380721841007471, -0.00483456626534462, -0.007393111940473318
v,0.00027504487661644816, -0.0028201439417898655, -0.005120731890201569
v,0.0025178079959005117, -0.006704722996801138, -0.005475393962115049
v,0.0012984982458874583, -0.004592816811054945, -0.00603311276063323
v,0.0013289347989484668, -0.0046455347910523415, -0.005868646781891584
v,0.0011455630883574486, -0.0043279253877699375, -0.0061227064579725266
v,0.0014380721841007471, -0.00483456626534462, -0.007393111940473318
v,0.000933850824367255, -0.003961229231208563, -0.005929669830948114
v,0.0025178079959005117, -0.006704722996801138, -0.005475393962115049
v,0.001237781485542655, -0.00448765279725194, -0.006117601878941059
v,0.0012984982458874583, -0.004592816811054945, -0.00603311276063323
v,0.0025902502238750458, -0.00683019682765007, -0.006449465174227953
v,0.001237781485542655, -0.00448765279725194, -0.006117601878941059
v,0.0025178079959005117, -0.006704722996801138, -0.005475393962115049
v,0.0025902502238750458, -0.00683019682765007, -0.006449465174227953
v,0.0011455630883574486, -0.0043279253877699375, -0.0061227064579725266
v,0.001237781485542655, -0.00448765279725194, -0.006117601878941059
v,0.0025902502238750458, -0.00683019682765007, -0.006449465174227953
v,0.0014380721841007471, -0.00483456626534462, -0.007393111940473318
v,0.0011455630883574486, -0.0043279253877699375, -0.0061227064579725266
v,0.0025910481344908476, -0.0068315789103507996, -0.007147734984755516
v,0.0014380721841007471, -0.00483456626534462, -0.007393111940473318
v,0.0025902502238750458, -0.00683019682765007, -0.006449465174227953
v,0.002524015959352255, -0.006715475581586361, -0.007581676356494427
v,0.0014380721841007471, -0.00483456626534462, -0.007393111940473318
v,0.0025910481344908476, -0.0068315789103507996, -0.007147734984755516
v,0.002524015959352255, -0.006715475581586361, -0.007581676356494427
v,0.0017844579415395856, -0.005434523802250624, -0.007753754500299692
v,0.0014380721841007471, -0.00483456626534462, -0.007393111940473318
v,0.0024423282593488693, -0.006573988124728203, -0.007779834326356649
v,0.0017844579415395856, -0.005434523802250624, -0.007753754500299692
v,0.002524015959352255, -0.006715475581586361, -0.007581676356494427
v,0.0024423282593488693, -0.006573988124728203, -0.007779834326356649
v,0.001990807242691517, -0.005791930947452784, -0.007902526296675205
v,0.0017844579415395856, -0.005434523802250624, -0.007753754500299692
v,0.0023484020493924618, -0.006411303766071796, -0.007893565110862255
v,0.001990807242691517, -0.005791930947452784, -0.007902526296675205
v,0.0024423282593488693, -0.006573988124728203, -0.007779834326356649
v,0.002193763852119446, -0.006143462378531694, -0.007957929745316505
v,0.001990807242691517, -0.005791930947452784, -0.007902526296675205
v,0.0023484020493924618, -0.006411303766071796, -0.007893565110862255
v,-0.0019146294798702002, -0.005209876224398613, 0.007425719406455755
v,-0.0021079254802316427, -0.004875077400356531, 0.007519808132201433
v,-0.0022995981853455305, -0.004543091170489788, 0.007515022065490484
v,-0.0019146294798702002, -0.005209876224398613, 0.007425719406455755
v,-0.0022995981853455305, -0.004543091170489788, 0.007515022065490484
v,-0.002447916893288493, -0.004286195617169142, 0.007436757907271385
v,-0.0019146294798702002, -0.005209876224398613, 0.007425719406455755
v,-0.002447916893288493, -0.004286195617169142, 0.007436757907271385
v,-0.0025746896862983704, -0.004066618625074625, 0.007287544663995504
v,-0.0017464065458625555, -0.005501247011125088, 0.007229479495435953
v,-0.0019146294798702002, -0.005209876224398613, 0.007425719406455755
v,-0.0025746896862983704, -0.004066618625074625, 0.007287544663995504
v,-0.0017464065458625555, -0.005501247011125088, 0.007229479495435953
v,-0.0025746896862983704, -0.004066618625074625, 0.007287544663995504
v,-0.0026788527611643076, -0.003886202583089471, 0.007068570703268051
v,-0.0016027926467359066, -0.005749993491917849, 0.0069273305125534534
v,-0.0017464065458625555, -0.005501247011125088, 0.007229479495435953
v,-0.0026788527611643076, -0.003886202583089471, 0.007068570703268051
v,-0.0016027926467359066, -0.005749993491917849, 0.0069273305125534534
v,-0.0026788527611643076, -0.003886202583089471, 0.007068570703268051
v,-0.0027470444329082966, -0.0037680913228541613, 0.006805103272199631
v,-0.001505215186625719, -0.005919002462178469, 0.0065519665367901325
v,-0.0016027926467359066, -0.005749993491917849, 0.0069273305125534534
v,-0.0027470444329082966, -0.0037680913228541613, 0.006805103272199631
v,-0.001505215186625719, -0.005919002462178469, 0.0065519665367901325
v,-0.0027470444329082966, -0.0037680913228541613, 0.006805103272199631
v,-0.002779838629066944, -0.0037112899590283632, 0.006496117450296879
v,-0.0014536555390805006, -0.00600830651819706, 0.006099834106862545
v,-0.001505215186625719, -0.005919002462178469, 0.0065519665367901325
v,-0.002779838629066944, -0.0037112899590283632, 0.006496117450296879
v,-0.0014536555390805006, -0.00600830651819706, 0.006099834106862545
v,-0.002779838629066944, -0.0037112899590283632, 0.006496117450296879
v,-0.002775123342871666, -0.00371945695951581, 0.006061638705432415
v,-0.0014488465385511518, -0.006016635801643133, 0.0056517659686505795
v,-0.0014536555390805006, -0.00600830651819706, 0.006099834106862545
v,-0.002775123342871666, -0.00371945695951581, 0.006061638705432415
v,-0.0014488465385511518, -0.006016635801643133, 0.0056517659686505795
v,-0.002775123342871666, -0.00371945695951581, 0.006061638705432415
v,-0.0027159014716744423, -0.003822032595053315, 0.005583212245255709
v,-0.0014814375899732113, -0.00596018647775054, 0.005363781936466694
v,-0.0014488465385511518, -0.006016635801643133, 0.0056517659686505795
v,-0.0027159014716744423, -0.003822032595053315, 0.005583212245255709
v,-0.0014814375899732113, -0.00596018647775054, 0.005363781936466694
v,-0.0027159014716744423, -0.003822032595053315, 0.005583212245255709
v,-0.0025955731980502605, -0.004030447453260422, 0.005179373547434807
v,-0.0015495431143790483, -0.005842224229127169, 0.005110332742333412
v,-0.0014814375899732113, -0.00596018647775054, 0.005363781936466694
v,-0.0025955731980502605, -0.004030447453260422, 0.005179373547434807
v,-0.0015495431143790483, -0.005842224229127169, 0.005110332742333412
v,-0.0025955731980502605, -0.004030447453260422, 0.005179373547434807
v,-0.002446418162435293, -0.004288791678845882, 0.00489672739058733
v,-0.0016543391393497586, -0.005660712253302336, 0.004891516640782356
v,-0.0015495431143790483, -0.005842224229127169, 0.005110332742333412
v,-0.002446418162435293, -0.004288791678845882, 0.00489672739058733
v,-0.0017817323096096516, -0.005440060980618, 0.004742885008454323
v,-0.0016543391393497586, -0.005660712253302336, 0.004891516640782356
v,-0.002446418162435293, -0.004288791678845882, 0.00489672739058733
v,-0.0017817323096096516, -0.005440060980618, 0.004742885008454323
v,-0.002446418162435293, -0.004288791678845882, 0.00489672739058733
v,-0.0022945471573621035, -0.004551840014755726, 0.0047395359724760056
v,-0.0019322870066389441, -0.005179292522370815, 0.0046645659022033215
v,-0.0017817323096096516, -0.005440060980618, 0.004742885008454323
v,-0.0022945471573621035, -0.004551840014755726, 0.0047395359724760056
v,-0.0019322870066389441, -0.005179292522370815, 0.0046645659022033215
v,-0.0022945471573621035, -0.004551840014755726, 0.0047395359724760056
v,-0.002126245526596904, -0.0048433467745780945, 0.004659957718104124
v,-0.0016897135647013783, -0.005599442403763533, 0.0025696447119116783
v,-0.0019282411085441709, -0.005186300724744797, 0.0026440087240189314
v,-0.0020322953350842, -0.005006073508411646, 0.0026090044993907213
v,-0.0016897135647013783, -0.005599442403763533, 0.0025696447119116783
v,-0.0020322953350842, -0.005006073508411646, 0.0026090044993907213
v,-0.00215541641227901, -0.004792821127921343, 0.0024519094731658697
v,-0.0009061245364136994, -0.0069566587917506695, -0.007741727866232395
v,0.0014380721841007471, -0.00483456626534462, -0.007393111940473318
v,0.0017844579415395856, -0.005434523802250624, -0.007753754500299692
v,-0.001189671689644456, -0.006465540267527103, 0.0021334837656468153
v,-0.0016897135647013783, -0.005599442403763533, 0.0025696447119116783
v,-0.00215541641227901, -0.004792821127921343, 0.0024519094731658697
v,-0.001189671689644456, -0.006465540267527103, 0.0021334837656468153
v,-0.00215541641227901, -0.004792821127921343, 0.0024519094731658697
v,-0.0022374263498932123, -0.00465077580884099, 0.00215366343036294
v,-0.001189671689644456, -0.006465540267527103, 0.0021334837656468153
v,-0.0022374263498932123, -0.00465077580884099, 0.00215366343036294
v,-0.002260386012494564, -0.0046110088005661964, 0.0017442796379327774
v,-0.00043268530862405896, -0.007776679005473852, 0.0011359923519194126
v,-0.001189671689644456, -0.006465540267527103, 0.0021334837656468153
v,-0.002260386012494564, -0.0046110088005661964, 0.0017442796379327774
v,-0.00043268530862405896, -0.007776679005473852, 0.0011359923519194126
v,-0.002260386012494564, -0.0046110088005661964, 0.0017442796379327774
v,-0.002194973872974515, -0.004724306054413319, 0.0008727818494662642
v,-0.0006407172186300159, -0.007416357286274433, 0.0004558403161354363
v,-0.00043268530862405896, -0.007776679005473852, 0.0011359923519194126
v,-0.0007853953284211457, -0.007165767252445221, 0.0004895235761068761
v,-0.0007853953284211457, -0.007165767252445221, 0.0004895235761068761
v,-0.00043268530862405896, -0.007776679005473852, 0.0011359923519194126
v,-0.002194973872974515, -0.004724306054413319, 0.0008727818494662642
v,-0.0008459050441160798, -0.007060961332172155, 0.0004102635430172086
v,-0.0007853953284211457, -0.007165767252445221, 0.0004895235761068761
v,-0.002194973872974515, -0.004724306054413319, 0.0008727818494662642
v,-0.0008459050441160798, -0.007060961332172155, 0.0004102635430172086
v,-0.002194973872974515, -0.004724306054413319, 0.0008727818494662642
v,-0.0020382083021104336, -0.004995832219719887, -0.0004083688254468143
v,-0.0008687815279699862, -0.00702133821323514, 0.0002818325883708894
v,-0.0008459050441160798, -0.007060961332172155, 0.0004102635430172086
v,-0.0020382083021104336, -0.004995832219719887, -0.0004083688254468143
v,-0.00043268530862405896, -0.007776679005473852, 0.0011359923519194126
v,-0.0006407172186300159, -0.007416357286274433, 0.0004558403161354363
v,-0.00013360974844545126, -0.008294693194329739, -7.031189306871966e-05
v,0.00036979897413402796, -0.009166622534394264, -1.7214048057212494e-05
v,-0.00043268530862405896, -0.007776679005473852, 0.0011359923519194126
v,-0.00013360974844545126, -0.008294693194329739, -7.031189306871966e-05
v,-0.0008609415381215513, -0.007034917362034321, -5.992358273942955e-05
v,-0.0008687815279699862, -0.00702133821323514, 0.0002818325883708894
v,-0.0020382083021104336, -0.004995832219719887, -0.0004083688254468143
v,0.00024284386017825454, -0.008946729823946953, -0.0005884073325432837
v,0.00036979897413402796, -0.009166622534394264, -1.7214048057212494e-05
v,-0.00013360974844545126, -0.008294693194329739, -7.031189306871966e-05
v,-0.0007534643518738449, -0.007221073377877474, -0.0011526618618518114
v,-0.0008609415381215513, -0.007034917362034321, -5.992358273942955e-05
v,-0.0020382083021104336, -0.004995832219719887, -0.0004083688254468143
v,-0.0007534643518738449, -0.007221073377877474, -0.0011526618618518114
v,-0.0020382083021104336, -0.004995832219719887, -0.0004083688254468143
v,-0.0016017700545489788, -0.0057517653331160545, -0.003385245567187667
v,-0.00015287622227333486, -0.008261322975158691, -0.005535121075809002
v,-0.0007534643518738449, -0.007221073377877474, -0.0011526618618518114
v,-0.0016017700545489788, -0.0057517653331160545, -0.003385245567187667
v,-0.00015287622227333486, -0.008261322975158691, -0.005535121075809002
v,-0.0016017700545489788, -0.0057517653331160545, -0.003385245567187667
v,-0.0014258407754823565, -0.006056483834981918, -0.0047401851043105125
v,-0.00015287622227333486, -0.008261322975158691, -0.005535121075809002
v,-0.0014258407754823565, -0.006056483834981918, -0.0047401851043105125
v,-0.001344684511423111, -0.006197050679475069, -0.005657352041453123
v,-0.002401812467724085, -0.004366051405668259, -0.005122884176671505
v,-0.0025433392729610205, -0.004120919853448868, -0.005673998035490513
v,-0.0012739665107801557, -0.006319538224488497, -0.007352523505687714
v,-0.001724410685710609, -0.005539346020668745, -0.005949885584414005
v,-0.002401812467724085, -0.004366051405668259, -0.005122884176671505
v,-0.0012739665107801557, -0.006319538224488497, -0.007352523505687714
v,-0.00015287622227333486, -0.008261322975158691, -0.005535121075809002
v,-0.001344684511423111, -0.006197050679475069, -0.005657352041453123
v,-0.0013643824495375156, -0.006162933073937893, -0.0059957485646009445
v,-0.0015239475760608912, -0.005886557977646589, -0.00612636050209403
v,-0.001724410685710609, -0.005539346020668745, -0.005949885584414005
v,-0.0012739665107801557, -0.006319538224488497, -0.007352523505687714
v,-0.00015287622227333486, -0.008261322975158691, -0.005535121075809002
v,-0.0013643824495375156, -0.006162933073937893, -0.0059957485646009445
v,-0.0014338225591927767, -0.006042659282684326, -0.00611396599560976
v,-8.518086542608216e-05, -0.008378574624657631, -0.006491024978458881
v,-0.00015287622227333486, -0.008261322975158691, -0.005535121075809002
v,-0.0014338225591927767, -0.006042659282684326, -0.00611396599560976
v,-8.518086542608216e-05, -0.008378574624657631, -0.006491024978458881
v,-0.0014338225591927767, -0.006042659282684326, -0.00611396599560976
v,-0.0015239475760608912, -0.005886557977646589, -0.00612636050209403
v,-8.518086542608216e-05, -0.008378574624657631, -0.006491024978458881
v,-0.0015239475760608912, -0.005886557977646589, -0.00612636050209403
v,-0.0012739665107801557, -0.006319538224488497, -0.007352523505687714
v,-8.575970423407853e-05, -0.008377572521567345, -0.007125608157366514
v,-8.518086542608216e-05, -0.008378574624657631, -0.006491024978458881
v,-0.0012739665107801557, -0.006319538224488497, -0.007352523505687714
v,-0.00014984321023803204, -0.008266576565802097, -0.007574294228106737
v,-8.575970423407853e-05, -0.008377572521567345, -0.007125608157366514
v,-0.0012739665107801557, -0.006319538224488497, -0.007352523505687714
v,-0.00014984321023803204, -0.008266576565802097, -0.007574294228106737
v,-0.0012739665107801557, -0.006319538224488497, -0.007352523505687714
v,-0.0009061245364136994, -0.0069566587917506695, -0.007741727866232395
v,-0.00024074275279417634, -0.008109133690595627, -0.007789895869791508
v,-0.00014984321023803204, -0.008266576565802097, -0.007574294228106737
v,-0.0009061245364136994, -0.0069566587917506695, -0.007741727866232395
v,-0.00024074275279417634, -0.008109133690595627, -0.007789895869791508
v,-0.0009061245364136994, -0.0069566587917506695, -0.007741727866232395
v,-0.0006910651572979987, -0.007329152897000313, -0.007899693213403225
v,-0.00033610290847718716, -0.007943965494632721, -0.00789942592382431
v,-0.00024074275279417634, -0.008109133690595627, -0.007789895869791508
v,-0.0006910651572979987, -0.007329152897000313, -0.007899693213403225
v,-0.000492170627694577, -0.007673648186028004, -0.007957895286381245
v,-0.00033610290847718716, -0.007943965494632721, -0.00789942592382431
v,-0.0006910651572979987, -0.007329152897000313, -0.007899693213403225
v,0.0007152938051149249, -0.003582676639780402, 0.002642508130520582
v,0.0005995332612656057, -0.0033821735996752977, 0.002567828632891178
v,-0.0020322953350842, -0.005006073508411646, 0.0026090044993907213
v,0.0024974609259516, -0.006669480353593826, -1.8665168681764044e-05
v,0.0029204010497778654, -0.007402034010738134, -0.0005854584742337465
v,-0.00013360974844545126, -0.008294693194329739, -7.031189306871966e-05
v,0.0011742694769054651, -0.004377646371722221, -0.004086619708687067
v,0.001321439165621996, -0.004632551688700914, -0.005474451929330826
v,-0.0014258407754823565, -0.006056483834981918, -0.0047401851043105125
v,0.0013289347989484668, -0.0046455347910523415, -0.005868646781891584
v,0.0012984982458874583, -0.004592816811054945, -0.00603311276063323
v,-0.0013643824495375156, -0.006162933073937893, -0.0059957485646009445
v,0.002524015959352255, -0.006715475581586361, -0.007581676356494427
v,0.0025910481344908476, -0.0068315789103507996, -0.007147734984755516
v,-0.00014984321023803204, -0.008266576565802097, -0.007574294228106737
v,0.0011027106083929539, -0.004253702238202095, 0.002482153009623289
v,0.0008884106064215302, -0.003882523626089096, 0.002612769603729248
v,-0.0016897135647013783, -0.005599442403763533, 0.0025696447119116783
v,0.0004224548756610602, -0.0030754648614674807, 0.001998055726289749
v,0.00042766466503962874, -0.00308448844589293, 0.0015288264257833362
v,-0.002260386012494564, -0.0046110088005661964, 0.0017442796379327774
v,0.001321439165621996, -0.004632551688700914, -0.005474451929330826
v,0.0013289347989484668, -0.0046455347910523415, -0.005868646781891584
v,-0.001344684511423111, -0.006197050679475069, -0.005657352041453123
v,0.0005995332612656057, -0.0033821735996752977, 0.002567828632891178
v,0.00048669902025721967, -0.0031867390498518944, 0.002365353750064969
v,-0.00215541641227901, -0.004792821127921343, 0.0024519094731658697
v,0.00048669902025721967, -0.0031867390498518944, 0.002365353750064969
v,0.0004224548756610602, -0.0030754648614674807, 0.001998055726289749
v,-0.0022374263498932123, -0.00465077580884099, 0.00215366343036294
v,-0.001189671689644456, -0.006465540267527103, 0.0021334837656468153
v,0.0021948558278381824, -0.006145352963358164, 0.0012051176745444536
v,0.001472966279834509, -0.004895003512501717, 0.002149354899302125
v,0.0005995332612656057, -0.0033821735996752977, 0.002567828632891178
v,-0.00215541641227901, -0.004792821127921343, 0.0024519094731658697
v,-0.0020322953350842, -0.005006073508411646, 0.0026090044993907213
v,0.00048669902025721967, -0.0031867390498518944, 0.002365353750064969
v,-0.0022374263498932123, -0.00465077580884099, 0.00215366343036294
v,-0.00215541641227901, -0.004792821127921343, 0.0024519094731658697
v,-0.002446418162435293, -0.004288791678845882, 0.00489672739058733
v,9.11107927095145e-05, -0.0025015599094331264, 0.005155922379344702
v,0.00024212613061536103, -0.0027631260454654694, 0.00488085113465786
v,-0.0020382083021104336, -0.004995832219719887, -0.0004083688254468143
v,0.0004891661810688674, -0.003191012190654874, 0.0008051451295614243
v,0.000651729351375252, -0.0034725801087915897, -0.0005021769320592284
v,-0.0008459050441160798, -0.007060961332172155, 0.0004102635430172086
v,0.001809032284654677, -0.0054770871065557, 0.0002928873000200838
v,0.0018337764777243137, -0.005519945174455643, 0.0004172004119027406
v,0.00036979897413402796, -0.009166622534394264, -1.7214048057212494e-05
v,0.0029204010497778654, -0.007402034010738134, -0.0005854584742337465
v,0.0030468397308140993, -0.007621032185852528, -1.7214182662428357e-05
v,0.0004224548756610602, -0.0030754648614674807, 0.001998055726289749
v,-0.002260386012494564, -0.0046110088005661964, 0.0017442796379327774
v,-0.0022374263498932123, -0.00465077580884099, 0.00215366343036294
v,-0.0008609415381215513, -0.007034917362034321, -5.992358273942955e-05
v,0.0019143857061862946, -0.0056595648638904095, -0.0010774824768304825
v,0.001813831040635705, -0.0054853991605341434, -2.258602216897998e-05
v,-0.0007534643518738449, -0.007221073377877474, -0.0011526618618518114
v,0.0025178079959005117, -0.006704722996801138, -0.005475393962115049
v,0.0019143857061862946, -0.0056595648638904095, -0.0010774824768304825
v,-0.00015287622227333486, -0.008261322975158691, -0.005535121075809002
v,0.0025902502238750458, -0.00683019682765007, -0.006449465174227953
v,0.0025178079959005117, -0.006704722996801138, -0.005475393962115049
v,-0.0021079254802316427, -0.004875077400356531, 0.007519808132201433
v,0.0007494572782889009, -0.0036418491508811712, 0.007435808889567852
v,0.0005546394968405366, -0.0033044149167835712, 0.0075225792825222015
v,0.001321439165621996, -0.004632551688700914, -0.005474451929330826
v,-0.001344684511423111, -0.006197050679475069, -0.005657352041453123
v,-0.0014258407754823565, -0.006056483834981918, -0.0047401851043105125
v,-0.002447916893288493, -0.004286195617169142, 0.007436757907271385
v,0.00036619725869968534, -0.002978023374453187, 0.007511797361075878
v,0.0002194038243032992, -0.002723769750446081, 0.0074284919537603855
v,-0.0026788527611643076, -0.003886202583089471, 0.007068570703268051
v,9.40993704716675e-05, -0.0025067359674721956, 0.007274149917066097
v,-7.836222721380182e-06, -0.002330178627744317, 0.007051311898976564
v,-0.0017464065458625555, -0.005501247011125088, 0.007229479495435953
v,0.0010656571248546243, -0.0041895234026014805, 0.006950887851417065
v,0.0009194971062242985, -0.003936366643756628, 0.007246822118759155
v,-0.002779838629066944, -0.0037112899590283632, 0.006496117450296879
v,-7.350949454121292e-05, -0.0022164289839565754, 0.0067846341989934444
v,-0.00010377224680269137, -0.0021640125196427107, 0.006472655571997166
v,-0.001505215186625719, -0.005919002462178469, 0.0065519665367901325
v,0.001221262849867344, -0.004459040239453316, 0.006134324707090855
v,0.0011663907207548618, -0.004363998770713806, 0.006581187713891268
v,-0.0027159014716744423, -0.003822032595053315, 0.005583212245255709
v,-9.599525947123766e-05, -0.0021774829365313053, 0.006029361393302679
v,-3.2756608561612666e-05, -0.0022870153188705444, 0.005553980357944965
v,-0.0014488465385511518, -0.006016635801643133, 0.0056517659686505795
v,0.0011991013307124376, -0.0044206553138792515, 0.005383188370615244
v,0.0012291386956349015, -0.004472681786864996, 0.005672928411513567
v,-0.0015495431143790483, -0.005842224229127169, 0.005110332742333412
v,0.0010308290366083384, -0.004129199311137199, 0.004904657602310181
v,0.0011335130548104644, -0.004307053051888943, 0.0051271808333694935
v,-0.0017817323096096516, -0.005440060980618, 0.004742885008454323
v,0.0007561891106888652, -0.0036535090766847134, 0.004667792934924364
v,0.0009051421657204628, -0.003911503590643406, 0.00475115654990077
v,-0.002126245526596904, -0.0048433467745780945, 0.004659957718104124
v,0.00039411726174876094, -0.0030263822991400957, 0.004731231369078159
v,0.0005651466199196875, -0.0033226138912141323, 0.004657141398638487
v,-0.0006407172186300159, -0.007416357286274433, 0.0004558403161354363
v,0.0024974609259516, -0.006669480353593826, -1.8665168681764044e-05
v,-0.00013360974844545126, -0.008294693194329739, -7.031189306871966e-05
v,-0.0016017700545489788, -0.0057517653331160545, -0.003385245567187667
v,0.000651729351375252, -0.0034725801087915897, -0.0005021769320592284
v,0.0011742694769054651, -0.004377646371722221, -0.004086619708687067
v,-0.002401812467724085, -0.004366051405668259, -0.005122884176671505
v,0.000933850824367255, -0.003961229231208563, -0.005929669830948114
v,0.00027504487661644816, -0.0028201439417898655, -0.005120731890201569
v,-0.0015239475760608912, -0.005886557977646589, -0.00612636050209403
v,0.001237781485542655, -0.00448765279725194, -0.006117601878941059
v,0.0011455630883574486, -0.0043279253877699375, -0.0061227064579725266
v,-0.002194973872974515, -0.004724306054413319, 0.0008727818494662642
v,0.00042766466503962874, -0.00308448844589293, 0.0015288264257833362
v,0.0004891661810688674, -0.003191012190654874, 0.0008051451295614243
v,0.0025910481344908476, -0.0068315789103507996, -0.007147734984755516
v,-8.575970423407853e-05, -0.008377572521567345, -0.007125608157366514
v,-0.00014984321023803204, -0.008266576565802097, -0.007574294228106737
v,-0.0007853953284211457, -0.007165767252445221, 0.0004895235761068761
v,0.0018337764777243137, -0.005519945174455643, 0.0004172004119027406
v,0.0018965306226164103, -0.005628638900816441, 0.0004913318553008139
v,-0.0008687815279699862, -0.00702133821323514, 0.0002818325883708894
v,0.001813831040635705, -0.0054853991605341434, -2.258602216897998e-05
v,0.001809032284654677, -0.0054770871065557, 0.0002928873000200838
v,-8.518086542608216e-05, -0.008378574624657631, -0.006491024978458881
v,0.0025910481344908476, -0.0068315789103507996, -0.007147734984755516
v,0.0025902502238750458, -0.00683019682765007, -0.006449465174227953
v,-0.0019282411085441709, -0.005186300724744797, 0.0026440087240189314
v,0.0008884106064215302, -0.003882523626089096, 0.002612769603729248
v,0.0007152938051149249, -0.003582676639780402, 0.002642508130520582
v,-0.001189671689644456, -0.006465540267527103, 0.0021334837656468153
v,0.0011027106083929539, -0.004253702238202095, 0.002482153009623289
v,-0.0016897135647013783, -0.005599442403763533, 0.0025696447119116783
v,-0.00014984321023803204, -0.008266576565802097, -0.007574294228106737
v,0.0024423282593488693, -0.006573988124728203, -0.007779834326356649
v,0.002524015959352255, -0.006715475581586361, -0.007581676356494427
v,0.0029204010497778654, -0.007402034010738134, -0.0005854584742337465
v,0.00024284386017825454, -0.008946729823946953, -0.0005884073325432837
v,-0.00013360974844545126, -0.008294693194329739, -7.031189306871966e-05
v,-0.0006910651572979987, -0.007329152897000313, -0.007899693213403225
v,0.0017844579415395856, -0.005434523802250624, -0.007753754500299692
v,0.001990807242691517, -0.005791930947452784, -0.007902526296675205
v,-0.00033610290847718716, -0.007943965494632721, -0.00789942592382431
v,0.002193763852119446, -0.006143462378531694, -0.007957929745316505
v,0.0023484020493924618, -0.006411303766071796, -0.007893565110862255
v,-0.000492170627694577, -0.007673648186028004, -0.007957895286381245
v,0.001990807242691517, -0.005791930947452784, -0.007902526296675205
v,0.002193763852119446, -0.006143462378531694, -0.007957929745316505
v,-0.0022995981853455305, -0.004543091170489788, 0.007515022065490484
v,0.0005546394968405366, -0.0033044149167835712, 0.0075225792825222015
v,0.00036619725869968534, -0.002978023374453187, 0.007511797361075878
v,-0.0025746896862983704, -0.004066618625074625, 0.007287544663995504
v,0.0002194038243032992, -0.002723769750446081, 0.0074284919537603855
v,9.40993704716675e-05, -0.0025067359674721956, 0.007274149917066097
v,-0.0019146294798702002, -0.005209876224398613, 0.007425719406455755
v,0.0009194971062242985, -0.003936366643756628, 0.007246822118759155
v,0.0007494572782889009, -0.0036418491508811712, 0.007435808889567852
v,-0.0027470444329082966, -0.0037680913228541613, 0.006805103272199631
v,-7.836222721380182e-06, -0.002330178627744317, 0.007051311898976564
v,-7.350949454121292e-05, -0.0022164289839565754, 0.0067846341989934444
v,0.0007152938051149249, -0.003582676639780402, 0.002642508130520582
v,-0.0020322953350842, -0.005006073508411646, 0.0026090044993907213
v,-0.0019282411085441709, -0.005186300724744797, 0.0026440087240189314
v,-0.0016027926467359066, -0.005749993491917849, 0.0069273305125534534
v,0.0011663907207548618, -0.004363998770713806, 0.006581187713891268
v,0.0010656571248546243, -0.0041895234026014805, 0.006950887851417065
v,-0.002775123342871666, -0.00371945695951581, 0.006061638705432415
v,-0.00010377224680269137, -0.0021640125196427107, 0.006472655571997166
v,-9.599525947123766e-05, -0.0021774829365313053, 0.006029361393302679
v,-0.0014536555390805006, -0.00600830651819706, 0.006099834106862545
v,0.0012291386956349015, -0.004472681786864996, 0.005672928411513567
v,0.001221262849867344, -0.004459040239453316, 0.006134324707090855
v,-0.0014814375899732113, -0.00596018647775054, 0.005363781936466694
v,0.0011335130548104644, -0.004307053051888943, 0.0051271808333694935
v,0.0011991013307124376, -0.0044206553138792515, 0.005383188370615244
v,-0.0016543391393497586, -0.005660712253302336, 0.004891516640782356
v,0.0009051421657204628, -0.003911503590643406, 0.00475115654990077
v,0.0010308290366083384, -0.004129199311137199, 0.004904657602310181
v,-0.0019322870066389441, -0.005179292522370815, 0.0046645659022033215
v,0.0005651466199196875, -0.0033226138912141323, 0.004657141398638487
v,0.0007561891106888652, -0.0036535090766847134, 0.004667792934924364
v,-0.0012739665107801557, -0.006319538224488497, -0.007352523505687714
v,0.0001337012799922377, -0.002575329737737775, -0.005673998035490513
v,0.0014380721841007471, -0.00483456626534462, -0.007393111940473318
v,-0.00043268530862405896, -0.007776679005473852, 0.0011359923519194126
v,0.0030468397308140993, -0.007621032185852528, -1.7214182662428357e-05
v,0.0021948558278381824, -0.006145352963358164, 0.0012051176745444536
v,0.0013289347989484668, -0.0046455347910523415, -0.005868646781891584
v,-0.0013643824495375156, -0.006162933073937893, -0.0059957485646009445
v,-0.001344684511423111, -0.006197050679475069, -0.005657352041453123
v,-0.00024074275279417634, -0.008109133690595627, -0.007789895869791508
v,0.0023484020493924618, -0.006411303766071796, -0.007893565110862255
v,0.0024423282593488693, -0.006573988124728203, -0.007779834326356649
v,-0.001724410685710609, -0.005539346020668745, -0.005949885584414005
v,0.0011455630883574486, -0.0043279253877699375, -0.0061227064579725266
v,0.000933850824367255, -0.003961229231208563, -0.005929669830948114
v,-0.0014338225591927767, -0.006042659282684326, -0.00611396599560976
v,0.0012984982458874583, -0.004592816811054945, -0.00603311276063323
v,0.001237781485542655, -0.00448765279725194, -0.006117601878941059
v,-0.0025955731980502605, -0.004030447453260422, 0.005179373547434807
v,-3.2756608561612666e-05, -0.0022870153188705444, 0.005553980357944965
v,9.11107927095145e-05, -0.0025015599094331264, 0.005155922379344702
v,-0.0022945471573621035, -0.004551840014755726, 0.0047395359724760056
v,0.00024212613061536103, -0.0027631260454654694, 0.00488085113465786
v,0.00039411726174876094, -0.0030263822991400957, 0.004731231369078159
v,-0.0006407172186300159, -0.007416357286274433, 0.0004558403161354363
v,0.0018965306226164103, -0.005628638900816441, 0.0004913318553008139
v,0.0020441077649593353, -0.005884249694645405, 0.00045046492596156895
v,-0.002401812467724085, -0.004366051405668259, -0.005122884176671505
v,0.0001337012799922377, -0.002575329737737775, -0.005673998035490513
v,-0.0025433392729610205, -0.004120919853448868, -0.005673998035490513
v,0.0011742694769054651, -0.004377646371722221, -0.004086619708687067
v,-0.0014258407754823565, -0.006056483834981918, -0.0047401851043105125
v,-0.0016017700545489788, -0.0057517653331160545, -0.003385245567187667
v,-0.0009061245364136994, -0.0069566587917506695, -0.007741727866232395
v,-0.0012739665107801557, -0.006319538224488497, -0.007352523505687714
v,0.0014380721841007471, -0.00483456626534462, -0.007393111940473318
v,-0.001189671689644456, -0.006465540267527103, 0.0021334837656468153
v,-0.00043268530862405896, -0.007776679005473852, 0.0011359923519194126
v,0.0021948558278381824, -0.006145352963358164, 0.0012051176745444536
v,-0.002446418162435293, -0.004288791678845882, 0.00489672739058733
v,-0.0025955731980502605, -0.004030447453260422, 0.005179373547434807
v,9.11107927095145e-05, -0.0025015599094331264, 0.005155922379344702
v,-0.0020382083021104336, -0.004995832219719887, -0.0004083688254468143
v,-0.002194973872974515, -0.004724306054413319, 0.0008727818494662642
v,0.0004891661810688674, -0.003191012190654874, 0.0008051451295614243
v,-0.0008459050441160798, -0.007060961332172155, 0.0004102635430172086
v,-0.0008687815279699862, -0.00702133821323514, 0.0002818325883708894
v,0.001809032284654677, -0.0054770871065557, 0.0002928873000200838
v,0.00036979897413402796, -0.009166622534394264, -1.7214048057212494e-05
v,0.00024284386017825454, -0.008946729823946953, -0.0005884073325432837
v,0.0029204010497778654, -0.007402034010738134, -0.0005854584742337465
v,-0.0008609415381215513, -0.007034917362034321, -5.992358273942955e-05
v,-0.0007534643518738449, -0.007221073377877474, -0.0011526618618518114
v,0.0019143857061862946, -0.0056595648638904095, -0.0010774824768304825
v,-0.0007534643518738449, -0.007221073377877474, -0.0011526618618518114
v,-0.00015287622227333486, -0.008261322975158691, -0.005535121075809002
v,0.0025178079959005117, -0.006704722996801138, -0.005475393962115049
v,-0.00015287622227333486, -0.008261322975158691, -0.005535121075809002
v,-8.518086542608216e-05, -0.008378574624657631, -0.006491024978458881
v,0.0025902502238750458, -0.00683019682765007, -0.006449465174227953
v,-0.0021079254802316427, -0.004875077400356531, 0.007519808132201433
v,-0.0019146294798702002, -0.005209876224398613, 0.007425719406455755
v,0.0007494572782889009, -0.0036418491508811712, 0.007435808889567852
v,-0.002447916893288493, -0.004286195617169142, 0.007436757907271385
v,-0.0022995981853455305, -0.004543091170489788, 0.007515022065490484
v,0.00036619725869968534, -0.002978023374453187, 0.007511797361075878
v,-0.0026788527611643076, -0.003886202583089471, 0.007068570703268051
v,-0.0025746896862983704, -0.004066618625074625, 0.007287544663995504
v,9.40993704716675e-05, -0.0025067359674721956, 0.007274149917066097
v,-0.0017464065458625555, -0.005501247011125088, 0.007229479495435953
v,-0.0016027926467359066, -0.005749993491917849, 0.0069273305125534534
v,0.0010656571248546243, -0.0041895234026014805, 0.006950887851417065
v,-0.002779838629066944, -0.0037112899590283632, 0.006496117450296879
v,-0.0027470444329082966, -0.0037680913228541613, 0.006805103272199631
v,-7.350949454121292e-05, -0.0022164289839565754, 0.0067846341989934444
v,-0.001505215186625719, -0.005919002462178469, 0.0065519665367901325
v,-0.0014536555390805006, -0.00600830651819706, 0.006099834106862545
v,0.001221262849867344, -0.004459040239453316, 0.006134324707090855
v,-0.0027159014716744423, -0.003822032595053315, 0.005583212245255709
v,-0.002775123342871666, -0.00371945695951581, 0.006061638705432415
v,-9.599525947123766e-05, -0.0021774829365313053, 0.006029361393302679
v,-0.0014488465385511518, -0.006016635801643133, 0.0056517659686505795
v,-0.0014814375899732113, -0.00596018647775054, 0.005363781936466694
v,0.0011991013307124376, -0.0044206553138792515, 0.005383188370615244
v,-0.0015495431143790483, -0.005842224229127169, 0.005110332742333412
v,-0.0016543391393497586, -0.005660712253302336, 0.004891516640782356
v,0.0010308290366083384, -0.004129199311137199, 0.004904657602310181
v,-0.0017817323096096516, -0.005440060980618, 0.004742885008454323
v,-0.0019322870066389441, -0.005179292522370815, 0.0046645659022033215
v,0.0007561891106888652, -0.0036535090766847134, 0.004667792934924364
v,-0.002126245526596904, -0.0048433467745780945, 0.004659957718104124
v,-0.0022945471573621035, -0.004551840014755726, 0.0047395359724760056
v,0.00039411726174876094, -0.0030263822991400957, 0.004731231369078159
v,-0.0006407172186300159, -0.007416357286274433, 0.0004558403161354363
v,0.0020441077649593353, -0.005884249694645405, 0.00045046492596156895
v,0.0024974609259516, -0.006669480353593826, -1.8665168681764044e-05
v,-0.0016017700545489788, -0.0057517653331160545, -0.003385245567187667
v,-0.0020382083021104336, -0.004995832219719887, -0.0004083688254468143
v,0.000651729351375252, -0.0034725801087915897, -0.0005021769320592284
v,-0.002401812467724085, -0.004366051405668259, -0.005122884176671505
v,-0.001724410685710609, -0.005539346020668745, -0.005949885584414005
v,0.000933850824367255, -0.003961229231208563, -0.005929669830948114
v,-0.0015239475760608912, -0.005886557977646589, -0.00612636050209403
v,-0.0014338225591927767, -0.006042659282684326, -0.00611396599560976
v,0.001237781485542655, -0.00448765279725194, -0.006117601878941059
v,-0.002194973872974515, -0.004724306054413319, 0.0008727818494662642
v,-0.002260386012494564, -0.0046110088005661964, 0.0017442796379327774
v,0.00042766466503962874, -0.00308448844589293, 0.0015288264257833362
v,-0.0007853953284211457, -0.007165767252445221, 0.0004895235761068761
v,-0.0008459050441160798, -0.007060961332172155, 0.0004102635430172086
v,0.0018337764777243137, -0.005519945174455643, 0.0004172004119027406
v,-0.0008687815279699862, -0.00702133821323514, 0.0002818325883708894
v,-0.0008609415381215513, -0.007034917362034321, -5.992358273942955e-05
v,0.001813831040635705, -0.0054853991605341434, -2.258602216897998e-05
v,-8.518086542608216e-05, -0.008378574624657631, -0.006491024978458881
v,-8.575970423407853e-05, -0.008377572521567345, -0.007125608157366514
v,0.0025910481344908476, -0.0068315789103507996, -0.007147734984755516
v,-0.0019282411085441709, -0.005186300724744797, 0.0026440087240189314
v,-0.0016897135647013783, -0.005599442403763533, 0.0025696447119116783
v,0.0008884106064215302, -0.003882523626089096, 0.002612769603729248
v,-0.001189671689644456, -0.006465540267527103, 0.0021334837656468153
v,0.001472966279834509, -0.004895003512501717, 0.002149354899302125
v,0.0011027106083929539, -0.004253702238202095, 0.002482153009623289
v,-0.00014984321023803204, -0.008266576565802097, -0.007574294228106737
v,-0.00024074275279417634, -0.008109133690595627, -0.007789895869791508
v,0.0024423282593488693, -0.006573988124728203, -0.007779834326356649
v,-0.0006910651572979987, -0.007329152897000313, -0.007899693213403225
v,-0.0009061245364136994, -0.0069566587917506695, -0.007741727866232395
v,0.0017844579415395856, -0.005434523802250624, -0.007753754500299692
v,-0.00033610290847718716, -0.007943965494632721, -0.00789942592382431
v,-0.000492170627694577, -0.007673648186028004, -0.007957895286381245
v,0.002193763852119446, -0.006143462378531694, -0.007957929745316505
v,-0.000492170627694577, -0.007673648186028004, -0.007957895286381245
v,-0.0006910651572979987, -0.007329152897000313, -0.007899693213403225
v,0.001990807242691517, -0.005791930947452784, -0.007902526296675205
v,-0.0022995981853455305, -0.004543091170489788, 0.007515022065490484
v,-0.0021079254802316427, -0.004875077400356531, 0.007519808132201433
v,0.0005546394968405366, -0.0033044149167835712, 0.0075225792825222015
v,-0.0025746896862983704, -0.004066618625074625, 0.007287544663995504
v,-0.002447916893288493, -0.004286195617169142, 0.007436757907271385
v,0.0002194038243032992, -0.002723769750446081, 0.0074284919537603855
v,-0.0019146294798702002, -0.005209876224398613, 0.007425719406455755
v,-0.0017464065458625555, -0.005501247011125088, 0.007229479495435953
v,0.0009194971062242985, -0.003936366643756628, 0.007246822118759155
v,-0.0027470444329082966, -0.0037680913228541613, 0.006805103272199631
v,-0.0026788527611643076, -0.003886202583089471, 0.007068570703268051
v,-7.836222721380182e-06, -0.002330178627744317, 0.007051311898976564
v,-0.0016027926467359066, -0.005749993491917849, 0.0069273305125534534
v,-0.001505215186625719, -0.005919002462178469, 0.0065519665367901325
v,0.0011663907207548618, -0.004363998770713806, 0.006581187713891268
v,-0.002775123342871666, -0.00371945695951581, 0.006061638705432415
v,-0.002779838629066944, -0.0037112899590283632, 0.006496117450296879
v,-0.00010377224680269137, -0.0021640125196427107, 0.006472655571997166
v,-0.0014536555390805006, -0.00600830651819706, 0.006099834106862545
v,-0.0014488465385511518, -0.006016635801643133, 0.0056517659686505795
v,0.0012291386956349015, -0.004472681786864996, 0.005672928411513567
v,-0.0014814375899732113, -0.00596018647775054, 0.005363781936466694
v,-0.0015495431143790483, -0.005842224229127169, 0.005110332742333412
v,0.0011335130548104644, -0.004307053051888943, 0.0051271808333694935
v,-0.0016543391393497586, -0.005660712253302336, 0.004891516640782356
v,-0.0017817323096096516, -0.005440060980618, 0.004742885008454323
v,0.0009051421657204628, -0.003911503590643406, 0.00475115654990077
v,-0.0019322870066389441, -0.005179292522370815, 0.0046645659022033215
v,-0.002126245526596904, -0.0048433467745780945, 0.004659957718104124
v,0.0005651466199196875, -0.0033226138912141323, 0.004657141398638487
v,-0.0012739665107801557, -0.006319538224488497, -0.007352523505687714
v,-0.0025433392729610205, -0.004120919853448868, -0.005673998035490513
v,0.0001337012799922377, -0.002575329737737775, -0.005673998035490513
v,-0.00043268530862405896, -0.007776679005473852, 0.0011359923519194126
v,0.00036979897413402796, -0.009166622534394264, -1.7214048057212494e-05
v,0.0030468397308140993, -0.007621032185852528, -1.7214182662428357e-05
v,-0.00024074275279417634, -0.008109133690595627, -0.007789895869791508
v,-0.00033610290847718716, -0.007943965494632721, -0.00789942592382431
v,0.0023484020493924618, -0.006411303766071796, -0.007893565110862255
v,-0.001724410685710609, -0.005539346020668745, -0.005949885584414005
v,-0.0015239475760608912, -0.005886557977646589, -0.00612636050209403
v,0.0011455630883574486, -0.0043279253877699375, -0.0061227064579725266
v,-0.0014338225591927767, -0.006042659282684326, -0.00611396599560976
v,-0.0013643824495375156, -0.006162933073937893, -0.0059957485646009445
v,0.0012984982458874583, -0.004592816811054945, -0.00603311276063323
v,-0.0025955731980502605, -0.004030447453260422, 0.005179373547434807
v,-0.0027159014716744423, -0.003822032595053315, 0.005583212245255709
v,-3.2756608561612666e-05, -0.0022870153188705444, 0.005553980357944965
v,-0.0022945471573621035, -0.004551840014755726, 0.0047395359724760056
v,-0.002446418162435293, -0.004288791678845882, 0.00489672739058733
v,0.00024212613061536103, -0.0027631260454654694, 0.00488085113465786
v,-0.0006407172186300159, -0.007416357286274433, 0.0004558403161354363
v,-0.0007853953284211457, -0.007165767252445221, 0.0004895235761068761
v,0.0018965306226164103, -0.005628638900816441, 0.0004913318553008139
v,-0.002401812467724085, -0.004366051405668259, -0.005122884176671505
v,0.00027504487661644816, -0.0028201439417898655, -0.005120731890201569
v,0.0001337012799922377, -0.002575329737737775, -0.005673998035490513
n,29.09349822998047, 16.797142028808594, -1.4684526377095608e-06
n,29.09349822998047, 16.797142028808594, -1.4684526377095608e-06
n,29.09349822998047, 16.797142028808594, -1.4684526377095608e-06
n,29.09349822998047, 16.797142028808594, -1.4684526377095608e-06
n,29.09349822998047, 16.797142028808594, -1.4684526377095608e-06
n,29.09349822998047, 16.797142028808594, -1.4684526377095608e-06
n,29.09349822998047, 16.797142028808594, -1.4684526377095608e-06
n,29.09349822998047, 16.797142028808594, -1.4684526377095608e-06
n,29.09349822998047, 16.797142028808594, -1.4684526377095608e-06
n,29.09349822998047, 16.797142028808594, -1.4684526377095608e-06
n,29.09349822998047, 16.797142028808594, -1.4684526377095608e-06
n,29.09349822998047, 16.797142028808594, -1.4684526377095608e-06
n,29.09349822998047, 16.797142028808594, -1.4684526377095608e-06
n,29.09349822998047, 16.797142028808594, -1.4684526377095608e-06
n,29.09349822998047, 16.797142028808594, -1.4684526377095608e-06
n,29.09349822998047, 16.797142028808594, -1.4684526377095608e-06
n,29.09349822998047, 16.797142028808594, -1.4684526377095608e-06
n,29.09349822998047, 16.797142028808594, -1.4684526377095608e-06
n,29.09349822998047, 16.797142028808594, -1.4684526377095608e-06
n,29.09349822998047, 16.797142028808594, -1.4684526377095608e-06
n,29.09349822998047, 16.797142028808594, -1.4684526377095608e-06
n,29.09349822998047, 16.797142028808594, -1.4684526377095608e-06
n,29.09349822998047, 16.797142028808594, -1.4684526377095608e-06
n,29.09349822998047, 16.797142028808594, -1.4684526377095608e-06
n,29.09349822998047, 16.797142028808594, -1.4684526377095608e-06
n,29.09349822998047, 16.797142028808594, -1.4684526377095608e-06
n,29.09349822998047, 16.797142028808594, -1.4684526377095608e-06
n,29.09349822998047, 16.797142028808594, -1.4684526377095608e-06
n,29.09349822998047, 16.797142028808594, -1.4684526377095608e-06
n,29.09349822998047, 16.797142028808594, -1.4684526377095608e-06
n,29.09349822998047, 16.797142028808594, -1.4684526377095608e-06
n,29.09349822998047, 16.797142028808594, -1.4684526377095608e-06
n,29.09349822998047, 16.797142028808594, -1.4684526377095608e-06
n,29.09349822998047, 16.797142028808594, -1.4684526377095608e-06
n,29.09349822998047, 16.797142028808594, -1.4684526377095608e-06
n,29.09349822998047, 16.797142028808594, -1.4684526377095608e-06
n,29.09349822998047, 16.797142028808594, -1.4684526377095608e-06
n,29.09349822998047, 16.797142028808594, -1.4684526377095608e-06
n,29.09349822998047, 16.797142028808594, -1.4684526377095608e-06
n,29.09349822998047, 16.797142028808594, -1.4684526377095608e-06
n,29.09349822998047, 16.797142028808594, -1.4684526377095608e-06
n,29.09349822998047, 16.797142028808594, -1.4684526377095608e-06
n,29.09349822998047, 16.797142028808594, -1.4684526377095608e-06
n,29.09349822998047, 16.797142028808594, -1.4684526377095608e-06
n,29.09349822998047, 16.797142028808594, -1.4684526377095608e-06
n,29.09349822998047, 16.797142028808594, -1.4684526377095608e-06
n,29.09349822998047, 16.797142028808594, -1.4684526377095608e-06
n,29.09349822998047, 16.797142028808594, -1.4684526377095608e-06
n,29.09349822998047, 16.797142028808594, -1.4684526377095608e-06
n,29.09349822998047, 16.797142028808594, -1.4684526377095608e-06
n,29.09349822998047, 16.797142028808594, -1.4684526377095608e-06
n,29.09349822998047, 16.797142028808594, -1.4684526377095608e-06
n,29.09349822998047, 16.797142028808594, -1.4684526377095608e-06
n,29.09349822998047, 16.797142028808594, -1.4684526377095608e-06
n,29.09349822998047, 16.797142028808594, -1.4684526377095608e-06
n,29.09349822998047, 16.797142028808594, -1.4684526377095608e-06
n,29.09349822998047, 16.797142028808594, -1.4684526377095608e-06
n,29.09349822998047, 16.797142028808594, -1.4684526377095608e-06
n,29.09349822998047, 16.797142028808594, -1.4684526377095608e-06
n,-29.09349822998047, -16.797142028808594, 1.4684526377095608e-06
n,-29.09349822998047, -16.797142028808594, 1.4684526377095608e-06
n,-29.09349822998047, -16.797142028808594, 1.4684526377095608e-06
n,-29.09349822998047, -16.797142028808594, 1.4684526377095608e-06
n,-29.09349822998047, -16.797142028808594, 1.4684526377095608e-06
n,-29.09349822998047, -16.797142028808594, 1.4684526377095608e-06
n,-29.09349822998047, -16.797142028808594, 1.4684526377095608e-06
n,-29.09349822998047, -16.797142028808594, 1.4684526377095608e-06
n,-29.09349822998047, -16.797142028808594, 1.4684526377095608e-06
n,-29.09349822998047, -16.797142028808594, 1.4684526377095608e-06
n,-29.09349822998047, -16.797142028808594, 1.4684526377095608e-06
n,-29.09349822998047, -16.797142028808594, 1.4684526377095608e-06
n,-29.09349822998047, -16.797142028808594, 1.4684526377095608e-06
n,-29.09349822998047, -16.797142028808594, 1.4684526377095608e-06
n,-29.09349822998047, -16.797142028808594, 1.4684526377095608e-06
n,-29.09349822998047, -16.797142028808594, 1.4684526377095608e-06
n,-29.09349822998047, -16.797142028808594, 1.4684526377095608e-06
n,-29.09349822998047, -16.797142028808594, 1.4684526377095608e-06
n,-29.09349822998047, -16.797142028808594, 1.4684526377095608e-06
n,-29.09349822998047, -16.797142028808594, 1.4684526377095608e-06
n,-29.09349822998047, -16.797142028808594, 1.4684526377095608e-06
n,-29.09349822998047, -16.797142028808594, 1.4684526377095608e-06
n,-29.09349822998047, -16.797142028808594, 1.4684526377095608e-06
n,-29.09349822998047, -16.797142028808594, 1.4684526377095608e-06
n,-7.738898754119873, 13.444116592407227, -29.798336029052734
n,-29.09349822998047, -16.797142028808594, 1.4684526377095608e-06
n,-29.09349822998047, -16.797142028808594, 1.4684526377095608e-06
n,-29.09349822998047, -16.797142028808594, 1.4684526377095608e-06
n,-29.09349822998047, -16.797142028808594, 1.4684526377095608e-06
n,-29.09349822998047, -16.797142028808594, 1.4684526377095608e-06
n,-29.09349822998047, -16.797142028808594, 1.4684526377095608e-06
n,-29.09349822998047, -16.797142028808594, 1.4684526377095608e-06
n,-29.09349822998047, -16.797142028808594, 1.4684526377095608e-06
n,-29.09349822998047, -16.797142028808594, 1.4684526377095608e-06
n,-29.09349822998047, -16.797142028808594, 1.4684526377095608e-06
n,-29.09349822998047, -16.797142028808594, 1.4684526377095608e-06
n,-29.09349822998047, -16.797142028808594, 1.4684526377095608e-06
n,-29.09349822998047, -16.797142028808594, 1.4684526377095608e-06
n,-29.09349822998047, -16.797142028808594, 1.4684526377095608e-06
n,-29.09349822998047, -16.797142028808594, 1.4684526377095608e-06
n,-29.09349822998047, -16.797142028808594, 1.4684526377095608e-06
n,-29.09349822998047, -16.797142028808594, 1.4684526377095608e-06
n,-29.09349822998047, -16.797142028808594, 1.4684526377095608e-06
n,-29.09349822998047, -16.797142028808594, 1.4684526377095608e-06
n,-29.09349822998047, -16.797142028808594, 1.4684526377095608e-06
n,-29.09349822998047, -16.797142028808594, 1.4684526377095608e-06
n,-29.09349822998047, -16.797142028808594, 1.4684526377095608e-06
n,-29.09349822998047, -16.797142028808594, 1.4684526377095608e-06
n,-29.09349822998047, -16.797142028808594, 1.4684526377095608e-06
n,-29.09349822998047, -16.797142028808594, 1.4684526377095608e-06
n,-29.09349822998047, -16.797142028808594, 1.4684526377095608e-06
n,-29.09349822998047, -16.797142028808594, 1.4684526377095608e-06
n,-29.09349822998047, -16.797142028808594, 1.4684526377095608e-06
n,-29.09349822998047, -16.797142028808594, 1.4684526377095608e-06
n,-29.09349822998047, -16.797142028808594, 1.4684526377095608e-06
n,-29.09349822998047, -16.797142028808594, 1.4684526377095608e-06
n,-29.09349822998047, -16.797142028808594, 1.4684526377095608e-06
n,-29.09349822998047, -16.797142028808594, 1.4684526377095608e-06
n,-29.09349822998047, -16.797142028808594, 1.4684526377095608e-06
n,-5.048878192901611, 8.993319511413574, 31.971935272216797
n,-9.427998542785645, 16.14994239807129, -27.908205032348633
n,-16.57185935974121, 28.379070281982422, -6.969754695892334
n,-15.880496978759766, 27.210453033447266, 11.66089916229248
n,16.085384368896484, -27.775920867919922, -9.91635799407959
n,5.051093578338623, -8.391867637634277, 32.13469696044922
n,-16.630565643310547, 29.17951202392578, -0.7457842826843262
n,-16.92474365234375, 28.991357803344727, -1.2766684293746948
n,-11.049993515014648, 19.52554702758789, 25.00452423095703
n,-15.676007270812988, 27.56433868408203, 11.092594146728516
n,9.21715259552002, -15.910588264465332, 28.1153507232666
n,-9.165070533752441, 15.571799278259277, 28.32130241394043
n,-14.901436805725098, 25.38630485534668, 16.188217163085938
n,-11.274850845336914, 19.610198974609375, -24.83734130859375
n,-16.278100967407227, 28.246463775634766, -8.107807159423828
n,15.583945274353027, -27.043073654174805, -12.425314903259277
n,15.346170425415039, -26.580345153808594, -13.658548355102539
n,-16.849950790405273, 28.820695877075195, 3.7446324825286865
n,16.47609519958496, -28.592559814453125, 6.291229248046875
n,16.177906036376953, -28.06809425354004, 8.89006233215332
n,16.649993896484375, -28.75630760192871, 4.9424824714660645
n,3.684994697570801, -6.304605960845947, 32.79098129272461
n,-16.44240951538086, 28.70454216003418, -5.8542375564575195
n,-4.560282230377197, 7.95614767074585, 32.31840515136719
n,-12.367084503173828, 21.48042106628418, 22.676471710205078
n,11.984552383422852, -20.678312301635742, 23.60833740234375
n,-16.46563148498535, 28.57485580444336, 6.398160457611084
n,16.346160888671875, -28.234420776367188, 8.012259483337402
n,-16.192140579223633, 28.13867950439453, -8.637422561645508
n,16.470346450805664, -28.474292755126953, -6.820391654968262
n,12.367977142333984, -21.365772247314453, -22.784042358398438
n,4.55156946182251, -7.825616359710693, -32.35148239135742
n,-3.524506092071533, 6.176863670349121, -32.832908630371094
n,-7.702053546905518, 13.416559219360352, -29.820295333862305
n,-16.184370040893555, 27.89661979675293, -9.40321159362793
n,8.772904396057129, -15.230807304382324, 28.629253387451172
n,-0.5030011534690857, 0.7827774882316589, 33.581390380859375
n,-16.534563064575195, 28.696611404418945, -5.629232406616211
n,16.098115921020508, -28.005115509033203, -9.22712230682373
n,8.51028823852539, -14.814413070678711, -28.925487518310547
n,16.77166175842285, -29.09026336669922, 1.0215710401535034
n,16.826492309570312, -29.076435089111328, 0.0767815113067627
n,1.505473256111145, -2.4504172801971436, 33.47095489501953
n,6.601322650909424, -11.695840835571289, 30.79294776916504
n,12.962237358093262, -22.446609497070312, -21.37067222595215
n,-9.493572235107422, 16.50887680053711, -27.67498016357422
n,-5.690544128417969, 9.869616508483887, -31.603546142578125
n,3.447753429412842, -5.913074016571045, -32.88957595825195
n,-2.2492833137512207, 3.9474103450775146, -33.285648345947266
n,-0.45605942606925964, 0.846003532409668, 33.580528259277344
n,-8.782452583312988, 15.27145004272461, 28.604665756225586
n,8.194622993469238, -14.111648559570312, 29.36469268798828
n,-15.04265022277832, 26.1144962310791, 14.843426704406738
n,-2.876843214035034, 4.773402690887451, 33.12874984741211
n,14.78516960144043, -25.525745391845703, 16.075157165527344
n,-16.7581844329834, 29.09211540222168, -1.1780214309692383
n,16.816204071044922, -29.059886932373047, 1.146224021911621
n,14.97367000579834, -25.87813949584961, -15.319485664367676
n,8.779863357543945, -15.147533416748047, -28.671274185180664
n,0.49242648482322693, -0.796651303768158, -33.58122253417969
n,-9.199100494384766, 16.0338077545166, -28.051191329956055
n,9.805227279663086, -16.949748992919922, 27.297237396240234
n,-16.518190383911133, 28.993688583374023, 3.8847227096557617
n,8.721574783325195, -15.054891586303711, -28.737781524658203
n,6.941290855407715, -12.08383846282959, 30.567548751831055
n,-9.62366771697998, 16.598575592041016, 27.576217651367188
n,-14.223349571228027, 24.722139358520508, -17.750709533691406
n,-7.3912177085876465, 12.86314582824707, -30.141084671020508
n,-2.3337647914886475, 3.9728758335113525, -33.27680206298828
n,-14.94163990020752, 25.879676818847656, 15.348133087158203
n,-16.113210678100586, 28.242568969726562, -8.443784713745117
n,-7.884431838989258, 13.587872505187988, -29.694799423217773
n,9.210753440856934, -16.024261474609375, 28.05281639099121
n,-11.588284492492676, 19.98981285095215, -24.38636589050293
n,-16.337177276611328, 28.24712371826172, -7.985748767852783
n,15.844271659851074, -27.39410400390625, -11.27376651763916
n,15.351347923278809, -26.58379364013672, -13.646018981933594
n,16.51445770263672, -28.527257919311523, 6.4841227531433105
n,16.166458129882812, -28.07779312133789, 8.880240440368652
n,16.606290817260742, -28.820337295532227, 4.711151599884033
n,3.9375197887420654, -6.899891376495361, 32.64143371582031
n,-4.309727668762207, 7.40773344039917, 32.48272705078125
n,-12.195195198059082, 21.063488006591797, 23.15561294555664
n,12.138608932495117, -21.10679054260254, 23.145912170410156
n,-16.455583572387695, 28.445209503173828, 6.975631237030029
n,16.343364715576172, -28.3842830657959, 7.470120429992676
n,-16.33974838256836, 28.22076416015625, -8.073201179504395
n,16.358835220336914, -28.389530181884766, -7.4161152839660645
n,12.105363845825195, -21.024681091308594, -23.23786735534668
n,4.203479766845703, -7.337897777557373, -32.512481689453125
n,-3.890298366546631, 6.678777694702148, -32.69304656982422
n,-7.696460723876953, 13.382390022277832, -29.83708953857422
n,-16.13397789001465, 27.909147262573242, -9.452503204345703
n,8.77344799041748, -15.14576530456543, 28.674169540405273
n,-1.1251739263534546, 2.0114901065826416, 33.5151252746582
n,-16.70701026916504, 28.715511322021484, -4.987077713012695
n,9.230327606201172, -15.924159049987793, -28.103343963623047
n,16.8060245513916, -29.047588348388672, 1.5397007465362549
n,16.801115036010742, -29.091140747070312, -0.06127564609050751
n,2.4728381633758545, -4.546947002410889, 33.19316101074219
n,6.860401630401611, -11.94056224822998, 30.64202308654785
n,12.815546035766602, -22.25659942626953, -21.655975341796875
n,-5.809132099151611, 10.019268989562988, -31.534805297851562
n,3.0614748001098633, -5.374554634094238, -33.019954681396484
n,-2.444957971572876, 4.204275608062744, -33.2403678894043
n,-0.23917672038078308, 0.34618058800697327, 33.591644287109375
n,-8.545156478881836, 14.741182327270508, 28.95261001586914
n,8.427574157714844, -14.67866325378418, 29.018760681152344
n,-14.94306468963623, 25.822031021118164, 15.44354248046875
n,14.86715316772461, -25.83402442932129, 15.496662139892578
n,-16.816307067871094, 29.073287963867188, -0.7290090322494507
n,16.771217346191406, -29.099519729614258, 0.7209627032279968
n,14.771082878112793, -25.641250610351562, -15.903366088867188
n,8.437822341918945, -14.674848556518555, -29.01771354675293
n,0.16981013119220734, -0.3627401292324066, -33.59189224243164
n,-9.263927459716797, 16.045589447021484, -28.023103713989258
n,9.801375389099121, -16.97647476196289, 27.28200912475586
n,8.343082427978516, -14.5017671585083, -29.131893157958984
n,6.792646884918213, -11.706022262573242, 30.747432708740234
n,-10.792637825012207, 18.91282844543457, 25.581233978271484
n,-14.471446990966797, 24.967971801757812, -17.19748306274414
n,-7.753405570983887, 13.352653503417969, -29.83566665649414
n,-1.9146606922149658, 3.379884958267212, -33.36894226074219
n,-14.970067977905273, 25.900535583496094, 15.28512191772461
u,0.3997611701488495, 0.028396546840667725, 0
u,0.3864882290363312, 0.026621580123901367, 0
u,0.3930428624153137, 0.026657819747924805, 0
u,0.3997611701488495, 0.028396546840667725, 0
u,0.38133785128593445, 0.02789485454559326, 0
u,0.3864882290363312, 0.026621580123901367, 0
u,0.3997611701488495, 0.028396546840667725, 0
u,0.3768920600414276, 0.03042781352996826, 0
u,0.38133785128593445, 0.02789485454559326, 0
u,0.4055578112602234, 0.03188180923461914, 0
u,0.3768920600414276, 0.03042781352996826, 0
u,0.3997611701488495, 0.028396546840667725, 0
u,0.4055578112602234, 0.03188180923461914, 0
u,0.37321770191192627, 0.03417861461639404, 0
u,0.3768920600414276, 0.03042781352996826, 0
u,0.4104612469673157, 0.03719693422317505, 0
u,0.37321770191192627, 0.03417861461639404, 0
u,0.4055578112602234, 0.03188180923461914, 0
u,0.4104612469673157, 0.03719693422317505, 0
u,0.370777428150177, 0.03873413801193237, 0
u,0.37321770191192627, 0.03417861461639404, 0
u,0.4137423634529114, 0.04373985528945923, 0
u,0.370777428150177, 0.03873413801193237, 0
u,0.4104612469673157, 0.03719693422317505, 0
u,0.4137423634529114, 0.04373985528945923, 0
u,0.3695407807826996, 0.04411876201629639, 0
u,0.370777428150177, 0.03873413801193237, 0
u,0.41538405418395996, 0.05156904458999634, 0
u,0.3695407807826996, 0.04411876201629639, 0
u,0.4137423634529114, 0.04373985528945923, 0
u,0.41538405418395996, 0.05156904458999634, 0
u,0.36954808235168457, 0.05183005332946777, 0
u,0.3695407807826996, 0.04411876201629639, 0
u,0.41538405418395996, 0.05959498882293701, 0
u,0.36954808235168457, 0.05183005332946777, 0
u,0.41538405418395996, 0.05156904458999634, 0
u,0.41538405418395996, 0.05959498882293701, 0
u,0.3714635968208313, 0.06016463041305542, 0
u,0.36954808235168457, 0.05183005332946777, 0
u,0.41416841745376587, 0.06459343433380127, 0
u,0.3714635968208313, 0.06016463041305542, 0
u,0.41538405418395996, 0.05959498882293701, 0
u,0.41416841745376587, 0.06459343433380127, 0
u,0.37553179264068604, 0.06722772121429443, 0
u,0.3714635968208313, 0.06016463041305542, 0
u,0.4117374122142792, 0.06896370649337769, 0
u,0.37553179264068604, 0.06722772121429443, 0
u,0.41416841745376587, 0.06459343433380127, 0
u,0.4117374122142792, 0.06896370649337769, 0
u,0.38061627745628357, 0.07218611240386963, 0
u,0.37553179264068604, 0.06722772121429443, 0
u,0.4080372452735901, 0.0727081298828125, 0
u,0.38061627745628357, 0.07218611240386963, 0
u,0.4117374122142792, 0.06896370649337769, 0
u,0.40357866883277893, 0.0752260684967041, 0
u,0.38061627745628357, 0.07218611240386963, 0
u,0.4080372452735901, 0.0727081298828125, 0
u,0.40357866883277893, 0.0752260684967041, 0
u,0.38580912351608276, 0.07496601343154907, 0
u,0.38061627745628357, 0.07218611240386963, 0
u,0.3983532190322876, 0.07649773359298706, 0
u,0.38580912351608276, 0.07496601343154907, 0
u,0.40357866883277893, 0.0752260684967041, 0
u,0.3983532190322876, 0.07649773359298706, 0
u,0.3917083144187927, 0.07645618915557861, 0
u,0.38580912351608276, 0.07496601343154907, 0
u,0.7061941027641296, 0.5380189418792725, 0
u,0.696330189704895, 0.5400676131248474, 0
u,0.7001579403877258, 0.538269430398941, 0
u,0.713873028755188, 0.5393264889717102, 0
u,0.696330189704895, 0.5400676131248474, 0
u,0.7061941027641296, 0.5380189418792725, 0
u,0.713873028755188, 0.5393264889717102, 0
u,0.6928850412368774, 0.5440566837787628, 0
u,0.696330189704895, 0.5400676131248474, 0
u,0.7273763418197632, 0.5434328615665436, 0
u,0.6928850412368774, 0.5440566837787628, 0
u,0.713873028755188, 0.5393264889717102, 0
u,0.7273763418197632, 0.5434328615665436, 0
u,0.6914790272712708, 0.55067378282547, 0
u,0.6928850412368774, 0.5440566837787628, 0
u,0.7273763418197632, 0.5434328615665436, 0
u,0.6926931738853455, 0.5587424039840698, 0
u,0.6914790272712708, 0.55067378282547, 0
u,0.7543551325798035, 0.5565327703952789, 0
u,0.6926931738853455, 0.5587424039840698, 0
u,0.7273763418197632, 0.5434328615665436, 0
u,0.7543551325798035, 0.5565327703952789, 0
u,0.6964097023010254, 0.5709506869316101, 0
u,0.6926931738853455, 0.5587424039840698, 0
u,0.7508196830749512, 0.5702109932899475, 0
u,0.7456398010253906, 0.5701569318771362, 0
u,0.7543551325798035, 0.5565327703952789, 0
u,0.7456398010253906, 0.5701569318771362, 0
u,0.6964097023010254, 0.5709506869316101, 0
u,0.7543551325798035, 0.5565327703952789, 0
u,0.7436389327049255, 0.5717119872570038, 0
u,0.6964097023010254, 0.5709506869316101, 0
u,0.7456398010253906, 0.5701569318771362, 0
u,0.7436389327049255, 0.5717119872570038, 0
u,0.7048983573913574, 0.5927779078483582, 0
u,0.6964097023010254, 0.5709506869316101, 0
u,0.7430595755577087, 0.5739648044109344, 0
u,0.7048983573913574, 0.5927779078483582, 0
u,0.7436389327049255, 0.5717119872570038, 0
u,0.7543551325798035, 0.5565327703952789, 0
u,0.767489492893219, 0.5763019621372223, 0
u,0.7508196830749512, 0.5702109932899475, 0
u,0.7864336967468262, 0.5738546550273895, 0
u,0.767489492893219, 0.5763019621372223, 0
u,0.7543551325798035, 0.5565327703952789, 0
u,0.7439205646514893, 0.5793837904930115, 0
u,0.7048983573913574, 0.5927779078483582, 0
u,0.7430595755577087, 0.5739648044109344, 0
u,0.783325731754303, 0.5842111706733704, 0
u,0.767489492893219, 0.5763019621372223, 0
u,0.7864336967468262, 0.5738546550273895, 0
u,0.749714195728302, 0.5971314907073975, 0
u,0.7048983573913574, 0.5927779078483582, 0
u,0.7439205646514893, 0.5793837904930115, 0
u,0.749714195728302, 0.5971314907073975, 0
u,0.7308222651481628, 0.6522855162620544, 0
u,0.7048983573913574, 0.5927779078483582, 0
u,0.7802209854125977, 0.6703102588653564, 0
u,0.7308222651481628, 0.6522855162620544, 0
u,0.749714195728302, 0.5971314907073975, 0
u,0.7802209854125977, 0.6703102588653564, 0
u,0.7389575839042664, 0.6755689680576324, 0
u,0.7308222651481628, 0.6522855162620544, 0
u,0.7802209854125977, 0.6703102588653564, 0
u,0.7400851249694824, 0.6823335886001587, 0
u,0.7389575839042664, 0.6755689680576324, 0
u,0.7020888924598694, 0.6740829646587372, 0
u,0.747209906578064, 0.7081408798694611, 0
u,0.6984338164329529, 0.6842469274997711, 0
u,0.7265936732292175, 0.685127854347229, 0
u,0.747209906578064, 0.7081408798694611, 0
u,0.7020888924598694, 0.6740829646587372, 0
u,0.7802209854125977, 0.6703102588653564, 0
u,0.7393979430198669, 0.6853038966655731, 0
u,0.7400851249694824, 0.6823335886001587, 0
u,0.7343209385871887, 0.6875231862068176, 0
u,0.747209906578064, 0.7081408798694611, 0
u,0.7265936732292175, 0.685127854347229, 0
u,0.7802209854125977, 0.6703102588653564, 0
u,0.737490177154541, 0.6870285868644714, 0
u,0.7393979430198669, 0.6853038966655731, 0
u,0.7848668098449707, 0.6867881417274475, 0
u,0.737490177154541, 0.6870285868644714, 0
u,0.7802209854125977, 0.6703102588653564, 0
u,0.7848668098449707, 0.6867881417274475, 0
u,0.7343209385871887, 0.6875231862068176, 0
u,0.737490177154541, 0.6870285868644714, 0
u,0.7848668098449707, 0.6867881417274475, 0
u,0.747209906578064, 0.7081408798694611, 0
u,0.7343209385871887, 0.6875231862068176, 0
u,0.7864336967468262, 0.698825865983963, 0
u,0.747209906578064, 0.7081408798694611, 0
u,0.7848668098449707, 0.6867881417274475, 0
u,0.7850785255432129, 0.7066044807434082, 0
u,0.747209906578064, 0.7081408798694611, 0
u,0.7864336967468262, 0.698825865983963, 0
u,0.7850785255432129, 0.7066044807434082, 0
u,0.7599514126777649, 0.7128326892852783, 0
u,0.747209906578064, 0.7081408798694611, 0
u,0.7826980352401733, 0.7103817760944366, 0
u,0.7599514126777649, 0.7128326892852783, 0
u,0.7850785255432129, 0.7066044807434082, 0
u,0.7826980352401733, 0.7103817760944366, 0
u,0.767396092414856, 0.7144883275032043, 0
u,0.7599514126777649, 0.7128326892852783, 0
u,0.7797093987464905, 0.7127571403980255, 0
u,0.767396092414856, 0.7144883275032043, 0
u,0.7826980352401733, 0.7103817760944366, 0
u,0.7745180130004883, 0.7145488858222961, 0
u,0.767396092414856, 0.7144883275032043, 0
u,0.7797093987464905, 0.7127571403980255, 0
u,0.74001544713974, 0.031192362308502197, 0
u,0.7466995716094971, 0.029412806034088135, 0
u,0.7533642053604126, 0.029352962970733643, 0
u,0.74001544713974, 0.031192362308502197, 0
u,0.7533642053604126, 0.029352962970733643, 0
u,0.758549153804779, 0.030602574348449707, 0
u,0.74001544713974, 0.031192362308502197, 0
u,0.758549153804779, 0.030602574348449707, 0
u,0.763011634349823, 0.03310137987136841, 0
u,0.7342409491539001, 0.03472864627838135, 0
u,0.74001544713974, 0.031192362308502197, 0
u,0.763011634349823, 0.03310137987136841, 0
u,0.7342409491539001, 0.03472864627838135, 0
u,0.763011634349823, 0.03310137987136841, 0
u,0.7667142152786255, 0.036829590797424316, 0
u,0.7293614745140076, 0.04008740186691284, 0
u,0.7342409491539001, 0.03472864627838135, 0
u,0.7667142152786255, 0.036829590797424316, 0
u,0.7293614745140076, 0.04008740186691284, 0
u,0.7667142152786255, 0.036829590797424316, 0
u,0.7691829800605774, 0.041357994079589844, 0
u,0.7261095643043518, 0.046684324741363525, 0
u,0.7293614745140076, 0.04008740186691284, 0
u,0.7691829800605774, 0.041357994079589844, 0
u,0.7261095643043518, 0.046684324741363525, 0
u,0.7691829800605774, 0.041357994079589844, 0
u,0.7704381942749023, 0.04670393466949463, 0
u,0.7244859933853149, 0.0545811653137207, 0
u,0.7261095643043518, 0.046684324741363525, 0
u,0.7704381942749023, 0.04670393466949463, 0
u,0.7244859933853149, 0.0545811653137207, 0
u,0.7704381942749023, 0.04670393466949463, 0
u,0.7704364061355591, 0.05425900220870972, 0
u,0.7244859933853149, 0.062372565269470215, 0
u,0.7244859933853149, 0.0545811653137207, 0
u,0.7704364061355591, 0.05425900220870972, 0
u,0.7244859933853149, 0.062372565269470215, 0
u,0.7704364061355591, 0.05425900220870972, 0
u,0.7685562372207642, 0.06261861324310303, 0
u,0.725726306438446, 0.06735360622406006, 0
u,0.7244859933853149, 0.062372565269470215, 0
u,0.7685562372207642, 0.06261861324310303, 0
u,0.725726306438446, 0.06735360622406006, 0
u,0.7685562372207642, 0.06261861324310303, 0
u,0.7645241618156433, 0.06972742080688477, 0
u,0.7281883358955383, 0.07170790433883667, 0
u,0.725726306438446, 0.06735360622406006, 0
u,0.7645241618156433, 0.06972742080688477, 0
u,0.7281883358955383, 0.07170790433883667, 0
u,0.7645241618156433, 0.06972742080688477, 0
u,0.7594447135925293, 0.07475131750106812, 0
u,0.7319128513336182, 0.07543289661407471, 0
u,0.7281883358955383, 0.07170790433883667, 0
u,0.7594447135925293, 0.07475131750106812, 0
u,0.7363966703414917, 0.07792115211486816, 0
u,0.7319128513336182, 0.07543289661407471, 0
u,0.7594447135925293, 0.07475131750106812, 0
u,0.7363966703414917, 0.07792115211486816, 0
u,0.7594447135925293, 0.07475131750106812, 0
u,0.7542241215705872, 0.07759672403335571, 0
u,0.74165940284729, 0.07917004823684692, 0
u,0.7363966703414917, 0.07792115211486816, 0
u,0.7542241215705872, 0.07759672403335571, 0
u,0.74165940284729, 0.07917004823684692, 0
u,0.7542241215705872, 0.07759672403335571, 0
u,0.7484033703804016, 0.0791054368019104, 0
u,0.5966084599494934, 0.1665283441543579, 0
u,0.6049990057945251, 0.16630041599273682, 0
u,0.6085101962089539, 0.1673640012741089, 0
u,0.5966084599494934, 0.1665283441543579, 0
u,0.6085101962089539, 0.1673640012741089, 0
u,0.6124091148376465, 0.17061710357666016, 0
u,0.053739652037620544, 0.12399011850357056, 0
u,2.3113543079489318e-07, 0.13565337657928467, 0
u,2.494107036454807e-07, 0.12351679801940918, 0
u,0.5783993005752563, 0.17183899879455566, 0
u,0.5966084599494934, 0.1665283441543579, 0
u,0.6124091148376465, 0.17061710357666016, 0
u,0.5783993005752563, 0.17183899879455566, 0
u,0.6124091148376465, 0.17061710357666016, 0
u,0.6145782470703125, 0.1761224865913391, 0
u,0.5783993005752563, 0.17183899879455566, 0
u,0.6145782470703125, 0.1761224865913391, 0
u,0.6144652366638184, 0.183283269405365, 0
u,0.5500882267951965, 0.18569320440292358, 0
u,0.5783993005752563, 0.17183899879455566, 0
u,0.6144652366638184, 0.183283269405365, 0
u,0.5500882267951965, 0.18569320440292358, 0
u,0.6144652366638184, 0.183283269405365, 0
u,0.6102831363677979, 0.19802194833755493, 0
u,0.5557594299316406, 0.19834113121032715, 0
u,0.5500882267951965, 0.18569320440292358, 0
u,0.5608234405517578, 0.1983998417854309, 0
u,0.5608234405517578, 0.1983998417854309, 0
u,0.5500882267951965, 0.18569320440292358, 0
u,0.6102831363677979, 0.19802194833755493, 0
u,0.5627350807189941, 0.2000340223312378, 0
u,0.5608234405517578, 0.1983998417854309, 0
u,0.6102831363677979, 0.19802194833755493, 0
u,0.5627350807189941, 0.2000340223312378, 0
u,0.6102831363677979, 0.19802194833755493, 0
u,0.6020451188087463, 0.21942073106765747, 0
u,0.5632401704788208, 0.20234978199005127, 0
u,0.5627350807189941, 0.2000340223312378, 0
u,0.6020451188087463, 0.21942073106765747, 0
u,0.5500882267951965, 0.18569320440292358, 0
u,0.5557594299316406, 0.19834113121032715, 0
u,0.5371077060699463, 0.20517230033874512, 0
u,0.5198638439178467, 0.2020314335823059, 0
u,0.5500882267951965, 0.18569320440292358, 0
u,0.5371077060699463, 0.20517230033874512, 0
u,0.5622144341468811, 0.20820826292037964, 0
u,0.5632401704788208, 0.20234978199005127, 0
u,0.6020451188087463, 0.21942073106765747, 0
u,0.522979736328125, 0.21244210004806519, 0
u,0.5198638439178467, 0.2020314335823059, 0
u,0.5371077060699463, 0.20517230033874512, 0
u,0.5560926198959351, 0.226576030254364, 0
u,0.5622144341468811, 0.20820826292037964, 0
u,0.6020451188087463, 0.21942073106765747, 0
u,0.5560926198959351, 0.226576030254364, 0
u,0.6020451188087463, 0.21942073106765747, 0
u,0.5804139971733093, 0.2688238024711609, 0
u,0.5256937742233276, 0.29949086904525757, 0
u,0.5560926198959351, 0.226576030254364, 0
u,0.5804139971733093, 0.2688238024711609, 0
u,0.5256937742233276, 0.29949086904525757, 0
u,0.5804139971733093, 0.2688238024711609, 0
u,0.571351945400238, 0.29141026735305786, 0
u,0.5256937742233276, 0.29949086904525757, 0
u,0.571351945400238, 0.29141026735305786, 0
u,0.566525936126709, 0.3068668842315674, 0
u,0.6041647791862488, 0.3023236393928528, 0
u,0.6078276038169861, 0.31245243549346924, 0
u,0.560340404510498, 0.33578526973724365, 0
u,0.5789751410484314, 0.31358975172042847, 0
u,0.6041647791862488, 0.3023236393928528, 0
u,0.560340404510498, 0.33578526973724365, 0
u,0.5256937742233276, 0.29949086904525757, 0
u,0.566525936126709, 0.3068668842315674, 0
u,0.5664573907852173, 0.3127891421318054, 0
u,0.5716716647148132, 0.3157467246055603, 0
u,0.5789751410484314, 0.31358975172042847, 0
u,0.560340404510498, 0.33578526973724365, 0
u,0.5256937742233276, 0.29949086904525757, 0
u,0.5664573907852173, 0.3127891421318054, 0
u,0.5685908794403076, 0.31513458490371704, 0
u,0.5212464332580566, 0.31567496061325073, 0
u,0.5256937742233276, 0.29949086904525757, 0
u,0.5685908794403076, 0.31513458490371704, 0
u,0.5212464332580566, 0.31567496061325073, 0
u,0.5685908794403076, 0.31513458490371704, 0
u,0.5716716647148132, 0.3157467246055603, 0
u,0.5212464332580566, 0.31567496061325073, 0
u,0.5716716647148132, 0.3157467246055603, 0
u,0.560340404510498, 0.33578526973724365, 0
u,0.5198638439178467, 0.32662004232406616, 0
u,0.5212464332580566, 0.31567496061325073, 0
u,0.560340404510498, 0.33578526973724365, 0
u,0.5210822224617004, 0.3346403241157532, 0
u,0.5198638439178467, 0.32662004232406616, 0
u,0.560340404510498, 0.33578526973724365, 0
u,0.5210822224617004, 0.3346403241157532, 0
u,0.560340404510498, 0.33578526973724365, 0
u,0.5467942953109741, 0.34087055921554565, 0
u,0.5237405896186829, 0.3387598991394043, 0
u,0.5210822224617004, 0.3346403241157532, 0
u,0.5467942953109741, 0.34087055921554565, 0
u,0.5237405896186829, 0.3387598991394043, 0
u,0.5467942953109741, 0.34087055921554565, 0
u,0.5390282869338989, 0.3426437973976135, 0
u,0.5267872214317322, 0.34107011556625366, 0
u,0.5237405896186829, 0.3387598991394043, 0
u,0.5390282869338989, 0.3426437973976135, 0
u,0.5320403575897217, 0.34276825189590454, 0
u,0.5267872214317322, 0.34107011556625366, 0
u,0.5390282869338989, 0.3426437973976135, 0
u,0.6371588706970215, 0.7997471392154694, 0
u,0.6371581554412842, 0.8037620931863785, 0
u,0.5834190845489502, 0.802189514040947, 0
u,0.588456392288208, 0.16629594564437866, 0
u,0.5736044049263, 0.16630041599273682, 0
u,0.5868275165557861, 0.11255699396133423, 0
u,0.29172250628471375, 0.3018742799758911, 0
u,0.29172247648239136, 0.32629501819610596, 0
u,0.23798316717147827, 0.31339097023010254, 0
u,0.29172220826148987, 0.3331497311592102, 0
u,0.29172182083129883, 0.335929811000824, 0
u,0.23798257112503052, 0.33531367778778076, 0
u,0.7239016890525818, 0.3275163173675537, 0
u,0.723901629447937, 0.3202793002128601, 0
u,0.7776411175727844, 0.3274010419845581, 0
u,0.6371597647666931, 0.7862560451030731, 0
u,0.6371594667434692, 0.7937241941690445, 0
u,0.5834202766418457, 0.7902732640504837, 0
u,0.2917216420173645, 0.1945529580116272, 0
u,0.29172128438949585, 0.20270365476608276, 0
u,0.23798198997974396, 0.19893884658813477, 0
u,0.29172247648239136, 0.32629501819610596, 0
u,0.29172220826148987, 0.3331497311592102, 0
u,0.23798303306102753, 0.32949137687683105, 0
u,0.6371581554412842, 0.8037620931863785, 0
u,0.6371568441390991, 0.8076584041118622, 0
u,0.5834179520606995, 0.8064494878053665, 0
u,0.29172247648239136, 0.1883353590965271, 0
u,0.2917216420173645, 0.1945529580116272, 0
u,0.23798252642154694, 0.1918931007385254, 0
u,0.5834205150604248, 0.7728299200534821, 0
u,0.6371589303016663, 0.7481150329113007, 0
u,0.6371598839759827, 0.7733388394117355, 0
u,0.6371581554412842, 0.8037620931863785, 0
u,0.5834179520606995, 0.8064494878053665, 0
u,0.5834190845489502, 0.802189514040947, 0
u,0.29172247648239136, 0.1883353590965271, 0
u,0.23798252642154694, 0.1918931007385254, 0
u,0.23798345029354095, 0.18691545724868774, 0
u,0.5092340111732483, 0.019734740257263184, 0
u,0.5143566727638245, 0.07345515489578247, 0
u,0.5090346932411194, 0.07347530126571655, 0
u,0.23798193037509918, 0.23680299520492554, 0
u,0.2917211651802063, 0.21540147066116333, 0
u,0.2917213439941406, 0.2384624481201172, 0
u,0.7776411175727844, 0.18675845861434937, 0
u,0.7239017486572266, 0.18870067596435547, 0
u,0.7239017486572266, 0.1866489052772522, 0
u,0.9762714505195618, 0.2232896089553833, 0
u,0.9855983853340149, 0.2770288586616516, 0
u,0.9762714505195618, 0.27702897787094116, 0
u,0.2917216420173645, 0.1945529580116272, 0
u,0.23798198997974396, 0.19893884658813477, 0
u,0.23798252642154694, 0.1918931007385254, 0
u,0.7776411771774292, 0.19482332468032837, 0
u,0.7239017486572266, 0.21278411149978638, 0
u,0.7239017486572266, 0.1941695213317871, 0
u,0.7776411771774292, 0.21411848068237305, 0
u,0.7239015698432922, 0.29110342264175415, 0
u,0.7239017486572266, 0.21278411149978638, 0
u,0.7776409983634949, 0.2921598553657532, 0
u,0.7239015698432922, 0.30821263790130615, 0
u,0.7239015698432922, 0.29110342264175415, 0
u,0.977777361869812, 0.4156529903411865, 0
u,0.9843437075614929, 0.469357967376709, 0
u,0.9775587916374207, 0.469394326210022, 0
u,0.29172247648239136, 0.32629501819610596, 0
u,0.23798303306102753, 0.32949137687683105, 0
u,0.23798316717147827, 0.31339097023010254, 0
u,0.9659674763679504, 0.4157152771949768, 0
u,0.9710084795951843, 0.46942901611328125, 0
u,0.9659157395362854, 0.46945565938949585, 0
u,0.6477593183517456, 0.020353615283966064, 0
u,0.6513093113899231, 0.07408016920089722, 0
u,0.6476870179176331, 0.07409363985061646, 0
u,0.4781848192214966, 0.0737794041633606, 0
u,0.48378902673721313, 0.12749165296554565, 0
u,0.478109747171402, 0.12751984596252441, 0
u,0.6380710005760193, 0.02039092779159546, 0
u,0.6432180404663086, 0.07411068677902222, 0
u,0.6378790736198425, 0.07413148880004883, 0
u,0.49082472920417786, 0.07371658086776733, 0
u,0.4984993636608124, 0.12741845846176147, 0
u,0.49056655168533325, 0.12745791673660278, 0
u,0.6220855712890625, 0.020454466342926025, 0
u,0.6301721930503845, 0.07416194677352905, 0
u,0.6217767596244812, 0.07419556379318237, 0
u,0.506595253944397, 0.07363802194595337, 0
u,0.5113901495933533, 0.12735414505004883, 0
u,0.5065010190010071, 0.12737858295440674, 0
u,0.4781097173690796, 0.01985347270965576, 0
u,0.4816213846206665, 0.07357978820800781, 0
u,0.4781097173690796, 0.07359325885772705, 0
u,0.48608577251434326, 0.019822895526885986, 0
u,0.49110740423202515, 0.07354354858398438, 0
u,0.4859507977962494, 0.07356321811676025, 0
u,0.49804121255874634, 0.019777297973632812, 0
u,0.5037115216255188, 0.07349550724029541, 0
u,0.4977462589740753, 0.07351821660995483, 0
u,0.6045949459075928, 0.11255156993865967, 0
u,0.588456392288208, 0.16629594564437866, 0
u,0.5868275165557861, 0.11255699396133423, 0
u,0.23798289895057678, 0.2894722819328308, 0
u,0.2917213439941406, 0.2384624481201172, 0
u,0.29172250628471375, 0.3018742799758911, 0
u,0.9476528763771057, 0.7321555614471436, 0
u,0.970665454864502, 0.7858888655900955, 0
u,0.9476528763771057, 0.785894975066185, 0
u,0.9783074855804443, 0.7321477234363556, 0
u,0.9812574982643127, 0.7858867943286896, 0
u,0.9780519008636475, 0.7858871668577194, 0
u,0.23798176646232605, 0.21420973539352417, 0
u,0.29172128438949585, 0.20270365476608276, 0
u,0.2917211651802063, 0.21540147066116333, 0
u,0.723901629447937, 0.3202793002128601, 0
u,0.7776409983634949, 0.3198978900909424, 0
u,0.7776411175727844, 0.3274010419845581, 0
u,0.6096335649490356, 0.11254996061325073, 0
u,0.6116437315940857, 0.16628867387771606, 0
u,0.6094813942909241, 0.16628938913345337, 0
u,0.7776411771774292, 0.18888860940933228, 0
u,0.7239017486572266, 0.1941695213317871, 0
u,0.7239017486572266, 0.18870067596435547, 0
u,0.7776409983634949, 0.30893683433532715, 0
u,0.723901629447937, 0.3202793002128601, 0
u,0.7239015698432922, 0.30821263790130615, 0
u,0.5834196209907532, 0.7985763251781464, 0
u,0.6371594667434692, 0.7937241941690445, 0
u,0.6371588706970215, 0.7997471392154694, 0
u,0.5834205150604248, 0.7728299200534821, 0
u,0.6371597647666931, 0.7862560451030731, 0
u,0.5834202766418457, 0.7902732640504837, 0
u,0.7776411175727844, 0.3274010419845581, 0
u,0.7239017486572266, 0.3306230306625366, 0
u,0.7239016890525818, 0.3275163173675537, 0
u,0.5736044049263, 0.16630041599273682, 0
u,0.5736044049263, 0.11256104707717896, 0
u,0.5868275165557861, 0.11255699396133423, 0
u,0.05373963341116905, 0.11647218465805054, 0
u,2.494107036454807e-07, 0.12351679801940918, 0
u,2.3337969423664617e-07, 0.11630403995513916, 0
u,0.05373949557542801, 0.10413175821304321, 0
u,1.7650900474563969e-07, 0.10923361778259277, 0
u,8.648314064885199e-08, 0.10387438535690308, 0
u,0.053739581257104874, 0.10954225063323975, 0
u,2.3337969423664617e-07, 0.11630403995513916, 0
u,1.7650900474563969e-07, 0.10923361778259277, 0
u,0.971113920211792, 0.41568827629089355, 0
u,0.9775587916374207, 0.469394326210022, 0
u,0.9710084795951843, 0.46942901611328125, 0
u,0.9615795612335205, 0.41573792695999146, 0
u,0.9659157395362854, 0.46945565938949585, 0
u,0.9615795612335205, 0.4694780111312866, 0
u,0.9845103025436401, 0.41561686992645264, 0
u,0.9902806282043457, 0.4693257212638855, 0
u,0.9843437075614929, 0.469357967376709, 0
u,0.6433519721031189, 0.020370423793792725, 0
u,0.6476870179176331, 0.07409363985061646, 0
u,0.6432180404663086, 0.07411068677902222, 0
u,0.6371588706970215, 0.7997471392154694, 0
u,0.5834190845489502, 0.802189514040947, 0
u,0.5834196209907532, 0.7985763251781464, 0
u,0.4839615821838379, 0.07375073432922363, 0
u,0.49056655168533325, 0.12745791673660278, 0
u,0.48378902673721313, 0.12749165296554565, 0
u,0.6305242776870728, 0.020420730113983154, 0
u,0.6378790736198425, 0.07413148880004883, 0
u,0.6301721930503845, 0.07416194677352905, 0
u,0.4988357126712799, 0.0736767053604126, 0
u,0.5065010190010071, 0.12737858295440674, 0
u,0.4984993636608124, 0.12741845846176147, 0
u,0.5114441514015198, 0.07361382246017456, 0
u,0.515558660030365, 0.12733334302902222, 0
u,0.5113901495933533, 0.12735414505004883, 0
u,0.4816957712173462, 0.019839704036712646, 0
u,0.4859507977962494, 0.07356321811676025, 0
u,0.4816213846206665, 0.07357978820800781, 0
u,0.4912993907928467, 0.019802987575531006, 0
u,0.4977462589740753, 0.07351821660995483, 0
u,0.49110740423202515, 0.07354354858398438, 0
u,0.053739629685878754, 0.13688009977340698, 0
u,4.29074642482874e-09, 0.18145006895065308, 0
u,2.3113543079489318e-07, 0.13565337657928467, 0
u,0.5834194421768188, 0.7463788092136383, 0
u,0.6371573805809021, 0.7183313071727753, 0
u,0.6371589303016663, 0.7481150329113007, 0
u,0.29172220826148987, 0.3331497311592102, 0
u,0.23798257112503052, 0.33531367778778076, 0
u,0.23798303306102753, 0.32949137687683105, 0
u,0.053739406168460846, 0.10084515810012817, 0
u,8.648314064885199e-08, 0.10387438535690308, 0
u,6.296962951068963e-10, 0.100638747215271, 0
u,0.9713143706321716, 0.7321493029594421, 0
u,0.9780519008636475, 0.7858871668577194, 0
u,0.970665454864502, 0.7858888655900955, 0
u,0.9814394116401672, 0.7321473956108093, 0
u,0.9833573698997498, 0.7858868837356567, 0
u,0.9812574982643127, 0.7858867943286896, 0
u,0.6147952079772949, 0.020484209060668945, 0
u,0.6217767596244812, 0.07419556379318237, 0
u,0.6145781874656677, 0.07422494888305664, 0
u,0.5039130449295044, 0.01975494623184204, 0
u,0.5090346932411194, 0.07347530126571655, 0
u,0.5037115216255188, 0.07349550724029541, 0
u,0.6045949459075928, 0.11255156993865967, 0
u,0.6094813942909241, 0.16628938913345337, 0
u,0.604340136051178, 0.16629105806350708, 0
u,0.17153562605381012, 0.0141829252243042, 0
u,0.1623138189315796, 0.067920982837677, 0
u,0.1623138189315796, 0.01418161392211914, 0
u,0.29172250628471375, 0.3018742799758911, 0
u,0.23798316717147827, 0.31339097023010254, 0
u,0.23798289895057678, 0.2894722819328308, 0
u,0.053739652037620544, 0.12399011850357056, 0
u,0.053739629685878754, 0.13688009977340698, 0
u,2.3113543079489318e-07, 0.13565337657928467, 0
u,0.5834205150604248, 0.7728299200534821, 0
u,0.5834194421768188, 0.7463788092136383, 0
u,0.6371589303016663, 0.7481150329113007, 0
u,0.5092340111732483, 0.019734740257263184, 0
u,0.5144933462142944, 0.019714832305908203, 0
u,0.5143566727638245, 0.07345515489578247, 0
u,0.23798193037509918, 0.23680299520492554, 0
u,0.23798176646232605, 0.21420973539352417, 0
u,0.2917211651802063, 0.21540147066116333, 0
u,0.7776411175727844, 0.18675845861434937, 0
u,0.7776411771774292, 0.18888860940933228, 0
u,0.7239017486572266, 0.18870067596435547, 0
u,0.9762714505195618, 0.2232896089553833, 0
u,0.9856473803520203, 0.22328948974609375, 0
u,0.9855983853340149, 0.2770288586616516, 0
u,0.7776411771774292, 0.19482332468032837, 0
u,0.7776411771774292, 0.21411848068237305, 0
u,0.7239017486572266, 0.21278411149978638, 0
u,0.7776411771774292, 0.21411848068237305, 0
u,0.7776409983634949, 0.2921598553657532, 0
u,0.7239015698432922, 0.29110342264175415, 0
u,0.7776409983634949, 0.2921598553657532, 0
u,0.7776409983634949, 0.30893683433532715, 0
u,0.7239015698432922, 0.30821263790130615, 0
u,0.977777361869812, 0.4156529903411865, 0
u,0.9845103025436401, 0.41561686992645264, 0
u,0.9843437075614929, 0.469357967376709, 0
u,0.9659674763679504, 0.4157152771949768, 0
u,0.971113920211792, 0.41568827629089355, 0
u,0.9710084795951843, 0.46942901611328125, 0
u,0.6477593183517456, 0.020353615283966064, 0
u,0.6513093113899231, 0.020340442657470703, 0
u,0.6513093113899231, 0.07408016920089722, 0
u,0.4781848192214966, 0.0737794041633606, 0
u,0.4839615821838379, 0.07375073432922363, 0
u,0.48378902673721313, 0.12749165296554565, 0
u,0.6380710005760193, 0.02039092779159546, 0
u,0.6433519721031189, 0.020370423793792725, 0
u,0.6432180404663086, 0.07411068677902222, 0
u,0.49082472920417786, 0.07371658086776733, 0
u,0.4988357126712799, 0.0736767053604126, 0
u,0.4984993636608124, 0.12741845846176147, 0
u,0.6220855712890625, 0.020454466342926025, 0
u,0.6305242776870728, 0.020420730113983154, 0
u,0.6301721930503845, 0.07416194677352905, 0
u,0.506595253944397, 0.07363802194595337, 0
u,0.5114441514015198, 0.07361382246017456, 0
u,0.5113901495933533, 0.12735414505004883, 0
u,0.4781097173690796, 0.01985347270965576, 0
u,0.4816957712173462, 0.019839704036712646, 0
u,0.4816213846206665, 0.07357978820800781, 0
u,0.48608577251434326, 0.019822895526885986, 0
u,0.4912993907928467, 0.019802987575531006, 0
u,0.49110740423202515, 0.07354354858398438, 0
u,0.49804121255874634, 0.019777297973632812, 0
u,0.5039130449295044, 0.01975494623184204, 0
u,0.5037115216255188, 0.07349550724029541, 0
u,0.6045949459075928, 0.11255156993865967, 0
u,0.604340136051178, 0.16629105806350708, 0
u,0.588456392288208, 0.16629594564437866, 0
u,0.23798289895057678, 0.2894722819328308, 0
u,0.23798193037509918, 0.23680299520492554, 0
u,0.2917213439941406, 0.2384624481201172, 0
u,0.9476528763771057, 0.7321555614471436, 0
u,0.9713143706321716, 0.7321493029594421, 0
u,0.970665454864502, 0.7858888655900955, 0
u,0.9783074855804443, 0.7321477234363556, 0
u,0.9814394116401672, 0.7321473956108093, 0
u,0.9812574982643127, 0.7858867943286896, 0
u,0.23798176646232605, 0.21420973539352417, 0
u,0.23798198997974396, 0.19893884658813477, 0
u,0.29172128438949585, 0.20270365476608276, 0
u,0.6096335649490356, 0.11254996061325073, 0
u,0.6117165088653564, 0.11254924535751343, 0
u,0.6116437315940857, 0.16628867387771606, 0
u,0.7776411771774292, 0.18888860940933228, 0
u,0.7776411771774292, 0.19482332468032837, 0
u,0.7239017486572266, 0.1941695213317871, 0
u,0.7776409983634949, 0.30893683433532715, 0
u,0.7776409983634949, 0.3198978900909424, 0
u,0.723901629447937, 0.3202793002128601, 0
u,0.5834196209907532, 0.7985763251781464, 0
u,0.5834202766418457, 0.7902732640504837, 0
u,0.6371594667434692, 0.7937241941690445, 0
u,0.5834205150604248, 0.7728299200534821, 0
u,0.6371598839759827, 0.7733388394117355, 0
u,0.6371597647666931, 0.7862560451030731, 0
u,0.7776411175727844, 0.3274010419845581, 0
u,0.7776411771774292, 0.33077341318130493, 0
u,0.7239017486572266, 0.3306230306625366, 0
u,0.05373963341116905, 0.11647218465805054, 0
u,0.053739652037620544, 0.12399011850357056, 0
u,2.494107036454807e-07, 0.12351679801940918, 0
u,0.05373949557542801, 0.10413175821304321, 0
u,0.053739581257104874, 0.10954225063323975, 0
u,1.7650900474563969e-07, 0.10923361778259277, 0
u,0.053739581257104874, 0.10954225063323975, 0
u,0.05373963341116905, 0.11647218465805054, 0
u,2.3337969423664617e-07, 0.11630403995513916, 0
u,0.971113920211792, 0.41568827629089355, 0
u,0.977777361869812, 0.4156529903411865, 0
u,0.9775587916374207, 0.469394326210022, 0
u,0.9615795612335205, 0.41573792695999146, 0
u,0.9659674763679504, 0.4157152771949768, 0
u,0.9659157395362854, 0.46945565938949585, 0
u,0.9845103025436401, 0.41561686992645264, 0
u,0.9903849959373474, 0.415584921836853, 0
u,0.9902806282043457, 0.4693257212638855, 0
u,0.6433519721031189, 0.020370423793792725, 0
u,0.6477593183517456, 0.020353615283966064, 0
u,0.6476870179176331, 0.07409363985061646, 0
u,0.4839615821838379, 0.07375073432922363, 0
u,0.49082472920417786, 0.07371658086776733, 0
u,0.49056655168533325, 0.12745791673660278, 0
u,0.6305242776870728, 0.020420730113983154, 0
u,0.6380710005760193, 0.02039092779159546, 0
u,0.6378790736198425, 0.07413148880004883, 0
u,0.4988357126712799, 0.0736767053604126, 0
u,0.506595253944397, 0.07363802194595337, 0
u,0.5065010190010071, 0.12737858295440674, 0
u,0.5114441514015198, 0.07361382246017456, 0
u,0.515558660030365, 0.07359325885772705, 0
u,0.515558660030365, 0.12733334302902222, 0
u,0.4816957712173462, 0.019839704036712646, 0
u,0.48608577251434326, 0.019822895526885986, 0
u,0.4859507977962494, 0.07356321811676025, 0
u,0.4912993907928467, 0.019802987575531006, 0
u,0.49804121255874634, 0.019777297973632812, 0
u,0.4977462589740753, 0.07351821660995483, 0
u,0.053739629685878754, 0.13688009977340698, 0
u,0.053739406168460846, 0.18144947290420532, 0
u,4.29074642482874e-09, 0.18145006895065308, 0
u,0.5834194421768188, 0.7463788092136383, 0
u,0.5834179520606995, 0.7183252274990082, 0
u,0.6371573805809021, 0.7183313071727753, 0
u,0.053739406168460846, 0.10084515810012817, 0
u,0.05373949557542801, 0.10413175821304321, 0
u,8.648314064885199e-08, 0.10387438535690308, 0
u,0.9713143706321716, 0.7321493029594421, 0
u,0.9783074855804443, 0.7321477234363556, 0
u,0.9780519008636475, 0.7858871668577194, 0
u,0.9814394116401672, 0.7321473956108093, 0
u,0.9838380813598633, 0.7321475744247437, 0
u,0.9833573698997498, 0.7858868837356567, 0
u,0.6147952079772949, 0.020484209060668945, 0
u,0.6220855712890625, 0.020454466342926025, 0
u,0.6217767596244812, 0.07419556379318237, 0
u,0.5039130449295044, 0.01975494623184204, 0
u,0.5092340111732483, 0.019734740257263184, 0
u,0.5090346932411194, 0.07347530126571655, 0
u,0.6045949459075928, 0.11255156993865967, 0
u,0.6096335649490356, 0.11254996061325073, 0
u,0.6094813942909241, 0.16628938913345337, 0
u,0.17153562605381012, 0.0141829252243042, 0
u,0.17157338559627533, 0.06792229413986206, 0
u,0.1623138189315796, 0.067920982837677, 0
