v,0.00010765579645521939, -0.009211396798491478, 0.007292098831385374
v,0.00025953692966140807, -0.009023156948387623, 0.007016079034656286
v,5.650309049087809e-06, -0.009337821044027805, 0.005588795058429241
v,-0.0011099649127572775, -0.010720501653850079, 0.0066463216207921505
v,0.00010765579645521939, -0.009211396798491478, 0.007292098831385374
v,5.650309049087809e-06, -0.009337821044027805, 0.005588795058429241
v,-0.0017426609992980957, -0.011504658497869968, 0.006361208390444517
v,-0.0011099649127572775, -0.010720501653850079, 0.0066463216207921505
v,5.650309049087809e-06, -0.009337821044027805, 0.005588795058429241
v,-0.0017736180452629924, -0.011543026193976402, 0.005563417915254831
v,-0.0017426609992980957, -0.011504658497869968, 0.006361208390444517
v,5.650309049087809e-06, -0.009337821044027805, 0.005588795058429241
v,-0.0019060304621234536, -0.011707136407494545, 0.004070604220032692
v,-0.0017736180452629924, -0.011543026193976402, 0.005563417915254831
v,5.650309049087809e-06, -0.009337821044027805, 0.005588795058429241
v,-0.0019060304621234536, -0.011707136407494545, 0.004070604220032692
v,5.650309049087809e-06, -0.009337821044027805, 0.005588795058429241
v,-0.000432754575740546, -0.009881175123155117, 0.0028801618609577417
v,-0.002014834200963378, -0.011841986328363419, 0.0030786623246967793
v,-0.0019060304621234536, -0.011707136407494545, 0.004070604220032692
v,-0.000432754575740546, -0.009881175123155117, 0.0028801618609577417
v,-0.0024159587919712067, -0.012339135631918907, 0.0028640436939895153
v,-0.002014834200963378, -0.011841986328363419, 0.0030786623246967793
v,-0.000432754575740546, -0.009881175123155117, 0.0028801618609577417
v,0.0008362648077309132, -0.008308366872370243, 0.0028866964858025312
v,0.001612150575965643, -0.007346743252128363, 0.0029681306332349777
v,0.001668179640546441, -0.007277301512658596, 0.002880039159208536
v,-0.0024159587919712067, -0.012339135631918907, 0.0028640436939895153
v,-0.000432754575740546, -0.009881175123155117, 0.0028801618609577417
v,0.0008362648077309132, -0.008308366872370243, 0.0028866964858025312
v,-0.0024159587919712067, -0.012339135631918907, 0.0028640436939895153
v,0.0008362648077309132, -0.008308366872370243, 0.0028866964858025312
v,0.001668179640546441, -0.007277301512658596, 0.002880039159208536
v,-0.0024159587919712067, -0.012339135631918907, 0.0028640436939895153
v,0.001668179640546441, -0.007277301512658596, 0.002880039159208536
v,0.001501296879723668, -0.007484134286642075, 0.001898001180961728
v,-0.0031716027297079563, -0.013275671750307083, 0.0024978567380458117
v,-0.0024159587919712067, -0.012339135631918907, 0.0028640436939895153
v,0.001501296879723668, -0.007484134286642075, 0.001898001180961728
v,-0.0037464392371475697, -0.013988117687404156, 0.00227137072943151
v,-0.0031716027297079563, -0.013275671750307083, 0.0024978567380458117
v,0.001501296879723668, -0.007484134286642075, 0.001898001180961728
v,-0.003849004628136754, -0.014115236699581146, 0.0016298796981573105
v,-0.0037464392371475697, -0.013988117687404156, 0.00227137072943151
v,0.001501296879723668, -0.007484134286642075, 0.001898001180961728
v,0.00028772474615834653, -0.014115314930677414, 0.0016294361557811499
v,-0.0024331151507794857, -0.012360398657619953, -9.664555363997351e-06
v,5.840267112944275e-05, -0.014399534091353416, -0.00011102457938250154
v,-0.003849004628136754, -0.014115236699581146, 0.0016298796981573105
v,0.001501296879723668, -0.007484134286642075, 0.001898001180961728
v,-0.0022181381937116385, -0.012093959376215935, 0.0016296994872391224
v,-0.0022181381937116385, -0.012093959376215935, 0.0016296994872391224
v,0.001501296879723668, -0.007484134286642075, 0.001898001180961728
v,-0.0005996429244987667, -0.010088014416396618, 0.001629834994673729
v,-0.0005996429244987667, -0.010088014416396618, 0.001629834994673729
v,0.001501296879723668, -0.007484134286642075, 0.001898001180961728
v,0.0005549914785660803, -0.008656973950564861, 0.0016253055073320866
v,0.001470027258619666, -0.0075228894129395485, 0.0015410184860229492
v,0.0005549914785660803, -0.008656973950564861, 0.0016253055073320866
v,0.001501296879723668, -0.007484134286642075, 0.001898001180961728
v,-0.0022181381937116385, -0.012093959376215935, 0.0016296994872391224
v,-0.0005996429244987667, -0.010088014416396618, 0.001629834994673729
v,-0.0008021888206712902, -0.010339047759771347, 0.0004214562941342592
v,-0.0024331151507794857, -0.012360398657619953, -9.664555363997351e-06
v,-0.0022181381937116385, -0.012093959376215935, 0.0016296994872391224
v,-0.0008021888206712902, -0.010339047759771347, 0.0004214562941342592
v,-0.0024331151507794857, -0.012360398657619953, -9.664555363997351e-06
v,-0.0008021888206712902, -0.010339047759771347, 0.0004214562941342592
v,-0.0012420740677043796, -0.010884235613048077, -0.0026998016983270645
v,-0.00303718913346529, -0.013109080493450165, -0.004244903102517128
v,-0.0024331151507794857, -0.012360398657619953, -9.664555363997351e-06
v,-0.0012420740677043796, -0.010884235613048077, -0.0026998016983270645
v,-0.00303718913346529, -0.013109080493450165, -0.004244903102517128
v,-0.0012420740677043796, -0.010884235613048077, -0.0026998016983270645
v,-0.0014853349421173334, -0.011185730807483196, -0.004688104148954153
v,-0.00303718913346529, -0.013109080493450165, -0.004244903102517128
v,-0.0014853349421173334, -0.011185730807483196, -0.004688104148954153
v,-0.0015600856859236956, -0.01127837598323822, -0.005502657499164343
v,-0.0032749928068369627, -0.013403812423348427, -0.005971146747469902
v,-0.00303718913346529, -0.013109080493450165, -0.004244903102517128
v,-0.0015600856859236956, -0.01127837598323822, -0.005502657499164343
v,-9.030271939991508e-06, -0.009356015361845493, -0.005457043647766113
v,0.0004662939754780382, -0.008766904473304749, -0.00486110569909215
v,0.0006410439382307231, -0.008550320751965046, -0.005508878268301487
v,-9.030271939991508e-06, -0.009356015361845493, -0.005457043647766113
v,0.0006410439382307231, -0.008550320751965046, -0.005508878268301487
v,-0.0006574146100319922, -0.01015961542725563, -0.007010831963270903
v,-0.0003942834446206689, -0.009833494201302528, -0.005860411562025547
v,-9.030271939991508e-06, -0.009356015361845493, -0.005457043647766113
v,-0.0006574146100319922, -0.01015961542725563, -0.007010831963270903
v,-0.0032749928068369627, -0.013403812423348427, -0.005971146747469902
v,-0.0015600856859236956, -0.01127837598323822, -0.005502657499164343
v,-0.0015626621898263693, -0.011281568557024002, -0.005900413729250431
v,-0.0032749928068369627, -0.013403812423348427, -0.005971146747469902
v,-0.0015626621898263693, -0.011281568557024002, -0.005900413729250431
v,-0.0015146652003750205, -0.011222082190215588, -0.006112164352089167
v,-0.0007454786100424826, -0.010268760845065117, -0.006173199974000454
v,-0.0003942834446206689, -0.009833494201302528, -0.005860411562025547
v,-0.0006574146100319922, -0.01015961542725563, -0.007010831963270903
v,-0.0032749928068369627, -0.013403812423348427, -0.005971146747469902
v,-0.0015146652003750205, -0.011222082190215588, -0.006112164352089167
v,-0.0014551009517163038, -0.011148259043693542, -0.00623314781114459
v,-0.0009365418227389455, -0.010505562648177147, -0.006303301081061363
v,-0.0007454786100424826, -0.010268760845065117, -0.006173199974000454
v,-0.0006574146100319922, -0.01015961542725563, -0.007010831963270903
v,-0.0033253012225031853, -0.013466163538396358, -0.0065788994543254375
v,-0.0032749928068369627, -0.013403812423348427, -0.005971146747469902
v,-0.0014551009517163038, -0.011148259043693542, -0.00623314781114459
v,-0.0033253012225031853, -0.013466163538396358, -0.0065788994543254375
v,-0.0014551009517163038, -0.011148259043693542, -0.00623314781114459
v,-0.0013676282251253724, -0.011039845645427704, -0.006332270801067352
v,-0.0011297401506453753, -0.01074501033872366, -0.006380496080964804
v,-0.0009365418227389455, -0.010505562648177147, -0.006303301081061363
v,-0.0006574146100319922, -0.01015961542725563, -0.007010831963270903
v,-0.0033253012225031853, -0.013466163538396358, -0.0065788994543254375
v,-0.0013676282251253724, -0.011039845645427704, -0.006332270801067352
v,-0.0012674928875640035, -0.010915739461779594, -0.006379885133355856
v,-0.0033253012225031853, -0.013466163538396358, -0.0065788994543254375
v,-0.0012674928875640035, -0.010915739461779594, -0.006379885133355856
v,-0.0011297401506453753, -0.01074501033872366, -0.006380496080964804
v,-0.0033253012225031853, -0.013466163538396358, -0.0065788994543254375
v,-0.0011297401506453753, -0.01074501033872366, -0.006380496080964804
v,-0.0006574146100319922, -0.01015961542725563, -0.007010831963270903
v,-0.003320852527394891, -0.013460650108754635, -0.007086336612701416
v,-0.0033253012225031853, -0.013466163538396358, -0.0065788994543254375
v,-0.0006574146100319922, -0.01015961542725563, -0.007010831963270903
v,-0.0032653938978910446, -0.013391914777457714, -0.00748786423355341
v,-0.003320852527394891, -0.013460650108754635, -0.007086336612701416
v,-0.0006574146100319922, -0.01015961542725563, -0.007010831963270903
v,-0.0032653938978910446, -0.013391914777457714, -0.00748786423355341
v,-0.0006574146100319922, -0.01015961542725563, -0.007010831963270903
v,-0.001290615415200591, -0.010944397188723087, -0.007639928255230188
v,-0.0031605656258761883, -0.013261991553008556, -0.007815242744982243
v,-0.0032653938978910446, -0.013391914777457714, -0.00748786423355341
v,-0.001290615415200591, -0.010944397188723087, -0.007639928255230188
v,-0.0031605656258761883, -0.013261991553008556, -0.007815242744982243
v,-0.001290615415200591, -0.010944397188723087, -0.007639928255230188
v,-0.0016558406641706824, -0.011397053487598896, -0.007949842140078545
v,-0.0030262162908911705, -0.01309548132121563, -0.008044200018048286
v,-0.0031605656258761883, -0.013261991553008556, -0.007815242744982243
v,-0.0016558406641706824, -0.011397053487598896, -0.007949842140078545
v,-0.0030262162908911705, -0.01309548132121563, -0.008044200018048286
v,-0.0016558406641706824, -0.011397053487598896, -0.007949842140078545
v,-0.001952840480953455, -0.011765151284635067, -0.008144711144268513
v,-0.002870034659281373, -0.01290191151201725, -0.008205927908420563
v,-0.0030262162908911705, -0.01309548132121563, -0.008044200018048286
v,-0.001952840480953455, -0.011765151284635067, -0.008144711144268513
v,-0.002870034659281373, -0.01290191151201725, -0.008205927908420563
v,-0.001952840480953455, -0.011765151284635067, -0.008144711144268513
v,-0.0022112836595624685, -0.012085462920367718, -0.008268043398857117
v,-0.002659992780536413, -0.012641587294638157, -0.00830821692943573
v,-0.002870034659281373, -0.01290191151201725, -0.008205927908420563
v,-0.0022112836595624685, -0.012085462920367718, -0.008268043398857117
v,-0.002659992780536413, -0.012641587294638157, -0.00830821692943573
v,-0.0022112836595624685, -0.012085462920367718, -0.008268043398857117
v,-0.0024354562629014254, -0.01236329972743988, -0.008323714137077332
v,0.0013498738408088684, -0.012798899784684181, 0.006624128203839064
v,0.0027631008997559547, -0.011047362349927425, 0.007019604090601206
v,0.002613385906443, -0.011232917197048664, 0.007291222922503948
v,0.0007634033099748194, -0.01352576445788145, 0.006361703854054213
v,0.0027631008997559547, -0.011047362349927425, 0.007019604090601206
v,0.0013498738408088684, -0.012798899784684181, 0.006624128203839064
v,0.0007269495399668813, -0.013570944778621197, 0.0054892064072191715
v,0.0027631008997559547, -0.011047362349927425, 0.007019604090601206
v,0.0007634033099748194, -0.01352576445788145, 0.006361703854054213
v,0.0007269495399668813, -0.013570944778621197, 0.0054892064072191715
v,0.002327915281057358, -0.011586726643145084, 0.004490463063120842
v,0.0027631008997559547, -0.011047362349927425, 0.007019604090601206
v,0.0005898099625483155, -0.013740913942456245, 0.003975763916969299
v,0.002327915281057358, -0.011586726643145084, 0.004490463063120842
v,0.0007269495399668813, -0.013570944778621197, 0.0054892064072191715
v,0.0005898099625483155, -0.013740913942456245, 0.003975763916969299
v,0.0020751631818711758, -0.011899984441697598, 0.002880045212805271
v,0.002327915281057358, -0.011586726643145084, 0.004490463063120842
v,0.0004907851689495146, -0.013863644562661648, 0.0030786620918661356
v,0.0020751631818711758, -0.011899984441697598, 0.002880045212805271
v,0.0005898099625483155, -0.013740913942456245, 0.003975763916969299
v,-0.0002927575260400772, -0.014834757894277573, 0.0026681888848543167
v,0.0020751631818711758, -0.011899984441697598, 0.002880045212805271
v,0.0004907851689495146, -0.013863644562661648, 0.0030786620918661356
v,0.003309100866317749, -0.010370655916631222, 0.0028854135889559984
v,0.004173798952251673, -0.009298959746956825, 0.0028800389263778925
v,0.004117246251553297, -0.009369050152599812, 0.002967200707644224
v,-0.0002927575260400772, -0.014834757894277573, 0.0026681888848543167
v,0.003309100866317749, -0.010370655916631222, 0.0028854135889559984
v,0.0020751631818711758, -0.011899984441697598, 0.002880045212805271
v,-0.0002927575260400772, -0.014834757894277573, 0.0026681888848543167
v,0.004173798952251673, -0.009298959746956825, 0.0028800389263778925
v,0.003309100866317749, -0.010370655916631222, 0.0028854135889559984
v,-0.0002927575260400772, -0.014834757894277573, 0.0026681888848543167
v,0.004008697345852852, -0.00950358435511589, 0.0019106508698314428
v,0.004173798952251673, -0.009298959746956825, 0.0028800389263778925
v,-0.001241243677213788, -0.016010301187634468, 0.002267698058858514
v,0.004008697345852852, -0.00950358435511589, 0.0019106508698314428
v,-0.0002927575260400772, -0.014834757894277573, 0.0026681888848543167
v,-0.0013433853164315224, -0.0161368940025568, 0.0016298794653266668
v,0.004008697345852852, -0.00950358435511589, 0.0019106508698314428
v,-0.001241243677213788, -0.016010301187634468, 0.002267698058858514
v,-0.0013433853164315224, -0.0161368940025568, 0.0016298794653266668
v,0.00028772474615834653, -0.014115314930677414, 0.0016294361557811499
v,0.004008697345852852, -0.00950358435511589, 0.0019106508698314428
v,0.00028772474615834653, -0.014115314930677414, 0.0016294361557811499
v,0.0019035355653613806, -0.012112697586417198, 0.0016296361573040485
v,0.004008697345852852, -0.00950358435511589, 0.0019106508698314428
v,0.0019035355653613806, -0.012112697586417198, 0.0016296361573040485
v,0.003089168108999729, -0.010643238201737404, 0.0016241339035332203
v,0.004008697345852852, -0.00950358435511589, 0.0019106508698314428
v,0.003975835163146257, -0.009544312953948975, 0.0015403584111481905
v,0.004008697345852852, -0.00950358435511589, 0.0019106508698314428
v,0.003089168108999729, -0.010643238201737404, 0.0016241339035332203
v,5.840267112944275e-05, -0.014399534091353416, -0.00011102457938250154
v,0.0019035355653613806, -0.012112697586417198, 0.0016296361573040485
v,0.00028772474615834653, -0.014115314930677414, 0.0016294361557811499
v,5.840267112944275e-05, -0.014399534091353416, -0.00011102457938250154
v,0.0015653041191399097, -0.01253189705312252, -0.0004985659616068006
v,0.0019035355653613806, -0.012112697586417198, 0.0016296361573040485
v,-0.0005500048864632845, -0.015153586864471436, -0.004375101067125797
v,0.0015653041191399097, -0.01253189705312252, -0.0004985659616068006
v,5.840267112944275e-05, -0.014399534091353416, -0.00011102457938250154
v,-0.0005500048864632845, -0.015153586864471436, -0.004375101067125797
v,0.001073581981472671, -0.013141332194209099, -0.004197635687887669
v,0.0015653041191399097, -0.01253189705312252, -0.0004985659616068006
v,-0.0005500048864632845, -0.015153586864471436, -0.004375101067125797
v,0.0009481075685471296, -0.013296843506395817, -0.005462834145873785
v,0.001073581981472671, -0.013141332194209099, -0.004197635687887669
v,0.0025634539779275656, -0.011294801719486713, -0.005383580923080444
v,0.0031466633081436157, -0.010571978986263275, -0.005508878268301487
v,0.002970906672999263, -0.010789809748530388, -0.004856014158576727
v,-0.0007718564593233168, -0.015428546816110611, -0.005992354359477758
v,0.0009481075685471296, -0.013296843506395817, -0.005462834145873785
v,-0.0005500048864632845, -0.015153586864471436, -0.004375101067125797
v,0.0025634539779275656, -0.011294801719486713, -0.005383580923080444
v,0.0020110243931412697, -0.011979476548731327, -0.006834041327238083
v,0.0031466633081436157, -0.010571978986263275, -0.005508878268301487
v,0.0020830812864005566, -0.0118901701644063, -0.005887487903237343
v,0.0020110243931412697, -0.011979476548731327, -0.006834041327238083
v,0.0025634539779275656, -0.011294801719486713, -0.005383580923080444
v,-0.0007718564593233168, -0.015428546816110611, -0.005992354359477758
v,0.0009414343512617052, -0.013305113650858402, -0.005885280668735504
v,0.0009481075685471296, -0.013296843506395817, -0.005462834145873785
v,-0.0007718564593233168, -0.015428546816110611, -0.005992354359477758
v,0.0009875172981992364, -0.013247999362647533, -0.006102347746491432
v,0.0009414343512617052, -0.013305113650858402, -0.005885280668735504
v,0.0017471787286922336, -0.012306483462452888, -0.00618340726941824
v,0.0020110243931412697, -0.011979476548731327, -0.006834041327238083
v,0.0020830812864005566, -0.0118901701644063, -0.005887487903237343
v,-0.0007718564593233168, -0.015428546816110611, -0.005992354359477758
v,0.0010713244555518031, -0.013144129887223244, -0.006267334800213575
v,0.0009875172981992364, -0.013247999362647533, -0.006102347746491432
v,0.0015561524778604507, -0.012543239630758762, -0.0063103544525802135
v,0.0020110243931412697, -0.011979476548731327, -0.006834041327238083
v,0.0017471787286922336, -0.012306483462452888, -0.00618340726941824
v,-0.0008207819191738963, -0.01548918429762125, -0.006605044007301331
v,0.0010713244555518031, -0.013144129887223244, -0.006267334800213575
v,-0.0007718564593233168, -0.015428546816110611, -0.005992354359477758
v,-0.0008207819191738963, -0.01548918429762125, -0.006605044007301331
v,0.0012177402386441827, -0.012962663546204567, -0.006377675570547581
v,0.0010713244555518031, -0.013144129887223244, -0.006267334800213575
v,0.001384955015964806, -0.012755420058965683, -0.006377252284437418
v,0.0020110243931412697, -0.011979476548731327, -0.006834041327238083
v,0.0015561524778604507, -0.012543239630758762, -0.0063103544525802135
v,0.0012177402386441827, -0.012962663546204567, -0.006377675570547581
v,0.0020110243931412697, -0.011979476548731327, -0.006834041327238083
v,0.001384955015964806, -0.012755420058965683, -0.006377252284437418
v,-0.0008207819191738963, -0.01548918429762125, -0.006605044007301331
v,0.0020110243931412697, -0.011979476548731327, -0.006834041327238083
v,0.0012177402386441827, -0.012962663546204567, -0.006377675570547581
v,-0.0008129504276439548, -0.015479478053748608, -0.007117129396647215
v,0.0020110243931412697, -0.011979476548731327, -0.006834041327238083
v,-0.0008207819191738963, -0.01548918429762125, -0.006605044007301331
v,-0.0008129504276439548, -0.015479478053748608, -0.007117129396647215
v,0.0014681917382404208, -0.012652256526052952, -0.007397613953799009
v,0.0020110243931412697, -0.011979476548731327, -0.006834041327238083
v,-0.0007539355428889394, -0.015406335704028606, -0.007513565476983786
v,0.0014681917382404208, -0.012652256526052952, -0.007397613953799009
v,-0.0008129504276439548, -0.015479478053748608, -0.007117129396647215
v,-0.0007539355428889394, -0.015406335704028606, -0.007513565476983786
v,0.0010431335540488362, -0.013179069384932518, -0.007793176919221878
v,0.0014681917382404208, -0.012652256526052952, -0.007397613953799009
v,-0.0006457163253799081, -0.015272210352122784, -0.007835532538592815
v,0.0010431335540488362, -0.013179069384932518, -0.007793176919221878
v,-0.0007539355428889394, -0.015406335704028606, -0.007513565476983786
v,-0.0006457163253799081, -0.015272210352122784, -0.007835532538592815
v,0.0006575529114343226, -0.01365695334970951, -0.008084814995527267
v,0.0010431335540488362, -0.013179069384932518, -0.007793176919221878
v,-0.0004884974332526326, -0.015077355317771435, -0.0080870371311903
v,0.0006575529114343226, -0.01365695334970951, -0.008084814995527267
v,-0.0006457163253799081, -0.015272210352122784, -0.007835532538592815
v,-0.0003257609496358782, -0.014875661581754684, -0.008230895735323429
v,0.0006575529114343226, -0.01365695334970951, -0.008084814995527267
v,-0.0004884974332526326, -0.015077355317771435, -0.0080870371311903
v,-0.0003257609496358782, -0.014875661581754684, -0.008230895735323429
v,0.0003114024584647268, -0.014085968025028706, -0.008261587470769882
v,0.0006575529114343226, -0.01365695334970951, -0.008084814995527267
v,-0.00013822133769281209, -0.014643226750195026, -0.008312180638313293
v,0.0003114024584647268, -0.014085968025028706, -0.008261587470769882
v,-0.0003257609496358782, -0.014875661581754684, -0.008230895735323429
v,-0.00013822133769281209, -0.014643226750195026, -0.008312180638313293
v,8.486091246595606e-05, -0.01436674129217863, -0.008322015404701233
v,0.0003114024584647268, -0.014085968025028706, -0.008261587470769882
v,-0.0005996429244987667, -0.010088014416396618, 0.001629834994673729
v,0.0019035355653613806, -0.012112697586417198, 0.0016296361573040485
v,-0.0008021888206712902, -0.010339047759771347, 0.0004214562941342592
v,-0.0006574146100319922, -0.01015961542725563, -0.007010831963270903
v,0.0014681917382404208, -0.012652256526052952, -0.007397613953799009
v,-0.001290615415200591, -0.010944397188723087, -0.007639928255230188
v,0.00025953692966140807, -0.009023156948387623, 0.007016079034656286
v,0.0027631008997559547, -0.011047362349927425, 0.007019604090601206
v,5.650309049087809e-06, -0.009337821044027805, 0.005588795058429241
v,-0.0008021888206712902, -0.010339047759771347, 0.0004214562941342592
v,0.0015653041191399097, -0.01253189705312252, -0.0004985659616068006
v,-0.0012420740677043796, -0.010884235613048077, -0.0026998016983270645
v,-0.001290615415200591, -0.010944397188723087, -0.007639928255230188
v,0.0010431335540488362, -0.013179069384932518, -0.007793176919221878
v,-0.0016558406641706824, -0.011397053487598896, -0.007949842140078545
v,-0.0012420740677043796, -0.010884235613048077, -0.0026998016983270645
v,0.001073581981472671, -0.013141332194209099, -0.004197635687887669
v,-0.0014853349421173334, -0.011185730807483196, -0.004688104148954153
v,-0.0016558406641706824, -0.011397053487598896, -0.007949842140078545
v,0.0006575529114343226, -0.01365695334970951, -0.008084814995527267
v,-0.001952840480953455, -0.011765151284635067, -0.008144711144268513
v,-0.002870034659281373, -0.01290191151201725, -0.008205927908420563
v,-0.0004884974332526326, -0.015077355317771435, -0.0080870371311903
v,-0.0030262162908911705, -0.01309548132121563, -0.008044200018048286
v,5.650309049087809e-06, -0.009337821044027805, 0.005588795058429241
v,0.002327915281057358, -0.011586726643145084, 0.004490463063120842
v,-0.000432754575740546, -0.009881175123155117, 0.0028801618609577417
v,-9.030271939991508e-06, -0.009356015361845493, -0.005457043647766113
v,0.0025634539779275656, -0.011294801719486713, -0.005383580923080444
v,0.0004662939754780382, -0.008766904473304749, -0.00486110569909215
v,-0.0031716027297079563, -0.013275671750307083, 0.0024978567380458117
v,-0.0002927575260400772, -0.014834757894277573, 0.0026681888848543167
v,-0.0024159587919712067, -0.012339135631918907, 0.0028640436939895153
v,-0.0037464392371475697, -0.013988117687404156, 0.00227137072943151
v,-0.001241243677213788, -0.016010301187634468, 0.002267698058858514
v,-0.0031716027297079563, -0.013275671750307083, 0.0024978567380458117
v,-0.0014551009517163038, -0.011148259043693542, -0.00623314781114459
v,0.0010713244555518031, -0.013144129887223244, -0.006267334800213575
v,-0.0013676282251253724, -0.011039845645427704, -0.006332270801067352
v,-0.0013676282251253724, -0.011039845645427704, -0.006332270801067352
v,0.0012177402386441827, -0.012962663546204567, -0.006377675570547581
v,-0.0012674928875640035, -0.010915739461779594, -0.006379885133355856
v,-0.0012674928875640035, -0.010915739461779594, -0.006379885133355856
v,0.0012177402386441827, -0.012962663546204567, -0.006377675570547581
v,-0.0011297401506453753, -0.01074501033872366, -0.006380496080964804
v,-0.0008207819191738963, -0.01548918429762125, -0.006605044007301331
v,-0.003320852527394891, -0.013460650108754635, -0.007086336612701416
v,-0.0008129504276439548, -0.015479478053748608, -0.007117129396647215
v,0.0027631008997559547, -0.011047362349927425, 0.007019604090601206
v,0.00010765579645521939, -0.009211396798491478, 0.007292098831385374
v,0.002613385906443, -0.011232917197048664, 0.007291222922503948
v,-0.0008021888206712902, -0.010339047759771347, 0.0004214562941342592
v,0.0019035355653613806, -0.012112697586417198, 0.0016296361573040485
v,0.0015653041191399097, -0.01253189705312252, -0.0004985659616068006
v,-0.0006574146100319922, -0.01015961542725563, -0.007010831963270903
v,0.0020110243931412697, -0.011979476548731327, -0.006834041327238083
v,0.0014681917382404208, -0.012652256526052952, -0.007397613953799009
v,-0.0008129504276439548, -0.015479478053748608, -0.007117129396647215
v,-0.0032653938978910446, -0.013391914777457714, -0.00748786423355341
v,-0.0007539355428889394, -0.015406335704028606, -0.007513565476983786
v,0.002613385906443, -0.011232917197048664, 0.007291222922503948
v,-0.0011099649127572775, -0.010720501653850079, 0.0066463216207921505
v,0.0013498738408088684, -0.012798899784684181, 0.006624128203839064
v,-0.0007539355428889394, -0.015406335704028606, -0.007513565476983786
v,-0.0031605656258761883, -0.013261991553008556, -0.007815242744982243
v,-0.0006457163253799081, -0.015272210352122784, -0.007835532538592815
v,-0.001290615415200591, -0.010944397188723087, -0.007639928255230188
v,0.0014681917382404208, -0.012652256526052952, -0.007397613953799009
v,0.0010431335540488362, -0.013179069384932518, -0.007793176919221878
v,5.840267112944275e-05, -0.014399534091353416, -0.00011102457938250154
v,-0.00303718913346529, -0.013109080493450165, -0.004244903102517128
v,-0.0005500048864632845, -0.015153586864471436, -0.004375101067125797
v,0.0013498738408088684, -0.012798899784684181, 0.006624128203839064
v,-0.0017426609992980957, -0.011504658497869968, 0.006361208390444517
v,0.0007634033099748194, -0.01352576445788145, 0.006361703854054213
v,0.0007634033099748194, -0.01352576445788145, 0.006361703854054213
v,-0.0017736180452629924, -0.011543026193976402, 0.005563417915254831
v,0.0007269495399668813, -0.013570944778621197, 0.0054892064072191715
v,-0.0012420740677043796, -0.010884235613048077, -0.0026998016983270645
v,0.0015653041191399097, -0.01253189705312252, -0.0004985659616068006
v,0.001073581981472671, -0.013141332194209099, -0.004197635687887669
v,-0.0006457163253799081, -0.015272210352122784, -0.007835532538592815
v,-0.0030262162908911705, -0.01309548132121563, -0.008044200018048286
v,-0.0004884974332526326, -0.015077355317771435, -0.0080870371311903
v,-0.0016558406641706824, -0.011397053487598896, -0.007949842140078545
v,0.0010431335540488362, -0.013179069384932518, -0.007793176919221878
v,0.0006575529114343226, -0.01365695334970951, -0.008084814995527267
v,0.0031466633081436157, -0.010571978986263275, -0.005508878268301487
v,0.0004662939754780382, -0.008766904473304749, -0.00486110569909215
v,0.002970906672999263, -0.010789809748530388, -0.004856014158576727
v,5.650309049087809e-06, -0.009337821044027805, 0.005588795058429241
v,0.0027631008997559547, -0.011047362349927425, 0.007019604090601206
v,0.002327915281057358, -0.011586726643145084, 0.004490463063120842
v,-0.002870034659281373, -0.01290191151201725, -0.008205927908420563
v,-0.0003257609496358782, -0.014875661581754684, -0.008230895735323429
v,-0.0004884974332526326, -0.015077355317771435, -0.0080870371311903
v,0.0007269495399668813, -0.013570944778621197, 0.0054892064072191715
v,-0.0019060304621234536, -0.011707136407494545, 0.004070604220032692
v,0.0005898099625483155, -0.013740913942456245, 0.003975763916969299
v,0.0009481075685471296, -0.013296843506395817, -0.005462834145873785
v,-0.0014853349421173334, -0.011185730807483196, -0.004688104148954153
v,0.001073581981472671, -0.013141332194209099, -0.004197635687887669
v,0.0003114024584647268, -0.014085968025028706, -0.008261587470769882
v,-0.001952840480953455, -0.011765151284635067, -0.008144711144268513
v,0.0006575529114343226, -0.01365695334970951, -0.008084814995527267
v,-0.0005500048864632845, -0.015153586864471436, -0.004375101067125797
v,-0.0032749928068369627, -0.013403812423348427, -0.005971146747469902
v,-0.0007718564593233168, -0.015428546816110611, -0.005992354359477758
v,0.0004662939754780382, -0.008766904473304749, -0.00486110569909215
v,0.0025634539779275656, -0.011294801719486713, -0.005383580923080444
v,0.002970906672999263, -0.010789809748530388, -0.004856014158576727
v,-0.0003257609496358782, -0.014875661581754684, -0.008230895735323429
v,-0.002659992780536413, -0.012641587294638157, -0.00830821692943573
v,-0.00013822133769281209, -0.014643226750195026, -0.008312180638313293
v,0.0005898099625483155, -0.013740913942456245, 0.003975763916969299
v,-0.002014834200963378, -0.011841986328363419, 0.0030786623246967793
v,0.0004907851689495146, -0.013863644562661648, 0.0030786620918661356
v,-0.000432754575740546, -0.009881175123155117, 0.0028801618609577417
v,0.002327915281057358, -0.011586726643145084, 0.004490463063120842
v,0.0020751631818711758, -0.011899984441697598, 0.002880045212805271
v,8.486091246595606e-05, -0.01436674129217863, -0.008322015404701233
v,-0.0022112836595624685, -0.012085462920367718, -0.008268043398857117
v,0.0003114024584647268, -0.014085968025028706, -0.008261587470769882
v,0.0004907851689495146, -0.013863644562661648, 0.0030786620918661356
v,-0.0024159587919712067, -0.012339135631918907, 0.0028640436939895153
v,-0.0002927575260400772, -0.014834757894277573, 0.0026681888848543167
v,0.0020110243931412697, -0.011979476548731327, -0.006834041327238083
v,0.0006410439382307231, -0.008550320751965046, -0.005508878268301487
v,0.0031466633081436157, -0.010571978986263275, -0.005508878268301487
v,0.001668179640546441, -0.007277301512658596, 0.002880039159208536
v,0.004117246251553297, -0.009369050152599812, 0.002967200707644224
v,0.004173798952251673, -0.009298959746956825, 0.0028800389263778925
v,-0.00013822133769281209, -0.014643226750195026, -0.008312180638313293
v,-0.0024354562629014254, -0.01236329972743988, -0.008323714137077332
v,8.486091246595606e-05, -0.01436674129217863, -0.008322015404701233
v,-9.030271939991508e-06, -0.009356015361845493, -0.005457043647766113
v,0.0020830812864005566, -0.0118901701644063, -0.005887487903237343
v,0.0025634539779275656, -0.011294801719486713, -0.005383580923080444
v,0.0009414343512617052, -0.013305113650858402, -0.005885280668735504
v,-0.0015600856859236956, -0.01127837598323822, -0.005502657499164343
v,0.0009481075685471296, -0.013296843506395817, -0.005462834145873785
v,0.004117246251553297, -0.009369050152599812, 0.002967200707644224
v,0.0008362648077309132, -0.008308366872370243, 0.0028866964858025312
v,0.003309100866317749, -0.010370655916631222, 0.0028854135889559984
v,0.003309100866317749, -0.010370655916631222, 0.0028854135889559984
v,-0.000432754575740546, -0.009881175123155117, 0.0028801618609577417
v,0.0020751631818711758, -0.011899984441697598, 0.002880045212805271
v,0.004008697345852852, -0.00950358435511589, 0.0019106508698314428
v,0.001668179640546441, -0.007277301512658596, 0.002880039159208536
v,0.004173798952251673, -0.009298959746956825, 0.0028800389263778925
v,0.0009875172981992364, -0.013247999362647533, -0.006102347746491432
v,-0.0015626621898263693, -0.011281568557024002, -0.005900413729250431
v,0.0009414343512617052, -0.013305113650858402, -0.005885280668735504
v,0.0020830812864005566, -0.0118901701644063, -0.005887487903237343
v,-0.0007454786100424826, -0.010268760845065117, -0.006173199974000454
v,0.0017471787286922336, -0.012306483462452888, -0.00618340726941824
v,-0.001241243677213788, -0.016010301187634468, 0.002267698058858514
v,-0.003849004628136754, -0.014115236699581146, 0.0016298796981573105
v,-0.0013433853164315224, -0.0161368940025568, 0.0016298794653266668
v,-0.0031716027297079563, -0.013275671750307083, 0.0024978567380458117
v,-0.001241243677213788, -0.016010301187634468, 0.002267698058858514
v,-0.0002927575260400772, -0.014834757894277573, 0.0026681888848543167
v,-0.0014551009517163038, -0.011148259043693542, -0.00623314781114459
v,0.0009875172981992364, -0.013247999362647533, -0.006102347746491432
v,0.0010713244555518031, -0.013144129887223244, -0.006267334800213575
v,0.0017471787286922336, -0.012306483462452888, -0.00618340726941824
v,-0.0009365418227389455, -0.010505562648177147, -0.006303301081061363
v,0.0015561524778604507, -0.012543239630758762, -0.0063103544525802135
v,-0.0007718564593233168, -0.015428546816110611, -0.005992354359477758
v,-0.0033253012225031853, -0.013466163538396358, -0.0065788994543254375
v,-0.0008207819191738963, -0.01548918429762125, -0.006605044007301331
v,-0.0013433853164315224, -0.0161368940025568, 0.0016298794653266668
v,-0.0022181381937116385, -0.012093959376215935, 0.0016296994872391224
v,0.00028772474615834653, -0.014115314930677414, 0.0016294361557811499
v,0.0019035355653613806, -0.012112697586417198, 0.0016296361573040485
v,0.0005549914785660803, -0.008656973950564861, 0.0016253055073320866
v,0.003089168108999729, -0.010643238201737404, 0.0016241339035332203
v,0.0015561524778604507, -0.012543239630758762, -0.0063103544525802135
v,-0.0011297401506453753, -0.01074501033872366, -0.006380496080964804
v,0.001384955015964806, -0.012755420058965683, -0.006377252284437418
v,-0.0013676282251253724, -0.011039845645427704, -0.006332270801067352
v,0.0010713244555518031, -0.013144129887223244, -0.006267334800213575
v,0.0012177402386441827, -0.012962663546204567, -0.006377675570547581
v,0.003089168108999729, -0.010643238201737404, 0.0016241339035332203
v,0.001470027258619666, -0.0075228894129395485, 0.0015410184860229492
v,0.003975835163146257, -0.009544312953948975, 0.0015403584111481905
v,0.003975835163146257, -0.009544312953948975, 0.0015403584111481905
v,0.001501296879723668, -0.007484134286642075, 0.001898001180961728
v,0.004008697345852852, -0.00950358435511589, 0.0019106508698314428
v,-0.0011297401506453753, -0.01074501033872366, -0.006380496080964804
v,0.0012177402386441827, -0.012962663546204567, -0.006377675570547581
v,0.001384955015964806, -0.012755420058965683, -0.006377252284437418
v,0.00028772474615834653, -0.014115314930677414, 0.0016294361557811499
v,-0.0022181381937116385, -0.012093959376215935, 0.0016296994872391224
v,-0.0024331151507794857, -0.012360398657619953, -9.664555363997351e-06
v,-0.0008207819191738963, -0.01548918429762125, -0.006605044007301331
v,-0.0033253012225031853, -0.013466163538396358, -0.0065788994543254375
v,-0.003320852527394891, -0.013460650108754635, -0.007086336612701416
v,0.0027631008997559547, -0.011047362349927425, 0.007019604090601206
v,0.00025953692966140807, -0.009023156948387623, 0.007016079034656286
v,0.00010765579645521939, -0.009211396798491478, 0.007292098831385374
v,-0.0008129504276439548, -0.015479478053748608, -0.007117129396647215
v,-0.003320852527394891, -0.013460650108754635, -0.007086336612701416
v,-0.0032653938978910446, -0.013391914777457714, -0.00748786423355341
v,0.002613385906443, -0.011232917197048664, 0.007291222922503948
v,0.00010765579645521939, -0.009211396798491478, 0.007292098831385374
v,-0.0011099649127572775, -0.010720501653850079, 0.0066463216207921505
v,-0.0007539355428889394, -0.015406335704028606, -0.007513565476983786
v,-0.0032653938978910446, -0.013391914777457714, -0.00748786423355341
v,-0.0031605656258761883, -0.013261991553008556, -0.007815242744982243
v,5.840267112944275e-05, -0.014399534091353416, -0.00011102457938250154
v,-0.0024331151507794857, -0.012360398657619953, -9.664555363997351e-06
v,-0.00303718913346529, -0.013109080493450165, -0.004244903102517128
v,0.0013498738408088684, -0.012798899784684181, 0.006624128203839064
v,-0.0011099649127572775, -0.010720501653850079, 0.0066463216207921505
v,-0.0017426609992980957, -0.011504658497869968, 0.006361208390444517
v,0.0007634033099748194, -0.01352576445788145, 0.006361703854054213
v,-0.0017426609992980957, -0.011504658497869968, 0.006361208390444517
v,-0.0017736180452629924, -0.011543026193976402, 0.005563417915254831
v,-0.0006457163253799081, -0.015272210352122784, -0.007835532538592815
v,-0.0031605656258761883, -0.013261991553008556, -0.007815242744982243
v,-0.0030262162908911705, -0.01309548132121563, -0.008044200018048286
v,0.0031466633081436157, -0.010571978986263275, -0.005508878268301487
v,0.0006410439382307231, -0.008550320751965046, -0.005508878268301487
v,0.0004662939754780382, -0.008766904473304749, -0.00486110569909215
v,0.0007269495399668813, -0.013570944778621197, 0.0054892064072191715
v,-0.0017736180452629924, -0.011543026193976402, 0.005563417915254831
v,-0.0019060304621234536, -0.011707136407494545, 0.004070604220032692
v,0.0009481075685471296, -0.013296843506395817, -0.005462834145873785
v,-0.0015600856859236956, -0.01127837598323822, -0.005502657499164343
v,-0.0014853349421173334, -0.011185730807483196, -0.004688104148954153
v,0.0003114024584647268, -0.014085968025028706, -0.008261587470769882
v,-0.0022112836595624685, -0.012085462920367718, -0.008268043398857117
v,-0.001952840480953455, -0.011765151284635067, -0.008144711144268513
v,-0.0005500048864632845, -0.015153586864471436, -0.004375101067125797
v,-0.00303718913346529, -0.013109080493450165, -0.004244903102517128
v,-0.0032749928068369627, -0.013403812423348427, -0.005971146747469902
v,-0.0003257609496358782, -0.014875661581754684, -0.008230895735323429
v,-0.002870034659281373, -0.01290191151201725, -0.008205927908420563
v,-0.002659992780536413, -0.012641587294638157, -0.00830821692943573
v,0.0005898099625483155, -0.013740913942456245, 0.003975763916969299
v,-0.0019060304621234536, -0.011707136407494545, 0.004070604220032692
v,-0.002014834200963378, -0.011841986328363419, 0.0030786623246967793
v,8.486091246595606e-05, -0.01436674129217863, -0.008322015404701233
v,-0.0024354562629014254, -0.01236329972743988, -0.008323714137077332
v,-0.0022112836595624685, -0.012085462920367718, -0.008268043398857117
v,0.0004907851689495146, -0.013863644562661648, 0.0030786620918661356
v,-0.002014834200963378, -0.011841986328363419, 0.0030786623246967793
v,-0.0024159587919712067, -0.012339135631918907, 0.0028640436939895153
v,0.0020110243931412697, -0.011979476548731327, -0.006834041327238083
v,-0.0006574146100319922, -0.01015961542725563, -0.007010831963270903
v,0.0006410439382307231, -0.008550320751965046, -0.005508878268301487
v,0.001668179640546441, -0.007277301512658596, 0.002880039159208536
v,0.001612150575965643, -0.007346743252128363, 0.0029681306332349777
v,0.004117246251553297, -0.009369050152599812, 0.002967200707644224
v,-0.00013822133769281209, -0.014643226750195026, -0.008312180638313293
v,-0.002659992780536413, -0.012641587294638157, -0.00830821692943573
v,-0.0024354562629014254, -0.01236329972743988, -0.008323714137077332
v,-9.030271939991508e-06, -0.009356015361845493, -0.005457043647766113
v,-0.0003942834446206689, -0.009833494201302528, -0.005860411562025547
v,0.0020830812864005566, -0.0118901701644063, -0.005887487903237343
v,0.0009414343512617052, -0.013305113650858402, -0.005885280668735504
v,-0.0015626621898263693, -0.011281568557024002, -0.005900413729250431
v,-0.0015600856859236956, -0.01127837598323822, -0.005502657499164343
v,0.004117246251553297, -0.009369050152599812, 0.002967200707644224
v,0.001612150575965643, -0.007346743252128363, 0.0029681306332349777
v,0.0008362648077309132, -0.008308366872370243, 0.0028866964858025312
v,0.003309100866317749, -0.010370655916631222, 0.0028854135889559984
v,0.0008362648077309132, -0.008308366872370243, 0.0028866964858025312
v,-0.000432754575740546, -0.009881175123155117, 0.0028801618609577417
v,0.004008697345852852, -0.00950358435511589, 0.0019106508698314428
v,0.001501296879723668, -0.007484134286642075, 0.001898001180961728
v,0.001668179640546441, -0.007277301512658596, 0.002880039159208536
v,0.0009875172981992364, -0.013247999362647533, -0.006102347746491432
v,-0.0015146652003750205, -0.011222082190215588, -0.006112164352089167
v,-0.0015626621898263693, -0.011281568557024002, -0.005900413729250431
v,0.0020830812864005566, -0.0118901701644063, -0.005887487903237343
v,-0.0003942834446206689, -0.009833494201302528, -0.005860411562025547
v,-0.0007454786100424826, -0.010268760845065117, -0.006173199974000454
v,-0.001241243677213788, -0.016010301187634468, 0.002267698058858514
v,-0.0037464392371475697, -0.013988117687404156, 0.00227137072943151
v,-0.003849004628136754, -0.014115236699581146, 0.0016298796981573105
v,-0.0014551009517163038, -0.011148259043693542, -0.00623314781114459
v,-0.0015146652003750205, -0.011222082190215588, -0.006112164352089167
v,0.0009875172981992364, -0.013247999362647533, -0.006102347746491432
v,0.0017471787286922336, -0.012306483462452888, -0.00618340726941824
v,-0.0007454786100424826, -0.010268760845065117, -0.006173199974000454
v,-0.0009365418227389455, -0.010505562648177147, -0.006303301081061363
v,-0.0007718564593233168, -0.015428546816110611, -0.005992354359477758
v,-0.0032749928068369627, -0.013403812423348427, -0.005971146747469902
v,-0.0033253012225031853, -0.013466163538396358, -0.0065788994543254375
v,-0.0013433853164315224, -0.0161368940025568, 0.0016298794653266668
v,-0.003849004628136754, -0.014115236699581146, 0.0016298796981573105
v,-0.0022181381937116385, -0.012093959376215935, 0.0016296994872391224
v,0.0019035355653613806, -0.012112697586417198, 0.0016296361573040485
v,-0.0005996429244987667, -0.010088014416396618, 0.001629834994673729
v,0.0005549914785660803, -0.008656973950564861, 0.0016253055073320866
v,0.0015561524778604507, -0.012543239630758762, -0.0063103544525802135
v,-0.0009365418227389455, -0.010505562648177147, -0.006303301081061363
v,-0.0011297401506453753, -0.01074501033872366, -0.006380496080964804
v,0.003089168108999729, -0.010643238201737404, 0.0016241339035332203
v,0.0005549914785660803, -0.008656973950564861, 0.0016253055073320866
v,0.001470027258619666, -0.0075228894129395485, 0.0015410184860229492
v,0.003975835163146257, -0.009544312953948975, 0.0015403584111481905
v,0.001470027258619666, -0.0075228894129395485, 0.0015410184860229492
v,0.001501296879723668, -0.007484134286642075, 0.001898001180961728
n,-23.704885482788086, 19.12627410888672, 1.3313947420101613e-06
n,-23.704885482788086, 19.12627410888672, 1.3313947420101613e-06
n,-23.704885482788086, 19.12627410888672, 1.3313947420101613e-06
n,-23.704885482788086, 19.12627410888672, 1.3313947420101613e-06
n,-23.704885482788086, 19.12627410888672, 1.3313947420101613e-06
n,-23.704885482788086, 19.12627410888672, 1.3313947420101613e-06
n,-23.704885482788086, 19.12627410888672, 1.3313947420101613e-06
n,-23.704885482788086, 19.12627410888672, 1.3313947420101613e-06
n,-23.704885482788086, 19.12627410888672, 1.3313947420101613e-06
n,-23.704885482788086, 19.12627410888672, 1.3313947420101613e-06
n,-23.704885482788086, 19.12627410888672, 1.3313947420101613e-06
n,-23.704885482788086, 19.12627410888672, 1.3313947420101613e-06
n,-23.704885482788086, 19.12627410888672, 1.3313947420101613e-06
n,-23.704885482788086, 19.12627410888672, 1.3313947420101613e-06
n,-23.704885482788086, 19.12627410888672, 1.3313947420101613e-06
n,-18.72720718383789, -23.192760467529297, 6.254886150360107
n,-23.704885482788086, 19.12627410888672, 1.3313947420101613e-06
n,-23.704885482788086, 19.12627410888672, 1.3313947420101613e-06
n,-23.704885482788086, 19.12627410888672, 1.3313947420101613e-06
n,-23.704885482788086, 19.12627410888672, 1.3313947420101613e-06
n,-23.704885482788086, 19.12627410888672, 1.3313947420101613e-06
n,-23.704885482788086, 19.12627410888672, 1.3313947420101613e-06
n,-23.704885482788086, 19.12627410888672, 1.3313947420101613e-06
n,-23.704885482788086, 19.12627410888672, 1.3313947420101613e-06
n,-23.704885482788086, 19.12627410888672, 1.3313947420101613e-06
n,-23.704885482788086, 19.12627410888672, 1.3313947420101613e-06
n,-23.704885482788086, 19.12627410888672, 1.3313947420101613e-06
n,-23.704885482788086, 19.12627410888672, 1.3313947420101613e-06
n,-23.704885482788086, 19.12627410888672, 1.3313947420101613e-06
n,-23.704885482788086, 19.12627410888672, 1.3313947420101613e-06
n,-23.704885482788086, 19.12627410888672, 1.3313947420101613e-06
n,-23.704885482788086, 19.12627410888672, 1.3313947420101613e-06
n,-23.704885482788086, 19.12627410888672, 1.3313947420101613e-06
n,-23.704885482788086, 19.12627410888672, 1.3313947420101613e-06
n,-23.704885482788086, 19.12627410888672, 1.3313947420101613e-06
n,-23.704885482788086, 19.12627410888672, 1.3313947420101613e-06
n,-23.704885482788086, 19.12627410888672, 1.3313947420101613e-06
n,-23.704885482788086, 19.12627410888672, 1.3313947420101613e-06
n,-23.704885482788086, 19.12627410888672, 1.3313947420101613e-06
n,-23.704885482788086, 19.12627410888672, 1.3313947420101613e-06
n,-23.704885482788086, 19.12627410888672, 1.3313947420101613e-06
n,-23.704885482788086, 19.12627410888672, 1.3313947420101613e-06
n,-23.704885482788086, 19.12627410888672, 1.3313947420101613e-06
n,-23.704885482788086, 19.12627410888672, 1.3313947420101613e-06
n,-23.704885482788086, 19.12627410888672, 1.3313947420101613e-06
n,-23.704885482788086, 19.12627410888672, 1.3313947420101613e-06
n,-23.704885482788086, 19.12627410888672, 1.3313947420101613e-06
n,-23.704885482788086, 19.12627410888672, 1.3313947420101613e-06
n,-23.704885482788086, 19.12627410888672, 1.3313947420101613e-06
n,-23.704885482788086, 19.12627410888672, 1.3313947420101613e-06
n,-23.704885482788086, 19.12627410888672, 1.3313947420101613e-06
n,-23.704885482788086, 19.12627410888672, 1.3313947420101613e-06
n,23.704885482788086, -19.12627410888672, -1.3313947420101613e-06
n,23.704885482788086, -19.12627410888672, -1.3313947420101613e-06
n,23.704885482788086, -19.12627410888672, -1.3313947420101613e-06
n,23.704885482788086, -19.12627410888672, -1.3313947420101613e-06
n,23.704885482788086, -19.12627410888672, -1.3313947420101613e-06
n,23.704885482788086, -19.12627410888672, -1.3313947420101613e-06
n,23.704885482788086, -19.12627410888672, -1.3313947420101613e-06
n,23.704885482788086, -19.12627410888672, -1.3313947420101613e-06
n,23.704885482788086, -19.12627410888672, -1.3313947420101613e-06
n,23.704885482788086, -19.12627410888672, -1.3313947420101613e-06
n,23.704885482788086, -19.12627410888672, -1.3313947420101613e-06
n,23.704885482788086, -19.12627410888672, -1.3313947420101613e-06
n,23.704885482788086, -19.12627410888672, -1.3313947420101613e-06
n,23.704885482788086, -19.12627410888672, -1.3313947420101613e-06
n,23.704885482788086, -19.12627410888672, -1.3313947420101613e-06
n,23.704885482788086, -19.12627410888672, -1.3313947420101613e-06
n,23.704885482788086, -19.12627410888672, -1.3313947420101613e-06
n,23.704885482788086, -19.12627410888672, -1.3313947420101613e-06
n,23.704885482788086, -19.12627410888672, -1.3313947420101613e-06
n,23.704885482788086, -19.12627410888672, -1.3313947420101613e-06
n,23.704885482788086, -19.12627410888672, -1.3313947420101613e-06
n,23.704885482788086, -19.12627410888672, -1.3313947420101613e-06
n,23.704885482788086, -19.12627410888672, -1.3313947420101613e-06
n,23.704885482788086, -19.12627410888672, -1.3313947420101613e-06
n,23.704885482788086, -19.12627410888672, -1.3313947420101613e-06
n,23.704885482788086, -19.12627410888672, -1.3313947420101613e-06
n,23.704885482788086, -19.12627410888672, -1.3313947420101613e-06
n,23.704885482788086, -19.12627410888672, -1.3313947420101613e-06
n,23.704885482788086, -19.12627410888672, -1.3313947420101613e-06
n,23.704885482788086, -19.12627410888672, -1.3313947420101613e-06
n,23.704885482788086, -19.12627410888672, -1.3313947420101613e-06
n,23.704885482788086, -19.12627410888672, -1.3313947420101613e-06
n,23.704885482788086, -19.12627410888672, -1.3313947420101613e-06
n,23.704885482788086, -19.12627410888672, -1.3313947420101613e-06
n,23.704885482788086, -19.12627410888672, -1.3313947420101613e-06
n,23.704885482788086, -19.12627410888672, -1.3313947420101613e-06
n,23.704885482788086, -19.12627410888672, -1.3313947420101613e-06
n,23.704885482788086, -19.12627410888672, -1.3313947420101613e-06
n,23.704885482788086, -19.12627410888672, -1.3313947420101613e-06
n,23.704885482788086, -19.12627410888672, -1.3313947420101613e-06
n,23.704885482788086, -19.12627410888672, -1.3313947420101613e-06
n,23.704885482788086, -19.12627410888672, -1.3313947420101613e-06
n,23.704885482788086, -19.12627410888672, -1.3313947420101613e-06
n,23.704885482788086, -19.12627410888672, -1.3313947420101613e-06
n,23.704885482788086, -19.12627410888672, -1.3313947420101613e-06
n,23.704885482788086, -19.12627410888672, -1.3313947420101613e-06
n,23.704885482788086, -19.12627410888672, -1.3313947420101613e-06
n,23.704885482788086, -19.12627410888672, -1.3313947420101613e-06
n,18.506511688232422, 22.88094711303711, -7.855395793914795
n,10.066010475158691, 12.593708992004395, -25.84202003479004
n,18.432416915893555, 22.78300666809082, -8.301596641540527
n,18.75873374938965, 23.051170349121094, -6.670041084289551
n,8.945988655090332, 11.18604564666748, -26.88080596923828
n,18.850378036499023, 23.204940795898438, -5.824934482574463
n,7.225717067718506, 9.078742027282715, -28.162057876586914
n,-10.485505104064941, -12.87438678741455, -25.53508186340332
n,18.58426284790039, 22.903383255004883, -7.602384567260742
n,-11.771137237548828, -14.711766242980957, 23.93199348449707
n,-5.493829727172852, -6.9608235359191895, 29.13933563232422
n,-4.568452835083008, -5.713358402252197, 29.5672607421875
n,11.152534484863281, 13.692081451416016, 24.81700897216797
n,5.5248870849609375, 6.739434242248535, 29.185468673706055
n,0.03767397999763489, 0.07861439883708954, 30.458633422851562
n,-19.099355697631836, -23.71498680114746, -0.7416004538536072
n,14.377422332763672, 17.812501907348633, 20.09329605102539
n,18.449520111083984, 23.0543212890625, -7.473247528076172
n,10.493125915527344, 12.907243728637695, -25.515357971191406
n,-18.587486267089844, -23.084115982055664, -7.026012897491455
n,-6.032645225524902, -7.448520183563232, 28.91128921508789
n,-16.837602615356445, -20.919315338134766, -14.374053001403809
n,9.692455291748047, 11.925622940063477, -26.297754287719727
n,-18.64923858642578, -23.116971969604492, 6.748884201049805
n,-5.175853252410889, -6.410595417022705, 29.323211669921875
n,-19.10689353942871, -23.634157180786133, 2.0221469402313232
n,18.60649871826172, 23.27535629272461, -6.308080196380615
n,-13.51054859161377, -16.835302352905273, -21.488924026489258
n,8.27480697631836, 10.113906860351562, -27.513134002685547
n,17.574970245361328, 21.790246963500977, 12.001733779907227
n,18.382488250732422, 22.91341781616211, -8.049555778503418
n,-9.223393440246582, -11.552593231201172, -26.630859375
n,-18.943941116333008, -23.450763702392578, 4.350261211395264
n,18.838132858276367, 23.458112716674805, -4.751596450805664
n,5.885193824768066, 7.2023749351501465, -29.003902435302734
n,-18.680715560913086, -23.162656784057617, 6.500622749328613
n,-12.102350234985352, -14.924755096435547, 23.633045196533203
n,-5.001288890838623, -6.24268913269043, -29.389657974243164
n,-18.837444305419922, -23.346912384033203, 5.273362159729004
n,18.52910041809082, 23.0186824798584, -7.385696887969971
n,3.173384666442871, 3.9047746658325195, -30.040279388427734
n,-6.008009433746338, -7.382113933563232, 28.93344497680664
n,11.304585456848145, 14.010775566101074, -24.569095611572266
n,13.301299095153809, 16.485477447509766, 21.886995315551758
n,-0.5119845867156982, -0.6698853969573975, -30.44708824157715
n,-10.54155158996582, -13.02328872680664, 25.43630599975586
n,19.09741973876953, 23.71577262878418, -0.7659810781478882
n,-1.2279733419418335, -1.4913398027420044, 30.39743423461914
n,-0.05132051184773445, -0.06551306694746017, 30.45864486694336
n,18.4593448638916, 22.8783016204834, -7.973199844360352
n,18.099998474121094, 22.471342086791992, 9.755250930786133
n,-9.266144752502441, -11.468379020690918, 26.652408599853516
n,-18.533079147338867, -22.96968650817871, 7.526921272277832
n,-4.992453575134277, -6.002051830291748, 29.44124412536621
n,14.838711738586426, 18.45510482788086, 19.15614128112793
n,-7.376220703125, -9.120652198791504, 28.10944938659668
n,-18.96198272705078, -23.524776458740234, 3.8424131870269775
n,-0.005200313404202461, -0.0024823006242513657, -30.458759307861328
n,-0.06338714063167572, -0.0629066601395607, -30.458627700805664
n,-4.555741786956787, -5.650761127471924, 29.58124542236328
n,8.083338737487793, 10.218517303466797, 27.531391143798828
n,-1.1374908685684204, -1.4001336097717285, -30.405290603637695
n,18.930423736572266, 23.477802276611328, -4.26238489151001
n,-0.0541449673473835, -0.01857977733016014, 30.45870590209961
n,-18.719186782836914, -23.206876754760742, 6.226458549499512
n,-19.139989852905273, -23.689998626708984, -0.42520084977149963
n,14.385843276977539, 17.827558517456055, 20.073902130126953
n,-18.702293395996094, -23.133241653442383, -6.543187141418457
n,-6.036841869354248, -7.495359897613525, 28.898305892944336
n,-17.063806533813477, -21.09758949279785, -13.836695671081543
n,-18.647127151489258, -23.119352340698242, 6.7465596199035645
n,-5.19660758972168, -6.463283061981201, 29.307971954345703
n,-19.08487892150879, -23.663776397705078, 1.878612756729126
n,-13.997385025024414, -17.301288604736328, -20.796024322509766
n,17.573192596435547, 21.780014038085938, 12.022889137268066
n,-18.92049217224121, -23.486209869384766, 4.260165691375732
n,18.937776565551758, 23.445608139038086, -4.404539585113525
n,5.478288650512695, 6.814101219177246, -29.17691421508789
n,-18.687711715698242, -23.149635314941406, 6.526845932006836
n,-5.636446952819824, -6.897239685058594, -29.127212524414062
n,-18.833786010742188, -23.35712242126465, 5.241127967834473
n,2.932748317718506, 3.663865804672241, -30.09503173828125
n,-6.091335773468018, -7.549533843994141, 28.872758865356445
n,11.171374320983887, 13.986421585083008, -24.643789291381836
n,13.446643829345703, 16.646818161010742, 21.67504119873047
n,-0.8490756750106812, -1.0094499588012695, -30.43018341064453
n,-10.522761344909668, -13.010231018066406, 25.45076560974121
n,19.144254684448242, 23.688283920288086, -0.3141763210296631
n,-1.2513835430145264, -1.5641039609909058, 30.392820358276367
n,-0.05364319682121277, -0.08326949924230576, 30.45859718322754
n,18.466331481933594, 22.87843132019043, -7.956633567810059
n,18.00346565246582, 22.28594398498535, 10.341562271118164
n,-9.323578834533691, -11.580673217773438, 26.5837345123291
n,-18.533031463623047, -22.97342872619629, 7.515605449676514
n,15.038643836975098, 18.66508674621582, 18.793344497680664
n,-7.510183334350586, -9.327168464660645, 28.00602149963379
n,-18.970678329467773, -23.494741439819336, 3.9807634353637695
n,-0.0013286614557728171, -0.0016446076333522797, -30.458759307861328
n,-0.04864812269806862, -0.057155027985572815, -30.45866584777832
n,-4.6410651206970215, -5.779693603515625, 29.543046951293945
n,-1.0937250852584839, -1.3774938583374023, -30.407928466796875
n,18.93999671936035, 23.479873657226562, -4.2080864906311035
u,0.5562949180603027, 0.5976224839687347, 0
u,0.5505761504173279, 0.6056718230247498, 0
u,0.564781904220581, 0.6424028873443604, 0
u,0.6091834306716919, 0.60971400141716, 0
u,0.5562949180603027, 0.5976224839687347, 0
u,0.564781904220581, 0.6424028873443604, 0
u,0.6365424990653992, 0.6147896945476532, 0
u,0.6091834306716919, 0.60971400141716, 0
u,0.564781904220581, 0.6424028873443604, 0
u,0.6401242017745972, 0.6357163786888123, 0
u,0.6365424990653992, 0.6147896945476532, 0
u,0.564781904220581, 0.6424028873443604, 0
u,0.6493281722068787, 0.6746573448181152, 0
u,0.6401242017745972, 0.6357163786888123, 0
u,0.564781904220581, 0.6424028873443604, 0
u,0.6493281722068787, 0.6746573448181152, 0
u,0.564781904220581, 0.6424028873443604, 0
u,0.5901923775672913, 0.7121778130531311, 0
u,0.6563646197319031, 0.7004474997520447, 0
u,0.6493281722068787, 0.6746573448181152, 0
u,0.5901923775672913, 0.7121778130531311, 0
u,0.6738079786300659, 0.704420804977417, 0
u,0.6563646197319031, 0.7004474997520447, 0
u,0.5901923775672913, 0.7121778130531311, 0
u,0.5368618965148926, 0.7169422209262848, 0
u,0.5040186643600464, 0.7179989516735077, 0
u,0.5018841028213501, 0.7207086980342865, 0
u,0.6738079786300659, 0.704420804977417, 0
u,0.5901923775672913, 0.7121778130531311, 0
u,0.5368618965148926, 0.7169422209262848, 0
u,0.6738079786300659, 0.704420804977417, 0
u,0.5368618965148926, 0.7169422209262848, 0
u,0.5018841028213501, 0.7207086980342865, 0
u,0.6738079786300659, 0.704420804977417, 0
u,0.5018841028213501, 0.7207086980342865, 0
u,0.5111439824104309, 0.7460626363754272, 0
u,0.7065611481666565, 0.7109028100967407, 0
u,0.6738079786300659, 0.704420804977417, 0
u,0.5111439824104309, 0.7460626363754272, 0
u,0.7313039898872375, 0.7146946489810944, 0
u,0.7065611481666565, 0.7109028100967407, 0
u,0.5111439824104309, 0.7460626363754272, 0
u,0.7372586727142334, 0.7312552332878113, 0
u,0.7313039898872375, 0.7146946489810944, 0
u,0.5111439824104309, 0.7460626363754272, 0
u,0.8227325081825256, 1.0000066746320044, 0
u,0.9082062244415283, 0.9559587351977825, 0
u,0.8227324485778809, 0.9532322064042091, 0
u,0.7372586727142334, 0.7312552332878113, 0
u,0.5111439824104309, 0.7460626363754272, 0
u,0.6687144637107849, 0.7378831803798676, 0
u,0.6687144637107849, 0.7378831803798676, 0
u,0.5111439824104309, 0.7460626363754272, 0
u,0.6004893183708191, 0.7445129752159119, 0
u,0.6004893183708191, 0.7445129752159119, 0
u,0.5111439824104309, 0.7460626363754272, 0
u,0.5519614219665527, 0.7494922876358032, 0
u,0.5136718153953552, 0.7554044723510742, 0
u,0.5519614219665527, 0.7494922876358032, 0
u,0.5111439824104309, 0.7460626363754272, 0
u,0.6687144637107849, 0.7378831803798676, 0
u,0.6004893183708191, 0.7445129752159119, 0
u,0.6119617223739624, 0.7756684124469757, 0
u,0.6819595098495483, 0.7803230881690979, 0
u,0.6687144637107849, 0.7378831803798676, 0
u,0.6119617223739624, 0.7756684124469757, 0
u,0.6819595098495483, 0.7803230881690979, 0
u,0.6119617223739624, 0.7756684124469757, 0
u,0.6384091973304749, 0.8563645780086517, 0
u,0.7180826663970947, 0.8898221850395203, 0
u,0.6819595098495483, 0.7803230881690979, 0
u,0.6384091973304749, 0.8563645780086517, 0
u,0.7180826663970947, 0.8898221850395203, 0
u,0.6384091973304749, 0.8563645780086517, 0
u,0.6538830399513245, 0.9078646302223206, 0
u,0.7180826663970947, 0.8898221850395203, 0
u,0.6538830399513245, 0.9078646302223206, 0
u,0.6590580344200134, 0.9290901124477386, 0
u,0.7324308156967163, 0.9344892054796219, 0
u,0.7180826663970947, 0.8898221850395203, 0
u,0.6590580344200134, 0.9290901124477386, 0
u,0.5938608646392822, 0.9340810850262642, 0
u,0.5723718404769897, 0.9202310368418694, 0
u,0.5665802955627441, 0.9381993785500526, 0
u,0.5938608646392822, 0.9340810850262642, 0
u,0.5665802955627441, 0.9381993785500526, 0
u,0.6251506805419922, 0.9724377542734146, 0
u,0.6110970973968506, 0.9431676045060158, 0
u,0.5938608646392822, 0.9340810850262642, 0
u,0.6251506805419922, 0.9724377542734146, 0
u,0.7324308156967163, 0.9344892054796219, 0
u,0.6590580344200134, 0.9290901124477386, 0
u,0.6600461006164551, 0.9395472034811974, 0
u,0.7324308156967163, 0.9344892054796219, 0
u,0.6600461006164551, 0.9395472034811974, 0
u,0.6587555408477783, 0.945316169410944, 0
u,0.6266549229621887, 0.9500329568982124, 0
u,0.6110970973968506, 0.9431676045060158, 0
u,0.6251506805419922, 0.9724377542734146, 0
u,0.7324308156967163, 0.9344892054796219, 0
u,0.6587555408477783, 0.945316169410944, 0
u,0.6565777063369751, 0.9487372152507305, 0
u,0.6350244283676147, 0.9526681154966354, 0
u,0.6266549229621887, 0.9500329568982124, 0
u,0.6251506805419922, 0.9724377542734146, 0
u,0.7360502481460571, 0.9503370672464371, 0
u,0.7324308156967163, 0.9344892054796219, 0
u,0.6565777063369751, 0.9487372152507305, 0
u,0.7360502481460571, 0.9503370672464371, 0
u,0.6565777063369751, 0.9487372152507305, 0
u,0.65314781665802, 0.9516549408435822, 0
u,0.6433333158493042, 0.9538271129131317, 0
u,0.6350244283676147, 0.9526681154966354, 0
u,0.6251506805419922, 0.9724377542734146, 0
u,0.7360502481460571, 0.9503370672464371, 0
u,0.65314781665802, 0.9516549408435822, 0
u,0.6491051912307739, 0.9533574543893337, 0
u,0.7360502481460571, 0.9503370672464371, 0
u,0.6491051912307739, 0.9533574543893337, 0
u,0.6433333158493042, 0.9538271129131317, 0
u,0.7360502481460571, 0.9503370672464371, 0
u,0.6433333158493042, 0.9538271129131317, 0
u,0.6251506805419922, 0.9724377542734146, 0
u,0.7371628284454346, 0.9637315347790718, 0
u,0.7360502481460571, 0.9503370672464371, 0
u,0.6251506805419922, 0.9724377542734146, 0
u,0.7358389496803284, 0.9745215121656656, 0
u,0.7371628284454346, 0.9637315347790718, 0
u,0.6251506805419922, 0.9724377542734146, 0
u,0.7358389496803284, 0.9745215121656656, 0
u,0.6251506805419922, 0.9724377542734146, 0
u,0.6533631086349487, 0.9865514356642962, 0
u,0.7322764992713928, 0.9835412483662367, 0
u,0.7358389496803284, 0.9745215121656656, 0
u,0.6533631086349487, 0.9865514356642962, 0
u,0.7322764992713928, 0.9835412483662367, 0
u,0.6533631086349487, 0.9865514356642962, 0
u,0.6695260405540466, 0.993228655308485, 0
u,0.7273173332214355, 0.9901677314192057, 0
u,0.7322764992713928, 0.9835412483662367, 0
u,0.6695260405540466, 0.993228655308485, 0
u,0.7273173332214355, 0.9901677314192057, 0
u,0.6695260405540466, 0.993228655308485, 0
u,0.6825056076049805, 0.9971895501948893, 0
u,0.7211322784423828, 0.994979428127408, 0
u,0.7273173332214355, 0.9901677314192057, 0
u,0.6825056076049805, 0.9971895501948893, 0
u,0.7211322784423828, 0.994979428127408, 0
u,0.6825056076049805, 0.9971895501948893, 0
u,0.6936890482902527, 0.9993768533458933, 0
u,0.7126115560531616, 0.9985295846126974, 0
u,0.7211322784423828, 0.994979428127408, 0
u,0.6936890482902527, 0.9993768533458933, 0
u,0.7126115560531616, 0.9985295846126974, 0
u,0.6936890482902527, 0.9993768533458933, 0
u,0.7032472491264343, 0.9999121236905921, 0
u,0.6279765963554382, 0.20774990320205688, 0
u,0.6885907053947449, 0.20324426889419556, 0
u,0.6828448176383972, 0.19525718688964844, 0
u,0.6026028990745544, 0.2124183177947998, 0
u,0.6885907053947449, 0.20324426889419556, 0
u,0.6279765963554382, 0.20774990320205688, 0
u,0.598613440990448, 0.23528921604156494, 0
u,0.6885907053947449, 0.20324426889419556, 0
u,0.6026028990745544, 0.2124183177947998, 0
u,0.598613440990448, 0.23528921604156494, 0
u,0.6637995839118958, 0.2682986855506897, 0
u,0.6885907053947449, 0.20324426889419556, 0
u,0.5891600847244263, 0.2747575044631958, 0
u,0.6637995839118958, 0.2682986855506897, 0
u,0.598613440990448, 0.23528921604156494, 0
u,0.5891600847244263, 0.2747575044631958, 0
u,0.6489571332931519, 0.30979275703430176, 0
u,0.6637995839118958, 0.2682986855506897, 0
u,0.5827781558036804, 0.2980814576148987, 0
u,0.6489571332931519, 0.30979275703430176, 0
u,0.5891600847244263, 0.2747575044631958, 0
u,0.5486965179443359, 0.3054472804069519, 0
u,0.6489571332931519, 0.30979275703430176, 0
u,0.5827781558036804, 0.2980814576148987, 0
u,0.7008979320526123, 0.3144824504852295, 0
u,0.7372586727142334, 0.3183426856994629, 0
u,0.7350998520851135, 0.3156331777572632, 0
u,0.5486965179443359, 0.3054472804069519, 0
u,0.7008979320526123, 0.3144824504852295, 0
u,0.6489571332931519, 0.30979275703430176, 0
u,0.5486965179443359, 0.3054472804069519, 0
u,0.7372586727142334, 0.3183426856994629, 0
u,0.7008979320526123, 0.3144824504852295, 0
u,0.5486965179443359, 0.3054472804069519, 0
u,0.7280919551849365, 0.3433661460876465, 0
u,0.7372586727142334, 0.3183426856994629, 0
u,0.5077991485595703, 0.3123340606689453, 0
u,0.7280919551849365, 0.3433661460876465, 0
u,0.5486965179443359, 0.3054472804069519, 0
u,0.5018841028213501, 0.3288891911506653, 0
u,0.7280919551849365, 0.3433661460876465, 0
u,0.5077991485595703, 0.3123340606689453, 0
u,0.5018841028213501, 0.3288891911506653, 0
u,0.5704269409179688, 0.3355218172073364, 0
u,0.7280919551849365, 0.3433661460876465, 0
u,0.5704269409179688, 0.3355218172073364, 0
u,0.638641893863678, 0.34217721223831177, 0
u,0.7280919551849365, 0.3433661460876465, 0
u,0.638641893863678, 0.34217721223831177, 0
u,0.6883794069290161, 0.3472776412963867, 0
u,0.7280919551849365, 0.3433661460876465, 0
u,0.7254800796508789, 0.35304003953933716, 0
u,0.7280919551849365, 0.3433661460876465, 0
u,0.6883794069290161, 0.3472776412963867, 0
u,0.5563317537307739, 0.3805783987045288, 0
u,0.638641893863678, 0.34217721223831177, 0
u,0.5704269409179688, 0.3355218172073364, 0
u,0.5563317537307739, 0.3805783987045288, 0
u,0.6191015243530273, 0.3970768451690674, 0
u,0.638641893863678, 0.34217721223831177, 0
u,0.5199518203735352, 0.4908217191696167, 0
u,0.6191015243530273, 0.3970768451690674, 0
u,0.5563317537307739, 0.3805783987045288, 0
u,0.5199518203735352, 0.4908217191696167, 0
u,0.588945746421814, 0.4928112030029297, 0
u,0.6191015243530273, 0.3970768451690674, 0
u,0.5199518203735352, 0.4908217191696167, 0
u,0.5802967548370361, 0.5256831645965576, 0
u,0.588945746421814, 0.4928112030029297, 0
u,0.6482006311416626, 0.5299127101898193, 0
u,0.6725624799728394, 0.535833328962326, 0
u,0.6668155193328857, 0.5178343951702118, 0
u,0.5065547823905945, 0.5326735377311707, 0
u,0.5802967548370361, 0.5256831645965576, 0
u,0.5199518203735352, 0.4908217191696167, 0
u,0.6482006311416626, 0.5299127101898193, 0
u,0.6213557124137878, 0.5661758780479431, 0
u,0.6725624799728394, 0.535833328962326, 0
u,0.6267876625061035, 0.541401743888855, 0
u,0.6213557124137878, 0.5661758780479431, 0
u,0.6482006311416626, 0.5299127101898193, 0
u,0.5065547823905945, 0.5326735377311707, 0
u,0.5790703892707825, 0.5367788076400757, 0
u,0.5802967548370361, 0.5256831645965576, 0
u,0.5065547823905945, 0.5326735377311707, 0
u,0.5802682638168335, 0.5426777005195618, 0
u,0.5790703892707825, 0.5367788076400757, 0
u,0.611916184425354, 0.5478828549385071, 0
u,0.6213557124137878, 0.5661758780479431, 0
u,0.6267876625061035, 0.541401743888855, 0
u,0.5065547823905945, 0.5326735377311707, 0
u,0.5834817290306091, 0.5472144484519958, 0
u,0.5802682638168335, 0.5426777005195618, 0
u,0.6035569906234741, 0.550435870885849, 0
u,0.6213557124137878, 0.5661758780479431, 0
u,0.611916184425354, 0.5478828549385071, 0
u,0.5029828548431396, 0.5486570596694946, 0
u,0.5834817290306091, 0.5472144484519958, 0
u,0.5065547823905945, 0.5326735377311707, 0
u,0.5029828548431396, 0.5486570596694946, 0
u,0.5892406105995178, 0.5506731271743774, 0
u,0.5834817290306091, 0.5472144484519958, 0
u,0.5961980819702148, 0.551485002040863, 0
u,0.6213557124137878, 0.5661758780479431, 0
u,0.6035569906234741, 0.550435870885849, 0
u,0.5892406105995178, 0.5506731271743774, 0
u,0.6213557124137878, 0.5661758780479431, 0
u,0.5961980819702148, 0.551485002040863, 0
u,0.5029828548431396, 0.5486570596694946, 0
u,0.6213557124137878, 0.5661758780479431, 0
u,0.5892406105995178, 0.5506731271743774, 0
u,0.5019968152046204, 0.5621870756149292, 0
u,0.6213557124137878, 0.5661758780479431, 0
u,0.5029828548431396, 0.5486570596694946, 0
u,0.5019968152046204, 0.5621870756149292, 0
u,0.5970566272735596, 0.5788247585296631, 0
u,0.6213557124137878, 0.5661758780479431, 0
u,0.5034829378128052, 0.5728564262390137, 0
u,0.5970566272735596, 0.5788247585296631, 0
u,0.5019968152046204, 0.5621870756149292, 0
u,0.5034829378128052, 0.5728564262390137, 0
u,0.5781521201133728, 0.5875203013420105, 0
u,0.5970566272735596, 0.5788247585296631, 0
u,0.5072011947631836, 0.5817468166351318, 0
u,0.5781521201133728, 0.5875203013420105, 0
u,0.5034829378128052, 0.5728564262390137, 0
u,0.5072011947631836, 0.5817468166351318, 0
u,0.5611555576324463, 0.5935284495353699, 0
u,0.5781521201133728, 0.5875203013420105, 0
u,0.5131276249885559, 0.5889920592308044, 0
u,0.5611555576324463, 0.5935284495353699, 0
u,0.5072011947631836, 0.5817468166351318, 0
u,0.5195215344429016, 0.5935102701187134, 0
u,0.5611555576324463, 0.5935284495353699, 0
u,0.5131276249885559, 0.5889920592308044, 0
u,0.5195215344429016, 0.5935102701187134, 0
u,0.5461878776550293, 0.5969096422195435, 0
u,0.5611555576324463, 0.5935284495353699, 0
u,0.5271989107131958, 0.5963334441184998, 0
u,0.5461878776550293, 0.5969096422195435, 0
u,0.5195215344429016, 0.5935102701187134, 0
u,0.5271989107131958, 0.5963334441184998, 0
u,0.5365173816680908, 0.5975608229637146, 0
u,0.5461878776550293, 0.5969096422195435, 0
u,0.9082062840461731, 0.2867962121963501, 0
u,0.8227325081825256, 0.28682804107666016, 0
u,0.9082063436508179, 0.31951904296875, 0
u,0.1709475815296173, 0.13539111614227295, 0
u,0.08547380566596985, 0.15244877338409424, 0
u,0.1709475815296173, 0.16380053758621216, 0
u,0.672831654548645, 0.083354651927948, 0
u,0.5873578786849976, 0.0832897424697876, 0
u,0.672831654548645, 0.12205731868743896, 0
u,0.9082063436508179, 0.31951904296875, 0
u,0.8227325677871704, 0.34436678886413574, 0
u,0.9082063436508179, 0.40368032455444336, 0
u,0.1709475815296173, 0.16380053758621216, 0
u,0.08547380566596985, 0.17147445678710938, 0
u,0.1709475815296173, 0.1800563931465149, 0
u,0.9082063436508179, 0.40368032455444336, 0
u,0.8227325677871704, 0.44398999214172363, 0
u,0.9082062244415283, 0.4571361541748047, 0
u,0.1709475815296173, 0.1800563931465149, 0
u,0.08547380566596985, 0.18855440616607666, 0
u,0.1709475815296173, 0.19309067726135254, 0
u,0.1709475815296173, 0.2316821813583374, 0
u,0.08547380566596985, 0.23651331663131714, 0
u,0.1709475815296173, 0.2377985119819641, 0
u,0.672831654548645, 0.12205731868743896, 0
u,0.5873578786849976, 0.15176904201507568, 0
u,0.672831654548645, 0.19529110193252563, 0
u,0.9936801195144653, 0.8681318163871765, 0
u,0.9082063436508179, 0.8712721467018127, 0
u,0.9936801195144653, 0.891332782804966, 0
u,0.9332232475280762, 0.20131230354309082, 0
u,0.9496108293533325, 0.2867860794067383, 0
u,0.966558575630188, 0.20131230354309082, 0
u,0.9081936478614807, 0.20131230354309082, 0
u,0.9081536531448364, 0.28678613901138306, 0
u,0.9332232475280762, 0.20131230354309082, 0
u,0.9936801195144653, 0.8045415282249451, 0
u,0.9082063436508179, 0.8051259219646454, 0
u,0.9936801195144653, 0.80698162317276, 0
u,0.9936801195144653, 0.80698162317276, 0
u,0.9082063436508179, 0.8100040853023529, 0
u,0.9936801195144653, 0.8107493072748184, 0
u,0.9936801195144653, 0.8107493072748184, 0
u,0.9082063436508179, 0.8100040853023529, 0
u,0.9936801195144653, 0.8164003789424896, 0
u,0.8227324485778809, 0.7786173522472382, 0
u,0.9082062244415283, 0.7659193277359009, 0
u,0.8227324485778809, 0.7651120722293854, 0
u,0.5873578786849976, 0.0832897424697876, 0
u,0.672831654548645, 0.0765000581741333, 0
u,0.5873578786849976, 0.0765000581741333, 0
u,0.9082063436508179, 0.31951904296875, 0
u,0.8227325081825256, 0.28682804107666016, 0
u,0.8227325677871704, 0.34436678886413574, 0
u,0.1709475815296173, 0.13539111614227295, 0
u,0.08547380566596985, 0.12797307968139648, 0
u,0.08547380566596985, 0.15244877338409424, 0
u,0.8227324485778809, 0.7651120722293854, 0
u,0.9082062244415283, 0.7555003464221954, 0
u,0.8227324485778809, 0.7548390477895737, 0
u,0.9900516867637634, 0.49811094999313354, 0
u,0.9360010027885437, 0.41263723373413086, 0
u,0.9339817762374878, 0.49811089038848877, 0
u,0.8227324485778809, 0.7548390477895737, 0
u,0.9082062244415283, 0.7471995949745178, 0
u,0.8227324485778809, 0.7466917335987091, 0
u,0.1709475815296173, 0.16380053758621216, 0
u,0.08547380566596985, 0.15244877338409424, 0
u,0.08547380566596985, 0.17147445678710938, 0
u,0.8227324485778809, 0.9532322064042091, 0
u,0.9082062840461731, 0.8419737666845322, 0
u,0.8227325081825256, 0.8384706377983093, 0
u,0.9339817762374878, 0.49811089038848877, 0
u,0.9082003235816956, 0.4126371145248413, 0
u,0.9082023501396179, 0.49811094999313354, 0
u,0.1709475815296173, 0.11010050773620605, 0
u,0.2564213275909424, 0.08886271715164185, 0
u,0.1709475815296173, 0.08688324689865112, 0
u,0.9082063436508179, 0.40368032455444336, 0
u,0.8227325677871704, 0.34436678886413574, 0
u,0.8227325677871704, 0.44398999214172363, 0
u,0.8227324485778809, 0.7466917335987091, 0
u,0.9082062244415283, 0.7427065372467041, 0
u,0.8227324485778809, 0.7427065670490265, 0
u,0.1709475815296173, 0.1800563931465149, 0
u,0.08547380566596985, 0.17147445678710938, 0
u,0.08547380566596985, 0.18855440616607666, 0
u,1.0, 0.11583852767944336, 0
u,0.9833368062973022, 0.030364692211151123, 0
u,0.9833368062973022, 0.11583852767944336, 0
u,0.672831654548645, 0.12205731868743896, 0
u,0.5873578786849976, 0.0832897424697876, 0
u,0.5873578786849976, 0.15176904201507568, 0
u,0.1709475815296173, 0.2316821813583374, 0
u,0.08547381311655045, 0.23018401861190796, 0
u,0.08547380566596985, 0.23651331663131714, 0
u,0.1709475815296173, 0.08688324689865112, 0
u,0.25642135739326477, 0.048932671546936035, 0
u,0.1709475815296173, 0.046392083168029785, 0
u,0.8227325677871704, 0.4778868556022644, 0
u,0.9082062244415283, 0.4571361541748047, 0
u,0.8227325677871704, 0.44398999214172363, 0
u,0.08547380566596985, 0.2035684585571289, 0
u,0.1709475815296173, 0.19309067726135254, 0
u,0.08547380566596985, 0.18855440616607666, 0
u,0.8227325081825256, 0.8384706377983093, 0
u,0.9082062840461731, 0.7955413460731506, 0
u,0.8227324485778809, 0.7949725389480591, 0
u,0.9936801195144653, 0.891332782804966, 0
u,0.9082063436508179, 0.8712721467018127, 0
u,0.9082062840461731, 0.8913813084363937, 0
u,0.08547381311655045, 0.23018401861190796, 0
u,0.1709475815296173, 0.22321254014968872, 0
u,0.08547380566596985, 0.22254741191864014, 0
u,0.1709475815296173, 0.046392083168029785, 0
u,0.25642135739326477, 0.022331058979034424, 0
u,0.17094756662845612, 0.022331058979034424, 0
u,0.672831654548645, 0.19529110193252563, 0
u,0.5873578786849976, 0.15176904201507568, 0
u,0.5873578786849976, 0.19527113437652588, 0
u,0.08547380566596985, 0.2132471799850464, 0
u,0.1709475815296173, 0.20430392026901245, 0
u,0.08547380566596985, 0.2035684585571289, 0
u,0.984384298324585, 0.2867860794067383, 0
u,0.966558575630188, 0.20131230354309082, 0
u,0.9496108293533325, 0.2867860794067383, 0
u,0.08547380566596985, 0.12797307968139648, 0
u,0.17094756662845612, 0.07634198665618896, 0
u,0.08547379821538925, 0.07634198665618896, 0
u,0.6750897169113159, 0.10979413986206055, 0
u,0.672831654548645, 0.195267915725708, 0
u,0.6750897169113159, 0.195267915725708, 0
u,0.08547380566596985, 0.22254741191864014, 0
u,0.1709475815296173, 0.21386873722076416, 0
u,0.08547380566596985, 0.2132471799850464, 0
u,0.9936801195144653, 0.8681318163871765, 0
u,0.9082062244415283, 0.8484736680984497, 0
u,0.9082063436508179, 0.8712721467018127, 0
u,0.8227325081825256, 0.4890204668045044, 0
u,0.9082063436508179, 0.47894901037216187, 0
u,0.8227325677871704, 0.4778868556022644, 0
u,0.9927070140838623, 0.7175208032131195, 0
u,0.9603512287139893, 0.632047027349472, 0
u,0.9589945673942566, 0.7175207734107971, 0
u,0.9589945673942566, 0.7175207734107971, 0
u,0.9082062840461731, 0.632047027349472, 0
u,0.9082062840461731, 0.7175208032131195, 0
u,0.7013634443283081, 0.195267915725708, 0
u,0.6750897169113159, 0.10979413986206055, 0
u,0.6750897169113159, 0.195267915725708, 0
u,0.8227325081825256, 0.49460291862487793, 0
u,0.9082062244415283, 0.48941129446029663, 0
u,0.8227325081825256, 0.4890204668045044, 0
u,0.9082062244415283, 0.8484736680984497, 0
u,0.9936801195144653, 0.8334436267614365, 0
u,0.9082062244415283, 0.8328476250171661, 0
u,0.7113510370254517, 0.10979408025741577, 0
u,0.6940264701843262, 0.02432030439376831, 0
u,0.6940264701843262, 0.10979408025741577, 0
u,0.9332232475280762, 0.20131230354309082, 0
u,0.9081536531448364, 0.28678613901138306, 0
u,0.9496108293533325, 0.2867860794067383, 0
u,0.9082062840461731, 0.49763691425323486, 0
u,0.8227325081825256, 0.49460291862487793, 0
u,0.8227325081825256, 0.49751126766204834, 0
u,0.9082062244415283, 0.8328476250171661, 0
u,0.9936801195144653, 0.8247897177934647, 0
u,0.9082062244415283, 0.8242152631282806, 0
u,0.8227324485778809, 0.7949725389480591, 0
u,0.9082063436508179, 0.7793120741844177, 0
u,0.8227324485778809, 0.7786173522472382, 0
u,0.49580907821655273, 0.2392142415046692, 0
u,0.42736896872520447, 0.15374046564102173, 0
u,0.42736896872520447, 0.2392142415046692, 0
u,0.9082063436508179, 0.8041840493679047, 0
u,0.9936801195144653, 0.7557353377342224, 0
u,0.9082063436508179, 0.7545396685600281, 0
u,0.9082062244415283, 0.8242152631282806, 0
u,0.9936801195144653, 0.8164003789424896, 0
u,0.9082062244415283, 0.8167819082736969, 0
u,0.9936801195144653, 0.80698162317276, 0
u,0.9082063436508179, 0.8051259219646454, 0
u,0.9082063436508179, 0.8100040853023529, 0
u,0.9082063436508179, 0.7545396685600281, 0
u,0.9936800599098206, 0.7175332605838776, 0
u,0.9082062840461731, 0.7175242006778717, 0
u,0.7113510370254517, 0.195267915725708, 0
u,0.7017053365707397, 0.10979413986206055, 0
u,0.7013634443283081, 0.195267915725708, 0
u,0.9936801195144653, 0.8164003789424896, 0
u,0.9082063436508179, 0.8100040853023529, 0
u,0.9082062244415283, 0.8167819082736969, 0
u,0.8227325081825256, 1.0000066746320044, 0
u,0.9082062840461731, 1.0000114521253636, 0
u,0.9082062244415283, 0.9559587351977825, 0
u,0.8227324485778809, 0.7786173522472382, 0
u,0.9082063436508179, 0.7793120741844177, 0
u,0.9082062244415283, 0.7659193277359009, 0
u,0.5873578786849976, 0.0832897424697876, 0
u,0.672831654548645, 0.083354651927948, 0
u,0.672831654548645, 0.0765000581741333, 0
u,0.8227324485778809, 0.7651120722293854, 0
u,0.9082062244415283, 0.7659193277359009, 0
u,0.9082062244415283, 0.7555003464221954, 0
u,0.9900516867637634, 0.49811094999313354, 0
u,0.9900548458099365, 0.4126371741294861, 0
u,0.9360010027885437, 0.41263723373413086, 0
u,0.8227324485778809, 0.7548390477895737, 0
u,0.9082062244415283, 0.7555003464221954, 0
u,0.9082062244415283, 0.7471995949745178, 0
u,0.8227324485778809, 0.9532322064042091, 0
u,0.9082062244415283, 0.9559587351977825, 0
u,0.9082062840461731, 0.8419737666845322, 0
u,0.9339817762374878, 0.49811089038848877, 0
u,0.9360010027885437, 0.41263723373413086, 0
u,0.9082003235816956, 0.4126371145248413, 0
u,0.1709475815296173, 0.11010050773620605, 0
u,0.25642135739326477, 0.11009550094604492, 0
u,0.2564213275909424, 0.08886271715164185, 0
u,0.8227324485778809, 0.7466917335987091, 0
u,0.9082062244415283, 0.7471995949745178, 0
u,0.9082062244415283, 0.7427065372467041, 0
u,1.0, 0.11583852767944336, 0
u,1.0, 0.030364692211151123, 0
u,0.9833368062973022, 0.030364692211151123, 0
u,0.1709475815296173, 0.08688324689865112, 0
u,0.2564213275909424, 0.08886271715164185, 0
u,0.25642135739326477, 0.048932671546936035, 0
u,0.8227325677871704, 0.4778868556022644, 0
u,0.9082063436508179, 0.47894901037216187, 0
u,0.9082062244415283, 0.4571361541748047, 0
u,0.08547380566596985, 0.2035684585571289, 0
u,0.1709475815296173, 0.20430392026901245, 0
u,0.1709475815296173, 0.19309067726135254, 0
u,0.8227325081825256, 0.8384706377983093, 0
u,0.9082062840461731, 0.8419737666845322, 0
u,0.9082062840461731, 0.7955413460731506, 0
u,0.08547381311655045, 0.23018401861190796, 0
u,0.1709475815296173, 0.2316821813583374, 0
u,0.1709475815296173, 0.22321254014968872, 0
u,0.1709475815296173, 0.046392083168029785, 0
u,0.25642135739326477, 0.048932671546936035, 0
u,0.25642135739326477, 0.022331058979034424, 0
u,0.08547380566596985, 0.2132471799850464, 0
u,0.1709475815296173, 0.21386873722076416, 0
u,0.1709475815296173, 0.20430392026901245, 0
u,0.984384298324585, 0.2867860794067383, 0
u,0.984384298324585, 0.20131230354309082, 0
u,0.966558575630188, 0.20131230354309082, 0
u,0.08547380566596985, 0.12797307968139648, 0
u,0.1709475815296173, 0.13539111614227295, 0
u,0.17094756662845612, 0.07634198665618896, 0
u,0.6750897169113159, 0.10979413986206055, 0
u,0.672831654548645, 0.10979413986206055, 0
u,0.672831654548645, 0.195267915725708, 0
u,0.08547380566596985, 0.22254741191864014, 0
u,0.1709475815296173, 0.22321254014968872, 0
u,0.1709475815296173, 0.21386873722076416, 0
u,0.9936801195144653, 0.8681318163871765, 0
u,0.9936801195144653, 0.849802702665329, 0
u,0.9082062244415283, 0.8484736680984497, 0
u,0.8227325081825256, 0.4890204668045044, 0
u,0.9082062244415283, 0.48941129446029663, 0
u,0.9082063436508179, 0.47894901037216187, 0
u,0.9927070140838623, 0.7175208032131195, 0
u,0.9927311539649963, 0.632047027349472, 0
u,0.9603512287139893, 0.632047027349472, 0
u,0.9589945673942566, 0.7175207734107971, 0
u,0.9603512287139893, 0.632047027349472, 0
u,0.9082062840461731, 0.632047027349472, 0
u,0.7013634443283081, 0.195267915725708, 0
u,0.7017053365707397, 0.10979413986206055, 0
u,0.6750897169113159, 0.10979413986206055, 0
u,0.8227325081825256, 0.49460291862487793, 0
u,0.9082062840461731, 0.49484914541244507, 0
u,0.9082062244415283, 0.48941129446029663, 0
u,0.9082062244415283, 0.8484736680984497, 0
u,0.9936801195144653, 0.849802702665329, 0
u,0.9936801195144653, 0.8334436267614365, 0
u,0.7113510370254517, 0.10979408025741577, 0
u,0.7113510370254517, 0.02432030439376831, 0
u,0.6940264701843262, 0.02432030439376831, 0
u,0.9082062840461731, 0.49763691425323486, 0
u,0.9082062840461731, 0.49484914541244507, 0
u,0.8227325081825256, 0.49460291862487793, 0
u,0.9082062244415283, 0.8328476250171661, 0
u,0.9936801195144653, 0.8334436267614365, 0
u,0.9936801195144653, 0.8247897177934647, 0
u,0.8227324485778809, 0.7949725389480591, 0
u,0.9082062840461731, 0.7955413460731506, 0
u,0.9082063436508179, 0.7793120741844177, 0
u,0.49580907821655273, 0.2392142415046692, 0
u,0.49580907821655273, 0.15374046564102173, 0
u,0.42736896872520447, 0.15374046564102173, 0
u,0.9082063436508179, 0.8041840493679047, 0
u,0.9936800599098206, 0.8041840344667435, 0
u,0.9936801195144653, 0.7557353377342224, 0
u,0.9082062244415283, 0.8242152631282806, 0
u,0.9936801195144653, 0.8247897177934647, 0
u,0.9936801195144653, 0.8164003789424896, 0
u,0.9082063436508179, 0.7545396685600281, 0
u,0.9936801195144653, 0.7557353377342224, 0
u,0.9936800599098206, 0.7175332605838776, 0
u,0.7113510370254517, 0.195267915725708, 0
u,0.7113510370254517, 0.10979413986206055, 0
u,0.7017053365707397, 0.10979413986206055, 0
