v,0.0008359648636542261, 0.015361976809799671, 0.0025421821046620607
v,0.0001905047392938286, 0.015361976809799671, 0.002595736412331462
v,0.00041986280120909214, 0.015361976809799671, 0.002635729731991887
v,-0.002941910643130541, 0.015361976809799671, 0.0025556229520589113
v,-0.003727334551513195, 0.015361976809799671, 0.0026258656289428473
v,-0.0033093246165663004, 0.015361976809799671, 0.002622522646561265
v,-0.002941910643130541, 0.015361976809799671, 0.0025556229520589113
v,-0.004129811655730009, 0.015361976809799671, 0.0025403278414160013
v,-0.003727334551513195, 0.015361976809799671, 0.0026258656289428473
v,0.0008359648636542261, 0.015361976809799671, 0.0025421821046620607
v,4.1292099695056095e-07, 0.015361976809799671, 0.002471516141667962
v,0.0001905047392938286, 0.015361976809799671, 0.002595736412331462
v,-0.0025581328663975, 0.015361976809799671, 0.0024019728880375624
v,-0.004129811655730009, 0.015361976809799671, 0.0025403278414160013
v,-0.002941910643130541, 0.015361976809799671, 0.0025556229520589113
v,0.0015788814052939415, 0.015361976809799671, 0.0021938171703368425
v,4.1292099695056095e-07, 0.015361976809799671, 0.002471516141667962
v,0.0008359648636542261, 0.015361976809799671, 0.0025421821046620607
v,0.0015788814052939415, 0.015361976809799671, 0.0021938171703368425
v,-0.0001277598348679021, 0.015361976809799671, 0.002286709612235427
v,4.1292099695056095e-07, 0.015361976809799671, 0.002471516141667962
v,-0.0025581328663975, 0.015361976809799671, 0.0024019728880375624
v,-0.0038446022663265467, 0.015361976809799671, 0.0014415361220017076
v,-0.004129811655730009, 0.015361976809799671, 0.0025403278414160013
v,-0.0020476323552429676, 0.015361976809799671, 0.002004565903916955
v,-0.0038446022663265467, 0.015361976809799671, 0.0014415361220017076
v,-0.0025581328663975, 0.015361976809799671, 0.0024019728880375624
v,0.0015788814052939415, 0.015361976809799671, 0.0021938171703368425
v,-0.0002074993826681748, 0.015361976809799671, 0.0020153590012341738
v,-0.0001277598348679021, 0.015361976809799671, 0.002286709612235427
v,0.0015788814052939415, 0.015361976809799671, 0.0021938171703368425
v,-0.00018889924103859812, 0.015361976809799671, 0.0015476677799597383
v,-0.0002074993826681748, 0.015361976809799671, 0.0020153590012341738
v,0.003075425047427416, 0.015361976809799671, 0.0012005126336589456
v,-0.00018889924103859812, 0.015361976809799671, 0.0015476677799597383
v,0.0015788814052939415, 0.015361976809799671, 0.0021938171703368425
v,-0.001420621178112924, 0.015361976809799671, 0.0012562229530885816
v,-0.0038446022663265467, 0.015361976809799671, 0.0014415361220017076
v,-0.0020476323552429676, 0.015361976809799671, 0.002004565903916955
v,0.003075425047427416, 0.015361976809799671, 0.0012005126336589456
v,9.360493277199566e-05, 0.015361976809799671, 0.00012385511945467442
v,-0.00018889924103859812, 0.015361976809799671, 0.0015476677799597383
v,-0.0008003370021469891, 0.015361976809799671, 0.00034377904376015067
v,-0.0038446022663265467, 0.015361976809799671, 0.0014415361220017076
v,-0.001420621178112924, 0.015361976809799671, 0.0012562229530885816
v,-0.0008003370021469891, 0.015361976809799671, 0.00034377904376015067
v,-0.0036764347460120916, 0.015361976809799671, 0.00020710557873826474
v,-0.0038446022663265467, 0.015361976809799671, 0.0014415361220017076
v,0.003075425047427416, 0.015361976809799671, 0.0012005126336589456
v,0.0025549076963216066, 0.015361976809799671, 0.0005927096935920417
v,9.360493277199566e-05, 0.015361976809799671, 0.00012385511945467442
v,0.0023970995098352432, 0.015361976809799671, 0.0005519168335013092
v,9.360493277199566e-05, 0.015361976809799671, 0.00012385511945467442
v,0.0025549076963216066, 0.015361976809799671, 0.0005927096935920417
v,0.0043963538482785225, 0.015361976809799671, 0.00018405744049232453
v,0.0025549076963216066, 0.015361976809799671, 0.0005927096935920417
v,0.003075425047427416, 0.015361976809799671, 0.0012005126336589456
v,0.0043963538482785225, 0.015361976809799671, 0.00018405744049232453
v,0.0029956765938550234, 0.015361976809799671, 0.0004125397535972297
v,0.0025549076963216066, 0.015361976809799671, 0.0005927096935920417
v,0.002310848096385598, 0.015361976809799671, 0.00042136170668527484
v,9.360493277199566e-05, 0.015361976809799671, 0.00012385511945467442
v,0.0023970995098352432, 0.015361976809799671, 0.0005519168335013092
v,0.002272367710247636, 0.015361976809799671, 6.254313484532759e-05
v,9.360493277199566e-05, 0.015361976809799671, 0.00012385511945467442
v,0.002310848096385598, 0.015361976809799671, 0.00042136170668527484
v,0.0043963538482785225, 0.015361976809799671, 0.00018405744049232453
v,0.0035166654270142317, 0.015361976809799671, 8.45898684929125e-05
v,0.0029956765938550234, 0.015361976809799671, 0.0004125397535972297
v,0.0041439114138484, 0.015361976809799671, -0.0003928968799300492
v,0.0035166654270142317, 0.015361976809799671, 8.45898684929125e-05
v,0.0043963538482785225, 0.015361976809799671, 0.00018405744049232453
v,-0.0021859535481780767, 0.015361976809799671, -8.226006320910528e-05
v,-0.0036764347460120916, 0.015361976809799671, 0.00020710557873826474
v,-0.0008003370021469891, 0.015361976809799671, 0.00034377904376015067
v,-0.0027511140797287226, 0.015361976809799671, -0.00015906112093944103
v,-0.0036764347460120916, 0.015361976809799671, 0.00020710557873826474
v,-0.0021859535481780767, 0.015361976809799671, -8.226006320910528e-05
v,-0.0008003370021469891, 0.015361976809799671, 0.00034377904376015067
v,-0.0015647818800061941, 0.015361976809799671, -0.0002681727637536824
v,-0.0021859535481780767, 0.015361976809799671, -8.226006320910528e-05
v,-0.0027511140797287226, 0.015361976809799671, -0.00015906112093944103
v,-0.0036439066752791405, 0.015361976809799671, -0.000398570264223963
v,-0.0036764347460120916, 0.015361976809799671, 0.00020710557873826474
v,2.9237521630420815e-06, 0.015361976809799671, -0.0011014193296432495
v,-0.0015647818800061941, 0.015361976809799671, -0.0002681727637536824
v,-0.0008003370021469891, 0.015361976809799671, 0.00034377904376015067
v,-0.003165334928780794, 0.015361976809799671, -0.00036257837200537324
v,-0.0036439066752791405, 0.015361976809799671, -0.000398570264223963
v,-0.0027511140797287226, 0.015361976809799671, -0.00015906112093944103
v,0.0023476555943489075, 0.015361976809799671, -0.0008467499283142388
v,9.360493277199566e-05, 0.015361976809799671, 0.00012385511945467442
v,0.002272367710247636, 0.015361976809799671, 6.254313484532759e-05
v,-0.003165334928780794, 0.015361976809799671, -0.00036257837200537324
v,-0.003400262212380767, 0.015361976809799671, -0.0005468757008202374
v,-0.0036439066752791405, 0.015361976809799671, -0.000398570264223963
v,2.9237521630420815e-06, 0.015361976809799671, -0.0011014193296432495
v,-0.00099198950920254, 0.015361976809799671, -0.0007330037769861519
v,-0.0015647818800061941, 0.015361976809799671, -0.0002681727637536824
v,2.9237521630420815e-06, 0.015361976809799671, -0.0011014193296432495
v,-0.0004757876449730247, 0.015361976809799671, -0.0014504229184240103
v,-0.00099198950920254, 0.015361976809799671, -0.0007330037769861519
v,0.0023476555943489075, 0.015361976809799671, -0.0008467499283142388
v,0.0007004105136729777, 0.015361976809799671, -0.0023265257477760315
v,9.360493277199566e-05, 0.015361976809799671, 0.00012385511945467442
v,0.002576435450464487, 0.015361976809799671, -0.002331244759261608
v,0.0007004105136729777, 0.015361976809799671, -0.0023265257477760315
v,0.0023476555943489075, 0.015361976809799671, -0.0008467499283142388
v,2.9237521630420815e-06, 0.015361976809799671, -0.0011014193296432495
v,1.6021305782487616e-05, 0.015361976809799671, -0.0023904722183942795
v,-0.0004757876449730247, 0.015361976809799671, -0.0014504229184240103
v,0.0005616056732833385, 0.015361976809799671, -0.0023265378549695015
v,1.6021305782487616e-05, 0.015361976809799671, -0.0023904722183942795
v,2.9237521630420815e-06, 0.015361976809799671, -0.0011014193296432495
v,0.002576435450464487, 0.015361976809799671, -0.002331244759261608
v,0.0005616056732833385, 0.015361976809799671, -0.0023265378549695015
v,0.0007004105136729777, 0.015361976809799671, -0.0023265257477760315
v,0.002576435450464487, 0.015361976809799671, -0.002331244759261608
v,1.6021305782487616e-05, 0.015361976809799671, -0.0023904722183942795
v,0.0005616056732833385, 0.015361976809799671, -0.0023265378549695015
v,0.002576435450464487, 0.015361976809799671, -0.002331244759261608
v,0.0005675762076862156, 0.015361976809799671, -0.0037832933012396097
v,1.6021305782487616e-05, 0.015361976809799671, -0.0023904722183942795
v,0.0028959622140973806, 0.015361976809799671, -0.0038686280604451895
v,0.0005675762076862156, 0.015361976809799671, -0.0037832933012396097
v,0.002576435450464487, 0.015361976809799671, -0.002331244759261608
v,0.0028959622140973806, 0.015361976809799671, -0.0038686280604451895
v,0.0011369931744411588, 0.015361976809799671, -0.0059923748485744
v,0.0005675762076862156, 0.015361976809799671, -0.0037832933012396097
v,0.003513106843456626, 0.015361976809799671, -0.0062301321886479855
v,0.0011369931744411588, 0.015361976809799671, -0.0059923748485744
v,0.0028959622140973806, 0.015361976809799671, -0.0038686280604451895
v,0.003513106843456626, 0.015361976809799671, -0.0062301321886479855
v,0.0013878773897886276, 0.015361976809799671, -0.0075278133153915405
v,0.0011369931744411588, 0.015361976809799671, -0.0059923748485744
v,0.003950843587517738, 0.015361976809799671, -0.00770849734544754
v,0.0013878773897886276, 0.015361976809799671, -0.0075278133153915405
v,0.003513106843456626, 0.015361976809799671, -0.0062301321886479855
v,0.003950843587517738, 0.015361976809799671, -0.00770849734544754
v,0.0024202736094594, 0.015361976809799671, -0.007667184341698885
v,0.0013878773897886276, 0.015361976809799671, -0.0075278133153915405
v,0.003721669316291809, 0.015361976809799671, -0.007947542704641819
v,0.0024202736094594, 0.015361976809799671, -0.007667184341698885
v,0.003950843587517738, 0.015361976809799671, -0.00770849734544754
v,0.0008737961761653423, 0.012270797044038773, 0.0025286406744271517
v,0.00044432998402044177, 0.012270797044038773, 0.0026360133197158575
v,0.00020181803847663105, 0.012270797044038773, 0.00260002794675529
v,-0.002917290199548006, 0.012270796112716198, 0.0025485658552497625
v,-0.003282058984041214, 0.012270796112716198, 0.0026197817642241716
v,-0.0037106843665242195, 0.012270796112716198, 0.0026274581905454397
v,-0.002917290199548006, 0.012270796112716198, 0.0025485658552497625
v,-0.0037106843665242195, 0.012270796112716198, 0.0026274581905454397
v,-0.0041306279599666595, 0.012270796112716198, 0.0025407837238162756
v,0.0008737961761653423, 0.012270797044038773, 0.0025286406744271517
v,0.00020181803847663105, 0.012270797044038773, 0.00260002794675529
v,1.0723609193519223e-05, 0.012270796112716198, 0.0024814552161842585
v,-0.0024896468967199326, 0.012270796112716198, 0.002365345833823085
v,-0.002917290199548006, 0.012270796112716198, 0.0025485658552497625
v,-0.0041306279599666595, 0.012270796112716198, 0.0025407837238162756
v,0.0016646526055410504, 0.012270797044038773, 0.0021442740689963102
v,0.0008737961761653423, 0.012270797044038773, 0.0025286406744271517
v,1.0723609193519223e-05, 0.012270796112716198, 0.0024814552161842585
v,0.0016646526055410504, 0.012270797044038773, 0.0021442740689963102
v,1.0723609193519223e-05, 0.012270796112716198, 0.0024814552161842585
v,-0.0001620664115762338, 0.012270796112716198, 0.002219738671556115
v,-0.0024896468967199326, 0.012270796112716198, 0.002365345833823085
v,-0.0041306279599666595, 0.012270796112716198, 0.0025407837238162756
v,-0.0038596519734710455, 0.012270796112716198, 0.0015161865158006549
v,-0.002001081360504031, 0.012270796112716198, 0.0019502456998452544
v,-0.0024896468967199326, 0.012270796112716198, 0.002365345833823085
v,-0.0038596519734710455, 0.012270796112716198, 0.0015161865158006549
v,0.0016646526055410504, 0.012270797044038773, 0.0021442740689963102
v,-0.0001620664115762338, 0.012270796112716198, 0.002219738671556115
v,-0.00021561280300375074, 0.012270796112716198, 0.0018271970329806209
v,0.0031966962851583958, 0.012270797044038773, 0.0011116581736132503
v,0.0016646526055410504, 0.012270797044038773, 0.0021442740689963102
v,-0.00021561280300375074, 0.012270796112716198, 0.0018271970329806209
v,-0.0015136714791879058, 0.012270796112716198, 0.0013794064288958907
v,-0.002001081360504031, 0.012270796112716198, 0.0019502456998452544
v,-0.0038596519734710455, 0.012270796112716198, 0.0015161865158006549
v,0.0031966962851583958, 0.012270797044038773, 0.0011116581736132503
v,-0.00021561280300375074, 0.012270796112716198, 0.0018271970329806209
v,-0.00012535425776150078, 0.012270796112716198, 0.0011702025076374412
v,-0.0008246750221587718, 0.012270796112716198, 0.0003867487539537251
v,-0.0015136714791879058, 0.012270796112716198, 0.0013794064288958907
v,-0.0038596519734710455, 0.012270796112716198, 0.0015161865158006549
v,-0.0008246750221587718, 0.012270796112716198, 0.0003867487539537251
v,-0.0038596519734710455, 0.012270796112716198, 0.0015161865158006549
v,-0.003682696959003806, 0.012270796112716198, 0.00027847575256600976
v,0.0031966962851583958, 0.012270797044038773, 0.0011116581736132503
v,-0.00012535425776150078, 0.012270796112716198, 0.0011702025076374412
v,0.0024709110148251057, 0.012270797044038773, 0.0005903556593693793
v,0.0024709110148251057, 0.012270797044038773, 0.0005903556593693793
v,-0.00012535425776150078, 0.012270796112716198, 0.0011702025076374412
v,0.0001815340801840648, 0.012270796112716198, -0.00023914936173241585
v,0.0031966962851583958, 0.012270797044038773, 0.0011116581736132503
v,0.0024709110148251057, 0.012270797044038773, 0.0005903556593693793
v,0.0028342208825051785, 0.012270797044038773, 0.0004995249328203499
v,0.0043963538482785225, 0.012270797044038773, 0.00018405758601147681
v,0.0031966962851583958, 0.012270797044038773, 0.0011116581736132503
v,0.0028342208825051785, 0.012270797044038773, 0.0004995249328203499
v,0.0023256477434188128, 0.012270797044038773, 0.000466810364741832
v,0.0024709110148251057, 0.012270797044038773, 0.0005903556593693793
v,0.0001815340801840648, 0.012270796112716198, -0.00023914936173241585
v,0.002354339463636279, 0.012270797044038773, -0.0009011449874378741
v,0.002576435450464487, 0.015361976809799671, -0.002331244759261608
v,0.0023476555943489075, 0.015361976809799671, -0.0008467499283142388
v,0.0022712619975209236, 0.012270797044038773, 7.75766748120077e-05
v,0.0023256477434188128, 0.012270797044038773, 0.000466810364741832
v,0.0001815340801840648, 0.012270796112716198, -0.00023914936173241585
v,0.0043963538482785225, 0.012270797044038773, 0.00018405758601147681
v,0.0028342208825051785, 0.012270797044038773, 0.0004995249328203499
v,0.003671199083328247, 0.012270797044038773, -2.1146543076611124e-05
v,0.004142116289585829, 0.012270797044038773, -0.0003985701478086412
v,0.0043963538482785225, 0.012270797044038773, 0.00018405758601147681
v,0.003671199083328247, 0.012270797044038773, -2.1146543076611124e-05
v,-0.0021221099887043238, 0.012270796112716198, -9.476782724959776e-05
v,-0.0008246750221587718, 0.012270796112716198, 0.0003867487539537251
v,-0.0024892918299883604, 0.012270796112716198, -0.00010368337825639173
v,-0.0024892918299883604, 0.012270796112716198, -0.00010368337825639173
v,-0.0008246750221587718, 0.012270796112716198, 0.0003867487539537251
v,-0.003682696959003806, 0.012270796112716198, 0.00027847575256600976
v,-0.002825636649504304, 0.012270796112716198, -0.00018764303240459412
v,-0.0024892918299883604, 0.012270796112716198, -0.00010368337825639173
v,-0.003682696959003806, 0.012270796112716198, 0.00027847575256600976
v,-0.0008246750221587718, 0.012270796112716198, 0.0003867487539537251
v,-0.0021221099887043238, 0.012270796112716198, -9.476782724959776e-05
v,-0.0016069416888058186, 0.012270796112716198, -0.0002458898234181106
v,-0.002825636649504304, 0.012270796112716198, -0.00018764303240459412
v,-0.003682696959003806, 0.012270796112716198, 0.00027847575256600976
v,-0.003643906209617853, 0.012270796112716198, -0.0003985701478086412
v,-0.00022010710381437093, 0.012270796112716198, -0.0006805834709666669
v,-0.0008246750221587718, 0.012270796112716198, 0.0003867487539537251
v,-0.0016069416888058186, 0.012270796112716198, -0.0002458898234181106
v,-0.003190625924617052, 0.012270796112716198, -0.00037949084071442485
v,-0.002825636649504304, 0.012270796112716198, -0.00018764303240459412
v,-0.003643906209617853, 0.012270796112716198, -0.0003985701478086412
v,0.002354339463636279, 0.012270797044038773, -0.0009011449874378741
v,0.0022712619975209236, 0.012270797044038773, 7.75766748120077e-05
v,0.0001815340801840648, 0.012270796112716198, -0.00023914936173241585
v,-0.003190625924617052, 0.012270796112716198, -0.00037949084071442485
v,-0.003643906209617853, 0.012270796112716198, -0.0003985701478086412
v,-0.0034002617467194796, 0.012270796112716198, -0.0005468755844049156
v,-0.00022010710381437093, 0.012270796112716198, -0.0006805834709666669
v,-0.0016069416888058186, 0.012270796112716198, -0.0002458898234181106
v,-0.0010312607046216726, 0.012270796112716198, -0.0006909127696417272
v,0.0005745188682340086, 0.012270796112716198, -0.00232518813572824
v,-0.00022010710381437093, 0.012270796112716198, -0.0006805834709666669
v,-0.0010312607046216726, 0.012270796112716198, -0.0006909127696417272
v,0.0005745188682340086, 0.012270796112716198, -0.00232518813572824
v,-0.0010312607046216726, 0.012270796112716198, -0.0006909127696417272
v,-0.0005234451964497566, 0.012270796112716198, -0.0013731956714764237
v,0.002354339463636279, 0.012270797044038773, -0.0009011449874378741
v,0.0001815340801840648, 0.012270796112716198, -0.00023914936173241585
v,0.0007010637200437486, 0.012270796112716198, -0.0023264987394213676
v,0.0026665900368243456, 0.012270796112716198, -0.0028387655038386583
v,0.002354339463636279, 0.012270797044038773, -0.0009011449874378741
v,0.0007010637200437486, 0.012270796112716198, -0.0023264987394213676
v,0.0005745188682340086, 0.012270796112716198, -0.00232518813572824
v,-0.0005234451964497566, 0.012270796112716198, -0.0013731956714764237
v,-1.9015085854334757e-05, 0.012270796112716198, -0.002315385267138481
v,0.0026665900368243456, 0.012270796112716198, -0.0028387655038386583
v,0.0007010637200437486, 0.012270796112716198, -0.0023264987394213676
v,0.0005745188682340086, 0.012270796112716198, -0.00232518813572824
v,0.0026665900368243456, 0.012270796112716198, -0.0028387655038386583
v,0.0005745188682340086, 0.012270796112716198, -0.00232518813572824
v,-1.9015085854334757e-05, 0.012270796112716198, -0.002315385267138481
v,0.0026665900368243456, 0.012270796112716198, -0.0028387655038386583
v,-1.9015085854334757e-05, 0.012270796112716198, -0.002315385267138481
v,0.0005207288777455688, 0.012270796112716198, -0.003642466152086854
v,0.0032728584483265877, 0.012270796112716198, -0.005358456633985043
v,0.0026665900368243456, 0.012270796112716198, -0.0028387655038386583
v,0.0005207288777455688, 0.012270796112716198, -0.003642466152086854
v,0.0032728584483265877, 0.012270796112716198, -0.005358456633985043
v,0.0005207288777455688, 0.012270796112716198, -0.003642466152086854
v,0.001102596172131598, 0.012270796112716198, -0.0058237165212631226
v,0.003948763944208622, 0.012270796112716198, -0.007710542529821396
v,0.0032728584483265877, 0.012270796112716198, -0.005358456633985043
v,0.001102596172131598, 0.012270796112716198, -0.0058237165212631226
v,0.003948763944208622, 0.012270796112716198, -0.007710542529821396
v,0.001102596172131598, 0.012270796112716198, -0.0058237165212631226
v,0.0013873878633603454, 0.012270796112716198, -0.007520789746195078
v,0.003948763944208622, 0.012270796112716198, -0.007710542529821396
v,0.0013873878633603454, 0.012270796112716198, -0.007520789746195078
v,0.0029261806048452854, 0.012270796112716198, -0.007762617897242308
v,0.003719171741977334, 0.012270796112716198, -0.007950636558234692
v,0.003948763944208622, 0.012270796112716198, -0.007710542529821396
v,0.0029261806048452854, 0.012270796112716198, -0.007762617897242308
v,-0.001420621178112924, 0.015361976809799671, 0.0012562229530885816
v,-0.0020476323552429676, 0.015361976809799671, 0.002004565903916955
v,-0.0015136714791879058, 0.012270796112716198, 0.0013794064288958907
v,0.0035166654270142317, 0.015361976809799671, 8.45898684929125e-05
v,0.0041439114138484, 0.015361976809799671, -0.0003928968799300492
v,0.003671199083328247, 0.012270797044038773, -2.1146543076611124e-05
v,0.0005616056732833385, 0.015361976809799671, -0.0023265378549695015
v,2.9237521630420815e-06, 0.015361976809799671, -0.0011014193296432495
v,0.0005745188682340086, 0.012270796112716198, -0.00232518813572824
v,0.0028959622140973806, 0.015361976809799671, -0.0038686280604451895
v,0.002576435450464487, 0.015361976809799671, -0.002331244759261608
v,0.0026665900368243456, 0.012270796112716198, -0.0028387655038386583
v,0.003513106843456626, 0.015361976809799671, -0.0062301321886479855
v,0.0028959622140973806, 0.015361976809799671, -0.0038686280604451895
v,0.0032728584483265877, 0.012270796112716198, -0.005358456633985043
v,-0.0020476323552429676, 0.015361976809799671, 0.002004565903916955
v,-0.0025581328663975, 0.015361976809799671, 0.0024019728880375624
v,-0.0024896468967199326, 0.012270796112716198, 0.002365345833823085
v,-0.00018889924103859812, 0.015361976809799671, 0.0015476677799597383
v,9.360493277199566e-05, 0.015361976809799671, 0.00012385511945467442
v,-0.00012535425776150078, 0.012270796112716198, 0.0011702025076374412
v,-0.0027511140797287226, 0.015361976809799671, -0.00015906112093944103
v,-0.0021859535481780767, 0.015361976809799671, -8.226006320910528e-05
v,-0.0024892918299883604, 0.012270796112716198, -0.00010368337825639173
v,-0.0001277598348679021, 0.015361976809799671, 0.002286709612235427
v,-0.0002074993826681748, 0.015361976809799671, 0.0020153590012341738
v,-0.0001620664115762338, 0.012270796112716198, 0.002219738671556115
v,-0.0002074993826681748, 0.015361976809799671, 0.0020153590012341738
v,-0.00018889924103859812, 0.015361976809799671, 0.0015476677799597383
v,-0.00021561280300375074, 0.012270796112716198, 0.0018271970329806209
v,0.003950843587517738, 0.015361976809799671, -0.00770849734544754
v,0.003513106843456626, 0.015361976809799671, -0.0062301321886479855
v,0.003948763944208622, 0.012270796112716198, -0.007710542529821396
v,0.0024202736094594, 0.015361976809799671, -0.007667184341698885
v,0.003721669316291809, 0.015361976809799671, -0.007947542704641819
v,0.0029261806048452854, 0.012270796112716198, -0.007762617897242308
v,0.0023970995098352432, 0.015361976809799671, 0.0005519168335013092
v,0.0025549076963216066, 0.015361976809799671, 0.0005927096935920417
v,0.0024709110148251057, 0.012270797044038773, 0.0005903556593693793
v,0.002310848096385598, 0.015361976809799671, 0.00042136170668527484
v,0.0023970995098352432, 0.015361976809799671, 0.0005519168335013092
v,0.0023256477434188128, 0.012270797044038773, 0.000466810364741832
v,0.002272367710247636, 0.015361976809799671, 6.254313484532759e-05
v,0.002310848096385598, 0.015361976809799671, 0.00042136170668527484
v,0.0022712619975209236, 0.012270797044038773, 7.75766748120077e-05
v,0.0013878773897886276, 0.015361976809799671, -0.0075278133153915405
v,0.0024202736094594, 0.015361976809799671, -0.007667184341698885
v,0.0013873878633603454, 0.012270796112716198, -0.007520789746195078
v,-0.0008003370021469891, 0.015361976809799671, 0.00034377904376015067
v,-0.001420621178112924, 0.015361976809799671, 0.0012562229530885816
v,-0.0008246750221587718, 0.012270796112716198, 0.0003867487539537251
v,0.0025549076963216066, 0.015361976809799671, 0.0005927096935920417
v,0.0029956765938550234, 0.015361976809799671, 0.0004125397535972297
v,0.0028342208825051785, 0.012270797044038773, 0.0004995249328203499
v,9.360493277199566e-05, 0.015361976809799671, 0.00012385511945467442
v,0.0001815340801840648, 0.012270796112716198, -0.00023914936173241585
v,-0.00012535425776150078, 0.012270796112716198, 0.0011702025076374412
v,0.0025549076963216066, 0.015361976809799671, 0.0005927096935920417
v,0.0028342208825051785, 0.012270797044038773, 0.0004995249328203499
v,0.0024709110148251057, 0.012270797044038773, 0.0005903556593693793
v,-0.0021859535481780767, 0.015361976809799671, -8.226006320910528e-05
v,-0.0021221099887043238, 0.012270796112716198, -9.476782724959776e-05
v,-0.0024892918299883604, 0.012270796112716198, -0.00010368337825639173
v,0.0005207288777455688, 0.012270796112716198, -0.003642466152086854
v,1.6021305782487616e-05, 0.015361976809799671, -0.0023904722183942795
v,0.0005675762076862156, 0.015361976809799671, -0.0037832933012396097
v,0.0008737961761653423, 0.012270797044038773, 0.0025286406744271517
v,0.0015788814052939415, 0.015361976809799671, 0.0021938171703368425
v,0.0008359648636542261, 0.015361976809799671, 0.0025421821046620607
v,0.0013873878633603454, 0.012270796112716198, -0.007520789746195078
v,0.0011369931744411588, 0.015361976809799671, -0.0059923748485744
v,0.0013878773897886276, 0.015361976809799671, -0.0075278133153915405
v,0.003948763944208622, 0.012270796112716198, -0.007710542529821396
v,0.003721669316291809, 0.015361976809799671, -0.007947542704641819
v,0.003950843587517738, 0.015361976809799671, -0.00770849734544754
v,0.0031966962851583958, 0.012270797044038773, 0.0011116581736132503
v,0.0043963538482785225, 0.015361976809799671, 0.00018405744049232453
v,0.003075425047427416, 0.015361976809799671, 0.0012005126336589456
v,-1.9015085854334757e-05, 0.012270796112716198, -0.002315385267138481
v,-0.0004757876449730247, 0.015361976809799671, -0.0014504229184240103
v,1.6021305782487616e-05, 0.015361976809799671, -0.0023904722183942795
v,-0.003282058984041214, 0.012270796112716198, 0.0026197817642241716
v,-0.002941910643130541, 0.015361976809799671, 0.0025556229520589113
v,-0.0033093246165663004, 0.015361976809799671, 0.002622522646561265
v,1.0723609193519223e-05, 0.012270796112716198, 0.0024814552161842585
v,-0.0001277598348679021, 0.015361976809799671, 0.002286709612235427
v,-0.0001620664115762338, 0.012270796112716198, 0.002219738671556115
v,-0.003682696959003806, 0.012270796112716198, 0.00027847575256600976
v,-0.0038446022663265467, 0.015361976809799671, 0.0014415361220017076
v,-0.0036764347460120916, 0.015361976809799671, 0.00020710557873826474
v,-0.0002074993826681748, 0.015361976809799671, 0.0020153590012341738
v,-0.00021561280300375074, 0.012270796112716198, 0.0018271970329806209
v,-0.0001620664115762338, 0.012270796112716198, 0.002219738671556115
v,-0.00022010710381437093, 0.012270796112716198, -0.0006805834709666669
v,-0.0008003370021469891, 0.015361976809799671, 0.00034377904376015067
v,-0.0008246750221587718, 0.012270796112716198, 0.0003867487539537251
v,0.0022712619975209236, 0.012270797044038773, 7.75766748120077e-05
v,0.0023476555943489075, 0.015361976809799671, -0.0008467499283142388
v,0.002272367710247636, 0.015361976809799671, 6.254313484532759e-05
v,-0.0010312607046216726, 0.012270796112716198, -0.0006909127696417272
v,-0.0015647818800061941, 0.015361976809799671, -0.0002681727637536824
v,-0.00099198950920254, 0.015361976809799671, -0.0007330037769861519
v,0.0005745188682340086, 0.012270796112716198, -0.00232518813572824
v,0.0007004105136729777, 0.015361976809799671, -0.0023265257477760315
v,0.0005616056732833385, 0.015361976809799671, -0.0023265378549695015
v,-0.0037106843665242195, 0.012270796112716198, 0.0026274581905454397
v,-0.0033093246165663004, 0.015361976809799671, 0.002622522646561265
v,-0.003727334551513195, 0.015361976809799671, 0.0026258656289428473
v,-0.0041306279599666595, 0.012270796112716198, 0.0025407837238162756
v,-0.003727334551513195, 0.015361976809799671, 0.0026258656289428473
v,-0.004129811655730009, 0.015361976809799671, 0.0025403278414160013
v,-0.0020476323552429676, 0.015361976809799671, 0.002004565903916955
v,-0.0024896468967199326, 0.012270796112716198, 0.002365345833823085
v,-0.002001081360504031, 0.012270796112716198, 0.0019502456998452544
v,-0.002917290199548006, 0.012270796112716198, 0.0025485658552497625
v,-0.0025581328663975, 0.015361976809799671, 0.0024019728880375624
v,-0.002941910643130541, 0.015361976809799671, 0.0025556229520589113
v,0.0043963538482785225, 0.012270797044038773, 0.00018405758601147681
v,0.0041439114138484, 0.015361976809799671, -0.0003928968799300492
v,0.0043963538482785225, 0.015361976809799671, 0.00018405744049232453
v,-0.001420621178112924, 0.015361976809799671, 0.0012562229530885816
v,-0.0015136714791879058, 0.012270796112716198, 0.0013794064288958907
v,-0.0008246750221587718, 0.012270796112716198, 0.0003867487539537251
v,0.0023970995098352432, 0.015361976809799671, 0.0005519168335013092
v,0.0024709110148251057, 0.012270797044038773, 0.0005903556593693793
v,0.0023256477434188128, 0.012270797044038773, 0.000466810364741832
v,-0.003190625924617052, 0.012270796112716198, -0.00037949084071442485
v,-0.003400262212380767, 0.015361976809799671, -0.0005468757008202374
v,-0.003165334928780794, 0.015361976809799671, -0.00036257837200537324
v,-0.0027511140797287226, 0.015361976809799671, -0.00015906112093944103
v,-0.0024892918299883604, 0.012270796112716198, -0.00010368337825639173
v,-0.002825636649504304, 0.012270796112716198, -0.00018764303240459412
v,0.0001815340801840648, 0.012270796112716198, -0.00023914936173241585
v,0.0007004105136729777, 0.015361976809799671, -0.0023265257477760315
v,0.0007010637200437486, 0.012270796112716198, -0.0023264987394213676
v,-0.0021221099887043238, 0.012270796112716198, -9.476782724959776e-05
v,-0.0015647818800061941, 0.015361976809799671, -0.0002681727637536824
v,-0.0016069416888058186, 0.012270796112716198, -0.0002458898234181106
v,-0.003643906209617853, 0.012270796112716198, -0.0003985701478086412
v,-0.0036764347460120916, 0.015361976809799671, 0.00020710557873826474
v,-0.0036439066752791405, 0.015361976809799671, -0.000398570264223963
v,-0.0005234451964497566, 0.012270796112716198, -0.0013731956714764237
v,-0.00099198950920254, 0.015361976809799671, -0.0007330037769861519
v,-0.0004757876449730247, 0.015361976809799671, -0.0014504229184240103
v,0.0024202736094594, 0.015361976809799671, -0.007667184341698885
v,0.0029261806048452854, 0.012270796112716198, -0.007762617897242308
v,0.0013873878633603454, 0.012270796112716198, -0.007520789746195078
v,0.0016646526055410504, 0.012270797044038773, 0.0021442740689963102
v,0.003075425047427416, 0.015361976809799671, 0.0012005126336589456
v,0.0015788814052939415, 0.015361976809799671, 0.0021938171703368425
v,0.003721669316291809, 0.015361976809799671, -0.007947542704641819
v,0.003719171741977334, 0.012270796112716198, -0.007950636558234692
v,0.0029261806048452854, 0.012270796112716198, -0.007762617897242308
v,1.0723609193519223e-05, 0.012270796112716198, 0.0024814552161842585
v,0.0001905047392938286, 0.015361976809799671, 0.002595736412331462
v,4.1292099695056095e-07, 0.015361976809799671, 0.002471516141667962
v,0.002310848096385598, 0.015361976809799671, 0.00042136170668527484
v,0.0023256477434188128, 0.012270797044038773, 0.000466810364741832
v,0.0022712619975209236, 0.012270797044038773, 7.75766748120077e-05
v,-0.0038596519734710455, 0.012270796112716198, 0.0015161865158006549
v,-0.004129811655730009, 0.015361976809799671, 0.0025403278414160013
v,-0.0038446022663265467, 0.015361976809799671, 0.0014415361220017076
v,-0.002825636649504304, 0.012270796112716198, -0.00018764303240459412
v,-0.003165334928780794, 0.015361976809799671, -0.00036257837200537324
v,-0.0027511140797287226, 0.015361976809799671, -0.00015906112093944103
v,-0.0020476323552429676, 0.015361976809799671, 0.002004565903916955
v,-0.002001081360504031, 0.012270796112716198, 0.0019502456998452544
v,-0.0015136714791879058, 0.012270796112716198, 0.0013794064288958907
v,0.00020181803847663105, 0.012270797044038773, 0.00260002794675529
v,0.00041986280120909214, 0.015361976809799671, 0.002635729731991887
v,0.0001905047392938286, 0.015361976809799671, 0.002595736412331462
v,0.0028342208825051785, 0.012270797044038773, 0.0004995249328203499
v,0.0035166654270142317, 0.015361976809799671, 8.45898684929125e-05
v,0.003671199083328247, 0.012270797044038773, -2.1146543076611124e-05
v,-0.00018889924103859812, 0.015361976809799671, 0.0015476677799597383
v,-0.00012535425776150078, 0.012270796112716198, 0.0011702025076374412
v,-0.00021561280300375074, 0.012270796112716198, 0.0018271970329806209
v,-0.003643906209617853, 0.012270796112716198, -0.0003985701478086412
v,-0.003400262212380767, 0.015361976809799671, -0.0005468757008202374
v,-0.0034002617467194796, 0.012270796112716198, -0.0005468755844049156
v,0.0041439114138484, 0.015361976809799671, -0.0003928968799300492
v,0.004142116289585829, 0.012270797044038773, -0.0003985701478086412
v,0.003671199083328247, 0.012270797044038773, -2.1146543076611124e-05
v,0.00044432998402044177, 0.012270797044038773, 0.0026360133197158575
v,0.0008359648636542261, 0.015361976809799671, 0.0025421821046620607
v,0.00041986280120909214, 0.015361976809799671, 0.002635729731991887
v,2.9237521630420815e-06, 0.015361976809799671, -0.0011014193296432495
v,-0.00022010710381437093, 0.012270796112716198, -0.0006805834709666669
v,0.0005745188682340086, 0.012270796112716198, -0.00232518813572824
v,0.001102596172131598, 0.012270796112716198, -0.0058237165212631226
v,0.0005675762076862156, 0.015361976809799671, -0.0037832933012396097
v,0.0011369931744411588, 0.015361976809799671, -0.0059923748485744
v,0.0028959622140973806, 0.015361976809799671, -0.0038686280604451895
v,0.0026665900368243456, 0.012270796112716198, -0.0028387655038386583
v,0.0032728584483265877, 0.012270796112716198, -0.005358456633985043
v,0.003513106843456626, 0.015361976809799671, -0.0062301321886479855
v,0.0032728584483265877, 0.012270796112716198, -0.005358456633985043
v,0.003948763944208622, 0.012270796112716198, -0.007710542529821396
v,0.002354339463636279, 0.012270797044038773, -0.0009011449874378741
v,0.0026665900368243456, 0.012270796112716198, -0.0028387655038386583
v,0.002576435450464487, 0.015361976809799671, -0.002331244759261608
v,0.0005207288777455688, 0.012270796112716198, -0.003642466152086854
v,-1.9015085854334757e-05, 0.012270796112716198, -0.002315385267138481
v,1.6021305782487616e-05, 0.015361976809799671, -0.0023904722183942795
v,0.0008737961761653423, 0.012270797044038773, 0.0025286406744271517
v,0.0016646526055410504, 0.012270797044038773, 0.0021442740689963102
v,0.0015788814052939415, 0.015361976809799671, 0.0021938171703368425
v,0.0013873878633603454, 0.012270796112716198, -0.007520789746195078
v,0.001102596172131598, 0.012270796112716198, -0.0058237165212631226
v,0.0011369931744411588, 0.015361976809799671, -0.0059923748485744
v,0.003948763944208622, 0.012270796112716198, -0.007710542529821396
v,0.003719171741977334, 0.012270796112716198, -0.007950636558234692
v,0.003721669316291809, 0.015361976809799671, -0.007947542704641819
v,0.0031966962851583958, 0.012270797044038773, 0.0011116581736132503
v,0.0043963538482785225, 0.012270797044038773, 0.00018405758601147681
v,0.0043963538482785225, 0.015361976809799671, 0.00018405744049232453
v,-1.9015085854334757e-05, 0.012270796112716198, -0.002315385267138481
v,-0.0005234451964497566, 0.012270796112716198, -0.0013731956714764237
v,-0.0004757876449730247, 0.015361976809799671, -0.0014504229184240103
v,-0.003282058984041214, 0.012270796112716198, 0.0026197817642241716
v,-0.002917290199548006, 0.012270796112716198, 0.0025485658552497625
v,-0.002941910643130541, 0.015361976809799671, 0.0025556229520589113
v,1.0723609193519223e-05, 0.012270796112716198, 0.0024814552161842585
v,4.1292099695056095e-07, 0.015361976809799671, 0.002471516141667962
v,-0.0001277598348679021, 0.015361976809799671, 0.002286709612235427
v,-0.003682696959003806, 0.012270796112716198, 0.00027847575256600976
v,-0.0038596519734710455, 0.012270796112716198, 0.0015161865158006549
v,-0.0038446022663265467, 0.015361976809799671, 0.0014415361220017076
v,-0.00022010710381437093, 0.012270796112716198, -0.0006805834709666669
v,2.9237521630420815e-06, 0.015361976809799671, -0.0011014193296432495
v,-0.0008003370021469891, 0.015361976809799671, 0.00034377904376015067
v,0.0022712619975209236, 0.012270797044038773, 7.75766748120077e-05
v,0.002354339463636279, 0.012270797044038773, -0.0009011449874378741
v,0.0023476555943489075, 0.015361976809799671, -0.0008467499283142388
v,-0.0010312607046216726, 0.012270796112716198, -0.0006909127696417272
v,-0.0016069416888058186, 0.012270796112716198, -0.0002458898234181106
v,-0.0015647818800061941, 0.015361976809799671, -0.0002681727637536824
v,0.0005745188682340086, 0.012270796112716198, -0.00232518813572824
v,0.0007010637200437486, 0.012270796112716198, -0.0023264987394213676
v,0.0007004105136729777, 0.015361976809799671, -0.0023265257477760315
v,-0.0037106843665242195, 0.012270796112716198, 0.0026274581905454397
v,-0.003282058984041214, 0.012270796112716198, 0.0026197817642241716
v,-0.0033093246165663004, 0.015361976809799671, 0.002622522646561265
v,-0.0041306279599666595, 0.012270796112716198, 0.0025407837238162756
v,-0.0037106843665242195, 0.012270796112716198, 0.0026274581905454397
v,-0.003727334551513195, 0.015361976809799671, 0.0026258656289428473
v,-0.002917290199548006, 0.012270796112716198, 0.0025485658552497625
v,-0.0024896468967199326, 0.012270796112716198, 0.002365345833823085
v,-0.0025581328663975, 0.015361976809799671, 0.0024019728880375624
v,0.0043963538482785225, 0.012270797044038773, 0.00018405758601147681
v,0.004142116289585829, 0.012270797044038773, -0.0003985701478086412
v,0.0041439114138484, 0.015361976809799671, -0.0003928968799300492
v,-0.003190625924617052, 0.012270796112716198, -0.00037949084071442485
v,-0.0034002617467194796, 0.012270796112716198, -0.0005468755844049156
v,-0.003400262212380767, 0.015361976809799671, -0.0005468757008202374
v,0.0001815340801840648, 0.012270796112716198, -0.00023914936173241585
v,9.360493277199566e-05, 0.015361976809799671, 0.00012385511945467442
v,0.0007004105136729777, 0.015361976809799671, -0.0023265257477760315
v,-0.0021221099887043238, 0.012270796112716198, -9.476782724959776e-05
v,-0.0021859535481780767, 0.015361976809799671, -8.226006320910528e-05
v,-0.0015647818800061941, 0.015361976809799671, -0.0002681727637536824
v,-0.003643906209617853, 0.012270796112716198, -0.0003985701478086412
v,-0.003682696959003806, 0.012270796112716198, 0.00027847575256600976
v,-0.0036764347460120916, 0.015361976809799671, 0.00020710557873826474
v,-0.0005234451964497566, 0.012270796112716198, -0.0013731956714764237
v,-0.0010312607046216726, 0.012270796112716198, -0.0006909127696417272
v,-0.00099198950920254, 0.015361976809799671, -0.0007330037769861519
v,0.0016646526055410504, 0.012270797044038773, 0.0021442740689963102
v,0.0031966962851583958, 0.012270797044038773, 0.0011116581736132503
v,0.003075425047427416, 0.015361976809799671, 0.0012005126336589456
v,1.0723609193519223e-05, 0.012270796112716198, 0.0024814552161842585
v,0.00020181803847663105, 0.012270797044038773, 0.00260002794675529
v,0.0001905047392938286, 0.015361976809799671, 0.002595736412331462
v,-0.0038596519734710455, 0.012270796112716198, 0.0015161865158006549
v,-0.0041306279599666595, 0.012270796112716198, 0.0025407837238162756
v,-0.004129811655730009, 0.015361976809799671, 0.0025403278414160013
v,-0.002825636649504304, 0.012270796112716198, -0.00018764303240459412
v,-0.003190625924617052, 0.012270796112716198, -0.00037949084071442485
v,-0.003165334928780794, 0.015361976809799671, -0.00036257837200537324
v,0.00020181803847663105, 0.012270797044038773, 0.00260002794675529
v,0.00044432998402044177, 0.012270797044038773, 0.0026360133197158575
v,0.00041986280120909214, 0.015361976809799671, 0.002635729731991887
v,0.0028342208825051785, 0.012270797044038773, 0.0004995249328203499
v,0.0029956765938550234, 0.015361976809799671, 0.0004125397535972297
v,0.0035166654270142317, 0.015361976809799671, 8.45898684929125e-05
v,-0.003643906209617853, 0.012270796112716198, -0.0003985701478086412
v,-0.0036439066752791405, 0.015361976809799671, -0.000398570264223963
v,-0.003400262212380767, 0.015361976809799671, -0.0005468757008202374
v,0.00044432998402044177, 0.012270797044038773, 0.0026360133197158575
v,0.0008737961761653423, 0.012270797044038773, 0.0025286406744271517
v,0.0008359648636542261, 0.015361976809799671, 0.0025421821046620607
v,0.001102596172131598, 0.012270796112716198, -0.0058237165212631226
v,0.0005207288777455688, 0.012270796112716198, -0.003642466152086854
v,0.0005675762076862156, 0.015361976809799671, -0.0037832933012396097
n,-2.9369052754191216e-06, 33.59428024291992, -1.4684526377095608e-06
n,-2.9369052754191216e-06, 33.59428024291992, -1.4684526377095608e-06
n,-2.9369052754191216e-06, 33.59428024291992, -1.4684526377095608e-06
n,-2.9369052754191216e-06, 33.59428024291992, -1.4684526377095608e-06
n,-2.9369052754191216e-06, 33.59428024291992, -1.4684526377095608e-06
n,-2.9369052754191216e-06, 33.59428024291992, -1.4684526377095608e-06
n,-2.9369052754191216e-06, 33.59428024291992, -1.4684526377095608e-06
n,-2.9369052754191216e-06, 33.59428024291992, -1.4684526377095608e-06
n,-2.9369052754191216e-06, 33.59428024291992, -1.4684526377095608e-06
n,-2.9369052754191216e-06, 33.59428024291992, -1.4684526377095608e-06
n,-2.9369052754191216e-06, 33.59428024291992, -1.4684526377095608e-06
n,-2.9369052754191216e-06, 33.59428024291992, -1.4684526377095608e-06
n,-2.9369052754191216e-06, 33.59428024291992, -1.4684526377095608e-06
n,-2.9369052754191216e-06, 33.59428024291992, -1.4684526377095608e-06
n,-2.9369052754191216e-06, 33.59428024291992, -1.4684526377095608e-06
n,-2.9369052754191216e-06, 33.59428024291992, -1.4684526377095608e-06
n,-2.9369052754191216e-06, 33.59428024291992, -1.4684526377095608e-06
n,-2.9369052754191216e-06, 33.59428024291992, -1.4684526377095608e-06
n,-2.9369052754191216e-06, 33.59428024291992, -1.4684526377095608e-06
n,-2.9369052754191216e-06, 33.59428024291992, -1.4684526377095608e-06
n,-2.9369052754191216e-06, 33.59428024291992, -1.4684526377095608e-06
n,-2.9369052754191216e-06, 33.59428024291992, -1.4684526377095608e-06
n,-2.9369052754191216e-06, 33.59428024291992, -1.4684526377095608e-06
n,-2.9369052754191216e-06, 33.59428024291992, -1.4684526377095608e-06
n,-2.9369052754191216e-06, 33.59428024291992, -1.4684526377095608e-06
n,-2.9369052754191216e-06, 33.59428024291992, -1.4684526377095608e-06
n,-2.9369052754191216e-06, 33.59428024291992, -1.4684526377095608e-06
n,-2.9369052754191216e-06, 33.59428024291992, -1.4684526377095608e-06
n,-2.9369052754191216e-06, 33.59428024291992, -1.4684526377095608e-06
n,-2.9369052754191216e-06, 33.59428024291992, -1.4684526377095608e-06
n,-2.9369052754191216e-06, 33.59428024291992, -1.4684526377095608e-06
n,-2.9369052754191216e-06, 33.59428024291992, -1.4684526377095608e-06
n,-2.9369052754191216e-06, 33.59428024291992, -1.4684526377095608e-06
n,-2.9369052754191216e-06, 33.59428024291992, -1.4684526377095608e-06
n,-2.9369052754191216e-06, 33.59428024291992, -1.4684526377095608e-06
n,-2.9369052754191216e-06, 33.59428024291992, -1.4684526377095608e-06
n,-2.9369052754191216e-06, 33.59428024291992, -1.4684526377095608e-06
n,-2.9369052754191216e-06, 33.59428024291992, -1.4684526377095608e-06
n,-2.9369052754191216e-06, 33.59428024291992, -1.4684526377095608e-06
n,-2.9369052754191216e-06, 33.59428024291992, -1.4684526377095608e-06
n,-2.9369052754191216e-06, 33.59428024291992, -1.4684526377095608e-06
n,-2.9369052754191216e-06, 33.59428024291992, -1.4684526377095608e-06
n,-2.9369052754191216e-06, 33.59428024291992, -1.4684526377095608e-06
n,-2.9369052754191216e-06, 33.59428024291992, -1.4684526377095608e-06
n,-2.9369052754191216e-06, 33.59428024291992, -1.4684526377095608e-06
n,-2.9369052754191216e-06, 33.59428024291992, -1.4684526377095608e-06
n,-2.9369052754191216e-06, 33.59428024291992, -1.4684526377095608e-06
n,-2.9369052754191216e-06, 33.59428024291992, -1.4684526377095608e-06
n,2.9369052754191216e-06, -33.59428024291992, 1.4684526377095608e-06
n,2.9369052754191216e-06, -33.59428024291992, 1.4684526377095608e-06
n,2.9369052754191216e-06, -33.59428024291992, 1.4684526377095608e-06
n,2.9369052754191216e-06, -33.59428024291992, 1.4684526377095608e-06
n,2.9369052754191216e-06, -33.59428024291992, 1.4684526377095608e-06
n,2.9369052754191216e-06, -33.59428024291992, 1.4684526377095608e-06
n,2.9369052754191216e-06, -33.59428024291992, 1.4684526377095608e-06
n,2.9369052754191216e-06, -33.59428024291992, 1.4684526377095608e-06
n,2.9369052754191216e-06, -33.59428024291992, 1.4684526377095608e-06
n,2.9369052754191216e-06, -33.59428024291992, 1.4684526377095608e-06
n,2.9369052754191216e-06, -33.59428024291992, 1.4684526377095608e-06
n,2.9369052754191216e-06, -33.59428024291992, 1.4684526377095608e-06
n,2.9369052754191216e-06, -33.59428024291992, 1.4684526377095608e-06
n,2.9369052754191216e-06, -33.59428024291992, 1.4684526377095608e-06
n,2.9369052754191216e-06, -33.59428024291992, 1.4684526377095608e-06
n,2.9369052754191216e-06, -33.59428024291992, 1.4684526377095608e-06
n,2.9369052754191216e-06, -33.59428024291992, 1.4684526377095608e-06
n,2.9369052754191216e-06, -33.59428024291992, 1.4684526377095608e-06
n,2.9369052754191216e-06, -33.59428024291992, 1.4684526377095608e-06
n,2.9369052754191216e-06, -33.59428024291992, 1.4684526377095608e-06
n,33.202301025390625, -0.018252495676279068, 5.116901397705078
n,2.9369052754191216e-06, -33.59428024291992, 1.4684526377095608e-06
n,2.9369052754191216e-06, -33.59428024291992, 1.4684526377095608e-06
n,2.9369052754191216e-06, -33.59428024291992, 1.4684526377095608e-06
n,2.9369052754191216e-06, -33.59428024291992, 1.4684526377095608e-06
n,2.9369052754191216e-06, -33.59428024291992, 1.4684526377095608e-06
n,2.9369052754191216e-06, -33.59428024291992, 1.4684526377095608e-06
n,2.9369052754191216e-06, -33.59428024291992, 1.4684526377095608e-06
n,2.9369052754191216e-06, -33.59428024291992, 1.4684526377095608e-06
n,2.9369052754191216e-06, -33.59428024291992, 1.4684526377095608e-06
n,2.9369052754191216e-06, -33.59428024291992, 1.4684526377095608e-06
n,2.9369052754191216e-06, -33.59428024291992, 1.4684526377095608e-06
n,2.9369052754191216e-06, -33.59428024291992, 1.4684526377095608e-06
n,2.9369052754191216e-06, -33.59428024291992, 1.4684526377095608e-06
n,2.9369052754191216e-06, -33.59428024291992, 1.4684526377095608e-06
n,2.9369052754191216e-06, -33.59428024291992, 1.4684526377095608e-06
n,2.9369052754191216e-06, -33.59428024291992, 1.4684526377095608e-06
n,2.9369052754191216e-06, -33.59428024291992, 1.4684526377095608e-06
n,2.9369052754191216e-06, -33.59428024291992, 1.4684526377095608e-06
n,2.9369052754191216e-06, -33.59428024291992, 1.4684526377095608e-06
n,2.9369052754191216e-06, -33.59428024291992, 1.4684526377095608e-06
n,2.9369052754191216e-06, -33.59428024291992, 1.4684526377095608e-06
n,2.9369052754191216e-06, -33.59428024291992, 1.4684526377095608e-06
n,2.9369052754191216e-06, -33.59428024291992, 1.4684526377095608e-06
n,2.9369052754191216e-06, -33.59428024291992, 1.4684526377095608e-06
n,2.9369052754191216e-06, -33.59428024291992, 1.4684526377095608e-06
n,2.9369052754191216e-06, -33.59428024291992, 1.4684526377095608e-06
n,2.9369052754191216e-06, -33.59428024291992, 1.4684526377095608e-06
n,25.750267028808594, 0.08464408665895462, 21.575265884399414
n,-20.348302841186523, -0.10291164368391037, -26.730350494384766
n,30.56583023071289, 0.13377289474010468, 13.938714981079102
n,32.8910026550293, -0.16309215128421783, 6.836005210876465
n,32.50246047973633, -0.13089586794376373, 8.49404239654541
n,20.636062622070312, 0.14309929311275482, 26.508644104003906
n,-32.95170211791992, 0.12098312377929688, -6.5380754470825195
n,4.5235419273376465, -0.21319802105426788, -33.28765106201172
n,-32.2310905456543, 0.15250654518604279, 9.47149658203125
n,-33.567317962646484, 0.16936473548412323, -1.3349751234054565
n,32.21188735961914, -0.027982184663414955, 9.537781715393066
n,-7.074801921844482, -0.14398883283138275, -32.84055709838867
n,8.407450675964355, -0.203689843416214, -32.52458953857422
n,28.029483795166016, -0.13806618750095367, -18.517684936523438
n,33.40273666381836, -0.0293724425137043, -3.5821726322174072
n,-4.494375705718994, -0.07492706179618835, -33.292198181152344
n,27.78249168395996, 0.043797560036182404, 18.886686325073242
n,-12.710908889770508, -0.21113254129886627, -31.096044540405273
n,-32.824951171875, -0.09434270113706589, -7.147679805755615
n,-8.147866249084473, 0.24621935188770294, -32.590293884277344
n,0.8154392838478088, 0.15273314714431763, -33.58403396606445
n,-31.23430633544922, -0.09013070911169052, -12.368736267089844
n,14.262664794921875, 0.04130994901061058, 30.416282653808594
n,-33.15460968017578, -0.007058801595121622, -5.417325496673584
n,24.250144958496094, -0.0009296258795075119, -23.248788833618164
n,20.48729133605957, 0.03844357654452324, 26.624143600463867
n,-29.76662826538086, -0.040898289531469345, -15.573110580444336
n,6.017963409423828, 0.023777900263667107, 33.05085754394531
n,-28.035186767578125, -0.08986618369817734, 18.509342193603516
n,-33.28679656982422, -0.03726270794868469, -4.534684658050537
n,-33.28549575805664, -0.18901625275611877, 4.540455341339111
n,29.230751037597656, 1.2675133802986238e-05, 16.557144165039062
n,33.479713439941406, 0.0015030927024781704, 2.7720606327056885
n,-21.168790817260742, -0.0862589031457901, -26.085445404052734
n,-0.002945507876574993, 0.014656862244009972, 33.594276428222656
n,0.26866933703422546, 0.018753772601485252, 33.593204498291016
n,-6.983759880065918, 0.006692011374980211, 32.860355377197266
n,21.75165557861328, -0.12232137471437454, 25.601293563842773
n,12.48633098602295, 0.028250236064195633, 31.187602996826172
n,30.777158737182617, 2.1019923224230297e-06, -13.466338157653809
n,27.597827911376953, -0.0674005001783371, 19.155447006225586
n,21.764211654663086, 0.20147334039211273, -25.590118408203125
n,20.735193252563477, -0.025037648156285286, -26.431547164916992
n,8.136229515075684, 0.10522285103797913, -32.593963623046875
n,-32.599700927734375, -0.006959331221878529, -8.113883972167969
n,-9.456195831298828, -0.10340311378240585, -32.235774993896484
n,-33.545936584472656, -3.011429498656071e-06, -1.8016057014465332
n,-27.26897621154785, -0.06977329403162003, -19.620746612548828
n,-5.215409755706787, 0.171003058552742, -33.18653106689453
n,18.577817916870117, 0.0668778270483017, 27.98992347717285
n,-7.750326633453369, 0.0389770083129406, -32.688018798828125
n,-18.377113342285156, 0.029123706743121147, 28.122169494628906
n,33.27095413208008, 0.09093792736530304, -4.648781776428223
n,-32.51669692993164, -0.04551606625318527, -8.440254211425781
n,14.814179420471191, -0.07835493981838226, -30.151445388793945
n,25.548221588134766, 0.0013992025051265955, 21.814311981201172
n,-5.770788192749023, 0.024831373244524002, 33.09490966796875
n,-17.745038986206055, 0.08862076699733734, -28.525100708007812
n,-33.28144454956055, -0.12584474682807922, -4.57223653793335
n,-17.46726417541504, -2.7813862288894597e-06, -28.696170806884766
n,-21.009538650512695, 0.060309264808893204, -26.213951110839844
n,7.368671417236328, 0.061335623264312744, 32.77613067626953
n,30.247997283935547, -0.19272102415561676, 14.614967346191406
n,-32.53083038330078, -0.09552032500505447, -8.385207176208496
n,32.66156005859375, 0.1946793496608734, 7.858770370483398
n,32.28742980957031, 0.10695473104715347, 9.2782564163208
n,33.166259765625, 0.08976811915636063, 5.34479284286499
n,-31.118900299072266, 0.04527461156249046, -12.656527519226074
n,14.684747695922852, -0.07680001109838486, 30.214696884155273
n,-33.130950927734375, 0.06531374156475067, -5.559820175170898
n,24.279767990112305, 0.0036189937964081764, -23.217849731445312
n,20.549348831176758, 2.9581681246781955e-06, 26.57630157470703
n,-29.616748809814453, 0.06047182157635689, -15.85623550415039
n,6.437251091003418, -0.02400164119899273, 32.97175598144531
n,-27.60487937927246, -0.030518651008605957, 19.14537239074707
n,-33.25608444213867, 0.0470903255045414, -4.754602909088135
n,29.36332893371582, 0.10330566763877869, 16.320537567138672
n,33.47389602661133, 0.02237669751048088, 2.841386079788208
n,-20.54622459411621, 0.08863074332475662, -26.578569412231445
n,0.34792959690093994, 0.00036631483817473054, 33.59247970581055
n,0.6015463471412659, -0.0244740042835474, 33.58888626098633
n,-6.790574550628662, -0.019625697284936905, 32.90081024169922
n,13.230010986328125, -0.07277224212884903, 30.8794002532959
n,30.79047966003418, 0.006781016476452351, -13.435848236083984
n,20.96143341064453, 6.849734290881315e-07, -26.25250244140625
n,-32.60927963256836, 0.020721526816487312, -8.075273513793945
n,-9.632370948791504, -0.06871649622917175, -32.18367004394531
n,-33.539268493652344, 0.02358020655810833, -1.9216091632843018
n,-26.949066162109375, 0.06924974173307419, -20.057884216308594
n,18.77614402770996, -0.06413304805755615, 27.857276916503906
n,-17.712356567382812, -0.025189843028783798, 28.545534133911133
n,-32.477657318115234, 0.007304735016077757, -8.589383125305176
n,15.63034725189209, 0.03481157496571541, -29.736621856689453
n,-4.930922031402588, -0.03597579151391983, 33.230411529541016
n,-17.896198272705078, 0.13471409678459167, -28.430328369140625
n,-17.46726417541504, -2.7813862288894597e-06, -28.696170806884766
n,8.148242950439453, -0.04304821044206619, 32.591102600097656
n,-32.45908737182617, 0.09745018184185028, -8.658740997314453
u,0.6060535311698914, 0.3439842462539673, 0
u,0.5947977304458618, 0.34368711709976196, 0
u,0.5987395644187927, 0.34276825189590454, 0
u,0.5404673218727112, 0.34745240211486816, 0
u,0.5267658233642578, 0.34700268507003784, 0
u,0.5340245366096497, 0.34665119647979736, 0
u,0.5404673218727112, 0.34745240211486816, 0
u,0.5198637843132019, 0.34888172149658203, 0
u,0.5267658233642578, 0.34700268507003784, 0
u,0.6060535311698914, 0.3439842462539673, 0
u,0.5916199684143066, 0.34602946043014526, 0
u,0.5947977304458618, 0.34368711709976196, 0
u,0.5472791194915771, 0.3497433066368103, 0
u,0.5198637843132019, 0.34888172149658203, 0
u,0.5404673218727112, 0.34745240211486816, 0
u,0.619289755821228, 0.3493030071258545, 0
u,0.5916199684143066, 0.34602946043014526, 0
u,0.6060535311698914, 0.3439842462539673, 0
u,0.619289755821228, 0.3493030071258545, 0
u,0.5895763635635376, 0.3493627905845642, 0
u,0.5916199684143066, 0.34602946043014526, 0
u,0.5472791194915771, 0.3497433066368103, 0
u,0.5258907675743103, 0.3676741123199463, 0
u,0.5198637843132019, 0.34888172149658203, 0
u,0.5565293431282043, 0.35614097118377686, 0
u,0.5258907675743103, 0.3676741123199463, 0
u,0.5472791194915771, 0.3497433066368103, 0
u,0.619289755821228, 0.3493030071258545, 0
u,0.5884581804275513, 0.35415077209472656, 0
u,0.5895763635635376, 0.3493627905845642, 0
u,0.619289755821228, 0.3493030071258545, 0
u,0.589239239692688, 0.36225026845932007, 0
u,0.5884581804275513, 0.35415077209472656, 0
u,0.6462386250495911, 0.3650776743888855, 0
u,0.589239239692688, 0.36225026845932007, 0
u,0.619289755821228, 0.3493030071258545, 0
u,0.5681456327438354, 0.3685157299041748, 0
u,0.5258907675743103, 0.3676741123199463, 0
u,0.5565293431282043, 0.35614097118377686, 0
u,0.6462386250495911, 0.3650776743888855, 0
u,0.5955376625061035, 0.3866868019104004, 0
u,0.589239239692688, 0.36225026845932007, 0
u,0.5798059701919556, 0.38374537229537964, 0
u,0.5258907675743103, 0.3676741123199463, 0
u,0.5681456327438354, 0.3685157299041748, 0
u,0.5798059701919556, 0.38374537229537964, 0
u,0.5300191044807434, 0.38893550634384155, 0
u,0.5258907675743103, 0.3676741123199463, 0
u,0.6462386250495911, 0.3650776743888855, 0
u,0.6377994418144226, 0.376137375831604, 0
u,0.5955376625061035, 0.3866868019104004, 0
u,0.6351003050804138, 0.37700003385543823, 0
u,0.5955376625061035, 0.3866868019104004, 0
u,0.6377994418144226, 0.376137375831604, 0
u,0.6701620221138, 0.38142621517181396, 0
u,0.6377994418144226, 0.376137375831604, 0
u,0.6462386250495911, 0.3650776743888855, 0
u,0.6701620221138, 0.38142621517181396, 0
u,0.645626425743103, 0.37883275747299194, 0
u,0.6377994418144226, 0.376137375831604, 0
u,0.6337311267852783, 0.37935060262680054, 0
u,0.5955376625061035, 0.3866868019104004, 0
u,0.6351003050804138, 0.37700003385543823, 0
u,0.6334148049354553, 0.38561636209487915, 0
u,0.5955376625061035, 0.3866868019104004, 0
u,0.6337311267852783, 0.37935060262680054, 0
u,0.6701620221138, 0.38142621517181396, 0
u,0.6549906134605408, 0.3840145468711853, 0
u,0.645626425743103, 0.37883275747299194, 0
u,0.6663455963134766, 0.39168781042099, 0
u,0.6549906134605408, 0.3840145468711853, 0
u,0.6701620221138, 0.38142621517181396, 0
u,0.5561730265617371, 0.3924977779388428, 0
u,0.5300191044807434, 0.38893550634384155, 0
u,0.5798059701919556, 0.38374537229537964, 0
u,0.5464387536048889, 0.39438456296920776, 0
u,0.5300191044807434, 0.38893550634384155, 0
u,0.5561730265617371, 0.3924977779388428, 0
u,0.5798059701919556, 0.38374537229537964, 0
u,0.5671369433403015, 0.39511609077453613, 0
u,0.5561730265617371, 0.3924977779388428, 0
u,0.5464387536048889, 0.39438456296920776, 0
u,0.5311771035194397, 0.399416446685791, 0
u,0.5300191044807434, 0.38893550634384155, 0
u,0.5951641798019409, 0.408042848110199, 0
u,0.5671369433403015, 0.39511609077453613, 0
u,0.5798059701919556, 0.38374537229537964, 0
u,0.5394484400749207, 0.39832282066345215, 0
u,0.5311771035194397, 0.399416446685791, 0
u,0.5464387536048889, 0.39438456296920776, 0
u,0.635612428188324, 0.4013252854347229, 0
u,0.5955376625061035, 0.3866868019104004, 0
u,0.6334148049354553, 0.38561636209487915, 0
u,0.5394484400749207, 0.39832282066345215, 0
u,0.5355513691902161, 0.40175187587738037, 0
u,0.5311771035194397, 0.399416446685791, 0
u,0.5951641798019409, 0.408042848110199, 0
u,0.5775343775749207, 0.4026229977607727, 0
u,0.5671369433403015, 0.39511609077453613, 0
u,0.5951641798019409, 0.408042848110199, 0
u,0.5871970653533936, 0.414569616317749, 0
u,0.5775343775749207, 0.4026229977607727, 0
u,0.635612428188324, 0.4013252854347229, 0
u,0.6084708571434021, 0.4286237955093384, 0
u,0.5955376625061035, 0.3866868019104004, 0
u,0.6410378813743591, 0.42686766386032104, 0
u,0.6084708571434021, 0.4286237955093384, 0
u,0.635612428188324, 0.4013252854347229, 0
u,0.5951641798019409, 0.408042848110199, 0
u,0.59665447473526, 0.43040430545806885, 0
u,0.5871970653533936, 0.414569616317749, 0
u,0.606061577796936, 0.4287600517272949, 0
u,0.59665447473526, 0.43040430545806885, 0
u,0.5951641798019409, 0.408042848110199, 0
u,0.6410378813743591, 0.42686766386032104, 0
u,0.606061577796936, 0.4287600517272949, 0
u,0.6084708571434021, 0.4286237955093384, 0
u,0.6410378813743591, 0.42686766386032104, 0
u,0.59665447473526, 0.43040430545806885, 0
u,0.606061577796936, 0.4287600517272949, 0
u,0.6410378813743591, 0.42686766386032104, 0
u,0.6075925230979919, 0.4540392756462097, 0
u,0.59665447473526, 0.43040430545806885, 0
u,0.6480901837348938, 0.45323920249938965, 0
u,0.6075925230979919, 0.4540392756462097, 0
u,0.6410378813743591, 0.42686766386032104, 0
u,0.6480901837348938, 0.45323920249938965, 0
u,0.6196402907371521, 0.4918246865272522, 0
u,0.6075925230979919, 0.4540392756462097, 0
u,0.6611157059669495, 0.49362343549728394, 0
u,0.6196402907371521, 0.4918246865272522, 0
u,0.6480901837348938, 0.45323920249938965, 0
u,0.6611157059669495, 0.49362343549728394, 0
u,0.6254992485046387, 0.5182296335697174, 0
u,0.6196402907371521, 0.4918246865272522, 0
u,0.6701620221138, 0.5188547074794769, 0
u,0.6254992485046387, 0.5182296335697174, 0
u,0.6611157059669495, 0.49362343549728394, 0
u,0.6701620221138, 0.5188547074794769, 0
u,0.643555223941803, 0.5196372270584106, 0
u,0.6254992485046387, 0.5182296335697174, 0
u,0.6664184331893921, 0.5232283771038055, 0
u,0.643555223941803, 0.5196372270584106, 0
u,0.6701620221138, 0.5188547074794769, 0
u,0.4329906702041626, 0.3441409468650818, 0
u,0.4405505359172821, 0.34269988536834717, 0
u,0.4447243809700012, 0.34356313943862915, 0
u,0.4988116919994354, 0.3475257158279419, 0
u,0.5052130222320557, 0.346648633480072, 0
u,0.5126602053642273, 0.3469371795654297, 0
u,0.4988116919994354, 0.3475257158279419, 0
u,0.5126602053642273, 0.3469371795654297, 0
u,0.5198637843132019, 0.34885483980178833, 0
u,0.4329906702041626, 0.3441409468650818, 0
u,0.4447243809700012, 0.34356313943862915, 0
u,0.44792449474334717, 0.3458092212677002, 0
u,0.49120885133743286, 0.35028505325317383, 0
u,0.4988116919994354, 0.3475257158279419, 0
u,0.5198637843132019, 0.34885483980178833, 0
u,0.41888564825057983, 0.35003405809402466, 0
u,0.4329906702041626, 0.3441409468650818, 0
u,0.44792449474334717, 0.3458092212677002, 0
u,0.41888564825057983, 0.35003405809402466, 0
u,0.44792449474334717, 0.3458092212677002, 0
u,0.45066604018211365, 0.35052186250686646, 0
u,0.49120885133743286, 0.35028505325317383, 0
u,0.5198637843132019, 0.34885483980178833, 0
u,0.5141522288322449, 0.3663719892501831, 0
u,0.4823203980922699, 0.3570091128349304, 0
u,0.49120885133743286, 0.35028505325317383, 0
u,0.5141522288322449, 0.3663719892501831, 0
u,0.41888564825057983, 0.35003405809402466, 0
u,0.45066604018211365, 0.35052186250686646, 0
u,0.451209157705307, 0.35738784074783325, 0
u,0.3912779986858368, 0.36644941568374634, 0
u,0.41888564825057983, 0.35003405809402466, 0
u,0.451209157705307, 0.35738784074783325, 0
u,0.47329872846603394, 0.3664374351501465, 0
u,0.4823203980922699, 0.3570091128349304, 0
u,0.5141522288322449, 0.3663719892501831, 0
u,0.3912779986858368, 0.36644941568374634, 0
u,0.451209157705307, 0.35738784074783325, 0
u,0.44899603724479675, 0.36870241165161133, 0
u,0.46036309003829956, 0.3829888701438904, 0
u,0.47329872846603394, 0.3664374351501465, 0
u,0.5141522288322449, 0.3663719892501831, 0
u,0.46036309003829956, 0.3829888701438904, 0
u,0.5141522288322449, 0.3663719892501831, 0
u,0.5098628997802734, 0.38768064975738525, 0
u,0.3912779986858368, 0.36644941568374634, 0
u,0.44899603724479675, 0.36870241165161133, 0
u,0.40336236357688904, 0.37621182203292847, 0
u,0.40336236357688904, 0.37621182203292847, 0
u,0.44899603724479675, 0.36870241165161133, 0
u,0.4422825276851654, 0.39286231994628906, 0
u,0.3912779986858368, 0.36644941568374634, 0
u,0.40336236357688904, 0.37621182203292847, 0
u,0.3969670534133911, 0.37743085622787476, 0
u,0.3695428669452667, 0.3813691735267639, 0
u,0.3912779986858368, 0.36644941568374634, 0
u,0.3969670534133911, 0.37743085622787476, 0
u,0.40576210618019104, 0.3784991502761841, 0
u,0.40336236357688904, 0.37621182203292847, 0
u,0.4422825276851654, 0.39286231994628906, 0
u,0.8313809633255005, 0.20978772640228271, 0
u,0.777641236782074, 0.23456567525863647, 0
u,0.7776415944099426, 0.20885741710662842, 0
u,0.40632304549217224, 0.38530856370925903, 0
u,0.40576210618019104, 0.3784991502761841, 0
u,0.4422825276851654, 0.39286231994628906, 0
u,0.3695428669452667, 0.3813691735267639, 0
u,0.3969670534133911, 0.37743085622787476, 0
u,0.38192737102508545, 0.38564443588256836, 0
u,0.3733823001384735, 0.3917319178581238, 0
u,0.3695428669452667, 0.3813691735267639, 0
u,0.38192737102508545, 0.38564443588256836, 0
u,0.48240867257118225, 0.39262324571609497, 0
u,0.46036309003829956, 0.3829888701438904, 0
u,0.48877301812171936, 0.3931393027305603, 0
u,0.48877301812171936, 0.3931393027305603, 0
u,0.46036309003829956, 0.3829888701438904, 0
u,0.5098628997802734, 0.38768064975738525, 0
u,0.49452829360961914, 0.3949275612831116, 0
u,0.48877301812171936, 0.3931393027305603, 0
u,0.5098628997802734, 0.38768064975738525, 0
u,0.46036309003829956, 0.3829888701438904, 0
u,0.48240867257118225, 0.39262324571609497, 0
u,0.4733182191848755, 0.3947393298149109, 0
u,0.49452829360961914, 0.3949275612831116, 0
u,0.5098628997802734, 0.38768064975738525, 0
u,0.5085233449935913, 0.39939385652542114, 0
u,0.4488193392753601, 0.40091949701309204, 0
u,0.46036309003829956, 0.3829888701438904, 0
u,0.4733182191848755, 0.3947393298149109, 0
u,0.5006745457649231, 0.39861661195755005, 0
u,0.49452829360961914, 0.3949275612831116, 0
u,0.5085233449935913, 0.39939385652542114, 0
u,0.40391796827316284, 0.4022143483161926, 0
u,0.40632304549217224, 0.38530856370925903, 0
u,0.4422825276851654, 0.39286231994628906, 0
u,0.5006745457649231, 0.39861661195755005, 0
u,0.5085233449935913, 0.39939385652542114, 0
u,0.5041484832763672, 0.40172821283340454, 0
u,0.4488193392753601, 0.40091949701309204, 0
u,0.4733182191848755, 0.3947393298149109, 0
u,0.46288827061653137, 0.40189701318740845, 0
u,0.4334087371826172, 0.42868274450302124, 0
u,0.4488193392753601, 0.40091949701309204, 0
u,0.46288827061653137, 0.40189701318740845, 0
u,0.4334087371826172, 0.42868274450302124, 0
u,0.46288827061653137, 0.40189701318740845, 0
u,0.4534027874469757, 0.41323959827423096, 0
u,0.40391796827316284, 0.4022143483161926, 0
u,0.4422825276851654, 0.39286231994628906, 0
u,0.43121102452278137, 0.4285809397697449, 0
u,0.39659154415130615, 0.435538113117218, 0
u,0.40391796827316284, 0.4022143483161926, 0
u,0.43121102452278137, 0.4285809397697449, 0
u,0.4334087371826172, 0.42868274450302124, 0
u,0.4534027874469757, 0.41323959827423096, 0
u,0.443720281124115, 0.42909663915634155, 0
u,0.39659154415130615, 0.435538113117218, 0
u,0.43121102452278137, 0.4285809397697449, 0
u,0.4334087371826172, 0.42868274450302124, 0
u,0.39659154415130615, 0.435538113117218, 0
u,0.4334087371826172, 0.42868274450302124, 0
u,0.443720281124115, 0.42909663915634155, 0
u,0.39659154415130615, 0.435538113117218, 0
u,0.443720281124115, 0.42909663915634155, 0
u,0.4330460727214813, 0.45159947872161865, 0
u,0.38358908891677856, 0.4786754846572876, 0
u,0.39659154415130615, 0.435538113117218, 0
u,0.4330460727214813, 0.45159947872161865, 0
u,0.38358908891677856, 0.4786754846572876, 0
u,0.4330460727214813, 0.45159947872161865, 0
u,0.42080020904541016, 0.48888659477233887, 0
u,0.3695428669452667, 0.5188352167606354, 0
u,0.38358908891677856, 0.4786754846572876, 0
u,0.42080020904541016, 0.48888659477233887, 0
u,0.3695428669452667, 0.5188352167606354, 0
u,0.42080020904541016, 0.48888659477233887, 0
u,0.41418707370758057, 0.5180622339248657, 0
u,0.3695428669452667, 0.5188352167606354, 0
u,0.41418707370758057, 0.5180622339248657, 0
u,0.387240469455719, 0.5207453668117523, 0
u,0.37329161167144775, 0.5232284069061279, 0
u,0.3695428669452667, 0.5188352167606354, 0
u,0.387240469455719, 0.5207453668117523, 0
u,0.47593212127685547, 0.7874611914157867, 0
u,0.4759327173233032, 0.8032953888177872, 0
u,0.42219278216362, 0.7900062799453735, 0
u,0.18174323439598083, 0.06792217493057251, 0
u,0.17157338559627533, 0.0679059624671936, 0
u,0.1795322299003601, 0.014179229736328125, 0
u,0.47593387961387634, 0.7173816859722137, 0
u,0.4759327173233032, 0.7406759560108185, 0
u,0.42219439148902893, 0.7173270881175995, 0
u,0.7776412963867188, 0.2616538405418396, 0
u,0.777641236782074, 0.23456567525863647, 0
u,0.8313806056976318, 0.24341970682144165, 0
u,0.7776420712471008, 0.30397236347198486, 0
u,0.7776412963867188, 0.2616538405418396, 0
u,0.8313811421394348, 0.28827965259552, 0
u,0.4759327173233032, 0.8032953888177872, 0
u,0.47593387961387634, 0.8127014338970184, 0
u,0.4221942722797394, 0.8117098361253738, 0
u,0.10748054087162018, 0.17108964920043945, 0
u,0.10748039186000824, 0.1458558440208435, 0
u,0.16121990978717804, 0.16443610191345215, 0
u,0.9678067564964294, 0.6197396218776703, 0
u,0.9578914642333984, 0.6197396218776703, 0
u,0.9631648063659668, 0.5660003423690796, 0
u,0.10748021304607391, 0.18352121114730835, 0
u,0.10748044401407242, 0.17914044857025146, 0
u,0.16121970117092133, 0.1824866533279419, 0
u,0.10748044401407242, 0.17914044857025146, 0
u,0.10748054087162018, 0.17108964920043945, 0
u,0.16121990978717804, 0.17595124244689941, 0
u,0.7776428461074829, 0.3307536244392395, 0
u,0.7776420712471008, 0.30397236347198486, 0
u,0.8313822150230408, 0.33077341318130493, 0
u,0.9542906880378723, 0.8426007628440857, 0
u,0.9325780868530273, 0.842599555850029, 0
u,0.9458127617835999, 0.7888609915971756, 0
u,0.18138019740581512, 0.3368672728538513, 0
u,0.17856428027153015, 0.33684825897216797, 0
u,0.18038170039653778, 0.2831200361251831, 0
u,0.18318429589271545, 0.33687883615493774, 0
u,0.18138019740581512, 0.3368672728538513, 0
u,0.18318429589271545, 0.2831384539604187, 0
u,0.7776421308517456, 0.19347476959228516, 0
u,0.7776427268981934, 0.18778765201568604, 0
u,0.8313815593719482, 0.19321900606155396, 0
u,0.9717186093330383, 0.8426011949777603, 0
u,0.9542906880378723, 0.8426007628440857, 0
u,0.9717056751251221, 0.7888618409633636, 0
u,0.4759320318698883, 0.7689649909734726, 0
u,0.47593212127685547, 0.7874611914157867, 0
u,0.42219260334968567, 0.7698043882846832, 0
u,0.17856428027153015, 0.33684825897216797, 0
u,0.17141923308372498, 0.3367980718612671, 0
u,0.17435109615325928, 0.28307807445526123, 0
u,0.10748039186000824, 0.1458558440208435, 0
u,0.16121971607208252, 0.13937115669250488, 0
u,0.16121990978717804, 0.16443610191345215, 0
u,0.17856428027153015, 0.33684825897216797, 0
u,0.17435109615325928, 0.28307807445526123, 0
u,0.18038170039653778, 0.2831200361251831, 0
u,0.9578914642333984, 0.6197396218776703, 0
u,0.9568232297897339, 0.5660000741481781, 0
u,0.9631648063659668, 0.5660003423690796, 0
u,0.8541001081466675, 0.4540597200393677, 0
u,0.9078395366668701, 0.4310504198074341, 0
u,0.9078394770622253, 0.45661741495132446, 0
u,0.9867436289787292, 0.788808137178421, 0
u,0.998762309551239, 0.8425052762031555, 0
u,0.9862943887710571, 0.8425494581460953, 0
u,0.8540987968444824, 0.5231055617332458, 0
u,0.9078388810157776, 0.4961887001991272, 0
u,0.9078381657600403, 0.5232283771038055, 0
u,0.9280850291252136, 0.7888617813587189, 0
u,0.9325780868530273, 0.842599555850029, 0
u,0.9280484318733215, 0.8426011949777603, 0
u,0.47703564167022705, 0.058989524841308594, 0
u,0.4233068525791168, 0.08100491762161255, 0
u,0.42329519987106323, 0.05686146020889282, 0
u,0.8541001081466675, 0.4296538233757019, 0
u,0.9078393578529358, 0.4134112596511841, 0
u,0.9078395366668701, 0.4310504198074341, 0
u,0.9865469336509705, 0.8925194069743156, 0
u,0.9923695921897888, 0.9462588056921959, 0
u,0.9860773682594299, 0.9462587982416153, 0
u,0.1612192839384079, 0.18640440702438354, 0
u,0.10748021304607391, 0.18352121114730835, 0
u,0.16121970117092133, 0.1824866533279419, 0
u,0.8450078964233398, 0.0799398422241211, 0
u,0.8653997778892517, 0.13367927074432373, 0
u,0.8437684774398804, 0.13367921113967896, 0
u,0.10748044401407242, 0.17914044857025146, 0
u,0.16121990978717804, 0.17595124244689941, 0
u,0.16121970117092133, 0.1824866533279419, 0
u,0.42219308018684387, 0.7488482594490051, 0
u,0.4759320318698883, 0.7689649909734726, 0
u,0.42219260334968567, 0.7698043882846832, 0
u,0.8313815593719482, 0.19321900606155396, 0
u,0.7776415944099426, 0.20885741710662842, 0
u,0.7776421308517456, 0.19347476959228516, 0
u,0.8540995121002197, 0.3986515402793884, 0
u,0.9078382253646851, 0.38971883058547974, 0
u,0.9078389406204224, 0.3994978666305542, 0
u,0.3672848045825958, 0.28219032287597656, 0
u,0.3694779574871063, 0.3359292149543762, 0
u,0.36707058548927307, 0.3359297513961792, 0
u,0.9791222214698792, 0.8925194069743156, 0
u,0.9860773682594299, 0.9462587982416153, 0
u,0.9788316488265991, 0.9462588019669056, 0
u,0.9717352390289307, 0.8925194293260574, 0
u,0.9788316488265991, 0.9462588019669056, 0
u,0.9717488884925842, 0.9462588205933571, 0
u,0.4759327173233032, 0.8032953888177872, 0
u,0.4221942722797394, 0.8117098361253738, 0
u,0.4221932888031006, 0.8021359145641327, 0
u,0.9927880764007568, 0.8925194069743156, 0
u,0.9988418221473694, 0.9462588205933571, 0
u,0.9923695921897888, 0.9462588056921959, 0
u,0.47704625129699707, 0.08098989725112915, 0
u,0.42330682277679443, 0.08907884359359741, 0
u,0.4233068525791168, 0.08100491762161255, 0
u,0.47593212127685547, 0.7874611914157867, 0
u,0.42219278216362, 0.7900062799453735, 0
u,0.42219260334968567, 0.7698043882846832, 0
u,0.18138019740581512, 0.3368672728538513, 0
u,0.18038170039653778, 0.2831200361251831, 0
u,0.18318429589271545, 0.2831384539604187, 0
u,0.9759110808372498, 0.5659992694854736, 0
u,0.9799289703369141, 0.6197378039360046, 0
u,0.9754343628883362, 0.6197387278079987, 0
u,0.9678067564964294, 0.6197396218776703, 0
u,0.9631648063659668, 0.5660003423690796, 0
u,0.9691593647003174, 0.5660001337528229, 0
u,0.16121971607208252, 0.13937115669250488, 0
u,0.10747991502285004, 0.10204172134399414, 0
u,0.1612192988395691, 0.10203981399536133, 0
u,0.9568232297897339, 0.5660000741481781, 0
u,0.9476553201675415, 0.6197378933429718, 0
u,0.9483264088630676, 0.5659986734390259, 0
u,0.8333151936531067, 0.07993966341018677, 0
u,0.8437684774398804, 0.13367921113967896, 0
u,0.8333153128623962, 0.1336790919303894, 0
u,0.8540999293327332, 0.4119376540184021, 0
u,0.9078389406204224, 0.3994978666305542, 0
u,0.9078393578529358, 0.4134112596511841, 0
u,0.9542906880378723, 0.8426007628440857, 0
u,0.9458127617835999, 0.7888609915971756, 0
u,0.9717056751251221, 0.7888618409633636, 0
u,0.47702255845069885, 0.03339415788650513, 0
u,0.42329519987106323, 0.05686146020889282, 0
u,0.4232824444770813, 0.032112300395965576, 0
u,0.9325780868530273, 0.842599555850029, 0
u,0.9326244592666626, 0.7888601422309875, 0
u,0.9458127617835999, 0.7888609915971756, 0
u,0.9717184901237488, 0.7888614535331726, 0
u,0.975163996219635, 0.842588946223259, 0
u,0.9717184901237488, 0.8426011949777603, 0
u,0.7776427268981934, 0.18778765201568604, 0
u,0.8313822150230408, 0.18712085485458374, 0
u,0.8313815593719482, 0.19321900606155396, 0
u,0.8667234182357788, 0.07993990182876587, 0
u,0.8850888013839722, 0.1336790919303894, 0
u,0.8653997778892517, 0.13367927074432373, 0
u,0.9691593647003174, 0.5660001337528229, 0
u,0.9754343628883362, 0.6197387278079987, 0
u,0.9678067564964294, 0.6197396218776703, 0
u,0.4759327173233032, 0.8032953888177872, 0
u,0.4221932888031006, 0.8021359145641327, 0
u,0.42219278216362, 0.7900062799453735, 0
u,0.975174605846405, 0.7888491749763489, 0
u,0.9791896939277649, 0.8425746560096741, 0
u,0.975163996219635, 0.842588946223259, 0
u,0.17435109615325928, 0.28307807445526123, 0
u,0.16325527429580688, 0.3367399573326111, 0
u,0.16122041642665863, 0.2829846739768982, 0
u,0.10748054087162018, 0.17108964920043945, 0
u,0.16121990978717804, 0.16443610191345215, 0
u,0.16121990978717804, 0.17595124244689941, 0
u,0.9837594032287598, 0.5659995377063751, 0
u,0.9799289703369141, 0.6197378039360046, 0
u,0.9799289703369141, 0.5659984052181244, 0
u,0.17157338559627533, 0.0679059624671936, 0
u,0.17157338559627533, 0.014166474342346191, 0
u,0.1795322299003601, 0.014179229736328125, 0
u,0.9794236421585083, 0.7888340950012207, 0
u,0.9862943887710571, 0.8425494581460953, 0
u,0.9791896939277649, 0.8425746560096741, 0
u,0.4759327173233032, 0.7406759560108185, 0
u,0.42219308018684387, 0.7488482594490051, 0
u,0.42219439148902893, 0.7173270881175995, 0
u,0.8540995121002197, 0.4931953549385071, 0
u,0.9078394770622253, 0.45661741495132446, 0
u,0.9078388810157776, 0.4961887001991272, 0
u,0.7776412963867188, 0.2616538405418396, 0
u,0.8313806056976318, 0.24341970682144165, 0
u,0.8313811421394348, 0.28827965259552, 0
u,0.7776420712471008, 0.30397236347198486, 0
u,0.8313811421394348, 0.28827965259552, 0
u,0.8313822150230408, 0.33077341318130493, 0
u,0.8313809633255005, 0.20978772640228271, 0
u,0.8313806056976318, 0.24341970682144165, 0
u,0.777641236782074, 0.23456567525863647, 0
u,0.8541001081466675, 0.4540597200393677, 0
u,0.8541001081466675, 0.4296538233757019, 0
u,0.9078395366668701, 0.4310504198074341, 0
u,0.9867436289787292, 0.788808137178421, 0
u,0.9999998807907104, 0.7887611538171768, 0
u,0.998762309551239, 0.8425052762031555, 0
u,0.8540987968444824, 0.5231055617332458, 0
u,0.8540995121002197, 0.4931953549385071, 0
u,0.9078388810157776, 0.4961887001991272, 0
u,0.9280850291252136, 0.7888617813587189, 0
u,0.9326244592666626, 0.7888601422309875, 0
u,0.9325780868530273, 0.842599555850029, 0
u,0.47703564167022705, 0.058989524841308594, 0
u,0.47704625129699707, 0.08098989725112915, 0
u,0.4233068525791168, 0.08100491762161255, 0
u,0.8541001081466675, 0.4296538233757019, 0
u,0.8540999293327332, 0.4119376540184021, 0
u,0.9078393578529358, 0.4134112596511841, 0
u,0.9865469336509705, 0.8925194069743156, 0
u,0.9927880764007568, 0.8925194069743156, 0
u,0.9923695921897888, 0.9462588056921959, 0
u,0.1612192839384079, 0.18640440702438354, 0
u,0.10747991502285004, 0.1862679123878479, 0
u,0.10748021304607391, 0.18352121114730835, 0
u,0.8450078964233398, 0.0799398422241211, 0
u,0.8667234182357788, 0.07993990182876587, 0
u,0.8653997778892517, 0.13367927074432373, 0
u,0.42219308018684387, 0.7488482594490051, 0
u,0.4759327173233032, 0.7406759560108185, 0
u,0.4759320318698883, 0.7689649909734726, 0
u,0.8313815593719482, 0.19321900606155396, 0
u,0.8313809633255005, 0.20978772640228271, 0
u,0.7776415944099426, 0.20885741710662842, 0
u,0.8540995121002197, 0.3986515402793884, 0
u,0.8540987968444824, 0.38920170068740845, 0
u,0.9078382253646851, 0.38971883058547974, 0
u,0.3672848045825958, 0.28219032287597656, 0
u,0.3694779574871063, 0.28218984603881836, 0
u,0.3694779574871063, 0.3359292149543762, 0
u,0.9791222214698792, 0.8925194069743156, 0
u,0.9865469336509705, 0.8925194069743156, 0
u,0.9860773682594299, 0.9462587982416153, 0
u,0.9717352390289307, 0.8925194293260574, 0
u,0.9791222214698792, 0.8925194069743156, 0
u,0.9788316488265991, 0.9462588019669056, 0
u,0.9927880764007568, 0.8925194069743156, 0
u,0.9999857544898987, 0.8925194293260574, 0
u,0.9988418221473694, 0.9462588205933571, 0
u,0.47704625129699707, 0.08098989725112915, 0
u,0.47704625129699707, 0.08914703130722046, 0
u,0.42330682277679443, 0.08907884359359741, 0
u,0.9759110808372498, 0.5659992694854736, 0
u,0.9799289703369141, 0.5659984052181244, 0
u,0.9799289703369141, 0.6197378039360046, 0
u,0.16121971607208252, 0.13937115669250488, 0
u,0.10748039186000824, 0.1458558440208435, 0
u,0.10747991502285004, 0.10204172134399414, 0
u,0.9568232297897339, 0.5660000741481781, 0
u,0.9578914642333984, 0.6197396218776703, 0
u,0.9476553201675415, 0.6197378933429718, 0
u,0.8333151936531067, 0.07993966341018677, 0
u,0.8450078964233398, 0.0799398422241211, 0
u,0.8437684774398804, 0.13367921113967896, 0
u,0.8540999293327332, 0.4119376540184021, 0
u,0.8540995121002197, 0.3986515402793884, 0
u,0.9078389406204224, 0.3994978666305542, 0
u,0.47702255845069885, 0.03339415788650513, 0
u,0.47703564167022705, 0.058989524841308594, 0
u,0.42329519987106323, 0.05686146020889282, 0
u,0.9717184901237488, 0.7888614535331726, 0
u,0.975174605846405, 0.7888491749763489, 0
u,0.975163996219635, 0.842588946223259, 0
u,0.8667234182357788, 0.07993990182876587, 0
u,0.8850991129875183, 0.07993966341018677, 0
u,0.8850888013839722, 0.1336790919303894, 0
u,0.9691593647003174, 0.5660001337528229, 0
u,0.9759110808372498, 0.5659992694854736, 0
u,0.9754343628883362, 0.6197387278079987, 0
u,0.975174605846405, 0.7888491749763489, 0
u,0.9794236421585083, 0.7888340950012207, 0
u,0.9791896939277649, 0.8425746560096741, 0
u,0.17435109615325928, 0.28307807445526123, 0
u,0.17141923308372498, 0.3367980718612671, 0
u,0.16325527429580688, 0.3367399573326111, 0
u,0.9837594032287598, 0.5659995377063751, 0
u,0.9837594032287598, 0.6197389364242554, 0
u,0.9799289703369141, 0.6197378039360046, 0
u,0.9794236421585083, 0.7888340950012207, 0
u,0.9867436289787292, 0.788808137178421, 0
u,0.9862943887710571, 0.8425494581460953, 0
u,0.8540995121002197, 0.4931953549385071, 0
u,0.8541001081466675, 0.4540597200393677, 0
u,0.9078394770622253, 0.45661741495132446, 0
