v,0.0009849081980064511, -0.014063999988138676, 0.007292098831385374
v,0.000898556609172374, -0.014289932325482368, 0.007016079034656286
v,0.0010429031681269407, -0.013912261463701725, 0.005588795058429241
v,0.0016771832015365362, -0.012252715416252613, 0.0066463216207921505
v,0.0009849081980064511, -0.014063999988138676, 0.007292098831385374
v,0.0010429031681269407, -0.013912261463701725, 0.005588795058429241
v,0.002036900958046317, -0.011311541311442852, 0.006361208390444517
v,0.0016771832015365362, -0.012252715416252613, 0.0066463216207921505
v,0.0010429031681269407, -0.013912261463701725, 0.005588795058429241
v,0.0020545015577226877, -0.011265491135418415, 0.005563417915254831
v,0.002036900958046317, -0.011311541311442852, 0.006361208390444517
v,0.0010429031681269407, -0.013912261463701725, 0.005588795058429241
v,0.0021297840867191553, -0.011068519204854965, 0.004070604220032692
v,0.0020545015577226877, -0.011265491135418415, 0.005563417915254831
v,0.0010429031681269407, -0.013912261463701725, 0.005588795058429241
v,0.0021297840867191553, -0.011068519204854965, 0.004070604220032692
v,0.0010429031681269407, -0.013912261463701725, 0.005588795058429241
v,0.0012921571033075452, -0.01326010748744011, 0.0028801618609577417
v,0.002191644161939621, -0.010906667448580265, 0.0030786623246967793
v,0.0021297840867191553, -0.011068519204854965, 0.004070604220032692
v,0.0012921571033075452, -0.01326010748744011, 0.0028801618609577417
v,0.0024197024758905172, -0.010309970006346703, 0.0028640436939895153
v,0.002191644161939621, -0.010906667448580265, 0.0030786623246967793
v,0.0012921571033075452, -0.01326010748744011, 0.0028801618609577417
v,0.0005706596421077847, -0.015147850848734379, 0.0028866964858025312
v,0.0001295318070333451, -0.01630202867090702, 0.0029681306332349777
v,9.767674055183306e-05, -0.01638537459075451, 0.002880039159208536
v,0.0024197024758905172, -0.010309970006346703, 0.0028640436939895153
v,0.0012921571033075452, -0.01326010748744011, 0.0028801618609577417
v,0.0005706596421077847, -0.015147850848734379, 0.0028866964858025312
v,0.0024197024758905172, -0.010309970006346703, 0.0028640436939895153
v,0.0005706596421077847, -0.015147850848734379, 0.0028866964858025312
v,9.767674055183306e-05, -0.01638537459075451, 0.002880039159208536
v,0.0024197024758905172, -0.010309970006346703, 0.0028640436939895153
v,9.767674055183306e-05, -0.01638537459075451, 0.002880039159208536
v,0.00019255747611168772, -0.016137126833200455, 0.001898001180961728
v,0.002849321812391281, -0.009185903705656528, 0.0024978567380458117
v,0.0024197024758905172, -0.010309970006346703, 0.0028640436939895153
v,0.00019255747611168772, -0.016137126833200455, 0.001898001180961728
v,0.0031761438585817814, -0.008330799639225006, 0.00227137072943151
v,0.002849321812391281, -0.009185903705656528, 0.0024978567380458117
v,0.00019255747611168772, -0.016137126833200455, 0.001898001180961728
v,0.003234456991776824, -0.0081782266497612, 0.0016298796981573105
v,0.0031761438585817814, -0.008330799639225006, 0.00227137072943151
v,0.00019255747611168772, -0.016137126833200455, 0.001898001180961728
v,-0.0007002453203313053, -0.00945519469678402, 0.0016294361557811499
v,0.002429456915706396, -0.010284448973834515, -9.664555363997351e-06
v,-0.0005698648164980114, -0.009114064276218414, -0.00011102457938250154
v,0.003234456991776824, -0.0081782266497612, 0.0016298796981573105
v,0.00019255747611168772, -0.016137126833200455, 0.001898001180961728
v,0.0023072322364896536, -0.010604240000247955, 0.0016296994872391224
v,0.0023072322364896536, -0.010604240000247955, 0.0016296994872391224
v,0.00019255747611168772, -0.016137126833200455, 0.001898001180961728
v,0.001387041062116623, -0.013011850416660309, 0.001629834994673729
v,0.001387041062116623, -0.013011850416660309, 0.001629834994673729
v,0.00019255747611168772, -0.016137126833200455, 0.001898001180961728
v,0.000730576750356704, -0.014729439280927181, 0.0016253055073320866
v,0.00021033574012108147, -0.01609061099588871, 0.0015410184860229492
v,0.000730576750356704, -0.014729439280927181, 0.0016253055073320866
v,0.00019255747611168772, -0.016137126833200455, 0.001898001180961728
v,0.0023072322364896536, -0.010604240000247955, 0.0016296994872391224
v,0.001387041062116623, -0.013011850416660309, 0.001629834994673729
v,0.0015021980507299304, -0.012710551731288433, 0.0004214562941342592
v,0.002429456915706396, -0.010284448973834515, -9.664555363997351e-06
v,0.0023072322364896536, -0.010604240000247955, 0.0016296994872391224
v,0.0015021980507299304, -0.012710551731288433, 0.0004214562941342592
v,0.002429456915706396, -0.010284448973834515, -9.664555363997351e-06
v,0.0015021980507299304, -0.012710551731288433, 0.0004214562941342592
v,0.0017522936686873436, -0.012056195177137852, -0.0026998016983270645
v,0.0027729016728699207, -0.009385853074491024, -0.004244903102517128
v,0.002429456915706396, -0.010284448973834515, -9.664555363997351e-06
v,0.0017522936686873436, -0.012056195177137852, -0.0026998016983270645
v,0.0027729016728699207, -0.009385853074491024, -0.004244903102517128
v,0.0017522936686873436, -0.012056195177137852, -0.0026998016983270645
v,0.001890599145554006, -0.011694329790771008, -0.004688104148954153
v,0.0027729016728699207, -0.009385853074491024, -0.004244903102517128
v,0.001890599145554006, -0.011694329790771008, -0.004688104148954153
v,0.0019330984214320779, -0.011583133600652218, -0.005502657499164343
v,0.00290810433216393, -0.009032105095684528, -0.005971146747469902
v,0.0027729016728699207, -0.009385853074491024, -0.004244903102517128
v,0.0019330984214320779, -0.011583133600652218, -0.005502657499164343
v,0.0010512500302866101, -0.013890423811972141, -0.005457043647766113
v,0.0007810056558810174, -0.014597496949136257, -0.00486110569909215
v,0.0006816521054133773, -0.014857448637485504, -0.005508878268301487
v,0.0010512500302866101, -0.013890423811972141, -0.005457043647766113
v,0.0006816521054133773, -0.014857448637485504, -0.005508878268301487
v,0.001419887295924127, -0.012925912626087666, -0.007010831963270903
v,0.0012702846433967352, -0.013317335397005081, -0.005860411562025547
v,0.0010512500302866101, -0.013890423811972141, -0.005457043647766113
v,0.001419887295924127, -0.012925912626087666, -0.007010831963270903
v,0.00290810433216393, -0.009032105095684528, -0.005971146747469902
v,0.0019330984214320779, -0.011583133600652218, -0.005502657499164343
v,0.0019345632754266262, -0.011579301208257675, -0.005900413729250431
v,0.00290810433216393, -0.009032105095684528, -0.005971146747469902
v,0.0019345632754266262, -0.011579301208257675, -0.005900413729250431
v,0.00190727470908314, -0.011650700122117996, -0.006112164352089167
v,0.0014699557796120644, -0.012794911861419678, -0.006173199974000454
v,0.0012702846433967352, -0.013317335397005081, -0.005860411562025547
v,0.001419887295924127, -0.012925912626087666, -0.007010831963270903
v,0.00290810433216393, -0.009032105095684528, -0.005971146747469902
v,0.00190727470908314, -0.011650700122117996, -0.006112164352089167
v,0.0018734097247943282, -0.011739305220544338, -0.00623314781114459
v,0.0015785841969773173, -0.01251069363206625, -0.006303301081061363
v,0.0014699557796120644, -0.012794911861419678, -0.006173199974000454
v,0.001419887295924127, -0.012925912626087666, -0.007010831963270903
v,0.0029367071110755205, -0.008957268670201302, -0.0065788994543254375
v,0.00290810433216393, -0.009032105095684528, -0.005971146747469902
v,0.0018734097247943282, -0.011739305220544338, -0.00623314781114459
v,0.0029367071110755205, -0.008957268670201302, -0.0065788994543254375
v,0.0018734097247943282, -0.011739305220544338, -0.00623314781114459
v,0.0018236772157251835, -0.011869425885379314, -0.006332270801067352
v,0.0016884265933185816, -0.012223299592733383, -0.006380496080964804
v,0.0015785841969773173, -0.01251069363206625, -0.006303301081061363
v,0.001419887295924127, -0.012925912626087666, -0.007010831963270903
v,0.0029367071110755205, -0.008957268670201302, -0.0065788994543254375
v,0.0018236772157251835, -0.011869425885379314, -0.006332270801067352
v,0.0017667455831542611, -0.012018383480608463, -0.006379885133355856
v,0.0029367071110755205, -0.008957268670201302, -0.0065788994543254375
v,0.0017667455831542611, -0.012018383480608463, -0.006379885133355856
v,0.0016884265933185816, -0.012223299592733383, -0.006380496080964804
v,0.0029367071110755205, -0.008957268670201302, -0.0065788994543254375
v,0.0016884265933185816, -0.012223299592733383, -0.006380496080964804
v,0.001419887295924127, -0.012925912626087666, -0.007010831963270903
v,0.0029341778717935085, -0.008963885717093945, -0.007086336612701416
v,0.0029367071110755205, -0.008957268670201302, -0.0065788994543254375
v,0.001419887295924127, -0.012925912626087666, -0.007010831963270903
v,0.0029026467818766832, -0.009046384133398533, -0.00748786423355341
v,0.0029341778717935085, -0.008963885717093945, -0.007086336612701416
v,0.001419887295924127, -0.012925912626087666, -0.007010831963270903
v,0.0029026467818766832, -0.009046384133398533, -0.00748786423355341
v,0.001419887295924127, -0.012925912626087666, -0.007010831963270903
v,0.0017798918997868896, -0.011983987875282764, -0.007639928255230188
v,0.0028430470265448093, -0.009202322922647, -0.007815242744982243
v,0.0029026467818766832, -0.009046384133398533, -0.00748786423355341
v,0.0017798918997868896, -0.011983987875282764, -0.007639928255230188
v,0.0028430470265448093, -0.009202322922647, -0.007815242744982243
v,0.0017798918997868896, -0.011983987875282764, -0.007639928255230188
v,0.0019875396974384785, -0.011440692469477654, -0.007949842140078545
v,0.0027666629757732153, -0.009402175433933735, -0.008044200018048286
v,0.0028430470265448093, -0.009202322922647, -0.007815242744982243
v,0.0019875396974384785, -0.011440692469477654, -0.007949842140078545
v,0.0027666629757732153, -0.009402175433933735, -0.008044200018048286
v,0.0019875396974384785, -0.011440692469477654, -0.007949842140078545
v,0.002156398259103298, -0.010998887941241264, -0.008144711144268513
v,0.00267786649055779, -0.009634505026042461, -0.008205927908420563
v,0.0027666629757732153, -0.009402175433933735, -0.008044200018048286
v,0.002156398259103298, -0.010998887941241264, -0.008144711144268513
v,0.00267786649055779, -0.009634505026042461, -0.008205927908420563
v,0.002156398259103298, -0.010998887941241264, -0.008144711144268513
v,0.0023033353500068188, -0.010614437982439995, -0.008268043398857117
v,0.00255844765342772, -0.009946955367922783, -0.00830821692943573
v,0.00267786649055779, -0.009634505026042461, -0.008205927908420563
v,0.0023033353500068188, -0.010614437982439995, -0.008268043398857117
v,0.00255844765342772, -0.009946955367922783, -0.00830821692943573
v,0.0023033353500068188, -0.010614437982439995, -0.008268043398857117
v,0.0024307880084961653, -0.010280967690050602, -0.008323714137077332
v,-0.0013041275087743998, -0.01103520579636097, 0.006624128203839064
v,-0.002107613952830434, -0.013137467205524445, 0.007019604090601206
v,-0.002022493863478303, -0.012914757244288921, 0.007291222922503948
v,-0.0009706912096589804, -0.010162794962525368, 0.006361703854054213
v,-0.002107613952830434, -0.013137467205524445, 0.007019604090601206
v,-0.0013041275087743998, -0.01103520579636097, 0.006624128203839064
v,-0.0009499654988758266, -0.010108567774295807, 0.0054892064072191715
v,-0.002107613952830434, -0.013137467205524445, 0.007019604090601206
v,-0.0009706912096589804, -0.010162794962525368, 0.006361703854054213
v,-0.0009499654988758266, -0.010108567774295807, 0.0054892064072191715
v,-0.0018601902993395925, -0.012490102089941502, 0.004490463063120842
v,-0.002107613952830434, -0.013137467205524445, 0.007019604090601206
v,-0.0008719951147213578, -0.00990456435829401, 0.003975763916969299
v,-0.0018601902993395925, -0.012490102089941502, 0.004490463063120842
v,-0.0009499654988758266, -0.010108567774295807, 0.0054892064072191715
v,-0.0008719951147213578, -0.00990456435829401, 0.003975763916969299
v,-0.001716488623060286, -0.012114117853343487, 0.002880045212805271
v,-0.0018601902993395925, -0.012490102089941502, 0.004490463063120842
v,-0.0008156948606483638, -0.00975725892931223, 0.0030786620918661356
v,-0.001716488623060286, -0.012114117853343487, 0.002880045212805271
v,-0.0008719951147213578, -0.00990456435829401, 0.003975763916969299
v,-0.0003702137037180364, -0.008591691963374615, 0.0026681888848543167
v,-0.001716488623060286, -0.012114117853343487, 0.002880045212805271
v,-0.0008156948606483638, -0.00975725892931223, 0.0030786620918661356
v,-0.0024180407635867596, -0.013949675485491753, 0.0028854135889559984
v,-0.0029096624348312616, -0.015235967002809048, 0.0028800389263778925
v,-0.002877509454265237, -0.015151840634644032, 0.002967200707644224
v,-0.0003702137037180364, -0.008591691963374615, 0.0026681888848543167
v,-0.0024180407635867596, -0.013949675485491753, 0.0028854135889559984
v,-0.001716488623060286, -0.012114117853343487, 0.002880045212805271
v,-0.0003702137037180364, -0.008591691963374615, 0.0026681888848543167
v,-0.0029096624348312616, -0.015235967002809048, 0.0028800389263778925
v,-0.0024180407635867596, -0.013949675485491753, 0.0028854135889559984
v,-0.0003702137037180364, -0.008591691963374615, 0.0026681888848543167
v,-0.0028157944325357676, -0.014990368857979774, 0.0019106508698314428
v,-0.0029096624348312616, -0.015235967002809048, 0.0028800389263778925
v,0.00016904552467167377, -0.0071807606145739555, 0.002267698058858514
v,-0.0028157944325357676, -0.014990368857979774, 0.0019106508698314428
v,-0.0003702137037180364, -0.008591691963374615, 0.0026681888848543167
v,0.00022711794008500874, -0.007028818596154451, 0.0016298794653266668
v,-0.0028157944325357676, -0.014990368857979774, 0.0019106508698314428
v,0.00016904552467167377, -0.0071807606145739555, 0.002267698058858514
v,0.00022711794008500874, -0.007028818596154451, 0.0016298794653266668
v,-0.0007002453203313053, -0.00945519469678402, 0.0016294361557811499
v,-0.0028157944325357676, -0.014990368857979774, 0.0019106508698314428
v,-0.0007002453203313053, -0.00945519469678402, 0.0016294361557811499
v,-0.001618910231627524, -0.011858811601996422, 0.0016296361573040485
v,-0.0028157944325357676, -0.014990368857979774, 0.0019106508698314428
v,-0.001618910231627524, -0.011858811601996422, 0.0016296361573040485
v,-0.002292998367920518, -0.013622512109577656, 0.0016241339035332203
v,-0.0028157944325357676, -0.014990368857979774, 0.0019106508698314428
v,-0.002797110704705119, -0.014941483736038208, 0.0015403584111481905
v,-0.0028157944325357676, -0.014990368857979774, 0.0019106508698314428
v,-0.002292998367920518, -0.013622512109577656, 0.0016241339035332203
v,-0.0005698648164980114, -0.009114064276218414, -0.00011102457938250154
v,-0.001618910231627524, -0.011858811601996422, 0.0016296361573040485
v,-0.0007002453203313053, -0.00945519469678402, 0.0016294361557811499
v,-0.0005698648164980114, -0.009114064276218414, -0.00011102457938250154
v,-0.0014266095822677016, -0.011355672031641006, -0.0004985659616068006
v,-0.001618910231627524, -0.011858811601996422, 0.0016296361573040485
v,-0.0002239562600152567, -0.00820902083069086, -0.004375101067125797
v,-0.0014266095822677016, -0.011355672031641006, -0.0004985659616068006
v,-0.0005698648164980114, -0.009114064276218414, -0.00011102457938250154
v,-0.0002239562600152567, -0.00820902083069086, -0.004375101067125797
v,-0.0011470422614365816, -0.010624205693602562, -0.004197635687887669
v,-0.0014266095822677016, -0.011355672031641006, -0.0004985659616068006
v,-0.0002239562600152567, -0.00820902083069086, -0.004375101067125797
v,-0.0010757041163742542, -0.010437554679811, -0.005462834145873785
v,-0.0011470422614365816, -0.010624205693602562, -0.004197635687887669
v,-0.0019941048230975866, -0.012840480543673038, -0.005383580923080444
v,-0.0023256870917975903, -0.013708040118217468, -0.005508878268301487
v,-0.002225761068984866, -0.013446591794490814, -0.004856014158576727
v,-9.782310371519998e-05, -0.007879003882408142, -0.005992354359477758
v,-0.0010757041163742542, -0.010437554679811, -0.005462834145873785
v,-0.0002239562600152567, -0.00820902083069086, -0.004375101067125797
v,-0.0019941048230975866, -0.012840480543673038, -0.005383580923080444
v,-0.0016800225712358952, -0.012018708512187004, -0.006834041327238083
v,-0.0023256870917975903, -0.013708040118217468, -0.005508878268301487
v,-0.0017209904035553336, -0.012125897221267223, -0.005887487903237343
v,-0.0016800225712358952, -0.012018708512187004, -0.006834041327238083
v,-0.0019941048230975866, -0.012840480543673038, -0.005383580923080444
v,-9.782310371519998e-05, -0.007879003882408142, -0.005992354359477758
v,-0.0010719100246205926, -0.010427627712488174, -0.005885280668735504
v,-0.0010757041163742542, -0.010437554679811, -0.005462834145873785
v,-9.782310371519998e-05, -0.007879003882408142, -0.005992354359477758
v,-0.0010981103405356407, -0.010496179573237896, -0.006102347746491432
v,-0.0010719100246205926, -0.010427627712488174, -0.005885280668735504
v,-0.001530013862065971, -0.011626222170889378, -0.00618340726941824
v,-0.0016800225712358952, -0.012018708512187004, -0.006834041327238083
v,-0.0017209904035553336, -0.012125897221267223, -0.005887487903237343
v,-9.782310371519998e-05, -0.007879003882408142, -0.005992354359477758
v,-0.0011457586660981178, -0.010620847344398499, -0.006267334800213575
v,-0.0010981103405356407, -0.010496179573237896, -0.006102347746491432
v,-0.001421406283043325, -0.011342058889567852, -0.0063103544525802135
v,-0.0016800225712358952, -0.012018708512187004, -0.006834041327238083
v,-0.001530013862065971, -0.011626222170889378, -0.00618340726941824
v,-7.00066884746775e-05, -0.007806223817169666, -0.006605044007301331
v,-0.0011457586660981178, -0.010620847344398499, -0.006267334800213575
v,-9.782310371519998e-05, -0.007879003882408142, -0.005992354359477758
v,-7.00066884746775e-05, -0.007806223817169666, -0.006605044007301331
v,-0.0012290029553696513, -0.010838650166988373, -0.006377675570547581
v,-0.0011457586660981178, -0.010620847344398499, -0.006267334800213575
v,-0.0013240724802017212, -0.011087392456829548, -0.006377252284437418
v,-0.0016800225712358952, -0.012018708512187004, -0.006834041327238083
v,-0.001421406283043325, -0.011342058889567852, -0.0063103544525802135
v,-0.0012290029553696513, -0.010838650166988373, -0.006377675570547581
v,-0.0016800225712358952, -0.012018708512187004, -0.006834041327238083
v,-0.0013240724802017212, -0.011087392456829548, -0.006377252284437418
v,-7.00066884746775e-05, -0.007806223817169666, -0.006605044007301331
v,-0.0016800225712358952, -0.012018708512187004, -0.006834041327238083
v,-0.0012290029553696513, -0.010838650166988373, -0.006377675570547581
v,-7.445920346071944e-05, -0.007817873731255531, -0.007117129396647215
v,-0.0016800225712358952, -0.012018708512187004, -0.006834041327238083
v,-7.00066884746775e-05, -0.007806223817169666, -0.006605044007301331
v,-7.445920346071944e-05, -0.007817873731255531, -0.007117129396647215
v,-0.0013713964726775885, -0.011211211793124676, -0.007397613953799009
v,-0.0016800225712358952, -0.012018708512187004, -0.006834041327238083
v,-0.00010801194730447605, -0.007905662059783936, -0.007513565476983786
v,-0.0013713964726775885, -0.011211211793124676, -0.007397613953799009
v,-7.445920346071944e-05, -0.007817873731255531, -0.007117129396647215
v,-0.00010801194730447605, -0.007905662059783936, -0.007513565476983786
v,-0.0011297307210043073, -0.010578911751508713, -0.007793176919221878
v,-0.0013713964726775885, -0.011211211793124676, -0.007397613953799009
v,-0.0001695397513685748, -0.00806664489209652, -0.007835532538592815
v,-0.0011297307210043073, -0.010578911751508713, -0.007793176919221878
v,-0.00010801194730447605, -0.007905662059783936, -0.007513565476983786
v,-0.0001695397513685748, -0.00806664489209652, -0.007835532538592815
v,-0.00091050990158692, -0.010005337186157703, -0.008084814995527267
v,-0.0011297307210043073, -0.010578911751508713, -0.007793176919221878
v,-0.0002589259820524603, -0.008300517685711384, -0.0080870371311903
v,-0.00091050990158692, -0.010005337186157703, -0.008084814995527267
v,-0.0001695397513685748, -0.00806664489209652, -0.007835532538592815
v,-0.0003514495037961751, -0.008542598225176334, -0.008230895735323429
v,-0.00091050990158692, -0.010005337186157703, -0.008084814995527267
v,-0.0002589259820524603, -0.008300517685711384, -0.0080870371311903
v,-0.0003514495037961751, -0.008542598225176334, -0.008230895735323429
v,-0.0007137070642784238, -0.009490417316555977, -0.008261587470769882
v,-0.00091050990158692, -0.010005337186157703, -0.008084814995527267
v,-0.0004580745880957693, -0.008821574039757252, -0.008312180638313293
v,-0.0007137070642784238, -0.009490417316555977, -0.008261587470769882
v,-0.0003514495037961751, -0.008542598225176334, -0.008230895735323429
v,-0.0004580745880957693, -0.008821574039757252, -0.008312180638313293
v,-0.0005849074223078787, -0.009153422899544239, -0.008322015404701233
v,-0.0007137070642784238, -0.009490417316555977, -0.008261587470769882
v,0.001387041062116623, -0.013011850416660309, 0.001629834994673729
v,-0.001618910231627524, -0.011858811601996422, 0.0016296361573040485
v,0.0015021980507299304, -0.012710551731288433, 0.0004214562941342592
v,0.001419887295924127, -0.012925912626087666, -0.007010831963270903
v,-0.0013713964726775885, -0.011211211793124676, -0.007397613953799009
v,0.0017798918997868896, -0.011983987875282764, -0.007639928255230188
v,0.000898556609172374, -0.014289932325482368, 0.007016079034656286
v,-0.002107613952830434, -0.013137467205524445, 0.007019604090601206
v,0.0010429031681269407, -0.013912261463701725, 0.005588795058429241
v,0.0015021980507299304, -0.012710551731288433, 0.0004214562941342592
v,-0.0014266095822677016, -0.011355672031641006, -0.0004985659616068006
v,0.0017522936686873436, -0.012056195177137852, -0.0026998016983270645
v,0.0017798918997868896, -0.011983987875282764, -0.007639928255230188
v,-0.0011297307210043073, -0.010578911751508713, -0.007793176919221878
v,0.0019875396974384785, -0.011440692469477654, -0.007949842140078545
v,0.0017522936686873436, -0.012056195177137852, -0.0026998016983270645
v,-0.0011470422614365816, -0.010624205693602562, -0.004197635687887669
v,0.001890599145554006, -0.011694329790771008, -0.004688104148954153
v,0.0019875396974384785, -0.011440692469477654, -0.007949842140078545
v,-0.00091050990158692, -0.010005337186157703, -0.008084814995527267
v,0.002156398259103298, -0.010998887941241264, -0.008144711144268513
v,0.00267786649055779, -0.009634505026042461, -0.008205927908420563
v,-0.0002589259820524603, -0.008300517685711384, -0.0080870371311903
v,0.0027666629757732153, -0.009402175433933735, -0.008044200018048286
v,0.0010429031681269407, -0.013912261463701725, 0.005588795058429241
v,-0.0018601902993395925, -0.012490102089941502, 0.004490463063120842
v,0.0012921571033075452, -0.01326010748744011, 0.0028801618609577417
v,0.0010512500302866101, -0.013890423811972141, -0.005457043647766113
v,-0.0019941048230975866, -0.012840480543673038, -0.005383580923080444
v,0.0007810056558810174, -0.014597496949136257, -0.00486110569909215
v,0.002849321812391281, -0.009185903705656528, 0.0024978567380458117
v,-0.0003702137037180364, -0.008591691963374615, 0.0026681888848543167
v,0.0024197024758905172, -0.010309970006346703, 0.0028640436939895153
v,0.0031761438585817814, -0.008330799639225006, 0.00227137072943151
v,0.00016904552467167377, -0.0071807606145739555, 0.002267698058858514
v,0.002849321812391281, -0.009185903705656528, 0.0024978567380458117
v,0.0018734097247943282, -0.011739305220544338, -0.00623314781114459
v,-0.0011457586660981178, -0.010620847344398499, -0.006267334800213575
v,0.0018236772157251835, -0.011869425885379314, -0.006332270801067352
v,0.0018236772157251835, -0.011869425885379314, -0.006332270801067352
v,-0.0012290029553696513, -0.010838650166988373, -0.006377675570547581
v,0.0017667455831542611, -0.012018383480608463, -0.006379885133355856
v,0.0017667455831542611, -0.012018383480608463, -0.006379885133355856
v,-0.0012290029553696513, -0.010838650166988373, -0.006377675570547581
v,0.0016884265933185816, -0.012223299592733383, -0.006380496080964804
v,-7.00066884746775e-05, -0.007806223817169666, -0.006605044007301331
v,0.0029341778717935085, -0.008963885717093945, -0.007086336612701416
v,-7.445920346071944e-05, -0.007817873731255531, -0.007117129396647215
v,-0.002107613952830434, -0.013137467205524445, 0.007019604090601206
v,0.0009849081980064511, -0.014063999988138676, 0.007292098831385374
v,-0.002022493863478303, -0.012914757244288921, 0.007291222922503948
v,0.0015021980507299304, -0.012710551731288433, 0.0004214562941342592
v,-0.001618910231627524, -0.011858811601996422, 0.0016296361573040485
v,-0.0014266095822677016, -0.011355672031641006, -0.0004985659616068006
v,0.001419887295924127, -0.012925912626087666, -0.007010831963270903
v,-0.0016800225712358952, -0.012018708512187004, -0.006834041327238083
v,-0.0013713964726775885, -0.011211211793124676, -0.007397613953799009
v,-7.445920346071944e-05, -0.007817873731255531, -0.007117129396647215
v,0.0029026467818766832, -0.009046384133398533, -0.00748786423355341
v,-0.00010801194730447605, -0.007905662059783936, -0.007513565476983786
v,-0.002022493863478303, -0.012914757244288921, 0.007291222922503948
v,0.0016771832015365362, -0.012252715416252613, 0.0066463216207921505
v,-0.0013041275087743998, -0.01103520579636097, 0.006624128203839064
v,-0.00010801194730447605, -0.007905662059783936, -0.007513565476983786
v,0.0028430470265448093, -0.009202322922647, -0.007815242744982243
v,-0.0001695397513685748, -0.00806664489209652, -0.007835532538592815
v,0.0017798918997868896, -0.011983987875282764, -0.007639928255230188
v,-0.0013713964726775885, -0.011211211793124676, -0.007397613953799009
v,-0.0011297307210043073, -0.010578911751508713, -0.007793176919221878
v,-0.0005698648164980114, -0.009114064276218414, -0.00011102457938250154
v,0.0027729016728699207, -0.009385853074491024, -0.004244903102517128
v,-0.0002239562600152567, -0.00820902083069086, -0.004375101067125797
v,-0.0013041275087743998, -0.01103520579636097, 0.006624128203839064
v,0.002036900958046317, -0.011311541311442852, 0.006361208390444517
v,-0.0009706912096589804, -0.010162794962525368, 0.006361703854054213
v,-0.0009706912096589804, -0.010162794962525368, 0.006361703854054213
v,0.0020545015577226877, -0.011265491135418415, 0.005563417915254831
v,-0.0009499654988758266, -0.010108567774295807, 0.0054892064072191715
v,0.0017522936686873436, -0.012056195177137852, -0.0026998016983270645
v,-0.0014266095822677016, -0.011355672031641006, -0.0004985659616068006
v,-0.0011470422614365816, -0.010624205693602562, -0.004197635687887669
v,-0.0001695397513685748, -0.00806664489209652, -0.007835532538592815
v,0.0027666629757732153, -0.009402175433933735, -0.008044200018048286
v,-0.0002589259820524603, -0.008300517685711384, -0.0080870371311903
v,0.0019875396974384785, -0.011440692469477654, -0.007949842140078545
v,-0.0011297307210043073, -0.010578911751508713, -0.007793176919221878
v,-0.00091050990158692, -0.010005337186157703, -0.008084814995527267
v,-0.0023256870917975903, -0.013708040118217468, -0.005508878268301487
v,0.0007810056558810174, -0.014597496949136257, -0.00486110569909215
v,-0.002225761068984866, -0.013446591794490814, -0.004856014158576727
v,0.0010429031681269407, -0.013912261463701725, 0.005588795058429241
v,-0.002107613952830434, -0.013137467205524445, 0.007019604090601206
v,-0.0018601902993395925, -0.012490102089941502, 0.004490463063120842
v,0.00267786649055779, -0.009634505026042461, -0.008205927908420563
v,-0.0003514495037961751, -0.008542598225176334, -0.008230895735323429
v,-0.0002589259820524603, -0.008300517685711384, -0.0080870371311903
v,-0.0009499654988758266, -0.010108567774295807, 0.0054892064072191715
v,0.0021297840867191553, -0.011068519204854965, 0.004070604220032692
v,-0.0008719951147213578, -0.00990456435829401, 0.003975763916969299
v,-0.0010757041163742542, -0.010437554679811, -0.005462834145873785
v,0.001890599145554006, -0.011694329790771008, -0.004688104148954153
v,-0.0011470422614365816, -0.010624205693602562, -0.004197635687887669
v,-0.0007137070642784238, -0.009490417316555977, -0.008261587470769882
v,0.002156398259103298, -0.010998887941241264, -0.008144711144268513
v,-0.00091050990158692, -0.010005337186157703, -0.008084814995527267
v,-0.0002239562600152567, -0.00820902083069086, -0.004375101067125797
v,0.00290810433216393, -0.009032105095684528, -0.005971146747469902
v,-9.782310371519998e-05, -0.007879003882408142, -0.005992354359477758
v,0.0007810056558810174, -0.014597496949136257, -0.00486110569909215
v,-0.0019941048230975866, -0.012840480543673038, -0.005383580923080444
v,-0.002225761068984866, -0.013446591794490814, -0.004856014158576727
v,-0.0003514495037961751, -0.008542598225176334, -0.008230895735323429
v,0.00255844765342772, -0.009946955367922783, -0.00830821692943573
v,-0.0004580745880957693, -0.008821574039757252, -0.008312180638313293
v,-0.0008719951147213578, -0.00990456435829401, 0.003975763916969299
v,0.002191644161939621, -0.010906667448580265, 0.0030786623246967793
v,-0.0008156948606483638, -0.00975725892931223, 0.0030786620918661356
v,0.0012921571033075452, -0.01326010748744011, 0.0028801618609577417
v,-0.0018601902993395925, -0.012490102089941502, 0.004490463063120842
v,-0.001716488623060286, -0.012114117853343487, 0.002880045212805271
v,-0.0005849074223078787, -0.009153422899544239, -0.008322015404701233
v,0.0023033353500068188, -0.010614437982439995, -0.008268043398857117
v,-0.0007137070642784238, -0.009490417316555977, -0.008261587470769882
v,-0.0008156948606483638, -0.00975725892931223, 0.0030786620918661356
v,0.0024197024758905172, -0.010309970006346703, 0.0028640436939895153
v,-0.0003702137037180364, -0.008591691963374615, 0.0026681888848543167
v,-0.0016800225712358952, -0.012018708512187004, -0.006834041327238083
v,0.0006816521054133773, -0.014857448637485504, -0.005508878268301487
v,-0.0023256870917975903, -0.013708040118217468, -0.005508878268301487
v,9.767674055183306e-05, -0.01638537459075451, 0.002880039159208536
v,-0.002877509454265237, -0.015151840634644032, 0.002967200707644224
v,-0.0029096624348312616, -0.015235967002809048, 0.0028800389263778925
v,-0.0004580745880957693, -0.008821574039757252, -0.008312180638313293
v,0.0024307880084961653, -0.010280967690050602, -0.008323714137077332
v,-0.0005849074223078787, -0.009153422899544239, -0.008322015404701233
v,0.0010512500302866101, -0.013890423811972141, -0.005457043647766113
v,-0.0017209904035553336, -0.012125897221267223, -0.005887487903237343
v,-0.0019941048230975866, -0.012840480543673038, -0.005383580923080444
v,-0.0010719100246205926, -0.010427627712488174, -0.005885280668735504
v,0.0019330984214320779, -0.011583133600652218, -0.005502657499164343
v,-0.0010757041163742542, -0.010437554679811, -0.005462834145873785
v,-0.002877509454265237, -0.015151840634644032, 0.002967200707644224
v,0.0005706596421077847, -0.015147850848734379, 0.0028866964858025312
v,-0.0024180407635867596, -0.013949675485491753, 0.0028854135889559984
v,-0.0024180407635867596, -0.013949675485491753, 0.0028854135889559984
v,0.0012921571033075452, -0.01326010748744011, 0.0028801618609577417
v,-0.001716488623060286, -0.012114117853343487, 0.002880045212805271
v,-0.0028157944325357676, -0.014990368857979774, 0.0019106508698314428
v,9.767674055183306e-05, -0.01638537459075451, 0.002880039159208536
v,-0.0029096624348312616, -0.015235967002809048, 0.0028800389263778925
v,-0.0010981103405356407, -0.010496179573237896, -0.006102347746491432
v,0.0019345632754266262, -0.011579301208257675, -0.005900413729250431
v,-0.0010719100246205926, -0.010427627712488174, -0.005885280668735504
v,-0.0017209904035553336, -0.012125897221267223, -0.005887487903237343
v,0.0014699557796120644, -0.012794911861419678, -0.006173199974000454
v,-0.001530013862065971, -0.011626222170889378, -0.00618340726941824
v,0.00016904552467167377, -0.0071807606145739555, 0.002267698058858514
v,0.003234456991776824, -0.0081782266497612, 0.0016298796981573105
v,0.00022711794008500874, -0.007028818596154451, 0.0016298794653266668
v,0.002849321812391281, -0.009185903705656528, 0.0024978567380458117
v,0.00016904552467167377, -0.0071807606145739555, 0.002267698058858514
v,-0.0003702137037180364, -0.008591691963374615, 0.0026681888848543167
v,0.0018734097247943282, -0.011739305220544338, -0.00623314781114459
v,-0.0010981103405356407, -0.010496179573237896, -0.006102347746491432
v,-0.0011457586660981178, -0.010620847344398499, -0.006267334800213575
v,-0.001530013862065971, -0.011626222170889378, -0.00618340726941824
v,0.0015785841969773173, -0.01251069363206625, -0.006303301081061363
v,-0.001421406283043325, -0.011342058889567852, -0.0063103544525802135
v,-9.782310371519998e-05, -0.007879003882408142, -0.005992354359477758
v,0.0029367071110755205, -0.008957268670201302, -0.0065788994543254375
v,-7.00066884746775e-05, -0.007806223817169666, -0.006605044007301331
v,0.00022711794008500874, -0.007028818596154451, 0.0016298794653266668
v,0.0023072322364896536, -0.010604240000247955, 0.0016296994872391224
v,-0.0007002453203313053, -0.00945519469678402, 0.0016294361557811499
v,-0.001618910231627524, -0.011858811601996422, 0.0016296361573040485
v,0.000730576750356704, -0.014729439280927181, 0.0016253055073320866
v,-0.002292998367920518, -0.013622512109577656, 0.0016241339035332203
v,-0.001421406283043325, -0.011342058889567852, -0.0063103544525802135
v,0.0016884265933185816, -0.012223299592733383, -0.006380496080964804
v,-0.0013240724802017212, -0.011087392456829548, -0.006377252284437418
v,0.0018236772157251835, -0.011869425885379314, -0.006332270801067352
v,-0.0011457586660981178, -0.010620847344398499, -0.006267334800213575
v,-0.0012290029553696513, -0.010838650166988373, -0.006377675570547581
v,-0.002292998367920518, -0.013622512109577656, 0.0016241339035332203
v,0.00021033574012108147, -0.01609061099588871, 0.0015410184860229492
v,-0.002797110704705119, -0.014941483736038208, 0.0015403584111481905
v,-0.002797110704705119, -0.014941483736038208, 0.0015403584111481905
v,0.00019255747611168772, -0.016137126833200455, 0.001898001180961728
v,-0.0028157944325357676, -0.014990368857979774, 0.0019106508698314428
v,0.0016884265933185816, -0.012223299592733383, -0.006380496080964804
v,-0.0012290029553696513, -0.010838650166988373, -0.006377675570547581
v,-0.0013240724802017212, -0.011087392456829548, -0.006377252284437418
v,-0.0007002453203313053, -0.00945519469678402, 0.0016294361557811499
v,0.0023072322364896536, -0.010604240000247955, 0.0016296994872391224
v,0.002429456915706396, -0.010284448973834515, -9.664555363997351e-06
v,-7.00066884746775e-05, -0.007806223817169666, -0.006605044007301331
v,0.0029367071110755205, -0.008957268670201302, -0.0065788994543254375
v,0.0029341778717935085, -0.008963885717093945, -0.007086336612701416
v,-0.002107613952830434, -0.013137467205524445, 0.007019604090601206
v,0.000898556609172374, -0.014289932325482368, 0.007016079034656286
v,0.0009849081980064511, -0.014063999988138676, 0.007292098831385374
v,-7.445920346071944e-05, -0.007817873731255531, -0.007117129396647215
v,0.0029341778717935085, -0.008963885717093945, -0.007086336612701416
v,0.0029026467818766832, -0.009046384133398533, -0.00748786423355341
v,-0.002022493863478303, -0.012914757244288921, 0.007291222922503948
v,0.0009849081980064511, -0.014063999988138676, 0.007292098831385374
v,0.0016771832015365362, -0.012252715416252613, 0.0066463216207921505
v,-0.00010801194730447605, -0.007905662059783936, -0.007513565476983786
v,0.0029026467818766832, -0.009046384133398533, -0.00748786423355341
v,0.0028430470265448093, -0.009202322922647, -0.007815242744982243
v,-0.0005698648164980114, -0.009114064276218414, -0.00011102457938250154
v,0.002429456915706396, -0.010284448973834515, -9.664555363997351e-06
v,0.0027729016728699207, -0.009385853074491024, -0.004244903102517128
v,-0.0013041275087743998, -0.01103520579636097, 0.006624128203839064
v,0.0016771832015365362, -0.012252715416252613, 0.0066463216207921505
v,0.002036900958046317, -0.011311541311442852, 0.006361208390444517
v,-0.0009706912096589804, -0.010162794962525368, 0.006361703854054213
v,0.002036900958046317, -0.011311541311442852, 0.006361208390444517
v,0.0020545015577226877, -0.011265491135418415, 0.005563417915254831
v,-0.0001695397513685748, -0.00806664489209652, -0.007835532538592815
v,0.0028430470265448093, -0.009202322922647, -0.007815242744982243
v,0.0027666629757732153, -0.009402175433933735, -0.008044200018048286
v,-0.0023256870917975903, -0.013708040118217468, -0.005508878268301487
v,0.0006816521054133773, -0.014857448637485504, -0.005508878268301487
v,0.0007810056558810174, -0.014597496949136257, -0.00486110569909215
v,-0.0009499654988758266, -0.010108567774295807, 0.0054892064072191715
v,0.0020545015577226877, -0.011265491135418415, 0.005563417915254831
v,0.0021297840867191553, -0.011068519204854965, 0.004070604220032692
v,-0.0010757041163742542, -0.010437554679811, -0.005462834145873785
v,0.0019330984214320779, -0.011583133600652218, -0.005502657499164343
v,0.001890599145554006, -0.011694329790771008, -0.004688104148954153
v,-0.0007137070642784238, -0.009490417316555977, -0.008261587470769882
v,0.0023033353500068188, -0.010614437982439995, -0.008268043398857117
v,0.002156398259103298, -0.010998887941241264, -0.008144711144268513
v,-0.0002239562600152567, -0.00820902083069086, -0.004375101067125797
v,0.0027729016728699207, -0.009385853074491024, -0.004244903102517128
v,0.00290810433216393, -0.009032105095684528, -0.005971146747469902
v,-0.0003514495037961751, -0.008542598225176334, -0.008230895735323429
v,0.00267786649055779, -0.009634505026042461, -0.008205927908420563
v,0.00255844765342772, -0.009946955367922783, -0.00830821692943573
v,-0.0008719951147213578, -0.00990456435829401, 0.003975763916969299
v,0.0021297840867191553, -0.011068519204854965, 0.004070604220032692
v,0.002191644161939621, -0.010906667448580265, 0.0030786623246967793
v,-0.0005849074223078787, -0.009153422899544239, -0.008322015404701233
v,0.0024307880084961653, -0.010280967690050602, -0.008323714137077332
v,0.0023033353500068188, -0.010614437982439995, -0.008268043398857117
v,-0.0008156948606483638, -0.00975725892931223, 0.0030786620918661356
v,0.002191644161939621, -0.010906667448580265, 0.0030786623246967793
v,0.0024197024758905172, -0.010309970006346703, 0.0028640436939895153
v,-0.0016800225712358952, -0.012018708512187004, -0.006834041327238083
v,0.001419887295924127, -0.012925912626087666, -0.007010831963270903
v,0.0006816521054133773, -0.014857448637485504, -0.005508878268301487
v,9.767674055183306e-05, -0.01638537459075451, 0.002880039159208536
v,0.0001295318070333451, -0.01630202867090702, 0.0029681306332349777
v,-0.002877509454265237, -0.015151840634644032, 0.002967200707644224
v,-0.0004580745880957693, -0.008821574039757252, -0.008312180638313293
v,0.00255844765342772, -0.009946955367922783, -0.00830821692943573
v,0.0024307880084961653, -0.010280967690050602, -0.008323714137077332
v,0.0010512500302866101, -0.013890423811972141, -0.005457043647766113
v,0.0012702846433967352, -0.013317335397005081, -0.005860411562025547
v,-0.0017209904035553336, -0.012125897221267223, -0.005887487903237343
v,-0.0010719100246205926, -0.010427627712488174, -0.005885280668735504
v,0.0019345632754266262, -0.011579301208257675, -0.005900413729250431
v,0.0019330984214320779, -0.011583133600652218, -0.005502657499164343
v,-0.002877509454265237, -0.015151840634644032, 0.002967200707644224
v,0.0001295318070333451, -0.01630202867090702, 0.0029681306332349777
v,0.0005706596421077847, -0.015147850848734379, 0.0028866964858025312
v,-0.0024180407635867596, -0.013949675485491753, 0.0028854135889559984
v,0.0005706596421077847, -0.015147850848734379, 0.0028866964858025312
v,0.0012921571033075452, -0.01326010748744011, 0.0028801618609577417
v,-0.0028157944325357676, -0.014990368857979774, 0.0019106508698314428
v,0.00019255747611168772, -0.016137126833200455, 0.001898001180961728
v,9.767674055183306e-05, -0.01638537459075451, 0.002880039159208536
v,-0.0010981103405356407, -0.010496179573237896, -0.006102347746491432
v,0.00190727470908314, -0.011650700122117996, -0.006112164352089167
v,0.0019345632754266262, -0.011579301208257675, -0.005900413729250431
v,-0.0017209904035553336, -0.012125897221267223, -0.005887487903237343
v,0.0012702846433967352, -0.013317335397005081, -0.005860411562025547
v,0.0014699557796120644, -0.012794911861419678, -0.006173199974000454
v,0.00016904552467167377, -0.0071807606145739555, 0.002267698058858514
v,0.0031761438585817814, -0.008330799639225006, 0.00227137072943151
v,0.003234456991776824, -0.0081782266497612, 0.0016298796981573105
v,0.0018734097247943282, -0.011739305220544338, -0.00623314781114459
v,0.00190727470908314, -0.011650700122117996, -0.006112164352089167
v,-0.0010981103405356407, -0.010496179573237896, -0.006102347746491432
v,-0.001530013862065971, -0.011626222170889378, -0.00618340726941824
v,0.0014699557796120644, -0.012794911861419678, -0.006173199974000454
v,0.0015785841969773173, -0.01251069363206625, -0.006303301081061363
v,-9.782310371519998e-05, -0.007879003882408142, -0.005992354359477758
v,0.00290810433216393, -0.009032105095684528, -0.005971146747469902
v,0.0029367071110755205, -0.008957268670201302, -0.0065788994543254375
v,0.00022711794008500874, -0.007028818596154451, 0.0016298794653266668
v,0.003234456991776824, -0.0081782266497612, 0.0016298796981573105
v,0.0023072322364896536, -0.010604240000247955, 0.0016296994872391224
v,-0.001618910231627524, -0.011858811601996422, 0.0016296361573040485
v,0.001387041062116623, -0.013011850416660309, 0.001629834994673729
v,0.000730576750356704, -0.014729439280927181, 0.0016253055073320866
v,-0.001421406283043325, -0.011342058889567852, -0.0063103544525802135
v,0.0015785841969773173, -0.01251069363206625, -0.006303301081061363
v,0.0016884265933185816, -0.012223299592733383, -0.006380496080964804
v,-0.002292998367920518, -0.013622512109577656, 0.0016241339035332203
v,0.000730576750356704, -0.014729439280927181, 0.0016253055073320866
v,0.00021033574012108147, -0.01609061099588871, 0.0015410184860229492
v,-0.002797110704705119, -0.014941483736038208, 0.0015403584111481905
v,0.00021033574012108147, -0.01609061099588871, 0.0015410184860229492
v,0.00019255747611168772, -0.016137126833200455, 0.001898001180961728
n,28.451501846313477, -10.874192237854004, 1.3313946283233236e-06
n,28.451501846313477, -10.874192237854004, 1.3313946283233236e-06
n,28.451501846313477, -10.874192237854004, 1.3313946283233236e-06
n,28.451501846313477, -10.874192237854004, 1.3313946283233236e-06
n,28.451501846313477, -10.874192237854004, 1.3313946283233236e-06
n,28.451501846313477, -10.874192237854004, 1.3313946283233236e-06
n,28.451501846313477, -10.874192237854004, 1.3313946283233236e-06
n,28.451501846313477, -10.874192237854004, 1.3313946283233236e-06
n,28.451501846313477, -10.874192237854004, 1.3313946283233236e-06
n,28.451501846313477, -10.874192237854004, 1.3313946283233236e-06
n,28.451501846313477, -10.874192237854004, 1.3313946283233236e-06
n,28.451501846313477, -10.874192237854004, 1.3313946283233236e-06
n,28.451501846313477, -10.874192237854004, 1.3313946283233236e-06
n,28.451501846313477, -10.874192237854004, 1.3313946283233236e-06
n,28.451501846313477, -10.874192237854004, 1.3313946283233236e-06
n,10.652714729309082, 27.84119415283203, 6.254886150360107
n,28.451501846313477, -10.874192237854004, 1.3313946283233236e-06
n,28.451501846313477, -10.874192237854004, 1.3313946283233236e-06
n,28.451501846313477, -10.874192237854004, 1.3313946283233236e-06
n,28.451501846313477, -10.874192237854004, 1.3313946283233236e-06
n,28.451501846313477, -10.874192237854004, 1.3313946283233236e-06
n,28.451501846313477, -10.874192237854004, 1.3313946283233236e-06
n,28.451501846313477, -10.874192237854004, 1.3313946283233236e-06
n,28.451501846313477, -10.874192237854004, 1.3313946283233236e-06
n,28.451501846313477, -10.874192237854004, 1.3313946283233236e-06
n,28.451501846313477, -10.874192237854004, 1.3313946283233236e-06
n,28.451501846313477, -10.874192237854004, 1.3313946283233236e-06
n,28.451501846313477, -10.874192237854004, 1.3313946283233236e-06
n,28.451501846313477, -10.874192237854004, 1.3313946283233236e-06
n,28.451501846313477, -10.874192237854004, 1.3313946283233236e-06
n,28.451501846313477, -10.874192237854004, 1.3313946283233236e-06
n,28.451501846313477, -10.874192237854004, 1.3313946283233236e-06
n,28.451501846313477, -10.874192237854004, 1.3313946283233236e-06
n,28.451501846313477, -10.874192237854004, 1.3313946283233236e-06
n,28.451501846313477, -10.874192237854004, 1.3313946283233236e-06
n,28.451501846313477, -10.874192237854004, 1.3313946283233236e-06
n,28.451501846313477, -10.874192237854004, 1.3313946283233236e-06
n,28.451501846313477, -10.874192237854004, 1.3313946283233236e-06
n,28.451501846313477, -10.874192237854004, 1.3313946283233236e-06
n,28.451501846313477, -10.874192237854004, 1.3313946283233236e-06
n,28.451501846313477, -10.874192237854004, 1.3313946283233236e-06
n,28.451501846313477, -10.874192237854004, 1.3313946283233236e-06
n,28.451501846313477, -10.874192237854004, 1.3313946283233236e-06
n,28.451501846313477, -10.874192237854004, 1.3313946283233236e-06
n,28.451501846313477, -10.874192237854004, 1.3313946283233236e-06
n,28.451501846313477, -10.874192237854004, 1.3313946283233236e-06
n,28.451501846313477, -10.874192237854004, 1.3313946283233236e-06
n,28.451501846313477, -10.874192237854004, 1.3313946283233236e-06
n,28.451501846313477, -10.874192237854004, 1.3313946283233236e-06
n,28.451501846313477, -10.874192237854004, 1.3313946283233236e-06
n,28.451501846313477, -10.874192237854004, 1.3313946283233236e-06
n,28.451501846313477, -10.874192237854004, 1.3313946283233236e-06
n,-28.451501846313477, 10.874192237854004, -1.3313946283233236e-06
n,-28.451501846313477, 10.874192237854004, -1.3313946283233236e-06
n,-28.451501846313477, 10.874192237854004, -1.3313946283233236e-06
n,-28.451501846313477, 10.874192237854004, -1.3313946283233236e-06
n,-28.451501846313477, 10.874192237854004, -1.3313946283233236e-06
n,-28.451501846313477, 10.874192237854004, -1.3313946283233236e-06
n,-28.451501846313477, 10.874192237854004, -1.3313946283233236e-06
n,-28.451501846313477, 10.874192237854004, -1.3313946283233236e-06
n,-28.451501846313477, 10.874192237854004, -1.3313946283233236e-06
n,-28.451501846313477, 10.874192237854004, -1.3313946283233236e-06
n,-28.451501846313477, 10.874192237854004, -1.3313946283233236e-06
n,-28.451501846313477, 10.874192237854004, -1.3313946283233236e-06
n,-28.451501846313477, 10.874192237854004, -1.3313946283233236e-06
n,-28.451501846313477, 10.874192237854004, -1.3313946283233236e-06
n,-28.451501846313477, 10.874192237854004, -1.3313946283233236e-06
n,-28.451501846313477, 10.874192237854004, -1.3313946283233236e-06
n,-28.451501846313477, 10.874192237854004, -1.3313946283233236e-06
n,-28.451501846313477, 10.874192237854004, -1.3313946283233236e-06
n,-28.451501846313477, 10.874192237854004, -1.3313946283233236e-06
n,-28.451501846313477, 10.874192237854004, -1.3313946283233236e-06
n,-28.451501846313477, 10.874192237854004, -1.3313946283233236e-06
n,-28.451501846313477, 10.874192237854004, -1.3313946283233236e-06
n,-28.451501846313477, 10.874192237854004, -1.3313946283233236e-06
n,-28.451501846313477, 10.874192237854004, -1.3313946283233236e-06
n,-28.451501846313477, 10.874192237854004, -1.3313946283233236e-06
n,-28.451501846313477, 10.874192237854004, -1.3313946283233236e-06
n,-28.451501846313477, 10.874192237854004, -1.3313946283233236e-06
n,-28.451501846313477, 10.874192237854004, -1.3313946283233236e-06
n,-28.451501846313477, 10.874192237854004, -1.3313946283233236e-06
n,-28.451501846313477, 10.874192237854004, -1.3313946283233236e-06
n,-28.451501846313477, 10.874192237854004, -1.3313946283233236e-06
n,-28.451501846313477, 10.874192237854004, -1.3313946283233236e-06
n,-28.451501846313477, 10.874192237854004, -1.3313946283233236e-06
n,-28.451501846313477, 10.874192237854004, -1.3313946283233236e-06
n,-28.451501846313477, 10.874192237854004, -1.3313946283233236e-06
n,-28.451501846313477, 10.874192237854004, -1.3313946283233236e-06
n,-28.451501846313477, 10.874192237854004, -1.3313946283233236e-06
n,-28.451501846313477, 10.874192237854004, -1.3313946283233236e-06
n,-28.451501846313477, 10.874192237854004, -1.3313946283233236e-06
n,-28.451501846313477, 10.874192237854004, -1.3313946283233236e-06
n,-28.451501846313477, 10.874192237854004, -1.3313946283233236e-06
n,-28.451501846313477, 10.874192237854004, -1.3313946283233236e-06
n,-28.451501846313477, 10.874192237854004, -1.3313946283233236e-06
n,-28.451501846313477, 10.874192237854004, -1.3313946283233236e-06
n,-28.451501846313477, 10.874192237854004, -1.3313946283233236e-06
n,-28.451501846313477, 10.874192237854004, -1.3313946283233236e-06
n,-28.451501846313477, 10.874192237854004, -1.3313946283233236e-06
n,-28.451501846313477, 10.874192237854004, -1.3313946283233236e-06
n,-10.539055824279785, -27.47648048400879, -7.855395317077637
n,-5.686572551727295, -15.086051940917969, -25.842018127441406
n,-10.498817443847656, -27.36045265197754, -8.301595687866211
n,-10.726409912109375, -27.71625328063965, -6.670040607452393
n,-5.055814266204834, -13.401384353637695, -26.88080406188965
n,-10.766108512878418, -27.890806198120117, -5.824934005737305
n,-4.070107460021973, -10.865945816040039, -28.16205596923828
n,5.998929500579834, 15.482522964477539, -25.53508186340332
n,-10.606084823608398, -27.52182388305664, -7.602384090423584
n,6.6545538902282715, 17.627042770385742, 23.93199348449707
n,3.076629877090454, 8.316824913024902, 29.139333724975586
n,2.5815541744232178, 6.844618320465088, 29.567258834838867
n,-6.380950450897217, -16.466196060180664, 24.81700897216797
n,-3.1745150089263916, -8.115837097167969, 29.185466766357422
n,-0.011564944870769978, -0.08640488982200623, 30.45863151550293
n,10.845470428466797, 28.452800750732422, -0.7416003942489624
n,-8.17631721496582, -21.380910873413086, 20.093294143676758
n,-10.431327819824219, -27.623794555664062, -7.473247051239014
n,-5.996035099029541, -15.516127586364746, -25.515356063842773
n,10.553357124328613, 27.69472312927246, -7.026012420654297
n,3.4385719299316406, 8.947037696838379, 28.91128921508789
n,9.557235717773438, 25.095455169677734, -14.374052047729492
n,-5.537507057189941, -14.335278511047363, -26.297752380371094
n,10.601950645446777, 27.745038986206055, 6.7488837242126465
n,2.944044589996338, 7.695310115814209, 29.323209762573242
n,10.877593994140625, 28.378246307373047, 2.0221469402313232
n,-10.512404441833496, -27.882492065429688, -6.308080196380615
n,7.653453350067139, 20.18383026123047, -21.488922119140625
n,-4.748392105102539, -12.174412727355957, -27.513132095336914
n,-9.989725112915039, -26.151479721069336, 12.001733779907227
n,-10.411067008972168, -27.469079971313477, -8.049555778503418
n,5.206512928009033, 13.835665702819824, -26.630857467651367
n,10.779215812683105, 28.15350341796875, 4.3502607345581055
n,-10.676304817199707, -28.127830505371094, -4.751595973968506
n,-3.37431001663208, -8.66739559173584, -29.0039005279541
n,10.617785453796387, 27.798208236694336, 6.500622272491455
n,6.90383768081665, 17.93187713623047, 23.633045196533203
n,2.8298401832580566, 7.481715679168701, -29.38965606689453
n,10.709978103637695, 28.021848678588867, 5.273362159729004
n,-10.518024444580078, -27.61446189880371, -7.3856964111328125
n,-1.8129500150680542, -4.693702697753906, -30.0402774810791
n,3.4356393814086914, 8.876269340515137, 28.933443069458008
n,-6.427191257476807, -16.81626319885254, -24.569095611572266
n,-7.562418460845947, -19.7864933013916, 21.886993408203125
n,0.2801784873008728, 0.7952200174331665, -30.447086334228516
n,6.006272792816162, 15.641453742980957, 25.436304092407227
n,-10.843385696411133, -28.45294761657715, -0.7659810185432434
n,0.707606315612793, 1.7975835800170898, 30.397432327270508
n,0.028589429333806038, 0.07815626263618469, 30.458642959594727
n,-10.495011329650879, -27.45940399169922, -7.973199367523193
n,-10.278848648071289, -26.961387634277344, 9.755250930786133
n,5.2731733322143555, 13.76876163482666, 26.652406692504883
n,10.536932945251465, 27.569089889526367, 7.526920795440674
n,2.895723342895508, 7.250103950500488, 29.441242218017578
n,-8.41669750213623, -22.134531021118164, 19.15614128112793
n,4.200321674346924, 10.9522705078125, 28.109447479248047
n,10.773526191711426, 28.229469299316406, 3.8424129486083984
n,0.004180006682872772, 0.003966436721384525, -30.458757400512695
n,0.040871307253837585, 0.07940223067998886, -30.45862579345703
n,2.5887880325317383, 6.781154632568359, 29.58124351501465
n,-4.5339813232421875, -12.214805603027344, 27.531391143798828
n,0.6496993899345398, 1.6828993558883667, -30.405288696289062
n,-10.758009910583496, -28.175050735473633, -4.26238489151001
n,0.04576462507247925, 0.03438727930188179, 30.458703994750977
n,10.640727996826172, 27.85214614868164, 6.2264580726623535
n,10.891834259033203, 28.44157600402832, -0.42520081996917725
n,-8.179677963256836, -21.3978328704834, 20.073902130126953
n,10.647390365600586, 27.776893615722656, -6.543186664581299
n,3.4281041622161865, 8.99288558959961, 28.898303985595703
n,9.71735668182373, 25.334856033325195, -13.836694717407227
n,10.599207878112793, 27.746654510498047, 6.746559143066406
n,2.9475197792053223, 7.751831531524658, 29.30797004699707
n,10.847509384155273, 28.399620056152344, 1.8786126375198364
n,7.972657203674316, 20.7773494720459, -20.796022415161133
n,-9.991192817687988, -26.141197204589844, 12.02288818359375
n,10.745967864990234, 28.179981231689453, 4.260165214538574
n,-10.774942398071289, -28.146699905395508, -4.404539108276367
n,-3.107142210006714, -8.172471046447754, -29.176912307739258
n,10.628460884094238, 27.78798484802246, 6.526845455169678
n,3.231910228729248, 8.300374031066895, -29.12721061706543
n,10.703346252441406, 28.030431747436523, 5.2411274909973145
n,-1.658437967300415, -4.390274524688721, -30.095029830932617
n,3.463212013244629, 9.061235427856445, 28.872756958007812
n,-6.308005332946777, -16.751976013183594, -24.643787384033203
n,-7.650856971740723, -19.98482322692871, 21.675039291381836
n,0.49597859382629395, 1.222261905670166, -30.4301815032959
n,5.992430210113525, 15.6232328414917, 25.450763702392578
n,-10.896419525146484, -28.441261291503906, -0.3141762912273407
n,0.7074101567268372, 1.8740204572677612, 30.392818450927734
n,0.025317110121250153, 0.0957624539732933, 30.458595275878906
n,-10.501614570617676, -27.461685180664062, -7.9566330909729
n,-10.244263648986816, -26.755245208740234, 10.341561317443848
n,5.293135166168213, 13.893301963806152, 26.58373260498047
n,10.535731315612793, 27.572633743286133, 7.5156049728393555
n,-8.54204273223877, -22.395977020263672, 18.79334259033203
n,4.263988494873047, 11.190054893493652, 28.006019592285156
n,10.791070938110352, 28.20358657836914, 3.9807631969451904
n,0.000756061461288482, 0.0019744483288377523, -30.458757400512695
n,0.02862776629626751, 0.0693814679980278, -30.458663940429688
n,2.6301417350769043, 6.9301300048828125, 29.543045043945312
n,0.6150602698326111, 1.6478546857833862, -30.407926559448242
n,-10.766475677490234, -28.179975509643555, -4.2080864906311035
u,0.5562949180603027, 0.5976224839687347, 0
u,0.5505761504173279, 0.6056718230247498, 0
u,0.564781904220581, 0.6424028873443604, 0
u,0.6091834306716919, 0.60971400141716, 0
u,0.5562949180603027, 0.5976224839687347, 0
u,0.564781904220581, 0.6424028873443604, 0
u,0.6365424990653992, 0.6147896945476532, 0
u,0.6091834306716919, 0.60971400141716, 0
u,0.564781904220581, 0.6424028873443604, 0
u,0.6401242017745972, 0.6357163786888123, 0
u,0.6365424990653992, 0.6147896945476532, 0
u,0.564781904220581, 0.6424028873443604, 0
u,0.6493281722068787, 0.6746573448181152, 0
u,0.6401242017745972, 0.6357163786888123, 0
u,0.564781904220581, 0.6424028873443604, 0
u,0.6493281722068787, 0.6746573448181152, 0
u,0.564781904220581, 0.6424028873443604, 0
u,0.5901923775672913, 0.7121778130531311, 0
u,0.6563646197319031, 0.7004474997520447, 0
u,0.6493281722068787, 0.6746573448181152, 0
u,0.5901923775672913, 0.7121778130531311, 0
u,0.6738079786300659, 0.704420804977417, 0
u,0.6563646197319031, 0.7004474997520447, 0
u,0.5901923775672913, 0.7121778130531311, 0
u,0.5368618965148926, 0.7169422209262848, 0
u,0.5040186643600464, 0.7179989516735077, 0
u,0.5018841028213501, 0.7207086980342865, 0
u,0.6738079786300659, 0.704420804977417, 0
u,0.5901923775672913, 0.7121778130531311, 0
u,0.5368618965148926, 0.7169422209262848, 0
u,0.6738079786300659, 0.704420804977417, 0
u,0.5368618965148926, 0.7169422209262848, 0
u,0.5018841028213501, 0.7207086980342865, 0
u,0.6738079786300659, 0.704420804977417, 0
u,0.5018841028213501, 0.7207086980342865, 0
u,0.5111439824104309, 0.7460626363754272, 0
u,0.7065611481666565, 0.7109028100967407, 0
u,0.6738079786300659, 0.704420804977417, 0
u,0.5111439824104309, 0.7460626363754272, 0
u,0.7313039898872375, 0.7146946489810944, 0
u,0.7065611481666565, 0.7109028100967407, 0
u,0.5111439824104309, 0.7460626363754272, 0
u,0.7372586727142334, 0.7312552332878113, 0
u,0.7313039898872375, 0.7146946489810944, 0
u,0.5111439824104309, 0.7460626363754272, 0
u,0.8227325081825256, 1.0000066746320044, 0
u,0.9082062244415283, 0.9559587351977825, 0
u,0.8227324485778809, 0.9532322064042091, 0
u,0.7372586727142334, 0.7312552332878113, 0
u,0.5111439824104309, 0.7460626363754272, 0
u,0.6687144637107849, 0.7378831803798676, 0
u,0.6687144637107849, 0.7378831803798676, 0
u,0.5111439824104309, 0.7460626363754272, 0
u,0.6004893183708191, 0.7445129752159119, 0
u,0.6004893183708191, 0.7445129752159119, 0
u,0.5111439824104309, 0.7460626363754272, 0
u,0.5519614219665527, 0.7494922876358032, 0
u,0.5136718153953552, 0.7554044723510742, 0
u,0.5519614219665527, 0.7494922876358032, 0
u,0.5111439824104309, 0.7460626363754272, 0
u,0.6687144637107849, 0.7378831803798676, 0
u,0.6004893183708191, 0.7445129752159119, 0
u,0.6119617223739624, 0.7756684124469757, 0
u,0.6819595098495483, 0.7803230881690979, 0
u,0.6687144637107849, 0.7378831803798676, 0
u,0.6119617223739624, 0.7756684124469757, 0
u,0.6819595098495483, 0.7803230881690979, 0
u,0.6119617223739624, 0.7756684124469757, 0
u,0.6384091973304749, 0.8563645780086517, 0
u,0.7180826663970947, 0.8898221850395203, 0
u,0.6819595098495483, 0.7803230881690979, 0
u,0.6384091973304749, 0.8563645780086517, 0
u,0.7180826663970947, 0.8898221850395203, 0
u,0.6384091973304749, 0.8563645780086517, 0
u,0.6538830399513245, 0.9078646302223206, 0
u,0.7180826663970947, 0.8898221850395203, 0
u,0.6538830399513245, 0.9078646302223206, 0
u,0.6590580344200134, 0.9290901124477386, 0
u,0.7324308156967163, 0.9344892054796219, 0
u,0.7180826663970947, 0.8898221850395203, 0
u,0.6590580344200134, 0.9290901124477386, 0
u,0.5938608646392822, 0.9340810850262642, 0
u,0.5723718404769897, 0.9202310368418694, 0
u,0.5665802955627441, 0.9381993785500526, 0
u,0.5938608646392822, 0.9340810850262642, 0
u,0.5665802955627441, 0.9381993785500526, 0
u,0.6251506805419922, 0.9724377542734146, 0
u,0.6110970973968506, 0.9431676045060158, 0
u,0.5938608646392822, 0.9340810850262642, 0
u,0.6251506805419922, 0.9724377542734146, 0
u,0.7324308156967163, 0.9344892054796219, 0
u,0.6590580344200134, 0.9290901124477386, 0
u,0.6600461006164551, 0.9395472034811974, 0
u,0.7324308156967163, 0.9344892054796219, 0
u,0.6600461006164551, 0.9395472034811974, 0
u,0.6587555408477783, 0.945316169410944, 0
u,0.6266549229621887, 0.9500329568982124, 0
u,0.6110970973968506, 0.9431676045060158, 0
u,0.6251506805419922, 0.9724377542734146, 0
u,0.7324308156967163, 0.9344892054796219, 0
u,0.6587555408477783, 0.945316169410944, 0
u,0.6565777063369751, 0.9487372152507305, 0
u,0.6350244283676147, 0.9526681154966354, 0
u,0.6266549229621887, 0.9500329568982124, 0
u,0.6251506805419922, 0.9724377542734146, 0
u,0.7360502481460571, 0.9503370672464371, 0
u,0.7324308156967163, 0.9344892054796219, 0
u,0.6565777063369751, 0.9487372152507305, 0
u,0.7360502481460571, 0.9503370672464371, 0
u,0.6565777063369751, 0.9487372152507305, 0
u,0.65314781665802, 0.9516549408435822, 0
u,0.6433333158493042, 0.9538271129131317, 0
u,0.6350244283676147, 0.9526681154966354, 0
u,0.6251506805419922, 0.9724377542734146, 0
u,0.7360502481460571, 0.9503370672464371, 0
u,0.65314781665802, 0.9516549408435822, 0
u,0.6491051912307739, 0.9533574543893337, 0
u,0.7360502481460571, 0.9503370672464371, 0
u,0.6491051912307739, 0.9533574543893337, 0
u,0.6433333158493042, 0.9538271129131317, 0
u,0.7360502481460571, 0.9503370672464371, 0
u,0.6433333158493042, 0.9538271129131317, 0
u,0.6251506805419922, 0.9724377542734146, 0
u,0.7371628284454346, 0.9637315347790718, 0
u,0.7360502481460571, 0.9503370672464371, 0
u,0.6251506805419922, 0.9724377542734146, 0
u,0.7358389496803284, 0.9745215121656656, 0
u,0.7371628284454346, 0.9637315347790718, 0
u,0.6251506805419922, 0.9724377542734146, 0
u,0.7358389496803284, 0.9745215121656656, 0
u,0.6251506805419922, 0.9724377542734146, 0
u,0.6533631086349487, 0.9865514356642962, 0
u,0.7322764992713928, 0.9835412483662367, 0
u,0.7358389496803284, 0.9745215121656656, 0
u,0.6533631086349487, 0.9865514356642962, 0
u,0.7322764992713928, 0.9835412483662367, 0
u,0.6533631086349487, 0.9865514356642962, 0
u,0.6695260405540466, 0.993228655308485, 0
u,0.7273173332214355, 0.9901677314192057, 0
u,0.7322764992713928, 0.9835412483662367, 0
u,0.6695260405540466, 0.993228655308485, 0
u,0.7273173332214355, 0.9901677314192057, 0
u,0.6695260405540466, 0.993228655308485, 0
u,0.6825056076049805, 0.9971895501948893, 0
u,0.7211322784423828, 0.994979428127408, 0
u,0.7273173332214355, 0.9901677314192057, 0
u,0.6825056076049805, 0.9971895501948893, 0
u,0.7211322784423828, 0.994979428127408, 0
u,0.6825056076049805, 0.9971895501948893, 0
u,0.6936890482902527, 0.9993768533458933, 0
u,0.7126115560531616, 0.9985295846126974, 0
u,0.7211322784423828, 0.994979428127408, 0
u,0.6936890482902527, 0.9993768533458933, 0
u,0.7126115560531616, 0.9985295846126974, 0
u,0.6936890482902527, 0.9993768533458933, 0
u,0.7032472491264343, 0.9999121236905921, 0
u,0.6279765963554382, 0.20774990320205688, 0
u,0.6885907053947449, 0.20324426889419556, 0
u,0.6828448176383972, 0.19525718688964844, 0
u,0.6026028990745544, 0.2124183177947998, 0
u,0.6885907053947449, 0.20324426889419556, 0
u,0.6279765963554382, 0.20774990320205688, 0
u,0.598613440990448, 0.23528921604156494, 0
u,0.6885907053947449, 0.20324426889419556, 0
u,0.6026028990745544, 0.2124183177947998, 0
u,0.598613440990448, 0.23528921604156494, 0
u,0.6637995839118958, 0.2682986855506897, 0
u,0.6885907053947449, 0.20324426889419556, 0
u,0.5891600847244263, 0.2747575044631958, 0
u,0.6637995839118958, 0.2682986855506897, 0
u,0.598613440990448, 0.23528921604156494, 0
u,0.5891600847244263, 0.2747575044631958, 0
u,0.6489571332931519, 0.30979275703430176, 0
u,0.6637995839118958, 0.2682986855506897, 0
u,0.5827781558036804, 0.2980814576148987, 0
u,0.6489571332931519, 0.30979275703430176, 0
u,0.5891600847244263, 0.2747575044631958, 0
u,0.5486965179443359, 0.3054472804069519, 0
u,0.6489571332931519, 0.30979275703430176, 0
u,0.5827781558036804, 0.2980814576148987, 0
u,0.7008979320526123, 0.3144824504852295, 0
u,0.7372586727142334, 0.3183426856994629, 0
u,0.7350998520851135, 0.3156331777572632, 0
u,0.5486965179443359, 0.3054472804069519, 0
u,0.7008979320526123, 0.3144824504852295, 0
u,0.6489571332931519, 0.30979275703430176, 0
u,0.5486965179443359, 0.3054472804069519, 0
u,0.7372586727142334, 0.3183426856994629, 0
u,0.7008979320526123, 0.3144824504852295, 0
u,0.5486965179443359, 0.3054472804069519, 0
u,0.7280919551849365, 0.3433661460876465, 0
u,0.7372586727142334, 0.3183426856994629, 0
u,0.5077991485595703, 0.3123340606689453, 0
u,0.7280919551849365, 0.3433661460876465, 0
u,0.5486965179443359, 0.3054472804069519, 0
u,0.5018841028213501, 0.3288891911506653, 0
u,0.7280919551849365, 0.3433661460876465, 0
u,0.5077991485595703, 0.3123340606689453, 0
u,0.5018841028213501, 0.3288891911506653, 0
u,0.5704269409179688, 0.3355218172073364, 0
u,0.7280919551849365, 0.3433661460876465, 0
u,0.5704269409179688, 0.3355218172073364, 0
u,0.638641893863678, 0.34217721223831177, 0
u,0.7280919551849365, 0.3433661460876465, 0
u,0.638641893863678, 0.34217721223831177, 0
u,0.6883794069290161, 0.3472776412963867, 0
u,0.7280919551849365, 0.3433661460876465, 0
u,0.7254800796508789, 0.35304003953933716, 0
u,0.7280919551849365, 0.3433661460876465, 0
u,0.6883794069290161, 0.3472776412963867, 0
u,0.5563317537307739, 0.3805783987045288, 0
u,0.638641893863678, 0.34217721223831177, 0
u,0.5704269409179688, 0.3355218172073364, 0
u,0.5563317537307739, 0.3805783987045288, 0
u,0.6191015243530273, 0.3970768451690674, 0
u,0.638641893863678, 0.34217721223831177, 0
u,0.5199518203735352, 0.4908217191696167, 0
u,0.6191015243530273, 0.3970768451690674, 0
u,0.5563317537307739, 0.3805783987045288, 0
u,0.5199518203735352, 0.4908217191696167, 0
u,0.588945746421814, 0.4928112030029297, 0
u,0.6191015243530273, 0.3970768451690674, 0
u,0.5199518203735352, 0.4908217191696167, 0
u,0.5802967548370361, 0.5256831645965576, 0
u,0.588945746421814, 0.4928112030029297, 0
u,0.6482006311416626, 0.5299127101898193, 0
u,0.6725624799728394, 0.535833328962326, 0
u,0.6668155193328857, 0.5178343951702118, 0
u,0.5065547823905945, 0.5326735377311707, 0
u,0.5802967548370361, 0.5256831645965576, 0
u,0.5199518203735352, 0.4908217191696167, 0
u,0.6482006311416626, 0.5299127101898193, 0
u,0.6213557124137878, 0.5661758780479431, 0
u,0.6725624799728394, 0.535833328962326, 0
u,0.6267876625061035, 0.541401743888855, 0
u,0.6213557124137878, 0.5661758780479431, 0
u,0.6482006311416626, 0.5299127101898193, 0
u,0.5065547823905945, 0.5326735377311707, 0
u,0.5790703892707825, 0.5367788076400757, 0
u,0.5802967548370361, 0.5256831645965576, 0
u,0.5065547823905945, 0.5326735377311707, 0
u,0.5802682638168335, 0.5426777005195618, 0
u,0.5790703892707825, 0.5367788076400757, 0
u,0.611916184425354, 0.5478828549385071, 0
u,0.6213557124137878, 0.5661758780479431, 0
u,0.6267876625061035, 0.541401743888855, 0
u,0.5065547823905945, 0.5326735377311707, 0
u,0.5834817290306091, 0.5472144484519958, 0
u,0.5802682638168335, 0.5426777005195618, 0
u,0.6035569906234741, 0.550435870885849, 0
u,0.6213557124137878, 0.5661758780479431, 0
u,0.611916184425354, 0.5478828549385071, 0
u,0.5029828548431396, 0.5486570596694946, 0
u,0.5834817290306091, 0.5472144484519958, 0
u,0.5065547823905945, 0.5326735377311707, 0
u,0.5029828548431396, 0.5486570596694946, 0
u,0.5892406105995178, 0.5506731271743774, 0
u,0.5834817290306091, 0.5472144484519958, 0
u,0.5961980819702148, 0.551485002040863, 0
u,0.6213557124137878, 0.5661758780479431, 0
u,0.6035569906234741, 0.550435870885849, 0
u,0.5892406105995178, 0.5506731271743774, 0
u,0.6213557124137878, 0.5661758780479431, 0
u,0.5961980819702148, 0.551485002040863, 0
u,0.5029828548431396, 0.5486570596694946, 0
u,0.6213557124137878, 0.5661758780479431, 0
u,0.5892406105995178, 0.5506731271743774, 0
u,0.5019968152046204, 0.5621870756149292, 0
u,0.6213557124137878, 0.5661758780479431, 0
u,0.5029828548431396, 0.5486570596694946, 0
u,0.5019968152046204, 0.5621870756149292, 0
u,0.5970566272735596, 0.5788247585296631, 0
u,0.6213557124137878, 0.5661758780479431, 0
u,0.5034829378128052, 0.5728564262390137, 0
u,0.5970566272735596, 0.5788247585296631, 0
u,0.5019968152046204, 0.5621870756149292, 0
u,0.5034829378128052, 0.5728564262390137, 0
u,0.5781521201133728, 0.5875203013420105, 0
u,0.5970566272735596, 0.5788247585296631, 0
u,0.5072011947631836, 0.5817468166351318, 0
u,0.5781521201133728, 0.5875203013420105, 0
u,0.5034829378128052, 0.5728564262390137, 0
u,0.5072011947631836, 0.5817468166351318, 0
u,0.5611555576324463, 0.5935284495353699, 0
u,0.5781521201133728, 0.5875203013420105, 0
u,0.5131276249885559, 0.5889920592308044, 0
u,0.5611555576324463, 0.5935284495353699, 0
u,0.5072011947631836, 0.5817468166351318, 0
u,0.5195215344429016, 0.5935102701187134, 0
u,0.5611555576324463, 0.5935284495353699, 0
u,0.5131276249885559, 0.5889920592308044, 0
u,0.5195215344429016, 0.5935102701187134, 0
u,0.5461878776550293, 0.5969096422195435, 0
u,0.5611555576324463, 0.5935284495353699, 0
u,0.5271989107131958, 0.5963334441184998, 0
u,0.5461878776550293, 0.5969096422195435, 0
u,0.5195215344429016, 0.5935102701187134, 0
u,0.5271989107131958, 0.5963334441184998, 0
u,0.5365173816680908, 0.5975608229637146, 0
u,0.5461878776550293, 0.5969096422195435, 0
u,0.9082062840461731, 0.2867962121963501, 0
u,0.8227325081825256, 0.28682804107666016, 0
u,0.9082063436508179, 0.31951904296875, 0
u,0.1709475815296173, 0.13539111614227295, 0
u,0.08547380566596985, 0.15244877338409424, 0
u,0.1709475815296173, 0.16380053758621216, 0
u,0.672831654548645, 0.083354651927948, 0
u,0.5873578786849976, 0.0832897424697876, 0
u,0.672831654548645, 0.12205731868743896, 0
u,0.9082063436508179, 0.31951904296875, 0
u,0.8227325677871704, 0.34436678886413574, 0
u,0.9082063436508179, 0.40368032455444336, 0
u,0.1709475815296173, 0.16380053758621216, 0
u,0.08547380566596985, 0.17147445678710938, 0
u,0.1709475815296173, 0.1800563931465149, 0
u,0.9082063436508179, 0.40368032455444336, 0
u,0.8227325677871704, 0.44398999214172363, 0
u,0.9082062244415283, 0.4571361541748047, 0
u,0.1709475815296173, 0.1800563931465149, 0
u,0.08547380566596985, 0.18855440616607666, 0
u,0.1709475815296173, 0.19309067726135254, 0
u,0.1709475815296173, 0.2316821813583374, 0
u,0.08547380566596985, 0.23651331663131714, 0
u,0.1709475815296173, 0.2377985119819641, 0
u,0.672831654548645, 0.12205731868743896, 0
u,0.5873578786849976, 0.15176904201507568, 0
u,0.672831654548645, 0.19529110193252563, 0
u,0.9936801195144653, 0.8681318163871765, 0
u,0.9082063436508179, 0.8712721467018127, 0
u,0.9936801195144653, 0.891332782804966, 0
u,0.9332232475280762, 0.20131230354309082, 0
u,0.9496108293533325, 0.2867860794067383, 0
u,0.966558575630188, 0.20131230354309082, 0
u,0.9081936478614807, 0.20131230354309082, 0
u,0.9081536531448364, 0.28678613901138306, 0
u,0.9332232475280762, 0.20131230354309082, 0
u,0.9936801195144653, 0.8045415282249451, 0
u,0.9082063436508179, 0.8051259219646454, 0
u,0.9936801195144653, 0.80698162317276, 0
u,0.9936801195144653, 0.80698162317276, 0
u,0.9082063436508179, 0.8100040853023529, 0
u,0.9936801195144653, 0.8107493072748184, 0
u,0.9936801195144653, 0.8107493072748184, 0
u,0.9082063436508179, 0.8100040853023529, 0
u,0.9936801195144653, 0.8164003789424896, 0
u,0.8227324485778809, 0.7786173522472382, 0
u,0.9082062244415283, 0.7659193277359009, 0
u,0.8227324485778809, 0.7651120722293854, 0
u,0.5873578786849976, 0.0832897424697876, 0
u,0.672831654548645, 0.0765000581741333, 0
u,0.5873578786849976, 0.0765000581741333, 0
u,0.9082063436508179, 0.31951904296875, 0
u,0.8227325081825256, 0.28682804107666016, 0
u,0.8227325677871704, 0.34436678886413574, 0
u,0.1709475815296173, 0.13539111614227295, 0
u,0.08547380566596985, 0.12797307968139648, 0
u,0.08547380566596985, 0.15244877338409424, 0
u,0.8227324485778809, 0.7651120722293854, 0
u,0.9082062244415283, 0.7555003464221954, 0
u,0.8227324485778809, 0.7548390477895737, 0
u,0.9900516867637634, 0.49811094999313354, 0
u,0.9360010027885437, 0.41263723373413086, 0
u,0.9339817762374878, 0.49811089038848877, 0
u,0.8227324485778809, 0.7548390477895737, 0
u,0.9082062244415283, 0.7471995949745178, 0
u,0.8227324485778809, 0.7466917335987091, 0
u,0.1709475815296173, 0.16380053758621216, 0
u,0.08547380566596985, 0.15244877338409424, 0
u,0.08547380566596985, 0.17147445678710938, 0
u,0.8227324485778809, 0.9532322064042091, 0
u,0.9082062840461731, 0.8419737666845322, 0
u,0.8227325081825256, 0.8384706377983093, 0
u,0.9339817762374878, 0.49811089038848877, 0
u,0.9082003235816956, 0.4126371145248413, 0
u,0.9082023501396179, 0.49811094999313354, 0
u,0.1709475815296173, 0.11010050773620605, 0
u,0.2564213275909424, 0.08886271715164185, 0
u,0.1709475815296173, 0.08688324689865112, 0
u,0.9082063436508179, 0.40368032455444336, 0
u,0.8227325677871704, 0.34436678886413574, 0
u,0.8227325677871704, 0.44398999214172363, 0
u,0.8227324485778809, 0.7466917335987091, 0
u,0.9082062244415283, 0.7427065372467041, 0
u,0.8227324485778809, 0.7427065670490265, 0
u,0.1709475815296173, 0.1800563931465149, 0
u,0.08547380566596985, 0.17147445678710938, 0
u,0.08547380566596985, 0.18855440616607666, 0
u,1.0, 0.11583852767944336, 0
u,0.9833368062973022, 0.030364692211151123, 0
u,0.9833368062973022, 0.11583852767944336, 0
u,0.672831654548645, 0.12205731868743896, 0
u,0.5873578786849976, 0.0832897424697876, 0
u,0.5873578786849976, 0.15176904201507568, 0
u,0.1709475815296173, 0.2316821813583374, 0
u,0.08547381311655045, 0.23018401861190796, 0
u,0.08547380566596985, 0.23651331663131714, 0
u,0.1709475815296173, 0.08688324689865112, 0
u,0.25642135739326477, 0.048932671546936035, 0
u,0.1709475815296173, 0.046392083168029785, 0
u,0.8227325677871704, 0.4778868556022644, 0
u,0.9082062244415283, 0.4571361541748047, 0
u,0.8227325677871704, 0.44398999214172363, 0
u,0.08547380566596985, 0.2035684585571289, 0
u,0.1709475815296173, 0.19309067726135254, 0
u,0.08547380566596985, 0.18855440616607666, 0
u,0.8227325081825256, 0.8384706377983093, 0
u,0.9082062840461731, 0.7955413460731506, 0
u,0.8227324485778809, 0.7949725389480591, 0
u,0.9936801195144653, 0.891332782804966, 0
u,0.9082063436508179, 0.8712721467018127, 0
u,0.9082062840461731, 0.8913813084363937, 0
u,0.08547381311655045, 0.23018401861190796, 0
u,0.1709475815296173, 0.22321254014968872, 0
u,0.08547380566596985, 0.22254741191864014, 0
u,0.1709475815296173, 0.046392083168029785, 0
u,0.25642135739326477, 0.022331058979034424, 0
u,0.17094756662845612, 0.022331058979034424, 0
u,0.672831654548645, 0.19529110193252563, 0
u,0.5873578786849976, 0.15176904201507568, 0
u,0.5873578786849976, 0.19527113437652588, 0
u,0.08547380566596985, 0.2132471799850464, 0
u,0.1709475815296173, 0.20430392026901245, 0
u,0.08547380566596985, 0.2035684585571289, 0
u,0.984384298324585, 0.2867860794067383, 0
u,0.966558575630188, 0.20131230354309082, 0
u,0.9496108293533325, 0.2867860794067383, 0
u,0.08547380566596985, 0.12797307968139648, 0
u,0.17094756662845612, 0.07634198665618896, 0
u,0.08547379821538925, 0.07634198665618896, 0
u,0.6750897169113159, 0.10979413986206055, 0
u,0.672831654548645, 0.195267915725708, 0
u,0.6750897169113159, 0.195267915725708, 0
u,0.08547380566596985, 0.22254741191864014, 0
u,0.1709475815296173, 0.21386873722076416, 0
u,0.08547380566596985, 0.2132471799850464, 0
u,0.9936801195144653, 0.8681318163871765, 0
u,0.9082062244415283, 0.8484736680984497, 0
u,0.9082063436508179, 0.8712721467018127, 0
u,0.8227325081825256, 0.4890204668045044, 0
u,0.9082063436508179, 0.47894901037216187, 0
u,0.8227325677871704, 0.4778868556022644, 0
u,0.9927070140838623, 0.7175208032131195, 0
u,0.9603512287139893, 0.632047027349472, 0
u,0.9589945673942566, 0.7175207734107971, 0
u,0.9589945673942566, 0.7175207734107971, 0
u,0.9082062840461731, 0.632047027349472, 0
u,0.9082062840461731, 0.7175208032131195, 0
u,0.7013634443283081, 0.195267915725708, 0
u,0.6750897169113159, 0.10979413986206055, 0
u,0.6750897169113159, 0.195267915725708, 0
u,0.8227325081825256, 0.49460291862487793, 0
u,0.9082062244415283, 0.48941129446029663, 0
u,0.8227325081825256, 0.4890204668045044, 0
u,0.9082062244415283, 0.8484736680984497, 0
u,0.9936801195144653, 0.8334436267614365, 0
u,0.9082062244415283, 0.8328476250171661, 0
u,0.7113510370254517, 0.10979408025741577, 0
u,0.6940264701843262, 0.02432030439376831, 0
u,0.6940264701843262, 0.10979408025741577, 0
u,0.9332232475280762, 0.20131230354309082, 0
u,0.9081536531448364, 0.28678613901138306, 0
u,0.9496108293533325, 0.2867860794067383, 0
u,0.9082062840461731, 0.49763691425323486, 0
u,0.8227325081825256, 0.49460291862487793, 0
u,0.8227325081825256, 0.49751126766204834, 0
u,0.9082062244415283, 0.8328476250171661, 0
u,0.9936801195144653, 0.8247897177934647, 0
u,0.9082062244415283, 0.8242152631282806, 0
u,0.8227324485778809, 0.7949725389480591, 0
u,0.9082063436508179, 0.7793120741844177, 0
u,0.8227324485778809, 0.7786173522472382, 0
u,0.49580907821655273, 0.2392142415046692, 0
u,0.42736896872520447, 0.15374046564102173, 0
u,0.42736896872520447, 0.2392142415046692, 0
u,0.9082063436508179, 0.8041840493679047, 0
u,0.9936801195144653, 0.7557353377342224, 0
u,0.9082063436508179, 0.7545396685600281, 0
u,0.9082062244415283, 0.8242152631282806, 0
u,0.9936801195144653, 0.8164003789424896, 0
u,0.9082062244415283, 0.8167819082736969, 0
u,0.9936801195144653, 0.80698162317276, 0
u,0.9082063436508179, 0.8051259219646454, 0
u,0.9082063436508179, 0.8100040853023529, 0
u,0.9082063436508179, 0.7545396685600281, 0
u,0.9936800599098206, 0.7175332605838776, 0
u,0.9082062840461731, 0.7175242006778717, 0
u,0.7113510370254517, 0.195267915725708, 0
u,0.7017053365707397, 0.10979413986206055, 0
u,0.7013634443283081, 0.195267915725708, 0
u,0.9936801195144653, 0.8164003789424896, 0
u,0.9082063436508179, 0.8100040853023529, 0
u,0.9082062244415283, 0.8167819082736969, 0
u,0.8227325081825256, 1.0000066746320044, 0
u,0.9082062840461731, 1.0000114521253636, 0
u,0.9082062244415283, 0.9559587351977825, 0
u,0.8227324485778809, 0.7786173522472382, 0
u,0.9082063436508179, 0.7793120741844177, 0
u,0.9082062244415283, 0.7659193277359009, 0
u,0.5873578786849976, 0.0832897424697876, 0
u,0.672831654548645, 0.083354651927948, 0
u,0.672831654548645, 0.0765000581741333, 0
u,0.8227324485778809, 0.7651120722293854, 0
u,0.9082062244415283, 0.7659193277359009, 0
u,0.9082062244415283, 0.7555003464221954, 0
u,0.9900516867637634, 0.49811094999313354, 0
u,0.9900548458099365, 0.4126371741294861, 0
u,0.9360010027885437, 0.41263723373413086, 0
u,0.8227324485778809, 0.7548390477895737, 0
u,0.9082062244415283, 0.7555003464221954, 0
u,0.9082062244415283, 0.7471995949745178, 0
u,0.8227324485778809, 0.9532322064042091, 0
u,0.9082062244415283, 0.9559587351977825, 0
u,0.9082062840461731, 0.8419737666845322, 0
u,0.9339817762374878, 0.49811089038848877, 0
u,0.9360010027885437, 0.41263723373413086, 0
u,0.9082003235816956, 0.4126371145248413, 0
u,0.1709475815296173, 0.11010050773620605, 0
u,0.25642135739326477, 0.11009550094604492, 0
u,0.2564213275909424, 0.08886271715164185, 0
u,0.8227324485778809, 0.7466917335987091, 0
u,0.9082062244415283, 0.7471995949745178, 0
u,0.9082062244415283, 0.7427065372467041, 0
u,1.0, 0.11583852767944336, 0
u,1.0, 0.030364692211151123, 0
u,0.9833368062973022, 0.030364692211151123, 0
u,0.1709475815296173, 0.08688324689865112, 0
u,0.2564213275909424, 0.08886271715164185, 0
u,0.25642135739326477, 0.048932671546936035, 0
u,0.8227325677871704, 0.4778868556022644, 0
u,0.9082063436508179, 0.47894901037216187, 0
u,0.9082062244415283, 0.4571361541748047, 0
u,0.08547380566596985, 0.2035684585571289, 0
u,0.1709475815296173, 0.20430392026901245, 0
u,0.1709475815296173, 0.19309067726135254, 0
u,0.8227325081825256, 0.8384706377983093, 0
u,0.9082062840461731, 0.8419737666845322, 0
u,0.9082062840461731, 0.7955413460731506, 0
u,0.08547381311655045, 0.23018401861190796, 0
u,0.1709475815296173, 0.2316821813583374, 0
u,0.1709475815296173, 0.22321254014968872, 0
u,0.1709475815296173, 0.046392083168029785, 0
u,0.25642135739326477, 0.048932671546936035, 0
u,0.25642135739326477, 0.022331058979034424, 0
u,0.08547380566596985, 0.2132471799850464, 0
u,0.1709475815296173, 0.21386873722076416, 0
u,0.1709475815296173, 0.20430392026901245, 0
u,0.984384298324585, 0.2867860794067383, 0
u,0.984384298324585, 0.20131230354309082, 0
u,0.966558575630188, 0.20131230354309082, 0
u,0.08547380566596985, 0.12797307968139648, 0
u,0.1709475815296173, 0.13539111614227295, 0
u,0.17094756662845612, 0.07634198665618896, 0
u,0.6750897169113159, 0.10979413986206055, 0
u,0.672831654548645, 0.10979413986206055, 0
u,0.672831654548645, 0.195267915725708, 0
u,0.08547380566596985, 0.22254741191864014, 0
u,0.1709475815296173, 0.22321254014968872, 0
u,0.1709475815296173, 0.21386873722076416, 0
u,0.9936801195144653, 0.8681318163871765, 0
u,0.9936801195144653, 0.849802702665329, 0
u,0.9082062244415283, 0.8484736680984497, 0
u,0.8227325081825256, 0.4890204668045044, 0
u,0.9082062244415283, 0.48941129446029663, 0
u,0.9082063436508179, 0.47894901037216187, 0
u,0.9927070140838623, 0.7175208032131195, 0
u,0.9927311539649963, 0.632047027349472, 0
u,0.9603512287139893, 0.632047027349472, 0
u,0.9589945673942566, 0.7175207734107971, 0
u,0.9603512287139893, 0.632047027349472, 0
u,0.9082062840461731, 0.632047027349472, 0
u,0.7013634443283081, 0.195267915725708, 0
u,0.7017053365707397, 0.10979413986206055, 0
u,0.6750897169113159, 0.10979413986206055, 0
u,0.8227325081825256, 0.49460291862487793, 0
u,0.9082062840461731, 0.49484914541244507, 0
u,0.9082062244415283, 0.48941129446029663, 0
u,0.9082062244415283, 0.8484736680984497, 0
u,0.9936801195144653, 0.849802702665329, 0
u,0.9936801195144653, 0.8334436267614365, 0
u,0.7113510370254517, 0.10979408025741577, 0
u,0.7113510370254517, 0.02432030439376831, 0
u,0.6940264701843262, 0.02432030439376831, 0
u,0.9082062840461731, 0.49763691425323486, 0
u,0.9082062840461731, 0.49484914541244507, 0
u,0.8227325081825256, 0.49460291862487793, 0
u,0.9082062244415283, 0.8328476250171661, 0
u,0.9936801195144653, 0.8334436267614365, 0
u,0.9936801195144653, 0.8247897177934647, 0
u,0.8227324485778809, 0.7949725389480591, 0
u,0.9082062840461731, 0.7955413460731506, 0
u,0.9082063436508179, 0.7793120741844177, 0
u,0.49580907821655273, 0.2392142415046692, 0
u,0.49580907821655273, 0.15374046564102173, 0
u,0.42736896872520447, 0.15374046564102173, 0
u,0.9082063436508179, 0.8041840493679047, 0
u,0.9936800599098206, 0.8041840344667435, 0
u,0.9936801195144653, 0.7557353377342224, 0
u,0.9082062244415283, 0.8242152631282806, 0
u,0.9936801195144653, 0.8247897177934647, 0
u,0.9936801195144653, 0.8164003789424896, 0
u,0.9082063436508179, 0.7545396685600281, 0
u,0.9936801195144653, 0.7557353377342224, 0
u,0.9936800599098206, 0.7175332605838776, 0
u,0.7113510370254517, 0.195267915725708, 0
u,0.7113510370254517, 0.10979413986206055, 0
u,0.7017053365707397, 0.10979413986206055, 0
