v,0.002192736603319645, -0.005187439266592264, 0.007435808889567852
v,0.0025759965647011995, -0.00452361349016428, 0.007511797361075878
v,0.002387554384768009, -0.004850005265325308, 0.0075225792825222015
v,0.002192736603319645, -0.005187439266592264, 0.007435808889567852
v,0.0027227899990975857, -0.004269360098987818, 0.0074284919537603855
v,0.0025759965647011995, -0.00452361349016428, 0.007511797361075878
v,0.002192736603319645, -0.005187439266592264, 0.007435808889567852
v,0.0028480945620685816, -0.004052326083183289, 0.007274149917066097
v,0.0027227899990975857, -0.004269360098987818, 0.0074284919537603855
v,0.002022696891799569, -0.005481956992298365, 0.007246822118759155
v,0.0028480945620685816, -0.004052326083183289, 0.007274149917066097
v,0.002192736603319645, -0.005187439266592264, 0.007435808889567852
v,0.002022696891799569, -0.005481956992298365, 0.007246822118759155
v,0.0029500301461666822, -0.00387576874345541, 0.007051311898976564
v,0.0028480945620685816, -0.004052326083183289, 0.007274149917066097
v,0.0018765368731692433, -0.005735113751143217, 0.006950887851417065
v,0.0029500301461666822, -0.00387576874345541, 0.007051311898976564
v,0.002022696891799569, -0.005481956992298365, 0.007246822118759155
v,0.0018765368731692433, -0.005735113751143217, 0.006950887851417065
v,0.0030157032888382673, -0.003762019332498312, 0.0067846341989934444
v,0.0029500301461666822, -0.00387576874345541, 0.007051311898976564
v,0.0017758032772690058, -0.00590958958491683, 0.006581187713891268
v,0.0030157032888382673, -0.003762019332498312, 0.0067846341989934444
v,0.0018765368731692433, -0.005735113751143217, 0.006950887851417065
v,0.0017758032772690058, -0.00590958958491683, 0.006581187713891268
v,0.00304596615023911, -0.0037096026353538036, 0.006472655571997166
v,0.0030157032888382673, -0.003762019332498312, 0.0067846341989934444
v,0.0017209311481565237, -0.006004630587995052, 0.006134324707090855
v,0.00304596615023911, -0.0037096026353538036, 0.006472655571997166
v,0.0017758032772690058, -0.00590958958491683, 0.006581187713891268
v,0.0017209311481565237, -0.006004630587995052, 0.006134324707090855
v,0.00303818890824914, -0.0037230730522423983, 0.006029361393302679
v,0.00304596615023911, -0.0037096026353538036, 0.006472655571997166
v,0.0017130551859736443, -0.0060182721354067326, 0.005672928411513567
v,0.00303818890824914, -0.0037230730522423983, 0.006029361393302679
v,0.0017209311481565237, -0.006004630587995052, 0.006134324707090855
v,0.0017130551859736443, -0.0060182721354067326, 0.005672928411513567
v,0.0029749502427875996, -0.0038326054345816374, 0.005553980357944965
v,0.00303818890824914, -0.0037230730522423983, 0.006029361393302679
v,0.00174309266731143, -0.005966245662420988, 0.005383188370615244
v,0.0029749502427875996, -0.0038326054345816374, 0.005553980357944965
v,0.0017130551859736443, -0.0060182721354067326, 0.005672928411513567
v,0.00174309266731143, -0.005966245662420988, 0.005383188370615244
v,0.0028510827105492353, -0.004047150257974863, 0.005155922379344702
v,0.0029749502427875996, -0.0038326054345816374, 0.005553980357944965
v,0.0018086808267980814, -0.005852643866091967, 0.0051271808333694935
v,0.0028510827105492353, -0.004047150257974863, 0.005155922379344702
v,0.00174309266731143, -0.005966245662420988, 0.005383188370615244
v,0.0018086808267980814, -0.005852643866091967, 0.0051271808333694935
v,0.0027000675909221172, -0.004308716394007206, 0.00488085113465786
v,0.0028510827105492353, -0.004047150257974863, 0.005155922379344702
v,0.0019113648450002074, -0.005674789659678936, 0.004904657602310181
v,0.0027000675909221172, -0.004308716394007206, 0.00488085113465786
v,0.0018086808267980814, -0.005852643866091967, 0.0051271808333694935
v,0.002037051599472761, -0.0054570939391851425, 0.00475115654990077
v,0.0027000675909221172, -0.004308716394007206, 0.00488085113465786
v,0.0019113648450002074, -0.005674789659678936, 0.004904657602310181
v,0.002037051599472761, -0.0054570939391851425, 0.00475115654990077
v,0.002548076445236802, -0.004571972414851189, 0.004731231369078159
v,0.0027000675909221172, -0.004308716394007206, 0.00488085113465786
v,0.0021860047709196806, -0.00519909942522645, 0.004667792934924364
v,0.002548076445236802, -0.004571972414851189, 0.004731231369078159
v,0.002037051599472761, -0.0054570939391851425, 0.00475115654990077
v,0.0021860047709196806, -0.00519909942522645, 0.004667792934924364
v,0.0023770472034811974, -0.004868204239755869, 0.004657141398638487
v,0.002548076445236802, -0.004571972414851189, 0.004731231369078159
v,0.002053783042356372, -0.005428113974630833, 0.002612769603729248
v,0.0023426602128893137, -0.004927763715386391, 0.002567828632891178
v,0.0022268998436629772, -0.005128266755491495, 0.002642508130520582
v,0.00183948315680027, -0.005799292121082544, 0.002482153009623289
v,0.0023426602128893137, -0.004927763715386391, 0.002567828632891178
v,0.002053783042356372, -0.005428113974630833, 0.002612769603729248
v,0.00183948315680027, -0.005799292121082544, 0.002482153009623289
v,0.0024554943665862083, -0.004732328932732344, 0.002365353750064969
v,0.0023426602128893137, -0.004927763715386391, 0.002567828632891178
v,0.001469227485358715, -0.006440593861043453, 0.002149354899302125
v,0.0024554943665862083, -0.004732328932732344, 0.002365353750064969
v,0.00183948315680027, -0.005799292121082544, 0.002482153009623289
v,0.001469227485358715, -0.006440593861043453, 0.002149354899302125
v,0.0025197386275976896, -0.004621054977178574, 0.001998055726289749
v,0.0024554943665862083, -0.004732328932732344, 0.002365353750064969
v,0.001469227485358715, -0.006440593861043453, 0.002149354899302125
v,0.0025145288091152906, -0.004630078561604023, 0.0015288264257833362
v,0.0025197386275976896, -0.004621054977178574, 0.001998055726289749
v,0.0007473378791473806, -0.0076909433118999004, 0.0012051176745444536
v,0.0025145288091152906, -0.004630078561604023, 0.0015288264257833362
v,0.001469227485358715, -0.006440593861043453, 0.002149354899302125
v,0.0007473378791473806, -0.0076909433118999004, 0.0012051176745444536
v,0.002453027293086052, -0.004736602306365967, 0.0008051451295614243
v,0.0025145288091152906, -0.004630078561604023, 0.0015288264257833362
v,0.0008980860002338886, -0.007429840043187141, 0.00045046492596156895
v,0.00104566290974617, -0.007174229249358177, 0.0004913318553008139
v,0.0007473378791473806, -0.0076909433118999004, 0.0012051176745444536
v,0.00104566290974617, -0.007174229249358177, 0.0004913318553008139
v,0.002453027293086052, -0.004736602306365967, 0.0008051451295614243
v,0.0007473378791473806, -0.0076909433118999004, 0.0012051176745444536
v,0.0011084171710535884, -0.007065535522997379, 0.0004172004119027406
v,0.002453027293086052, -0.004736602306365967, 0.0008051451295614243
v,0.00104566290974617, -0.007174229249358177, 0.0004913318553008139
v,0.0011084171710535884, -0.007065535522997379, 0.0004172004119027406
v,0.0022904640063643456, -0.005018169991672039, -0.0005021769320592284
v,0.002453027293086052, -0.004736602306365967, 0.0008051451295614243
v,0.0011331613641232252, -0.007022677455097437, 0.0002928873000200838
v,0.0022904640063643456, -0.005018169991672039, -0.0005021769320592284
v,0.0011084171710535884, -0.007065535522997379, 0.0004172004119027406
v,0.0007473378791473806, -0.0076909433118999004, 0.0012051176745444536
v,0.0004447329556569457, -0.008215070702135563, -1.8665168681764044e-05
v,0.0008980860002338886, -0.007429840043187141, 0.00045046492596156895
v,-0.00010464584192959592, -0.009166622534394264, -1.7214182662428357e-05
v,0.0004447329556569457, -0.008215070702135563, -1.8665168681764044e-05
v,0.0007473378791473806, -0.0076909433118999004, 0.0012051176745444536
v,0.0011283624917268753, -0.007030989043414593, -2.258602216897998e-05
v,0.0022904640063643456, -0.005018169991672039, -0.0005021769320592284
v,0.0011331613641232252, -0.007022677455097437, 0.0002928873000200838
v,2.1792700863443315e-05, -0.008947624824941158, -0.0005854584742337465
v,0.0004447329556569457, -0.008215070702135563, -1.8665168681764044e-05
v,-0.00010464584192959592, -0.009166622534394264, -1.7214182662428357e-05
v,0.0010278078261762857, -0.007205154746770859, -0.0010774824768304825
v,0.0022904640063643456, -0.005018169991672039, -0.0005021769320592284
v,0.0011283624917268753, -0.007030989043414593, -2.258602216897998e-05
v,0.0010278078261762857, -0.007205154746770859, -0.0010774824768304825
v,0.0017679237062111497, -0.005923236254602671, -0.004086619708687067
v,0.0022904640063643456, -0.005018169991672039, -0.0005021769320592284
v,0.0004243854491505772, -0.008250312879681587, -0.005475393962115049
v,0.0017679237062111497, -0.005923236254602671, -0.004086619708687067
v,0.0010278078261762857, -0.007205154746770859, -0.0010774824768304825
v,0.0004243854491505772, -0.008250312879681587, -0.005475393962115049
v,0.001620754017494619, -0.006178141571581364, -0.005474451929330826
v,0.0017679237062111497, -0.005923236254602671, -0.004086619708687067
v,0.0004243854491505772, -0.008250312879681587, -0.005475393962115049
v,0.0016132582677528262, -0.006191124673932791, -0.005868646781891584
v,0.001620754017494619, -0.006178141571581364, -0.005474451929330826
v,0.002667148131877184, -0.0043657333590090275, -0.005120731890201569
v,0.001504120766185224, -0.006380156148225069, -0.007393111940473318
v,0.002808491699397564, -0.0041209193877875805, -0.005673998035490513
v,0.002008342184126377, -0.005506819114089012, -0.005929669830948114
v,0.001504120766185224, -0.006380156148225069, -0.007393111940473318
v,0.002667148131877184, -0.0043657333590090275, -0.005120731890201569
v,0.0004243854491505772, -0.008250312879681587, -0.005475393962115049
v,0.0016436948208138347, -0.006138406693935394, -0.00603311276063323
v,0.0016132582677528262, -0.006191124673932791, -0.005868646781891584
v,0.0017966299783438444, -0.005873515270650387, -0.0061227064579725266
v,0.001504120766185224, -0.006380156148225069, -0.007393111940473318
v,0.002008342184126377, -0.005506819114089012, -0.005929669830948114
v,0.0004243854491505772, -0.008250312879681587, -0.005475393962115049
v,0.0017044114647433162, -0.006033242214471102, -0.006117601878941059
v,0.0016436948208138347, -0.006138406693935394, -0.00603311276063323
v,0.00035194295924156904, -0.008375787176191807, -0.006449465174227953
v,0.0017044114647433162, -0.006033242214471102, -0.006117601878941059
v,0.0004243854491505772, -0.008250312879681587, -0.005475393962115049
v,0.00035194295924156904, -0.008375787176191807, -0.006449465174227953
v,0.0017966299783438444, -0.005873515270650387, -0.0061227064579725266
v,0.0017044114647433162, -0.006033242214471102, -0.006117601878941059
v,0.00035194295924156904, -0.008375787176191807, -0.006449465174227953
v,0.001504120766185224, -0.006380156148225069, -0.007393111940473318
v,0.0017966299783438444, -0.005873515270650387, -0.0061227064579725266
v,0.0003511450195219368, -0.008377169258892536, -0.007147734984755516
v,0.001504120766185224, -0.006380156148225069, -0.007393111940473318
v,0.00035194295924156904, -0.008375787176191807, -0.006449465174227953
v,0.00041817728197202086, -0.008261065930128098, -0.007581676356494427
v,0.001504120766185224, -0.006380156148225069, -0.007393111940473318
v,0.0003511450195219368, -0.008377169258892536, -0.007147734984755516
v,0.00041817728197202086, -0.008261065930128098, -0.007581676356494427
v,0.0011577351251617074, -0.006980113685131073, -0.007753754500299692
v,0.001504120766185224, -0.006380156148225069, -0.007393111940473318
v,0.0004998650401830673, -0.00811957847326994, -0.007779834326356649
v,0.0011577351251617074, -0.006980113685131073, -0.007753754500299692
v,0.00041817728197202086, -0.008261065930128098, -0.007581676356494427
v,0.0004998650401830673, -0.00811957847326994, -0.007779834326356649
v,0.000951385882217437, -0.00733752129599452, -0.007902526296675205
v,0.0011577351251617074, -0.006980113685131073, -0.007753754500299692
v,0.0005937910173088312, -0.007956893183290958, -0.007893565110862255
v,0.000951385882217437, -0.00733752129599452, -0.007902526296675205
v,0.0004998650401830673, -0.00811957847326994, -0.007779834326356649
v,0.0007484292145818472, -0.007689052261412144, -0.007957929745316505
v,0.000951385882217437, -0.00733752129599452, -0.007902526296675205
v,0.0005937910173088312, -0.007956893183290958, -0.007893565110862255
v,-0.0004972578608430922, -0.0036642863415181637, 0.007425719406455755
v,-0.0003039617440663278, -0.003329487517476082, 0.007519808132201433
v,-0.00011228927178308368, -0.0029975008219480515, 0.007515022065490484
v,-0.0004972578608430922, -0.0036642863415181637, 0.007425719406455755
v,-0.00011228927178308368, -0.0029975008219480515, 0.007515022065490484
v,3.602943615987897e-05, -0.002740605501458049, 0.007436757907271385
v,-0.0004972578608430922, -0.0036642863415181637, 0.007425719406455755
v,3.602943615987897e-05, -0.002740605501458049, 0.007436757907271385
v,0.000162802345585078, -0.0025210282765328884, 0.007287544663995504
v,-0.0006654807366430759, -0.003955656662583351, 0.007229479495435953
v,-0.0004972578608430922, -0.0036642863415181637, 0.007425719406455755
v,0.000162802345585078, -0.0025210282765328884, 0.007287544663995504
v,-0.0006654807366430759, -0.003955656662583351, 0.007229479495435953
v,0.000162802345585078, -0.0025210282765328884, 0.007287544663995504
v,0.0002669653913471848, -0.002340612467378378, 0.007068570703268051
v,-0.0008090946357697248, -0.004204403609037399, 0.0069273305125534534
v,-0.0006654807366430759, -0.003955656662583351, 0.007229479495435953
v,0.0002669653913471848, -0.002340612467378378, 0.007068570703268051
v,-0.0008090946357697248, -0.004204403609037399, 0.0069273305125534534
v,0.0002669653913471848, -0.002340612467378378, 0.007068570703268051
v,0.00033515694667585194, -0.0022225012071430683, 0.006805103272199631
v,-0.0009066721540875733, -0.004373412579298019, 0.0065519665367901325
v,-0.0008090946357697248, -0.004204403609037399, 0.0069273305125534534
v,0.00033515694667585194, -0.0022225012071430683, 0.006805103272199631
v,-0.0009066721540875733, -0.004373412579298019, 0.0065519665367901325
v,0.00033515694667585194, -0.0022225012071430683, 0.006805103272199631
v,0.0003679512592498213, -0.0021656998433172703, 0.006496117450296879
v,-0.0009582317434251308, -0.00446271663531661, 0.006099834106862545
v,-0.0009066721540875733, -0.004373412579298019, 0.0065519665367901325
v,0.0003679512592498213, -0.0021656998433172703, 0.006496117450296879
v,-0.0009582317434251308, -0.00446271663531661, 0.006099834106862545
v,0.0003679512592498213, -0.0021656998433172703, 0.006496117450296879
v,0.0003632359439507127, -0.0021738670766353607, 0.006061638705432415
v,-0.0009630408603698015, -0.004471045918762684, 0.0056517659686505795
v,-0.0009582317434251308, -0.00446271663531661, 0.006099834106862545
v,0.0003632359439507127, -0.0021738670766353607, 0.006061638705432415
v,-0.0009630408603698015, -0.004471045918762684, 0.0056517659686505795
v,0.0003632359439507127, -0.0021738670766353607, 0.006061638705432415
v,0.00030401383992284536, -0.002276442479342222, 0.005583212245255709
v,-0.000930449808947742, -0.0044145965948700905, 0.005363781936466694
v,-0.0009630408603698015, -0.004471045918762684, 0.0056517659686505795
v,0.00030401383992284536, -0.002276442479342222, 0.005583212245255709
v,-0.000930449808947742, -0.0044145965948700905, 0.005363781936466694
v,0.00030401383992284536, -0.002276442479342222, 0.005583212245255709
v,0.00018368565361015499, -0.002484857104718685, 0.005179373547434807
v,-0.0008623442845419049, -0.004296634346246719, 0.005110332742333412
v,-0.000930449808947742, -0.0044145965948700905, 0.005363781936466694
v,0.00018368565361015499, -0.002484857104718685, 0.005179373547434807
v,-0.0008623442845419049, -0.004296634346246719, 0.005110332742333412
v,0.00018368565361015499, -0.002484857104718685, 0.005179373547434807
v,3.453049066592939e-05, -0.002743201330304146, 0.00489672739058733
v,-0.0007575482595711946, -0.0041151223704218864, 0.004891516640782356
v,-0.0008623442845419049, -0.004296634346246719, 0.005110332742333412
v,3.453049066592939e-05, -0.002743201330304146, 0.00489672739058733
v,-0.0006301550893113017, -0.003894470864906907, 0.004742885008454323
v,-0.0007575482595711946, -0.0041151223704218864, 0.004891516640782356
v,3.453049066592939e-05, -0.002743201330304146, 0.00489672739058733
v,-0.0006301550893113017, -0.003894470864906907, 0.004742885008454323
v,3.453049066592939e-05, -0.002743201330304146, 0.00489672739058733
v,-0.00011734051804523915, -0.003006249899044633, 0.0047395359724760056
v,-0.00047960056690499187, -0.003633702639490366, 0.0046645659022033215
v,-0.0006301550893113017, -0.003894470864906907, 0.004742885008454323
v,-0.00011734051804523915, -0.003006249899044633, 0.0047395359724760056
v,-0.00047960056690499187, -0.003633702639490366, 0.0046645659022033215
v,-0.00011734051804523915, -0.003006249899044633, 0.0047395359724760056
v,-0.0002856421051546931, -0.003297756891697645, 0.004659957718104124
v,-0.0007221740670502186, -0.004053852055221796, 0.0025696447119116783
v,-0.0004836466396227479, -0.003640710609033704, 0.0026440087240189314
v,-0.00037959241308271885, -0.003460483392700553, 0.0026090044993907213
v,-0.0007221740670502186, -0.004053852055221796, 0.0025696447119116783
v,-0.00037959241308271885, -0.003460483392700553, 0.0026090044993907213
v,-0.0002564713067840785, -0.0032472312450408936, 0.0024519094731658697
v,-0.0015057637356221676, -0.005411068443208933, -0.007741727866232395
v,0.001504120766185224, -0.006380156148225069, -0.007393111940473318
v,0.0011577351251617074, -0.006980113685131073, -0.007753754500299692
v,-0.001222215942107141, -0.004919949918985367, 0.0021334837656468153
v,-0.0007221740670502186, -0.004053852055221796, 0.0025696447119116783
v,-0.0002564713067840785, -0.0032472312450408936, 0.0024519094731658697
v,-0.001222215942107141, -0.004919949918985367, 0.0021334837656468153
v,-0.0002564713067840785, -0.0032472312450408936, 0.0024519094731658697
v,-0.00017446131096221507, -0.003105185693129897, 0.00215366343036294
v,-0.001222215942107141, -0.004919949918985367, 0.0021334837656468153
v,-0.00017446131096221507, -0.003105185693129897, 0.00215366343036294
v,-0.00015150166291277856, -0.00306541845202446, 0.0017442796379327774
v,-0.001979202264919877, -0.0062310886569321156, 0.0011359923519194126
v,-0.001222215942107141, -0.004919949918985367, 0.0021334837656468153
v,-0.00015150166291277856, -0.00306541845202446, 0.0017442796379327774
v,-0.001979202264919877, -0.0062310886569321156, 0.0011359923519194126
v,-0.00015150166291277856, -0.00306541845202446, 0.0017442796379327774
v,-0.0002169138315366581, -0.003178715705871582, 0.0008727818494662642
v,-0.001771170413121581, -0.0058707669377326965, 0.0004558403161354363
v,-0.001979202264919877, -0.0062310886569321156, 0.0011359923519194126
v,-0.0016264923615381122, -0.005620177369564772, 0.0004895235761068761
v,-0.0016264923615381122, -0.005620177369564772, 0.0004895235761068761
v,-0.001979202264919877, -0.0062310886569321156, 0.0011359923519194126
v,-0.0002169138315366581, -0.003178715705871582, 0.0008727818494662642
v,-0.0015659825876355171, -0.005515371449291706, 0.0004102635430172086
v,-0.0016264923615381122, -0.005620177369564772, 0.0004895235761068761
v,-0.0002169138315366581, -0.003178715705871582, 0.0008727818494662642
v,-0.0015659825876355171, -0.005515371449291706, 0.0004102635430172086
v,-0.0002169138315366581, -0.003178715705871582, 0.0008727818494662642
v,-0.00037367967888712883, -0.00345024187117815, -0.0004083688254468143
v,-0.0015431061619892716, -0.0054757483303546906, 0.0002818325883708894
v,-0.0015659825876355171, -0.005515371449291706, 0.0004102635430172086
v,-0.00037367967888712883, -0.00345024187117815, -0.0004083688254468143
v,-0.001979202264919877, -0.0062310886569321156, 0.0011359923519194126
v,-0.001771170413121581, -0.0058707669377326965, 0.0004558403161354363
v,-0.0022782778833061457, -0.006749103311449289, -7.031189306871966e-05
v,-0.0027816863730549812, -0.007621032651513815, -1.7214048057212494e-05
v,-0.001979202264919877, -0.0062310886569321156, 0.0011359923519194126
v,-0.0022782778833061457, -0.006749103311449289, -7.031189306871966e-05
v,-0.0015509461518377066, -0.0054893274791538715, -5.992358273942955e-05
v,-0.0015431061619892716, -0.0054757483303546906, 0.0002818325883708894
v,-0.00037367967888712883, -0.00345024187117815, -0.0004083688254468143
v,-0.0026547315064817667, -0.0074011399410665035, -0.0005884073325432837
v,-0.0027816863730549812, -0.007621032651513815, -1.7214048057212494e-05
v,-0.0022782778833061457, -0.006749103311449289, -7.031189306871966e-05
v,-0.0016584234545007348, -0.0056754834949970245, -0.0011526618618518114
v,-0.0015509461518377066, -0.0054893274791538715, -5.992358273942955e-05
v,-0.00037367967888712883, -0.00345024187117815, -0.0004083688254468143
v,-0.0016584234545007348, -0.0056754834949970245, -0.0011526618618518114
v,-0.00037367967888712883, -0.00345024187117815, -0.0004083688254468143
v,-0.0008101180428639054, -0.004206174984574318, -0.003385245567187667
v,-0.0022590116132050753, -0.006715732626616955, -0.005535121075809002
v,-0.0016584234545007348, -0.0056754834949970245, -0.0011526618618518114
v,-0.0008101180428639054, -0.004206174984574318, -0.003385245567187667
v,-0.0022590116132050753, -0.006715732626616955, -0.005535121075809002
v,-0.0008101180428639054, -0.004206174984574318, -0.003385245567187667
v,-0.0009860473219305277, -0.004510893486440182, -0.0047401851043105125
v,-0.0022590116132050753, -0.006715732626616955, -0.005535121075809002
v,-0.0009860473219305277, -0.004510893486440182, -0.0047401851043105125
v,-0.001067203702405095, -0.0046514603309333324, -0.005657352041453123
v,-1.0075815225718543e-05, -0.002820461057126522, -0.005122884176671505
v,0.00013145097182132304, -0.002575329504907131, -0.005673998035490513
v,-0.0011379218194633722, -0.004773947410285473, -0.007352523505687714
v,-0.0006874776445329189, -0.003993755206465721, -0.005949885584414005
v,-1.0075815225718543e-05, -0.002820461057126522, -0.005122884176671505
v,-0.0011379218194633722, -0.004773947410285473, -0.007352523505687714
v,-0.0022590116132050753, -0.006715732626616955, -0.005535121075809002
v,-0.001067203702405095, -0.0046514603309333324, -0.005657352041453123
v,-0.0010475057642906904, -0.004617342725396156, -0.0059957485646009445
v,-0.0008879406959749758, -0.004340967629104853, -0.00612636050209403
v,-0.0006874776445329189, -0.003993755206465721, -0.005949885584414005
v,-0.0011379218194633722, -0.004773947410285473, -0.007352523505687714
v,-0.0022590116132050753, -0.006715732626616955, -0.005535121075809002
v,-0.0010475057642906904, -0.004617342725396156, -0.0059957485646009445
v,-0.0009780656546354294, -0.00449706893414259, -0.00611396599560976
v,-0.002326707122847438, -0.006832984741777182, -0.006491024978458881
v,-0.0022590116132050753, -0.006715732626616955, -0.005535121075809002
v,-0.0009780656546354294, -0.00449706893414259, -0.00611396599560976
v,-0.002326707122847438, -0.006832984741777182, -0.006491024978458881
v,-0.0009780656546354294, -0.00449706893414259, -0.00611396599560976
v,-0.0008879406959749758, -0.004340967629104853, -0.00612636050209403
v,-0.002326707122847438, -0.006832984741777182, -0.006491024978458881
v,-0.0008879406959749758, -0.004340967629104853, -0.00612636050209403
v,-0.0011379218194633722, -0.004773947410285473, -0.007352523505687714
v,-0.002326128538697958, -0.006831982173025608, -0.007125608157366514
v,-0.002326707122847438, -0.006832984741777182, -0.006491024978458881
v,-0.0011379218194633722, -0.004773947410285473, -0.007352523505687714
v,-0.002262044930830598, -0.006720986217260361, -0.007574294228106737
v,-0.002326128538697958, -0.006831982173025608, -0.007125608157366514
v,-0.0011379218194633722, -0.004773947410285473, -0.007352523505687714
v,-0.002262044930830598, -0.006720986217260361, -0.007574294228106737
v,-0.0011379218194633722, -0.004773947410285473, -0.007352523505687714
v,-0.0015057637356221676, -0.005411068443208933, -0.007741727866232395
v,-0.002171145286411047, -0.0065635438077151775, -0.007789895869791508
v,-0.002262044930830598, -0.006720986217260361, -0.007574294228106737
v,-0.0015057637356221676, -0.005411068443208933, -0.007741727866232395
v,-0.002171145286411047, -0.0065635438077151775, -0.007789895869791508
v,-0.0015057637356221676, -0.005411068443208933, -0.007741727866232395
v,-0.0017208231147378683, -0.005783562548458576, -0.007899693213403225
v,-0.002075785305351019, -0.006398375146090984, -0.00789942592382431
v,-0.002171145286411047, -0.0065635438077151775, -0.007789895869791508
v,-0.0017208231147378683, -0.005783562548458576, -0.007899693213403225
v,-0.00191971764434129, -0.006128057837486267, -0.007957895286381245
v,-0.002075785305351019, -0.006398375146090984, -0.00789942592382431
v,-0.0017208231147378683, -0.005783562548458576, -0.007899693213403225
v,0.0022268998436629772, -0.005128266755491495, 0.002642508130520582
v,0.0023426602128893137, -0.004927763715386391, 0.002567828632891178
v,-0.00037959241308271885, -0.003460483392700553, 0.0026090044993907213
v,0.0004447329556569457, -0.008215070702135563, -1.8665168681764044e-05
v,2.1792700863443315e-05, -0.008947624824941158, -0.0005854584742337465
v,-0.0022782778833061457, -0.006749103311449289, -7.031189306871966e-05
v,0.0017679237062111497, -0.005923236254602671, -0.004086619708687067
v,0.001620754017494619, -0.006178141571581364, -0.005474451929330826
v,-0.0009860473219305277, -0.004510893486440182, -0.0047401851043105125
v,0.0016132582677528262, -0.006191124673932791, -0.005868646781891584
v,0.0016436948208138347, -0.006138406693935394, -0.00603311276063323
v,-0.0010475057642906904, -0.004617342725396156, -0.0059957485646009445
v,0.00041817728197202086, -0.008261065930128098, -0.007581676356494427
v,0.0003511450195219368, -0.008377169258892536, -0.007147734984755516
v,-0.002262044930830598, -0.006720986217260361, -0.007574294228106737
v,0.00183948315680027, -0.005799292121082544, 0.002482153009623289
v,0.002053783042356372, -0.005428113974630833, 0.002612769603729248
v,-0.0007221740670502186, -0.004053852055221796, 0.0025696447119116783
v,0.0025197386275976896, -0.004621054977178574, 0.001998055726289749
v,0.0025145288091152906, -0.004630078561604023, 0.0015288264257833362
v,-0.00015150166291277856, -0.00306541845202446, 0.0017442796379327774
v,0.001620754017494619, -0.006178141571581364, -0.005474451929330826
v,0.0016132582677528262, -0.006191124673932791, -0.005868646781891584
v,-0.001067203702405095, -0.0046514603309333324, -0.005657352041453123
v,0.0023426602128893137, -0.004927763715386391, 0.002567828632891178
v,0.0024554943665862083, -0.004732328932732344, 0.002365353750064969
v,-0.0002564713067840785, -0.0032472312450408936, 0.0024519094731658697
v,0.0024554943665862083, -0.004732328932732344, 0.002365353750064969
v,0.0025197386275976896, -0.004621054977178574, 0.001998055726289749
v,-0.00017446131096221507, -0.003105185693129897, 0.00215366343036294
v,-0.001222215942107141, -0.004919949918985367, 0.0021334837656468153
v,0.0007473378791473806, -0.0076909433118999004, 0.0012051176745444536
v,0.001469227485358715, -0.006440593861043453, 0.002149354899302125
v,0.0023426602128893137, -0.004927763715386391, 0.002567828632891178
v,-0.0002564713067840785, -0.0032472312450408936, 0.0024519094731658697
v,-0.00037959241308271885, -0.003460483392700553, 0.0026090044993907213
v,0.0024554943665862083, -0.004732328932732344, 0.002365353750064969
v,-0.00017446131096221507, -0.003105185693129897, 0.00215366343036294
v,-0.0002564713067840785, -0.0032472312450408936, 0.0024519094731658697
v,3.453049066592939e-05, -0.002743201330304146, 0.00489672739058733
v,0.0028510827105492353, -0.004047150257974863, 0.005155922379344702
v,0.0027000675909221172, -0.004308716394007206, 0.00488085113465786
v,-0.00037367967888712883, -0.00345024187117815, -0.0004083688254468143
v,0.002453027293086052, -0.004736602306365967, 0.0008051451295614243
v,0.0022904640063643456, -0.005018169991672039, -0.0005021769320592284
v,-0.0015659825876355171, -0.005515371449291706, 0.0004102635430172086
v,0.0011331613641232252, -0.007022677455097437, 0.0002928873000200838
v,0.0011084171710535884, -0.007065535522997379, 0.0004172004119027406
v,-0.0027816863730549812, -0.007621032651513815, -1.7214048057212494e-05
v,2.1792700863443315e-05, -0.008947624824941158, -0.0005854584742337465
v,-0.00010464584192959592, -0.009166622534394264, -1.7214182662428357e-05
v,0.0025197386275976896, -0.004621054977178574, 0.001998055726289749
v,-0.00015150166291277856, -0.00306541845202446, 0.0017442796379327774
v,-0.00017446131096221507, -0.003105185693129897, 0.00215366343036294
v,-0.0015509461518377066, -0.0054893274791538715, -5.992358273942955e-05
v,0.0010278078261762857, -0.007205154746770859, -0.0010774824768304825
v,0.0011283624917268753, -0.007030989043414593, -2.258602216897998e-05
v,-0.0016584234545007348, -0.0056754834949970245, -0.0011526618618518114
v,0.0004243854491505772, -0.008250312879681587, -0.005475393962115049
v,0.0010278078261762857, -0.007205154746770859, -0.0010774824768304825
v,-0.0022590116132050753, -0.006715732626616955, -0.005535121075809002
v,0.00035194295924156904, -0.008375787176191807, -0.006449465174227953
v,0.0004243854491505772, -0.008250312879681587, -0.005475393962115049
v,-0.0003039617440663278, -0.003329487517476082, 0.007519808132201433
v,0.002192736603319645, -0.005187439266592264, 0.007435808889567852
v,0.002387554384768009, -0.004850005265325308, 0.0075225792825222015
v,0.001620754017494619, -0.006178141571581364, -0.005474451929330826
v,-0.001067203702405095, -0.0046514603309333324, -0.005657352041453123
v,-0.0009860473219305277, -0.004510893486440182, -0.0047401851043105125
v,3.602943615987897e-05, -0.002740605501458049, 0.007436757907271385
v,0.0025759965647011995, -0.00452361349016428, 0.007511797361075878
v,0.0027227899990975857, -0.004269360098987818, 0.0074284919537603855
v,0.0002669653913471848, -0.002340612467378378, 0.007068570703268051
v,0.0028480945620685816, -0.004052326083183289, 0.007274149917066097
v,0.0029500301461666822, -0.00387576874345541, 0.007051311898976564
v,-0.0006654807366430759, -0.003955656662583351, 0.007229479495435953
v,0.0018765368731692433, -0.005735113751143217, 0.006950887851417065
v,0.002022696891799569, -0.005481956992298365, 0.007246822118759155
v,0.0003679512592498213, -0.0021656998433172703, 0.006496117450296879
v,0.0030157032888382673, -0.003762019332498312, 0.0067846341989934444
v,0.00304596615023911, -0.0037096026353538036, 0.006472655571997166
v,-0.0009066721540875733, -0.004373412579298019, 0.0065519665367901325
v,0.0017209311481565237, -0.006004630587995052, 0.006134324707090855
v,0.0017758032772690058, -0.00590958958491683, 0.006581187713891268
v,0.00030401383992284536, -0.002276442479342222, 0.005583212245255709
v,0.00303818890824914, -0.0037230730522423983, 0.006029361393302679
v,0.0029749502427875996, -0.0038326054345816374, 0.005553980357944965
v,-0.0009630408603698015, -0.004471045918762684, 0.0056517659686505795
v,0.00174309266731143, -0.005966245662420988, 0.005383188370615244
v,0.0017130551859736443, -0.0060182721354067326, 0.005672928411513567
v,-0.0008623442845419049, -0.004296634346246719, 0.005110332742333412
v,0.0019113648450002074, -0.005674789659678936, 0.004904657602310181
v,0.0018086808267980814, -0.005852643866091967, 0.0051271808333694935
v,-0.0006301550893113017, -0.003894470864906907, 0.004742885008454323
v,0.0021860047709196806, -0.00519909942522645, 0.004667792934924364
v,0.002037051599472761, -0.0054570939391851425, 0.00475115654990077
v,-0.0002856421051546931, -0.003297756891697645, 0.004659957718104124
v,0.002548076445236802, -0.004571972414851189, 0.004731231369078159
v,0.0023770472034811974, -0.004868204239755869, 0.004657141398638487
v,-0.001771170413121581, -0.0058707669377326965, 0.0004558403161354363
v,0.0004447329556569457, -0.008215070702135563, -1.8665168681764044e-05
v,-0.0022782778833061457, -0.006749103311449289, -7.031189306871966e-05
v,-0.0008101180428639054, -0.004206174984574318, -0.003385245567187667
v,0.0022904640063643456, -0.005018169991672039, -0.0005021769320592284
v,0.0017679237062111497, -0.005923236254602671, -0.004086619708687067
v,-1.0075815225718543e-05, -0.002820461057126522, -0.005122884176671505
v,0.002008342184126377, -0.005506819114089012, -0.005929669830948114
v,0.002667148131877184, -0.0043657333590090275, -0.005120731890201569
v,-0.0008879406959749758, -0.004340967629104853, -0.00612636050209403
v,0.0017044114647433162, -0.006033242214471102, -0.006117601878941059
v,0.0017966299783438444, -0.005873515270650387, -0.0061227064579725266
v,-0.0002169138315366581, -0.003178715705871582, 0.0008727818494662642
v,0.0025145288091152906, -0.004630078561604023, 0.0015288264257833362
v,0.002453027293086052, -0.004736602306365967, 0.0008051451295614243
v,0.0003511450195219368, -0.008377169258892536, -0.007147734984755516
v,-0.002326128538697958, -0.006831982173025608, -0.007125608157366514
v,-0.002262044930830598, -0.006720986217260361, -0.007574294228106737
v,-0.0016264923615381122, -0.005620177369564772, 0.0004895235761068761
v,0.0011084171710535884, -0.007065535522997379, 0.0004172004119027406
v,0.00104566290974617, -0.007174229249358177, 0.0004913318553008139
v,-0.0015431061619892716, -0.0054757483303546906, 0.0002818325883708894
v,0.0011283624917268753, -0.007030989043414593, -2.258602216897998e-05
v,0.0011331613641232252, -0.007022677455097437, 0.0002928873000200838
v,-0.002326707122847438, -0.006832984741777182, -0.006491024978458881
v,0.0003511450195219368, -0.008377169258892536, -0.007147734984755516
v,0.00035194295924156904, -0.008375787176191807, -0.006449465174227953
v,-0.0004836466396227479, -0.003640710609033704, 0.0026440087240189314
v,0.002053783042356372, -0.005428113974630833, 0.002612769603729248
v,0.0022268998436629772, -0.005128266755491495, 0.002642508130520582
v,-0.001222215942107141, -0.004919949918985367, 0.0021334837656468153
v,0.00183948315680027, -0.005799292121082544, 0.002482153009623289
v,-0.0007221740670502186, -0.004053852055221796, 0.0025696447119116783
v,-0.002262044930830598, -0.006720986217260361, -0.007574294228106737
v,0.0004998650401830673, -0.00811957847326994, -0.007779834326356649
v,0.00041817728197202086, -0.008261065930128098, -0.007581676356494427
v,2.1792700863443315e-05, -0.008947624824941158, -0.0005854584742337465
v,-0.0026547315064817667, -0.0074011399410665035, -0.0005884073325432837
v,-0.0022782778833061457, -0.006749103311449289, -7.031189306871966e-05
v,-0.0017208231147378683, -0.005783562548458576, -0.007899693213403225
v,0.0011577351251617074, -0.006980113685131073, -0.007753754500299692
v,0.000951385882217437, -0.00733752129599452, -0.007902526296675205
v,-0.002075785305351019, -0.006398375146090984, -0.00789942592382431
v,0.0007484292145818472, -0.007689052261412144, -0.007957929745316505
v,0.0005937910173088312, -0.007956893183290958, -0.007893565110862255
v,-0.00191971764434129, -0.006128057837486267, -0.007957895286381245
v,0.000951385882217437, -0.00733752129599452, -0.007902526296675205
v,0.0007484292145818472, -0.007689052261412144, -0.007957929745316505
v,-0.00011228927178308368, -0.0029975008219480515, 0.007515022065490484
v,0.002387554384768009, -0.004850005265325308, 0.0075225792825222015
v,0.0025759965647011995, -0.00452361349016428, 0.007511797361075878
v,0.000162802345585078, -0.0025210282765328884, 0.007287544663995504
v,0.0027227899990975857, -0.004269360098987818, 0.0074284919537603855
v,0.0028480945620685816, -0.004052326083183289, 0.007274149917066097
v,-0.0004972578608430922, -0.0036642863415181637, 0.007425719406455755
v,0.002022696891799569, -0.005481956992298365, 0.007246822118759155
v,0.002192736603319645, -0.005187439266592264, 0.007435808889567852
v,0.00033515694667585194, -0.0022225012071430683, 0.006805103272199631
v,0.0029500301461666822, -0.00387576874345541, 0.007051311898976564
v,0.0030157032888382673, -0.003762019332498312, 0.0067846341989934444
v,0.0022268998436629772, -0.005128266755491495, 0.002642508130520582
v,-0.00037959241308271885, -0.003460483392700553, 0.0026090044993907213
v,-0.0004836466396227479, -0.003640710609033704, 0.0026440087240189314
v,-0.0008090946357697248, -0.004204403609037399, 0.0069273305125534534
v,0.0017758032772690058, -0.00590958958491683, 0.006581187713891268
v,0.0018765368731692433, -0.005735113751143217, 0.006950887851417065
v,0.0003632359439507127, -0.0021738670766353607, 0.006061638705432415
v,0.00304596615023911, -0.0037096026353538036, 0.006472655571997166
v,0.00303818890824914, -0.0037230730522423983, 0.006029361393302679
v,-0.0009582317434251308, -0.00446271663531661, 0.006099834106862545
v,0.0017130551859736443, -0.0060182721354067326, 0.005672928411513567
v,0.0017209311481565237, -0.006004630587995052, 0.006134324707090855
v,-0.000930449808947742, -0.0044145965948700905, 0.005363781936466694
v,0.0018086808267980814, -0.005852643866091967, 0.0051271808333694935
v,0.00174309266731143, -0.005966245662420988, 0.005383188370615244
v,-0.0007575482595711946, -0.0041151223704218864, 0.004891516640782356
v,0.002037051599472761, -0.0054570939391851425, 0.00475115654990077
v,0.0019113648450002074, -0.005674789659678936, 0.004904657602310181
v,-0.00047960056690499187, -0.003633702639490366, 0.0046645659022033215
v,0.0023770472034811974, -0.004868204239755869, 0.004657141398638487
v,0.0021860047709196806, -0.00519909942522645, 0.004667792934924364
v,-0.0011379218194633722, -0.004773947410285473, -0.007352523505687714
v,0.002808491699397564, -0.0041209193877875805, -0.005673998035490513
v,0.001504120766185224, -0.006380156148225069, -0.007393111940473318
v,-0.001979202264919877, -0.0062310886569321156, 0.0011359923519194126
v,-0.00010464584192959592, -0.009166622534394264, -1.7214182662428357e-05
v,0.0007473378791473806, -0.0076909433118999004, 0.0012051176745444536
v,0.0016132582677528262, -0.006191124673932791, -0.005868646781891584
v,-0.0010475057642906904, -0.004617342725396156, -0.0059957485646009445
v,-0.001067203702405095, -0.0046514603309333324, -0.005657352041453123
v,-0.002171145286411047, -0.0065635438077151775, -0.007789895869791508
v,0.0005937910173088312, -0.007956893183290958, -0.007893565110862255
v,0.0004998650401830673, -0.00811957847326994, -0.007779834326356649
v,-0.0006874776445329189, -0.003993755206465721, -0.005949885584414005
v,0.0017966299783438444, -0.005873515270650387, -0.0061227064579725266
v,0.002008342184126377, -0.005506819114089012, -0.005929669830948114
v,-0.0009780656546354294, -0.00449706893414259, -0.00611396599560976
v,0.0016436948208138347, -0.006138406693935394, -0.00603311276063323
v,0.0017044114647433162, -0.006033242214471102, -0.006117601878941059
v,0.00018368565361015499, -0.002484857104718685, 0.005179373547434807
v,0.0029749502427875996, -0.0038326054345816374, 0.005553980357944965
v,0.0028510827105492353, -0.004047150257974863, 0.005155922379344702
v,-0.00011734051804523915, -0.003006249899044633, 0.0047395359724760056
v,0.0027000675909221172, -0.004308716394007206, 0.00488085113465786
v,0.002548076445236802, -0.004571972414851189, 0.004731231369078159
v,-0.001771170413121581, -0.0058707669377326965, 0.0004558403161354363
v,0.00104566290974617, -0.007174229249358177, 0.0004913318553008139
v,0.0008980860002338886, -0.007429840043187141, 0.00045046492596156895
v,-1.0075815225718543e-05, -0.002820461057126522, -0.005122884176671505
v,0.002808491699397564, -0.0041209193877875805, -0.005673998035490513
v,0.00013145097182132304, -0.002575329504907131, -0.005673998035490513
v,0.0017679237062111497, -0.005923236254602671, -0.004086619708687067
v,-0.0009860473219305277, -0.004510893486440182, -0.0047401851043105125
v,-0.0008101180428639054, -0.004206174984574318, -0.003385245567187667
v,-0.0015057637356221676, -0.005411068443208933, -0.007741727866232395
v,-0.0011379218194633722, -0.004773947410285473, -0.007352523505687714
v,0.001504120766185224, -0.006380156148225069, -0.007393111940473318
v,-0.001222215942107141, -0.004919949918985367, 0.0021334837656468153
v,-0.001979202264919877, -0.0062310886569321156, 0.0011359923519194126
v,0.0007473378791473806, -0.0076909433118999004, 0.0012051176745444536
v,3.453049066592939e-05, -0.002743201330304146, 0.00489672739058733
v,0.00018368565361015499, -0.002484857104718685, 0.005179373547434807
v,0.0028510827105492353, -0.004047150257974863, 0.005155922379344702
v,-0.00037367967888712883, -0.00345024187117815, -0.0004083688254468143
v,-0.0002169138315366581, -0.003178715705871582, 0.0008727818494662642
v,0.002453027293086052, -0.004736602306365967, 0.0008051451295614243
v,-0.0015659825876355171, -0.005515371449291706, 0.0004102635430172086
v,-0.0015431061619892716, -0.0054757483303546906, 0.0002818325883708894
v,0.0011331613641232252, -0.007022677455097437, 0.0002928873000200838
v,-0.0027816863730549812, -0.007621032651513815, -1.7214048057212494e-05
v,-0.0026547315064817667, -0.0074011399410665035, -0.0005884073325432837
v,2.1792700863443315e-05, -0.008947624824941158, -0.0005854584742337465
v,-0.0015509461518377066, -0.0054893274791538715, -5.992358273942955e-05
v,-0.0016584234545007348, -0.0056754834949970245, -0.0011526618618518114
v,0.0010278078261762857, -0.007205154746770859, -0.0010774824768304825
v,-0.0016584234545007348, -0.0056754834949970245, -0.0011526618618518114
v,-0.0022590116132050753, -0.006715732626616955, -0.005535121075809002
v,0.0004243854491505772, -0.008250312879681587, -0.005475393962115049
v,-0.0022590116132050753, -0.006715732626616955, -0.005535121075809002
v,-0.002326707122847438, -0.006832984741777182, -0.006491024978458881
v,0.00035194295924156904, -0.008375787176191807, -0.006449465174227953
v,-0.0003039617440663278, -0.003329487517476082, 0.007519808132201433
v,-0.0004972578608430922, -0.0036642863415181637, 0.007425719406455755
v,0.002192736603319645, -0.005187439266592264, 0.007435808889567852
v,3.602943615987897e-05, -0.002740605501458049, 0.007436757907271385
v,-0.00011228927178308368, -0.0029975008219480515, 0.007515022065490484
v,0.0025759965647011995, -0.00452361349016428, 0.007511797361075878
v,0.0002669653913471848, -0.002340612467378378, 0.007068570703268051
v,0.000162802345585078, -0.0025210282765328884, 0.007287544663995504
v,0.0028480945620685816, -0.004052326083183289, 0.007274149917066097
v,-0.0006654807366430759, -0.003955656662583351, 0.007229479495435953
v,-0.0008090946357697248, -0.004204403609037399, 0.0069273305125534534
v,0.0018765368731692433, -0.005735113751143217, 0.006950887851417065
v,0.0003679512592498213, -0.0021656998433172703, 0.006496117450296879
v,0.00033515694667585194, -0.0022225012071430683, 0.006805103272199631
v,0.0030157032888382673, -0.003762019332498312, 0.0067846341989934444
v,-0.0009066721540875733, -0.004373412579298019, 0.0065519665367901325
v,-0.0009582317434251308, -0.00446271663531661, 0.006099834106862545
v,0.0017209311481565237, -0.006004630587995052, 0.006134324707090855
v,0.00030401383992284536, -0.002276442479342222, 0.005583212245255709
v,0.0003632359439507127, -0.0021738670766353607, 0.006061638705432415
v,0.00303818890824914, -0.0037230730522423983, 0.006029361393302679
v,-0.0009630408603698015, -0.004471045918762684, 0.0056517659686505795
v,-0.000930449808947742, -0.0044145965948700905, 0.005363781936466694
v,0.00174309266731143, -0.005966245662420988, 0.005383188370615244
v,-0.0008623442845419049, -0.004296634346246719, 0.005110332742333412
v,-0.0007575482595711946, -0.0041151223704218864, 0.004891516640782356
v,0.0019113648450002074, -0.005674789659678936, 0.004904657602310181
v,-0.0006301550893113017, -0.003894470864906907, 0.004742885008454323
v,-0.00047960056690499187, -0.003633702639490366, 0.0046645659022033215
v,0.0021860047709196806, -0.00519909942522645, 0.004667792934924364
v,-0.0002856421051546931, -0.003297756891697645, 0.004659957718104124
v,-0.00011734051804523915, -0.003006249899044633, 0.0047395359724760056
v,0.002548076445236802, -0.004571972414851189, 0.004731231369078159
v,-0.001771170413121581, -0.0058707669377326965, 0.0004558403161354363
v,0.0008980860002338886, -0.007429840043187141, 0.00045046492596156895
v,0.0004447329556569457, -0.008215070702135563, -1.8665168681764044e-05
v,-0.0008101180428639054, -0.004206174984574318, -0.003385245567187667
v,-0.00037367967888712883, -0.00345024187117815, -0.0004083688254468143
v,0.0022904640063643456, -0.005018169991672039, -0.0005021769320592284
v,-1.0075815225718543e-05, -0.002820461057126522, -0.005122884176671505
v,-0.0006874776445329189, -0.003993755206465721, -0.005949885584414005
v,0.002008342184126377, -0.005506819114089012, -0.005929669830948114
v,-0.0008879406959749758, -0.004340967629104853, -0.00612636050209403
v,-0.0009780656546354294, -0.00449706893414259, -0.00611396599560976
v,0.0017044114647433162, -0.006033242214471102, -0.006117601878941059
v,-0.0002169138315366581, -0.003178715705871582, 0.0008727818494662642
v,-0.00015150166291277856, -0.00306541845202446, 0.0017442796379327774
v,0.0025145288091152906, -0.004630078561604023, 0.0015288264257833362
v,-0.0016264923615381122, -0.005620177369564772, 0.0004895235761068761
v,-0.0015659825876355171, -0.005515371449291706, 0.0004102635430172086
v,0.0011084171710535884, -0.007065535522997379, 0.0004172004119027406
v,-0.0015431061619892716, -0.0054757483303546906, 0.0002818325883708894
v,-0.0015509461518377066, -0.0054893274791538715, -5.992358273942955e-05
v,0.0011283624917268753, -0.007030989043414593, -2.258602216897998e-05
v,-0.002326707122847438, -0.006832984741777182, -0.006491024978458881
v,-0.002326128538697958, -0.006831982173025608, -0.007125608157366514
v,0.0003511450195219368, -0.008377169258892536, -0.007147734984755516
v,-0.0004836466396227479, -0.003640710609033704, 0.0026440087240189314
v,-0.0007221740670502186, -0.004053852055221796, 0.0025696447119116783
v,0.002053783042356372, -0.005428113974630833, 0.002612769603729248
v,-0.001222215942107141, -0.004919949918985367, 0.0021334837656468153
v,0.001469227485358715, -0.006440593861043453, 0.002149354899302125
v,0.00183948315680027, -0.005799292121082544, 0.002482153009623289
v,-0.002262044930830598, -0.006720986217260361, -0.007574294228106737
v,-0.002171145286411047, -0.0065635438077151775, -0.007789895869791508
v,0.0004998650401830673, -0.00811957847326994, -0.007779834326356649
v,-0.0017208231147378683, -0.005783562548458576, -0.007899693213403225
v,-0.0015057637356221676, -0.005411068443208933, -0.007741727866232395
v,0.0011577351251617074, -0.006980113685131073, -0.007753754500299692
v,-0.002075785305351019, -0.006398375146090984, -0.00789942592382431
v,-0.00191971764434129, -0.006128057837486267, -0.007957895286381245
v,0.0007484292145818472, -0.007689052261412144, -0.007957929745316505
v,-0.00191971764434129, -0.006128057837486267, -0.007957895286381245
v,-0.0017208231147378683, -0.005783562548458576, -0.007899693213403225
v,0.000951385882217437, -0.00733752129599452, -0.007902526296675205
v,-0.00011228927178308368, -0.0029975008219480515, 0.007515022065490484
v,-0.0003039617440663278, -0.003329487517476082, 0.007519808132201433
v,0.002387554384768009, -0.004850005265325308, 0.0075225792825222015
v,0.000162802345585078, -0.0025210282765328884, 0.007287544663995504
v,3.602943615987897e-05, -0.002740605501458049, 0.007436757907271385
v,0.0027227899990975857, -0.004269360098987818, 0.0074284919537603855
v,-0.0004972578608430922, -0.0036642863415181637, 0.007425719406455755
v,-0.0006654807366430759, -0.003955656662583351, 0.007229479495435953
v,0.002022696891799569, -0.005481956992298365, 0.007246822118759155
v,0.00033515694667585194, -0.0022225012071430683, 0.006805103272199631
v,0.0002669653913471848, -0.002340612467378378, 0.007068570703268051
v,0.0029500301461666822, -0.00387576874345541, 0.007051311898976564
v,-0.0008090946357697248, -0.004204403609037399, 0.0069273305125534534
v,-0.0009066721540875733, -0.004373412579298019, 0.0065519665367901325
v,0.0017758032772690058, -0.00590958958491683, 0.006581187713891268
v,0.0003632359439507127, -0.0021738670766353607, 0.006061638705432415
v,0.0003679512592498213, -0.0021656998433172703, 0.006496117450296879
v,0.00304596615023911, -0.0037096026353538036, 0.006472655571997166
v,-0.0009582317434251308, -0.00446271663531661, 0.006099834106862545
v,-0.0009630408603698015, -0.004471045918762684, 0.0056517659686505795
v,0.0017130551859736443, -0.0060182721354067326, 0.005672928411513567
v,-0.000930449808947742, -0.0044145965948700905, 0.005363781936466694
v,-0.0008623442845419049, -0.004296634346246719, 0.005110332742333412
v,0.0018086808267980814, -0.005852643866091967, 0.0051271808333694935
v,-0.0007575482595711946, -0.0041151223704218864, 0.004891516640782356
v,-0.0006301550893113017, -0.003894470864906907, 0.004742885008454323
v,0.002037051599472761, -0.0054570939391851425, 0.00475115654990077
v,-0.00047960056690499187, -0.003633702639490366, 0.0046645659022033215
v,-0.0002856421051546931, -0.003297756891697645, 0.004659957718104124
v,0.0023770472034811974, -0.004868204239755869, 0.004657141398638487
v,-0.0011379218194633722, -0.004773947410285473, -0.007352523505687714
v,0.00013145097182132304, -0.002575329504907131, -0.005673998035490513
v,0.002808491699397564, -0.0041209193877875805, -0.005673998035490513
v,-0.001979202264919877, -0.0062310886569321156, 0.0011359923519194126
v,-0.0027816863730549812, -0.007621032651513815, -1.7214048057212494e-05
v,-0.00010464584192959592, -0.009166622534394264, -1.7214182662428357e-05
v,-0.002171145286411047, -0.0065635438077151775, -0.007789895869791508
v,-0.002075785305351019, -0.006398375146090984, -0.00789942592382431
v,0.0005937910173088312, -0.007956893183290958, -0.007893565110862255
v,-0.0006874776445329189, -0.003993755206465721, -0.005949885584414005
v,-0.0008879406959749758, -0.004340967629104853, -0.00612636050209403
v,0.0017966299783438444, -0.005873515270650387, -0.0061227064579725266
v,-0.0009780656546354294, -0.00449706893414259, -0.00611396599560976
v,-0.0010475057642906904, -0.004617342725396156, -0.0059957485646009445
v,0.0016436948208138347, -0.006138406693935394, -0.00603311276063323
v,0.00018368565361015499, -0.002484857104718685, 0.005179373547434807
v,0.00030401383992284536, -0.002276442479342222, 0.005583212245255709
v,0.0029749502427875996, -0.0038326054345816374, 0.005553980357944965
v,-0.00011734051804523915, -0.003006249899044633, 0.0047395359724760056
v,3.453049066592939e-05, -0.002743201330304146, 0.00489672739058733
v,0.0027000675909221172, -0.004308716394007206, 0.00488085113465786
v,-0.001771170413121581, -0.0058707669377326965, 0.0004558403161354363
v,-0.0016264923615381122, -0.005620177369564772, 0.0004895235761068761
v,0.00104566290974617, -0.007174229249358177, 0.0004913318553008139
v,-1.0075815225718543e-05, -0.002820461057126522, -0.005122884176671505
v,0.002667148131877184, -0.0043657333590090275, -0.005120731890201569
v,0.002808491699397564, -0.0041209193877875805, -0.005673998035490513
n,29.0935001373291, -16.797138214111328, -1.468452524022723e-06
n,29.0935001373291, -16.797138214111328, -1.468452524022723e-06
n,29.0935001373291, -16.797138214111328, -1.468452524022723e-06
n,29.0935001373291, -16.797138214111328, -1.468452524022723e-06
n,29.0935001373291, -16.797138214111328, -1.468452524022723e-06
n,29.0935001373291, -16.797138214111328, -1.468452524022723e-06
n,29.0935001373291, -16.797138214111328, -1.468452524022723e-06
n,29.0935001373291, -16.797138214111328, -1.468452524022723e-06
n,29.0935001373291, -16.797138214111328, -1.468452524022723e-06
n,29.0935001373291, -16.797138214111328, -1.468452524022723e-06
n,29.0935001373291, -16.797138214111328, -1.468452524022723e-06
n,29.0935001373291, -16.797138214111328, -1.468452524022723e-06
n,29.0935001373291, -16.797138214111328, -1.468452524022723e-06
n,29.0935001373291, -16.797138214111328, -1.468452524022723e-06
n,29.0935001373291, -16.797138214111328, -1.468452524022723e-06
n,29.0935001373291, -16.797138214111328, -1.468452524022723e-06
n,29.0935001373291, -16.797138214111328, -1.468452524022723e-06
n,29.0935001373291, -16.797138214111328, -1.468452524022723e-06
n,29.0935001373291, -16.797138214111328, -1.468452524022723e-06
n,29.0935001373291, -16.797138214111328, -1.468452524022723e-06
n,29.0935001373291, -16.797138214111328, -1.468452524022723e-06
n,29.0935001373291, -16.797138214111328, -1.468452524022723e-06
n,29.0935001373291, -16.797138214111328, -1.468452524022723e-06
n,29.0935001373291, -16.797138214111328, -1.468452524022723e-06
n,29.0935001373291, -16.797138214111328, -1.468452524022723e-06
n,29.0935001373291, -16.797138214111328, -1.468452524022723e-06
n,29.0935001373291, -16.797138214111328, -1.468452524022723e-06
n,29.0935001373291, -16.797138214111328, -1.468452524022723e-06
n,29.0935001373291, -16.797138214111328, -1.468452524022723e-06
n,29.0935001373291, -16.797138214111328, -1.468452524022723e-06
n,29.0935001373291, -16.797138214111328, -1.468452524022723e-06
n,29.0935001373291, -16.797138214111328, -1.468452524022723e-06
n,29.0935001373291, -16.797138214111328, -1.468452524022723e-06
n,29.0935001373291, -16.797138214111328, -1.468452524022723e-06
n,29.0935001373291, -16.797138214111328, -1.468452524022723e-06
n,29.0935001373291, -16.797138214111328, -1.468452524022723e-06
n,29.0935001373291, -16.797138214111328, -1.468452524022723e-06
n,29.0935001373291, -16.797138214111328, -1.468452524022723e-06
n,29.0935001373291, -16.797138214111328, -1.468452524022723e-06
n,29.0935001373291, -16.797138214111328, -1.468452524022723e-06
n,29.0935001373291, -16.797138214111328, -1.468452524022723e-06
n,29.0935001373291, -16.797138214111328, -1.468452524022723e-06
n,29.0935001373291, -16.797138214111328, -1.468452524022723e-06
n,29.0935001373291, -16.797138214111328, -1.468452524022723e-06
n,29.0935001373291, -16.797138214111328, -1.468452524022723e-06
n,29.0935001373291, -16.797138214111328, -1.468452524022723e-06
n,29.0935001373291, -16.797138214111328, -1.468452524022723e-06
n,29.0935001373291, -16.797138214111328, -1.468452524022723e-06
n,29.0935001373291, -16.797138214111328, -1.468452524022723e-06
n,29.0935001373291, -16.797138214111328, -1.468452524022723e-06
n,29.0935001373291, -16.797138214111328, -1.468452524022723e-06
n,29.0935001373291, -16.797138214111328, -1.468452524022723e-06
n,29.0935001373291, -16.797138214111328, -1.468452524022723e-06
n,29.0935001373291, -16.797138214111328, -1.468452524022723e-06
n,29.0935001373291, -16.797138214111328, -1.468452524022723e-06
n,29.0935001373291, -16.797138214111328, -1.468452524022723e-06
n,29.0935001373291, -16.797138214111328, -1.468452524022723e-06
n,29.0935001373291, -16.797138214111328, -1.468452524022723e-06
n,29.0935001373291, -16.797138214111328, -1.468452524022723e-06
n,-29.0935001373291, 16.797138214111328, 1.468452524022723e-06
n,-29.0935001373291, 16.797138214111328, 1.468452524022723e-06
n,-29.0935001373291, 16.797138214111328, 1.468452524022723e-06
n,-29.0935001373291, 16.797138214111328, 1.468452524022723e-06
n,-29.0935001373291, 16.797138214111328, 1.468452524022723e-06
n,-29.0935001373291, 16.797138214111328, 1.468452524022723e-06
n,-29.0935001373291, 16.797138214111328, 1.468452524022723e-06
n,-29.0935001373291, 16.797138214111328, 1.468452524022723e-06
n,-29.0935001373291, 16.797138214111328, 1.468452524022723e-06
n,-29.0935001373291, 16.797138214111328, 1.468452524022723e-06
n,-29.0935001373291, 16.797138214111328, 1.468452524022723e-06
n,-29.0935001373291, 16.797138214111328, 1.468452524022723e-06
n,-29.0935001373291, 16.797138214111328, 1.468452524022723e-06
n,-29.0935001373291, 16.797138214111328, 1.468452524022723e-06
n,-29.0935001373291, 16.797138214111328, 1.468452524022723e-06
n,-29.0935001373291, 16.797138214111328, 1.468452524022723e-06
n,-29.0935001373291, 16.797138214111328, 1.468452524022723e-06
n,-29.0935001373291, 16.797138214111328, 1.468452524022723e-06
n,-29.0935001373291, 16.797138214111328, 1.468452524022723e-06
n,-29.0935001373291, 16.797138214111328, 1.468452524022723e-06
n,-29.0935001373291, 16.797138214111328, 1.468452524022723e-06
n,-29.0935001373291, 16.797138214111328, 1.468452524022723e-06
n,-29.0935001373291, 16.797138214111328, 1.468452524022723e-06
n,-29.0935001373291, 16.797138214111328, 1.468452524022723e-06
n,7.773497581481934, 13.424140930175781, -29.798336029052734
n,-29.0935001373291, 16.797138214111328, 1.468452524022723e-06
n,-29.0935001373291, 16.797138214111328, 1.468452524022723e-06
n,-29.0935001373291, 16.797138214111328, 1.468452524022723e-06
n,-29.0935001373291, 16.797138214111328, 1.468452524022723e-06
n,-29.0935001373291, 16.797138214111328, 1.468452524022723e-06
n,-29.0935001373291, 16.797138214111328, 1.468452524022723e-06
n,-29.0935001373291, 16.797138214111328, 1.468452524022723e-06
n,-29.0935001373291, 16.797138214111328, 1.468452524022723e-06
n,-29.0935001373291, 16.797138214111328, 1.468452524022723e-06
n,-29.0935001373291, 16.797138214111328, 1.468452524022723e-06
n,-29.0935001373291, 16.797138214111328, 1.468452524022723e-06
n,-29.0935001373291, 16.797138214111328, 1.468452524022723e-06
n,-29.0935001373291, 16.797138214111328, 1.468452524022723e-06
n,-29.0935001373291, 16.797138214111328, 1.468452524022723e-06
n,-29.0935001373291, 16.797138214111328, 1.468452524022723e-06
n,-29.0935001373291, 16.797138214111328, 1.468452524022723e-06
n,-29.0935001373291, 16.797138214111328, 1.468452524022723e-06
n,-29.0935001373291, 16.797138214111328, 1.468452524022723e-06
n,-29.0935001373291, 16.797138214111328, 1.468452524022723e-06
n,-29.0935001373291, 16.797138214111328, 1.468452524022723e-06
n,-29.0935001373291, 16.797138214111328, 1.468452524022723e-06
n,-29.0935001373291, 16.797138214111328, 1.468452524022723e-06
n,-29.0935001373291, 16.797138214111328, 1.468452524022723e-06
n,-29.0935001373291, 16.797138214111328, 1.468452524022723e-06
n,-29.0935001373291, 16.797138214111328, 1.468452524022723e-06
n,-29.0935001373291, 16.797138214111328, 1.468452524022723e-06
n,-29.0935001373291, 16.797138214111328, 1.468452524022723e-06
n,-29.0935001373291, 16.797138214111328, 1.468452524022723e-06
n,-29.0935001373291, 16.797138214111328, 1.468452524022723e-06
n,-29.0935001373291, 16.797138214111328, 1.468452524022723e-06
n,-29.0935001373291, 16.797138214111328, 1.468452524022723e-06
n,-29.0935001373291, 16.797138214111328, 1.468452524022723e-06
n,-29.0935001373291, 16.797138214111328, 1.468452524022723e-06
n,-29.0935001373291, 16.797138214111328, 1.468452524022723e-06
n,5.264003753662109, 8.869114875793457, 31.971935272216797
n,9.272261619567871, 16.239856719970703, -27.908205032348633
n,16.291067123413086, 28.54118537902832, -6.969754695892334
n,15.624696731567383, 27.35814094543457, 11.66089916229248
n,-16.011962890625, -27.81831169128418, -9.91635799407959
n,-4.742023944854736, -8.570308685302734, 32.13469696044922
n,16.954917907714844, 28.992246627807617, -0.7457842826843262
n,16.644882202148438, 29.152935028076172, -1.2766684293746948
n,11.384623527526855, 19.332347869873047, 25.00452423095703
n,16.03341293334961, 27.357988357543945, 11.092594146728516
n,-9.170397758483887, -15.937582015991211, 28.1153507232666
n,8.90303897857666, 15.72308349609375, 28.32130241394043
n,14.534466743469238, 25.598175048828125, 16.188217163085938
n,11.345504760742188, 19.56940460205078, -24.83734130859375
n,16.32310676574707, 28.22047996520996, -8.107807159423828
n,-15.628016471862793, -27.017627716064453, -12.425314903259277
n,-15.346169471740723, -26.580347061157227, -13.658548355102539
n,16.53447914123535, 29.00283432006836, 3.7446324825286865
n,-16.523836135864258, -28.56499671936035, 6.291229248046875
n,-16.218730926513672, -28.04452133178711, 8.89006233215332
n,-16.578697204589844, -28.797470092773438, 4.9424824714660645
n,-3.6174516677856445, -6.343602180480957, 32.79098129272461
n,16.637657165527344, 28.591815948486328, -5.8542375564575195
n,4.6100850105285645, 7.927393913269043, 32.31840515136719
n,12.419047355651855, 21.45041847229004, 22.676471710205078
n,-11.915667533874512, -20.718080520629883, 23.60833740234375
n,16.513734817504883, 28.547082901000977, 6.398160457611084
n,-16.278644561767578, -28.273401260375977, 8.012259483337402
n,16.272741317749023, 28.09214210510254, -8.637422561645508
n,-16.424287796020508, -28.500883102416992, -6.820391654968262
n,-12.319314002990723, -21.393869400024414, -22.784042358398438
n,-4.501397609710693, -7.854582786560059, -32.35148239135742
n,3.5870678424835205, 6.140743732452393, -32.832908630371094
n,7.768054485321045, 13.378453254699707, -29.820295333862305
n,16.06699562072754, 27.964385986328125, -9.40321159362793
n,-8.803814888000488, -15.212961196899414, 28.629253387451172
n,0.4264046847820282, 0.8270004987716675, 33.581390380859375
n,16.584714889526367, 28.66765594482422, -5.629232406616211
n,-16.204084396362305, -27.943933486938477, -9.22712230682373
n,-8.574514389038086, -14.77733325958252, -28.925487518310547
n,-16.807077407836914, -29.069814682006836, 1.0215710401535034
n,-16.767684936523438, -29.110387802124023, 0.0767815113067627
n,-1.3693870306015015, -2.528986692428589, 33.47095489501953
n,-6.82823371887207, -11.56483268737793, 30.79294776916504
n,-12.958215713500977, -22.448930740356445, -21.37067222595215
n,9.550321578979492, 16.476112365722656, -27.67498016357422
n,5.7020673751831055, 9.862964630126953, -31.603546142578125
n,-3.3969955444335938, -5.942378520965576, -32.88957595825195
n,2.2939162254333496, 3.9216418266296387, -33.285648345947266
n,0.5046308636665344, 0.817960798740387, 33.580528259277344
n,8.834237098693848, 15.241551399230957, 28.604665756225586
n,-8.123734474182129, -14.152575492858887, 29.36469268798828
n,15.09449291229248, 26.084564208984375, 14.843426704406738
n,2.6954665184020996, 4.878120422363281, 33.12874984741211
n,-14.713360786437988, -25.56720542907715, 16.075157165527344
n,16.815420150756836, 29.059070587158203, -1.1780214309692383
n,-16.758499145507812, -29.093202590942383, 1.146224021911621
n,-14.924291610717773, -25.906648635864258, -15.319485664367676
n,-8.728218078613281, -15.177351951599121, -28.671274185180664
n,-0.44370704889297485, -0.8247795104980469, -33.58122253417969
n,9.286134719848633, 15.983556747436523, -28.051191329956055
n,-9.776299476623535, -16.966449737548828, 27.297237396240234
n,16.850175857543945, 28.802017211914062, 3.8847227096557617
n,-8.677131652832031, -15.080550193786621, -28.737781524658203
n,-6.994266033172607, -12.053253173828125, 30.567548751831055
n,9.562954902648926, 16.633628845214844, 27.576217651367188
n,14.298327445983887, 24.678852081298828, -17.750709533691406
n,7.444202423095703, 12.832554817199707, -30.141084671020508
n,2.273729085922241, 4.007537364959717, -33.27680206298828
n,14.941637992858887, 25.87967872619629, 15.348133087158203
n,16.402177810668945, 28.075735092163086, -8.443784713745117
n,7.8252272605896, 13.622055053710938, -29.694799423217773
n,-9.272042274475098, -15.98887825012207, 28.05281639099121
n,11.517542839050293, 20.03065299987793, -24.38636589050293
n,16.294139862060547, 28.271970748901367, -7.985748767852783
n,-15.801854133605957, -27.41859245300293, -11.27376651763916
n,-15.346566200256348, -26.5865535736084, -13.646018981933594
n,-16.448101043701172, -28.565567016601562, 6.4841227531433105
n,-16.232852935791016, -28.039461135864258, 8.880240440368652
n,-16.6560001373291, -28.791637420654297, 4.711151599884033
n,-4.006721019744873, -6.85993766784668, 32.64143371582031
n,4.2604217529296875, 7.436200141906738, 32.48272705078125
n,12.143918991088867, 21.09309196472168, 23.15561294555664
n,-12.209712028503418, -21.065736770629883, 23.145912170410156
n,16.406484603881836, 28.47355842590332, 6.975631237030029
n,-16.409828186035156, -28.345909118652344, 7.470120429992676
n,16.27002716064453, 28.261018753051758, -8.073201179504395
n,-16.40663719177246, -28.361928939819336, -7.4161152839660645
n,-12.155226707458496, -20.995893478393555, -23.23786735534668
n,-4.253066062927246, -7.309268951416016, -32.512481689453125
n,3.8388421535491943, 6.708486080169678, -32.69304656982422
n,7.741260051727295, 13.356525421142578, -29.83708953857422
n,16.10304069519043, 27.92700958251953, -9.452503204345703
n,-8.729893684387207, -15.170910835266113, 28.674169540405273
n,1.1794146299362183, 1.9801743030548096, 33.5151252746582
n,16.51485824584961, 28.826452255249023, -4.987077713012695
n,-9.175562858581543, -15.955777168273926, -28.103343963623047
n,-16.752939224243164, -29.078237533569336, 1.5397007465362549
n,-16.793107986450195, -29.095762252807617, -0.06127564609050751
n,-2.701352834701538, -4.415014266967773, 33.19316101074219
n,-6.910630226135254, -11.911563873291016, 30.64202308654785
n,-12.8670072555542, -22.226886749267578, -21.655975341796875
n,5.772375106811523, 10.04049015045166, -31.534805297851562
n,-3.1237633228302, -5.338592052459717, -33.019954681396484
n,2.4185309410095215, 4.219533920288086, -33.2403678894043
n,0.1802128404378891, 0.3802233934402466, 33.591644287109375
n,8.493659973144531, 14.770913124084473, 28.95261001586914
n,-8.498308181762695, -14.637824058532715, 29.018760681152344
n,14.891003608703613, 25.852088928222656, 15.44354248046875
n,-14.93934440612793, -25.79234504699707, 15.496662139892578
n,16.77005386352539, 29.099992752075195, -0.7290090322494507
n,-16.81531524658203, -29.074058532714844, 0.7209627032279968
n,-14.820433616638184, -25.612756729125977, -15.903366088867188
n,-8.48988151550293, -14.644791603088379, -29.01771354675293
n,-0.2292371243238449, -0.3284299373626709, -33.59189224243164
n,9.263923645019531, 16.045589447021484, -28.023103713989258
n,-9.801370620727539, -16.976476669311523, 27.28200912475586
n,-8.387357711791992, -14.476205825805664, -29.131893157958984
n,-6.741389751434326, -11.735615730285645, 30.747432708740234
n,10.982671737670898, 18.803112030029297, 25.581233978271484
n,14.387173652648926, 25.016624450683594, -17.19748306274414
n,7.68703556060791, 13.390973091125488, -29.83566665649414
n,1.969736099243164, 3.3480873107910156, -33.36894226074219
n,14.945488929748535, 25.91472816467285, 15.28512191772461
u,0.3997611701488495, 0.028396546840667725, 0
u,0.3864882290363312, 0.026621580123901367, 0
u,0.3930428624153137, 0.026657819747924805, 0
u,0.3997611701488495, 0.028396546840667725, 0
u,0.38133785128593445, 0.02789485454559326, 0
u,0.3864882290363312, 0.026621580123901367, 0
u,0.3997611701488495, 0.028396546840667725, 0
u,0.3768920600414276, 0.03042781352996826, 0
u,0.38133785128593445, 0.02789485454559326, 0
u,0.4055578112602234, 0.03188180923461914, 0
u,0.3768920600414276, 0.03042781352996826, 0
u,0.3997611701488495, 0.028396546840667725, 0
u,0.4055578112602234, 0.03188180923461914, 0
u,0.37321770191192627, 0.03417861461639404, 0
u,0.3768920600414276, 0.03042781352996826, 0
u,0.4104612469673157, 0.03719693422317505, 0
u,0.37321770191192627, 0.03417861461639404, 0
u,0.4055578112602234, 0.03188180923461914, 0
u,0.4104612469673157, 0.03719693422317505, 0
u,0.370777428150177, 0.03873413801193237, 0
u,0.37321770191192627, 0.03417861461639404, 0
u,0.4137423634529114, 0.04373985528945923, 0
u,0.370777428150177, 0.03873413801193237, 0
u,0.4104612469673157, 0.03719693422317505, 0
u,0.4137423634529114, 0.04373985528945923, 0
u,0.3695407807826996, 0.04411876201629639, 0
u,0.370777428150177, 0.03873413801193237, 0
u,0.41538405418395996, 0.05156904458999634, 0
u,0.3695407807826996, 0.04411876201629639, 0
u,0.4137423634529114, 0.04373985528945923, 0
u,0.41538405418395996, 0.05156904458999634, 0
u,0.36954808235168457, 0.05183005332946777, 0
u,0.3695407807826996, 0.04411876201629639, 0
u,0.41538405418395996, 0.05959498882293701, 0
u,0.36954808235168457, 0.05183005332946777, 0
u,0.41538405418395996, 0.05156904458999634, 0
u,0.41538405418395996, 0.05959498882293701, 0
u,0.3714635968208313, 0.06016463041305542, 0
u,0.36954808235168457, 0.05183005332946777, 0
u,0.41416841745376587, 0.06459343433380127, 0
u,0.3714635968208313, 0.06016463041305542, 0
u,0.41538405418395996, 0.05959498882293701, 0
u,0.41416841745376587, 0.06459343433380127, 0
u,0.37553179264068604, 0.06722772121429443, 0
u,0.3714635968208313, 0.06016463041305542, 0
u,0.4117374122142792, 0.06896370649337769, 0
u,0.37553179264068604, 0.06722772121429443, 0
u,0.41416841745376587, 0.06459343433380127, 0
u,0.4117374122142792, 0.06896370649337769, 0
u,0.38061627745628357, 0.07218611240386963, 0
u,0.37553179264068604, 0.06722772121429443, 0
u,0.4080372452735901, 0.0727081298828125, 0
u,0.38061627745628357, 0.07218611240386963, 0
u,0.4117374122142792, 0.06896370649337769, 0
u,0.40357866883277893, 0.0752260684967041, 0
u,0.38061627745628357, 0.07218611240386963, 0
u,0.4080372452735901, 0.0727081298828125, 0
u,0.40357866883277893, 0.0752260684967041, 0
u,0.38580912351608276, 0.07496601343154907, 0
u,0.38061627745628357, 0.07218611240386963, 0
u,0.3983532190322876, 0.07649773359298706, 0
u,0.38580912351608276, 0.07496601343154907, 0
u,0.40357866883277893, 0.0752260684967041, 0
u,0.3983532190322876, 0.07649773359298706, 0
u,0.3917083144187927, 0.07645618915557861, 0
u,0.38580912351608276, 0.07496601343154907, 0
u,0.7061941027641296, 0.5380189418792725, 0
u,0.696330189704895, 0.5400676131248474, 0
u,0.7001579403877258, 0.538269430398941, 0
u,0.713873028755188, 0.5393264889717102, 0
u,0.696330189704895, 0.5400676131248474, 0
u,0.7061941027641296, 0.5380189418792725, 0
u,0.713873028755188, 0.5393264889717102, 0
u,0.6928850412368774, 0.5440566837787628, 0
u,0.696330189704895, 0.5400676131248474, 0
u,0.7273763418197632, 0.5434328615665436, 0
u,0.6928850412368774, 0.5440566837787628, 0
u,0.713873028755188, 0.5393264889717102, 0
u,0.7273763418197632, 0.5434328615665436, 0
u,0.6914790272712708, 0.55067378282547, 0
u,0.6928850412368774, 0.5440566837787628, 0
u,0.7273763418197632, 0.5434328615665436, 0
u,0.6926931738853455, 0.5587424039840698, 0
u,0.6914790272712708, 0.55067378282547, 0
u,0.7543551325798035, 0.5565327703952789, 0
u,0.6926931738853455, 0.5587424039840698, 0
u,0.7273763418197632, 0.5434328615665436, 0
u,0.7543551325798035, 0.5565327703952789, 0
u,0.6964097023010254, 0.5709506869316101, 0
u,0.6926931738853455, 0.5587424039840698, 0
u,0.7508196830749512, 0.5702109932899475, 0
u,0.7456398010253906, 0.5701569318771362, 0
u,0.7543551325798035, 0.5565327703952789, 0
u,0.7456398010253906, 0.5701569318771362, 0
u,0.6964097023010254, 0.5709506869316101, 0
u,0.7543551325798035, 0.5565327703952789, 0
u,0.7436389327049255, 0.5717119872570038, 0
u,0.6964097023010254, 0.5709506869316101, 0
u,0.7456398010253906, 0.5701569318771362, 0
u,0.7436389327049255, 0.5717119872570038, 0
u,0.7048983573913574, 0.5927779078483582, 0
u,0.6964097023010254, 0.5709506869316101, 0
u,0.7430595755577087, 0.5739648044109344, 0
u,0.7048983573913574, 0.5927779078483582, 0
u,0.7436389327049255, 0.5717119872570038, 0
u,0.7543551325798035, 0.5565327703952789, 0
u,0.767489492893219, 0.5763019621372223, 0
u,0.7508196830749512, 0.5702109932899475, 0
u,0.7864336967468262, 0.5738546550273895, 0
u,0.767489492893219, 0.5763019621372223, 0
u,0.7543551325798035, 0.5565327703952789, 0
u,0.7439205646514893, 0.5793837904930115, 0
u,0.7048983573913574, 0.5927779078483582, 0
u,0.7430595755577087, 0.5739648044109344, 0
u,0.783325731754303, 0.5842111706733704, 0
u,0.767489492893219, 0.5763019621372223, 0
u,0.7864336967468262, 0.5738546550273895, 0
u,0.749714195728302, 0.5971314907073975, 0
u,0.7048983573913574, 0.5927779078483582, 0
u,0.7439205646514893, 0.5793837904930115, 0
u,0.749714195728302, 0.5971314907073975, 0
u,0.7308222651481628, 0.6522855162620544, 0
u,0.7048983573913574, 0.5927779078483582, 0
u,0.7802209854125977, 0.6703102588653564, 0
u,0.7308222651481628, 0.6522855162620544, 0
u,0.749714195728302, 0.5971314907073975, 0
u,0.7802209854125977, 0.6703102588653564, 0
u,0.7389575839042664, 0.6755689680576324, 0
u,0.7308222651481628, 0.6522855162620544, 0
u,0.7802209854125977, 0.6703102588653564, 0
u,0.7400851249694824, 0.6823335886001587, 0
u,0.7389575839042664, 0.6755689680576324, 0
u,0.7020888924598694, 0.6740829646587372, 0
u,0.747209906578064, 0.7081408798694611, 0
u,0.6984338164329529, 0.6842469274997711, 0
u,0.7265936732292175, 0.685127854347229, 0
u,0.747209906578064, 0.7081408798694611, 0
u,0.7020888924598694, 0.6740829646587372, 0
u,0.7802209854125977, 0.6703102588653564, 0
u,0.7393979430198669, 0.6853038966655731, 0
u,0.7400851249694824, 0.6823335886001587, 0
u,0.7343209385871887, 0.6875231862068176, 0
u,0.747209906578064, 0.7081408798694611, 0
u,0.7265936732292175, 0.685127854347229, 0
u,0.7802209854125977, 0.6703102588653564, 0
u,0.737490177154541, 0.6870285868644714, 0
u,0.7393979430198669, 0.6853038966655731, 0
u,0.7848668098449707, 0.6867881417274475, 0
u,0.737490177154541, 0.6870285868644714, 0
u,0.7802209854125977, 0.6703102588653564, 0
u,0.7848668098449707, 0.6867881417274475, 0
u,0.7343209385871887, 0.6875231862068176, 0
u,0.737490177154541, 0.6870285868644714, 0
u,0.7848668098449707, 0.6867881417274475, 0
u,0.747209906578064, 0.7081408798694611, 0
u,0.7343209385871887, 0.6875231862068176, 0
u,0.7864336967468262, 0.698825865983963, 0
u,0.747209906578064, 0.7081408798694611, 0
u,0.7848668098449707, 0.6867881417274475, 0
u,0.7850785255432129, 0.7066044807434082, 0
u,0.747209906578064, 0.7081408798694611, 0
u,0.7864336967468262, 0.698825865983963, 0
u,0.7850785255432129, 0.7066044807434082, 0
u,0.7599514126777649, 0.7128326892852783, 0
u,0.747209906578064, 0.7081408798694611, 0
u,0.7826980352401733, 0.7103817760944366, 0
u,0.7599514126777649, 0.7128326892852783, 0
u,0.7850785255432129, 0.7066044807434082, 0
u,0.7826980352401733, 0.7103817760944366, 0
u,0.767396092414856, 0.7144883275032043, 0
u,0.7599514126777649, 0.7128326892852783, 0
u,0.7797093987464905, 0.7127571403980255, 0
u,0.767396092414856, 0.7144883275032043, 0
u,0.7826980352401733, 0.7103817760944366, 0
u,0.7745180130004883, 0.7145488858222961, 0
u,0.767396092414856, 0.7144883275032043, 0
u,0.7797093987464905, 0.7127571403980255, 0
u,0.74001544713974, 0.031192362308502197, 0
u,0.7466995716094971, 0.029412806034088135, 0
u,0.7533642053604126, 0.029352962970733643, 0
u,0.74001544713974, 0.031192362308502197, 0
u,0.7533642053604126, 0.029352962970733643, 0
u,0.758549153804779, 0.030602574348449707, 0
u,0.74001544713974, 0.031192362308502197, 0
u,0.758549153804779, 0.030602574348449707, 0
u,0.763011634349823, 0.03310137987136841, 0
u,0.7342409491539001, 0.03472864627838135, 0
u,0.74001544713974, 0.031192362308502197, 0
u,0.763011634349823, 0.03310137987136841, 0
u,0.7342409491539001, 0.03472864627838135, 0
u,0.763011634349823, 0.03310137987136841, 0
u,0.7667142152786255, 0.036829590797424316, 0
u,0.7293614745140076, 0.04008740186691284, 0
u,0.7342409491539001, 0.03472864627838135, 0
u,0.7667142152786255, 0.036829590797424316, 0
u,0.7293614745140076, 0.04008740186691284, 0
u,0.7667142152786255, 0.036829590797424316, 0
u,0.7691829800605774, 0.041357994079589844, 0
u,0.7261095643043518, 0.046684324741363525, 0
u,0.7293614745140076, 0.04008740186691284, 0
u,0.7691829800605774, 0.041357994079589844, 0
u,0.7261095643043518, 0.046684324741363525, 0
u,0.7691829800605774, 0.041357994079589844, 0
u,0.7704381942749023, 0.04670393466949463, 0
u,0.7244859933853149, 0.0545811653137207, 0
u,0.7261095643043518, 0.046684324741363525, 0
u,0.7704381942749023, 0.04670393466949463, 0
u,0.7244859933853149, 0.0545811653137207, 0
u,0.7704381942749023, 0.04670393466949463, 0
u,0.7704364061355591, 0.05425900220870972, 0
u,0.7244859933853149, 0.062372565269470215, 0
u,0.7244859933853149, 0.0545811653137207, 0
u,0.7704364061355591, 0.05425900220870972, 0
u,0.7244859933853149, 0.062372565269470215, 0
u,0.7704364061355591, 0.05425900220870972, 0
u,0.7685562372207642, 0.06261861324310303, 0
u,0.725726306438446, 0.06735360622406006, 0
u,0.7244859933853149, 0.062372565269470215, 0
u,0.7685562372207642, 0.06261861324310303, 0
u,0.725726306438446, 0.06735360622406006, 0
u,0.7685562372207642, 0.06261861324310303, 0
u,0.7645241618156433, 0.06972742080688477, 0
u,0.7281883358955383, 0.07170790433883667, 0
u,0.725726306438446, 0.06735360622406006, 0
u,0.7645241618156433, 0.06972742080688477, 0
u,0.7281883358955383, 0.07170790433883667, 0
u,0.7645241618156433, 0.06972742080688477, 0
u,0.7594447135925293, 0.07475131750106812, 0
u,0.7319128513336182, 0.07543289661407471, 0
u,0.7281883358955383, 0.07170790433883667, 0
u,0.7594447135925293, 0.07475131750106812, 0
u,0.7363966703414917, 0.07792115211486816, 0
u,0.7319128513336182, 0.07543289661407471, 0
u,0.7594447135925293, 0.07475131750106812, 0
u,0.7363966703414917, 0.07792115211486816, 0
u,0.7594447135925293, 0.07475131750106812, 0
u,0.7542241215705872, 0.07759672403335571, 0
u,0.74165940284729, 0.07917004823684692, 0
u,0.7363966703414917, 0.07792115211486816, 0
u,0.7542241215705872, 0.07759672403335571, 0
u,0.74165940284729, 0.07917004823684692, 0
u,0.7542241215705872, 0.07759672403335571, 0
u,0.7484033703804016, 0.0791054368019104, 0
u,0.5966084599494934, 0.1665283441543579, 0
u,0.6049990057945251, 0.16630041599273682, 0
u,0.6085101962089539, 0.1673640012741089, 0
u,0.5966084599494934, 0.1665283441543579, 0
u,0.6085101962089539, 0.1673640012741089, 0
u,0.6124091148376465, 0.17061710357666016, 0
u,0.053739652037620544, 0.12399011850357056, 0
u,2.3113543079489318e-07, 0.13565337657928467, 0
u,2.494107036454807e-07, 0.12351679801940918, 0
u,0.5783993005752563, 0.17183899879455566, 0
u,0.5966084599494934, 0.1665283441543579, 0
u,0.6124091148376465, 0.17061710357666016, 0
u,0.5783993005752563, 0.17183899879455566, 0
u,0.6124091148376465, 0.17061710357666016, 0
u,0.6145782470703125, 0.1761224865913391, 0
u,0.5783993005752563, 0.17183899879455566, 0
u,0.6145782470703125, 0.1761224865913391, 0
u,0.6144652366638184, 0.183283269405365, 0
u,0.5500882267951965, 0.18569320440292358, 0
u,0.5783993005752563, 0.17183899879455566, 0
u,0.6144652366638184, 0.183283269405365, 0
u,0.5500882267951965, 0.18569320440292358, 0
u,0.6144652366638184, 0.183283269405365, 0
u,0.6102831363677979, 0.19802194833755493, 0
u,0.5557594299316406, 0.19834113121032715, 0
u,0.5500882267951965, 0.18569320440292358, 0
u,0.5608234405517578, 0.1983998417854309, 0
u,0.5608234405517578, 0.1983998417854309, 0
u,0.5500882267951965, 0.18569320440292358, 0
u,0.6102831363677979, 0.19802194833755493, 0
u,0.5627350807189941, 0.2000340223312378, 0
u,0.5608234405517578, 0.1983998417854309, 0
u,0.6102831363677979, 0.19802194833755493, 0
u,0.5627350807189941, 0.2000340223312378, 0
u,0.6102831363677979, 0.19802194833755493, 0
u,0.6020451188087463, 0.21942073106765747, 0
u,0.5632401704788208, 0.20234978199005127, 0
u,0.5627350807189941, 0.2000340223312378, 0
u,0.6020451188087463, 0.21942073106765747, 0
u,0.5500882267951965, 0.18569320440292358, 0
u,0.5557594299316406, 0.19834113121032715, 0
u,0.5371077060699463, 0.20517230033874512, 0
u,0.5198638439178467, 0.2020314335823059, 0
u,0.5500882267951965, 0.18569320440292358, 0
u,0.5371077060699463, 0.20517230033874512, 0
u,0.5622144341468811, 0.20820826292037964, 0
u,0.5632401704788208, 0.20234978199005127, 0
u,0.6020451188087463, 0.21942073106765747, 0
u,0.522979736328125, 0.21244210004806519, 0
u,0.5198638439178467, 0.2020314335823059, 0
u,0.5371077060699463, 0.20517230033874512, 0
u,0.5560926198959351, 0.226576030254364, 0
u,0.5622144341468811, 0.20820826292037964, 0
u,0.6020451188087463, 0.21942073106765747, 0
u,0.5560926198959351, 0.226576030254364, 0
u,0.6020451188087463, 0.21942073106765747, 0
u,0.5804139971733093, 0.2688238024711609, 0
u,0.5256937742233276, 0.29949086904525757, 0
u,0.5560926198959351, 0.226576030254364, 0
u,0.5804139971733093, 0.2688238024711609, 0
u,0.5256937742233276, 0.29949086904525757, 0
u,0.5804139971733093, 0.2688238024711609, 0
u,0.571351945400238, 0.29141026735305786, 0
u,0.5256937742233276, 0.29949086904525757, 0
u,0.571351945400238, 0.29141026735305786, 0
u,0.566525936126709, 0.3068668842315674, 0
u,0.6041647791862488, 0.3023236393928528, 0
u,0.6078276038169861, 0.31245243549346924, 0
u,0.560340404510498, 0.33578526973724365, 0
u,0.5789751410484314, 0.31358975172042847, 0
u,0.6041647791862488, 0.3023236393928528, 0
u,0.560340404510498, 0.33578526973724365, 0
u,0.5256937742233276, 0.29949086904525757, 0
u,0.566525936126709, 0.3068668842315674, 0
u,0.5664573907852173, 0.3127891421318054, 0
u,0.5716716647148132, 0.3157467246055603, 0
u,0.5789751410484314, 0.31358975172042847, 0
u,0.560340404510498, 0.33578526973724365, 0
u,0.5256937742233276, 0.29949086904525757, 0
u,0.5664573907852173, 0.3127891421318054, 0
u,0.5685908794403076, 0.31513458490371704, 0
u,0.5212464332580566, 0.31567496061325073, 0
u,0.5256937742233276, 0.29949086904525757, 0
u,0.5685908794403076, 0.31513458490371704, 0
u,0.5212464332580566, 0.31567496061325073, 0
u,0.5685908794403076, 0.31513458490371704, 0
u,0.5716716647148132, 0.3157467246055603, 0
u,0.5212464332580566, 0.31567496061325073, 0
u,0.5716716647148132, 0.3157467246055603, 0
u,0.560340404510498, 0.33578526973724365, 0
u,0.5198638439178467, 0.32662004232406616, 0
u,0.5212464332580566, 0.31567496061325073, 0
u,0.560340404510498, 0.33578526973724365, 0
u,0.5210822224617004, 0.3346403241157532, 0
u,0.5198638439178467, 0.32662004232406616, 0
u,0.560340404510498, 0.33578526973724365, 0
u,0.5210822224617004, 0.3346403241157532, 0
u,0.560340404510498, 0.33578526973724365, 0
u,0.5467942953109741, 0.34087055921554565, 0
u,0.5237405896186829, 0.3387598991394043, 0
u,0.5210822224617004, 0.3346403241157532, 0
u,0.5467942953109741, 0.34087055921554565, 0
u,0.5237405896186829, 0.3387598991394043, 0
u,0.5467942953109741, 0.34087055921554565, 0
u,0.5390282869338989, 0.3426437973976135, 0
u,0.5267872214317322, 0.34107011556625366, 0
u,0.5237405896186829, 0.3387598991394043, 0
u,0.5390282869338989, 0.3426437973976135, 0
u,0.5320403575897217, 0.34276825189590454, 0
u,0.5267872214317322, 0.34107011556625366, 0
u,0.5390282869338989, 0.3426437973976135, 0
u,0.6371588706970215, 0.7997471392154694, 0
u,0.6371581554412842, 0.8037620931863785, 0
u,0.5834190845489502, 0.802189514040947, 0
u,0.588456392288208, 0.16629594564437866, 0
u,0.5736044049263, 0.16630041599273682, 0
u,0.5868275165557861, 0.11255699396133423, 0
u,0.29172250628471375, 0.3018742799758911, 0
u,0.29172247648239136, 0.32629501819610596, 0
u,0.23798316717147827, 0.31339097023010254, 0
u,0.29172220826148987, 0.3331497311592102, 0
u,0.29172182083129883, 0.335929811000824, 0
u,0.23798257112503052, 0.33531367778778076, 0
u,0.7239016890525818, 0.3275163173675537, 0
u,0.723901629447937, 0.3202793002128601, 0
u,0.7776411175727844, 0.3274010419845581, 0
u,0.6371597647666931, 0.7862560451030731, 0
u,0.6371594667434692, 0.7937241941690445, 0
u,0.5834202766418457, 0.7902732640504837, 0
u,0.2917216420173645, 0.1945529580116272, 0
u,0.29172128438949585, 0.20270365476608276, 0
u,0.23798198997974396, 0.19893884658813477, 0
u,0.29172247648239136, 0.32629501819610596, 0
u,0.29172220826148987, 0.3331497311592102, 0
u,0.23798303306102753, 0.32949137687683105, 0
u,0.6371581554412842, 0.8037620931863785, 0
u,0.6371568441390991, 0.8076584041118622, 0
u,0.5834179520606995, 0.8064494878053665, 0
u,0.29172247648239136, 0.1883353590965271, 0
u,0.2917216420173645, 0.1945529580116272, 0
u,0.23798252642154694, 0.1918931007385254, 0
u,0.5834205150604248, 0.7728299200534821, 0
u,0.6371589303016663, 0.7481150329113007, 0
u,0.6371598839759827, 0.7733388394117355, 0
u,0.6371581554412842, 0.8037620931863785, 0
u,0.5834179520606995, 0.8064494878053665, 0
u,0.5834190845489502, 0.802189514040947, 0
u,0.29172247648239136, 0.1883353590965271, 0
u,0.23798252642154694, 0.1918931007385254, 0
u,0.23798345029354095, 0.18691545724868774, 0
u,0.5092340111732483, 0.019734740257263184, 0
u,0.5143566727638245, 0.07345515489578247, 0
u,0.5090346932411194, 0.07347530126571655, 0
u,0.23798193037509918, 0.23680299520492554, 0
u,0.2917211651802063, 0.21540147066116333, 0
u,0.2917213439941406, 0.2384624481201172, 0
u,0.7776411175727844, 0.18675845861434937, 0
u,0.7239017486572266, 0.18870067596435547, 0
u,0.7239017486572266, 0.1866489052772522, 0
u,0.9762714505195618, 0.2232896089553833, 0
u,0.9855983853340149, 0.2770288586616516, 0
u,0.9762714505195618, 0.27702897787094116, 0
u,0.2917216420173645, 0.1945529580116272, 0
u,0.23798198997974396, 0.19893884658813477, 0
u,0.23798252642154694, 0.1918931007385254, 0
u,0.7776411771774292, 0.19482332468032837, 0
u,0.7239017486572266, 0.21278411149978638, 0
u,0.7239017486572266, 0.1941695213317871, 0
u,0.7776411771774292, 0.21411848068237305, 0
u,0.7239015698432922, 0.29110342264175415, 0
u,0.7239017486572266, 0.21278411149978638, 0
u,0.7776409983634949, 0.2921598553657532, 0
u,0.7239015698432922, 0.30821263790130615, 0
u,0.7239015698432922, 0.29110342264175415, 0
u,0.977777361869812, 0.4156529903411865, 0
u,0.9843437075614929, 0.469357967376709, 0
u,0.9775587916374207, 0.469394326210022, 0
u,0.29172247648239136, 0.32629501819610596, 0
u,0.23798303306102753, 0.32949137687683105, 0
u,0.23798316717147827, 0.31339097023010254, 0
u,0.9659674763679504, 0.4157152771949768, 0
u,0.9710084795951843, 0.46942901611328125, 0
u,0.9659157395362854, 0.46945565938949585, 0
u,0.6477593183517456, 0.020353615283966064, 0
u,0.6513093113899231, 0.07408016920089722, 0
u,0.6476870179176331, 0.07409363985061646, 0
u,0.4781848192214966, 0.0737794041633606, 0
u,0.48378902673721313, 0.12749165296554565, 0
u,0.478109747171402, 0.12751984596252441, 0
u,0.6380710005760193, 0.02039092779159546, 0
u,0.6432180404663086, 0.07411068677902222, 0
u,0.6378790736198425, 0.07413148880004883, 0
u,0.49082472920417786, 0.07371658086776733, 0
u,0.4984993636608124, 0.12741845846176147, 0
u,0.49056655168533325, 0.12745791673660278, 0
u,0.6220855712890625, 0.020454466342926025, 0
u,0.6301721930503845, 0.07416194677352905, 0
u,0.6217767596244812, 0.07419556379318237, 0
u,0.506595253944397, 0.07363802194595337, 0
u,0.5113901495933533, 0.12735414505004883, 0
u,0.5065010190010071, 0.12737858295440674, 0
u,0.4781097173690796, 0.01985347270965576, 0
u,0.4816213846206665, 0.07357978820800781, 0
u,0.4781097173690796, 0.07359325885772705, 0
u,0.48608577251434326, 0.019822895526885986, 0
u,0.49110740423202515, 0.07354354858398438, 0
u,0.4859507977962494, 0.07356321811676025, 0
u,0.49804121255874634, 0.019777297973632812, 0
u,0.5037115216255188, 0.07349550724029541, 0
u,0.4977462589740753, 0.07351821660995483, 0
u,0.6045949459075928, 0.11255156993865967, 0
u,0.588456392288208, 0.16629594564437866, 0
u,0.5868275165557861, 0.11255699396133423, 0
u,0.23798289895057678, 0.2894722819328308, 0
u,0.2917213439941406, 0.2384624481201172, 0
u,0.29172250628471375, 0.3018742799758911, 0
u,0.9476528763771057, 0.7321555614471436, 0
u,0.970665454864502, 0.7858888655900955, 0
u,0.9476528763771057, 0.785894975066185, 0
u,0.9783074855804443, 0.7321477234363556, 0
u,0.9812574982643127, 0.7858867943286896, 0
u,0.9780519008636475, 0.7858871668577194, 0
u,0.23798176646232605, 0.21420973539352417, 0
u,0.29172128438949585, 0.20270365476608276, 0
u,0.2917211651802063, 0.21540147066116333, 0
u,0.723901629447937, 0.3202793002128601, 0
u,0.7776409983634949, 0.3198978900909424, 0
u,0.7776411175727844, 0.3274010419845581, 0
u,0.6096335649490356, 0.11254996061325073, 0
u,0.6116437315940857, 0.16628867387771606, 0
u,0.6094813942909241, 0.16628938913345337, 0
u,0.7776411771774292, 0.18888860940933228, 0
u,0.7239017486572266, 0.1941695213317871, 0
u,0.7239017486572266, 0.18870067596435547, 0
u,0.7776409983634949, 0.30893683433532715, 0
u,0.723901629447937, 0.3202793002128601, 0
u,0.7239015698432922, 0.30821263790130615, 0
u,0.5834196209907532, 0.7985763251781464, 0
u,0.6371594667434692, 0.7937241941690445, 0
u,0.6371588706970215, 0.7997471392154694, 0
u,0.5834205150604248, 0.7728299200534821, 0
u,0.6371597647666931, 0.7862560451030731, 0
u,0.5834202766418457, 0.7902732640504837, 0
u,0.7776411175727844, 0.3274010419845581, 0
u,0.7239017486572266, 0.3306230306625366, 0
u,0.7239016890525818, 0.3275163173675537, 0
u,0.5736044049263, 0.16630041599273682, 0
u,0.5736044049263, 0.11256104707717896, 0
u,0.5868275165557861, 0.11255699396133423, 0
u,0.05373963341116905, 0.11647218465805054, 0
u,2.494107036454807e-07, 0.12351679801940918, 0
u,2.3337969423664617e-07, 0.11630403995513916, 0
u,0.05373949557542801, 0.10413175821304321, 0
u,1.7650900474563969e-07, 0.10923361778259277, 0
u,8.648314064885199e-08, 0.10387438535690308, 0
u,0.053739581257104874, 0.10954225063323975, 0
u,2.3337969423664617e-07, 0.11630403995513916, 0
u,1.7650900474563969e-07, 0.10923361778259277, 0
u,0.971113920211792, 0.41568827629089355, 0
u,0.9775587916374207, 0.469394326210022, 0
u,0.9710084795951843, 0.46942901611328125, 0
u,0.9615795612335205, 0.41573792695999146, 0
u,0.9659157395362854, 0.46945565938949585, 0
u,0.9615795612335205, 0.4694780111312866, 0
u,0.9845103025436401, 0.41561686992645264, 0
u,0.9902806282043457, 0.4693257212638855, 0
u,0.9843437075614929, 0.469357967376709, 0
u,0.6433519721031189, 0.020370423793792725, 0
u,0.6476870179176331, 0.07409363985061646, 0
u,0.6432180404663086, 0.07411068677902222, 0
u,0.6371588706970215, 0.7997471392154694, 0
u,0.5834190845489502, 0.802189514040947, 0
u,0.5834196209907532, 0.7985763251781464, 0
u,0.4839615821838379, 0.07375073432922363, 0
u,0.49056655168533325, 0.12745791673660278, 0
u,0.48378902673721313, 0.12749165296554565, 0
u,0.6305242776870728, 0.020420730113983154, 0
u,0.6378790736198425, 0.07413148880004883, 0
u,0.6301721930503845, 0.07416194677352905, 0
u,0.4988357126712799, 0.0736767053604126, 0
u,0.5065010190010071, 0.12737858295440674, 0
u,0.4984993636608124, 0.12741845846176147, 0
u,0.5114441514015198, 0.07361382246017456, 0
u,0.515558660030365, 0.12733334302902222, 0
u,0.5113901495933533, 0.12735414505004883, 0
u,0.4816957712173462, 0.019839704036712646, 0
u,0.4859507977962494, 0.07356321811676025, 0
u,0.4816213846206665, 0.07357978820800781, 0
u,0.4912993907928467, 0.019802987575531006, 0
u,0.4977462589740753, 0.07351821660995483, 0
u,0.49110740423202515, 0.07354354858398438, 0
u,0.053739629685878754, 0.13688009977340698, 0
u,4.29074642482874e-09, 0.18145006895065308, 0
u,2.3113543079489318e-07, 0.13565337657928467, 0
u,0.5834194421768188, 0.7463788092136383, 0
u,0.6371573805809021, 0.7183313071727753, 0
u,0.6371589303016663, 0.7481150329113007, 0
u,0.29172220826148987, 0.3331497311592102, 0
u,0.23798257112503052, 0.33531367778778076, 0
u,0.23798303306102753, 0.32949137687683105, 0
u,0.053739406168460846, 0.10084515810012817, 0
u,8.648314064885199e-08, 0.10387438535690308, 0
u,6.296962951068963e-10, 0.100638747215271, 0
u,0.9713143706321716, 0.7321493029594421, 0
u,0.9780519008636475, 0.7858871668577194, 0
u,0.970665454864502, 0.7858888655900955, 0
u,0.9814394116401672, 0.7321473956108093, 0
u,0.9833573698997498, 0.7858868837356567, 0
u,0.9812574982643127, 0.7858867943286896, 0
u,0.6147952079772949, 0.020484209060668945, 0
u,0.6217767596244812, 0.07419556379318237, 0
u,0.6145781874656677, 0.07422494888305664, 0
u,0.5039130449295044, 0.01975494623184204, 0
u,0.5090346932411194, 0.07347530126571655, 0
u,0.5037115216255188, 0.07349550724029541, 0
u,0.6045949459075928, 0.11255156993865967, 0
u,0.6094813942909241, 0.16628938913345337, 0
u,0.604340136051178, 0.16629105806350708, 0
u,0.17153562605381012, 0.0141829252243042, 0
u,0.1623138189315796, 0.067920982837677, 0
u,0.1623138189315796, 0.01418161392211914, 0
u,0.29172250628471375, 0.3018742799758911, 0
u,0.23798316717147827, 0.31339097023010254, 0
u,0.23798289895057678, 0.2894722819328308, 0
u,0.053739652037620544, 0.12399011850357056, 0
u,0.053739629685878754, 0.13688009977340698, 0
u,2.3113543079489318e-07, 0.13565337657928467, 0
u,0.5834205150604248, 0.7728299200534821, 0
u,0.5834194421768188, 0.7463788092136383, 0
u,0.6371589303016663, 0.7481150329113007, 0
u,0.5092340111732483, 0.019734740257263184, 0
u,0.5144933462142944, 0.019714832305908203, 0
u,0.5143566727638245, 0.07345515489578247, 0
u,0.23798193037509918, 0.23680299520492554, 0
u,0.23798176646232605, 0.21420973539352417, 0
u,0.2917211651802063, 0.21540147066116333, 0
u,0.7776411175727844, 0.18675845861434937, 0
u,0.7776411771774292, 0.18888860940933228, 0
u,0.7239017486572266, 0.18870067596435547, 0
u,0.9762714505195618, 0.2232896089553833, 0
u,0.9856473803520203, 0.22328948974609375, 0
u,0.9855983853340149, 0.2770288586616516, 0
u,0.7776411771774292, 0.19482332468032837, 0
u,0.7776411771774292, 0.21411848068237305, 0
u,0.7239017486572266, 0.21278411149978638, 0
u,0.7776411771774292, 0.21411848068237305, 0
u,0.7776409983634949, 0.2921598553657532, 0
u,0.7239015698432922, 0.29110342264175415, 0
u,0.7776409983634949, 0.2921598553657532, 0
u,0.7776409983634949, 0.30893683433532715, 0
u,0.7239015698432922, 0.30821263790130615, 0
u,0.977777361869812, 0.4156529903411865, 0
u,0.9845103025436401, 0.41561686992645264, 0
u,0.9843437075614929, 0.469357967376709, 0
u,0.9659674763679504, 0.4157152771949768, 0
u,0.971113920211792, 0.41568827629089355, 0
u,0.9710084795951843, 0.46942901611328125, 0
u,0.6477593183517456, 0.020353615283966064, 0
u,0.6513093113899231, 0.020340442657470703, 0
u,0.6513093113899231, 0.07408016920089722, 0
u,0.4781848192214966, 0.0737794041633606, 0
u,0.4839615821838379, 0.07375073432922363, 0
u,0.48378902673721313, 0.12749165296554565, 0
u,0.6380710005760193, 0.02039092779159546, 0
u,0.6433519721031189, 0.020370423793792725, 0
u,0.6432180404663086, 0.07411068677902222, 0
u,0.49082472920417786, 0.07371658086776733, 0
u,0.4988357126712799, 0.0736767053604126, 0
u,0.4984993636608124, 0.12741845846176147, 0
u,0.6220855712890625, 0.020454466342926025, 0
u,0.6305242776870728, 0.020420730113983154, 0
u,0.6301721930503845, 0.07416194677352905, 0
u,0.506595253944397, 0.07363802194595337, 0
u,0.5114441514015198, 0.07361382246017456, 0
u,0.5113901495933533, 0.12735414505004883, 0
u,0.4781097173690796, 0.01985347270965576, 0
u,0.4816957712173462, 0.019839704036712646, 0
u,0.4816213846206665, 0.07357978820800781, 0
u,0.48608577251434326, 0.019822895526885986, 0
u,0.4912993907928467, 0.019802987575531006, 0
u,0.49110740423202515, 0.07354354858398438, 0
u,0.49804121255874634, 0.019777297973632812, 0
u,0.5039130449295044, 0.01975494623184204, 0
u,0.5037115216255188, 0.07349550724029541, 0
u,0.6045949459075928, 0.11255156993865967, 0
u,0.604340136051178, 0.16629105806350708, 0
u,0.588456392288208, 0.16629594564437866, 0
u,0.23798289895057678, 0.2894722819328308, 0
u,0.23798193037509918, 0.23680299520492554, 0
u,0.2917213439941406, 0.2384624481201172, 0
u,0.9476528763771057, 0.7321555614471436, 0
u,0.9713143706321716, 0.7321493029594421, 0
u,0.970665454864502, 0.7858888655900955, 0
u,0.9783074855804443, 0.7321477234363556, 0
u,0.9814394116401672, 0.7321473956108093, 0
u,0.9812574982643127, 0.7858867943286896, 0
u,0.23798176646232605, 0.21420973539352417, 0
u,0.23798198997974396, 0.19893884658813477, 0
u,0.29172128438949585, 0.20270365476608276, 0
u,0.6096335649490356, 0.11254996061325073, 0
u,0.6117165088653564, 0.11254924535751343, 0
u,0.6116437315940857, 0.16628867387771606, 0
u,0.7776411771774292, 0.18888860940933228, 0
u,0.7776411771774292, 0.19482332468032837, 0
u,0.7239017486572266, 0.1941695213317871, 0
u,0.7776409983634949, 0.30893683433532715, 0
u,0.7776409983634949, 0.3198978900909424, 0
u,0.723901629447937, 0.3202793002128601, 0
u,0.5834196209907532, 0.7985763251781464, 0
u,0.5834202766418457, 0.7902732640504837, 0
u,0.6371594667434692, 0.7937241941690445, 0
u,0.5834205150604248, 0.7728299200534821, 0
u,0.6371598839759827, 0.7733388394117355, 0
u,0.6371597647666931, 0.7862560451030731, 0
u,0.7776411175727844, 0.3274010419845581, 0
u,0.7776411771774292, 0.33077341318130493, 0
u,0.7239017486572266, 0.3306230306625366, 0
u,0.05373963341116905, 0.11647218465805054, 0
u,0.053739652037620544, 0.12399011850357056, 0
u,2.494107036454807e-07, 0.12351679801940918, 0
u,0.05373949557542801, 0.10413175821304321, 0
u,0.053739581257104874, 0.10954225063323975, 0
u,1.7650900474563969e-07, 0.10923361778259277, 0
u,0.053739581257104874, 0.10954225063323975, 0
u,0.05373963341116905, 0.11647218465805054, 0
u,2.3337969423664617e-07, 0.11630403995513916, 0
u,0.971113920211792, 0.41568827629089355, 0
u,0.977777361869812, 0.4156529903411865, 0
u,0.9775587916374207, 0.469394326210022, 0
u,0.9615795612335205, 0.41573792695999146, 0
u,0.9659674763679504, 0.4157152771949768, 0
u,0.9659157395362854, 0.46945565938949585, 0
u,0.9845103025436401, 0.41561686992645264, 0
u,0.9903849959373474, 0.415584921836853, 0
u,0.9902806282043457, 0.4693257212638855, 0
u,0.6433519721031189, 0.020370423793792725, 0
u,0.6477593183517456, 0.020353615283966064, 0
u,0.6476870179176331, 0.07409363985061646, 0
u,0.4839615821838379, 0.07375073432922363, 0
u,0.49082472920417786, 0.07371658086776733, 0
u,0.49056655168533325, 0.12745791673660278, 0
u,0.6305242776870728, 0.020420730113983154, 0
u,0.6380710005760193, 0.02039092779159546, 0
u,0.6378790736198425, 0.07413148880004883, 0
u,0.4988357126712799, 0.0736767053604126, 0
u,0.506595253944397, 0.07363802194595337, 0
u,0.5065010190010071, 0.12737858295440674, 0
u,0.5114441514015198, 0.07361382246017456, 0
u,0.515558660030365, 0.07359325885772705, 0
u,0.515558660030365, 0.12733334302902222, 0
u,0.4816957712173462, 0.019839704036712646, 0
u,0.48608577251434326, 0.019822895526885986, 0
u,0.4859507977962494, 0.07356321811676025, 0
u,0.4912993907928467, 0.019802987575531006, 0
u,0.49804121255874634, 0.019777297973632812, 0
u,0.4977462589740753, 0.07351821660995483, 0
u,0.053739629685878754, 0.13688009977340698, 0
u,0.053739406168460846, 0.18144947290420532, 0
u,4.29074642482874e-09, 0.18145006895065308, 0
u,0.5834194421768188, 0.7463788092136383, 0
u,0.5834179520606995, 0.7183252274990082, 0
u,0.6371573805809021, 0.7183313071727753, 0
u,0.053739406168460846, 0.10084515810012817, 0
u,0.05373949557542801, 0.10413175821304321, 0
u,8.648314064885199e-08, 0.10387438535690308, 0
u,0.9713143706321716, 0.7321493029594421, 0
u,0.9783074855804443, 0.7321477234363556, 0
u,0.9780519008636475, 0.7858871668577194, 0
u,0.9814394116401672, 0.7321473956108093, 0
u,0.9838380813598633, 0.7321475744247437, 0
u,0.9833573698997498, 0.7858868837356567, 0
u,0.6147952079772949, 0.020484209060668945, 0
u,0.6220855712890625, 0.020454466342926025, 0
u,0.6217767596244812, 0.07419556379318237, 0
u,0.5039130449295044, 0.01975494623184204, 0
u,0.5092340111732483, 0.019734740257263184, 0
u,0.5090346932411194, 0.07347530126571655, 0
u,0.6045949459075928, 0.11255156993865967, 0
u,0.6096335649490356, 0.11254996061325073, 0
u,0.6094813942909241, 0.16628938913345337, 0
u,0.17153562605381012, 0.0141829252243042, 0
u,0.17157338559627533, 0.06792229413986206, 0
u,0.1623138189315796, 0.067920982837677, 0
