v,-0.0015576332807540894, 0.013652740977704525, 0.0025421821046620607
v,-0.0012349032331258059, 0.013093755580484867, 0.002595736412331462
v,-0.001349582220427692, 0.013292386196553707, 0.002635729731991887
v,0.00033130429801531136, 0.010381004773080349, 0.0025556229520589113
v,0.0007240162813104689, 0.009700807742774487, 0.0026258656289428473
v,0.0005150113138370216, 0.010062814690172672, 0.002622522646561265
v,0.00033130429801531136, 0.010381004773080349, 0.0025556229520589113
v,0.0009252548334188759, 0.009352251887321472, 0.0025403278414160013
v,0.0007240162813104689, 0.009700807742774487, 0.0026258656289428473
v,-0.0015576332807540894, 0.013652740977704525, 0.0025421821046620607
v,-0.0011398573406040668, 0.012929131276905537, 0.002471516141667962
v,-0.0012349032331258059, 0.013093755580484867, 0.002595736412331462
v,0.00013941542420070618, 0.010713365860283375, 0.0024019728880375624
v,0.0009252548334188759, 0.009352251887321472, 0.0025403278414160013
v,0.00033130429801531136, 0.010381004773080349, 0.0025556229520589113
v,-0.0019290915224701166, 0.014296125620603561, 0.0021938171703368425
v,-0.0011398573406040668, 0.012929131276905537, 0.002471516141667962
v,-0.0015576332807540894, 0.013652740977704525, 0.0025421821046620607
v,-0.0019290915224701166, 0.014296125620603561, 0.0021938171703368425
v,-0.0010757709387689829, 0.012818130664527416, 0.002286709612235427
v,-0.0011398573406040668, 0.012929131276905537, 0.002471516141667962
v,0.00013941542420070618, 0.010713365860283375, 0.0024019728880375624
v,0.0007826500223018229, 0.009599250741302967, 0.0014415361220017076
v,0.0009252548334188759, 0.009352251887321472, 0.0025403278414160013
v,-0.0001158348168246448, 0.01115547213703394, 0.002004565903916955
v,0.0007826500223018229, 0.009599250741302967, 0.0014415361220017076
v,0.00013941542420070618, 0.010713365860283375, 0.0024019728880375624
v,-0.0019290915224701166, 0.014296125620603561, 0.0021938171703368425
v,-0.001035901135765016, 0.012749074026942253, 0.0020153590012341738
v,-0.0010757709387689829, 0.012818130664527416, 0.002286709612235427
v,-0.0019290915224701166, 0.014296125620603561, 0.0021938171703368425
v,-0.0010452012065798044, 0.012765182182192802, 0.0015476677799597383
v,-0.001035901135765016, 0.012749074026942253, 0.0020153590012341738
v,-0.002677363343536854, 0.01559216994792223, 0.0012005126336589456
v,-0.0010452012065798044, 0.012765182182192802, 0.0015476677799597383
v,-0.0019290915224701166, 0.014296125620603561, 0.0021938171703368425
v,-0.0004293402598705143, 0.011698479764163494, 0.0012562229530885816
v,0.0007826500223018229, 0.009599250741302967, 0.0014415361220017076
v,-0.0001158348168246448, 0.01115547213703394, 0.002004565903916955
v,-0.002677363343536854, 0.01559216994792223, 0.0012005126336589456
v,-0.0011864532716572285, 0.013009837828576565, 0.00012385511945467442
v,-0.0010452012065798044, 0.012765182182192802, 0.0015476677799597383
v,-0.0007394822896458209, 0.012235661968588829, 0.00034377904376015067
v,0.0007826500223018229, 0.009599250741302967, 0.0014415361220017076
v,-0.0004293402598705143, 0.011698479764163494, 0.0012562229530885816
v,-0.0007394822896458209, 0.012235661968588829, 0.00034377904376015067
v,0.0006985664367675781, 0.009744888171553612, 0.00020710557873826474
v,0.0007826500223018229, 0.009599250741302967, 0.0014415361220017076
v,-0.002677363343536854, 0.01559216994792223, 0.0012005126336589456
v,-0.002417104784399271, 0.015141389332711697, 0.0005927096935920417
v,-0.0011864532716572285, 0.013009837828576565, 0.00012385511945467442
v,-0.0023382005747407675, 0.015004723332822323, 0.0005519168335013092
v,-0.0011864532716572285, 0.013009837828576565, 0.00012385511945467442
v,-0.002417104784399271, 0.015141389332711697, 0.0005927096935920417
v,-0.0033378275111317635, 0.01673612743616104, 0.00018405744049232453
v,-0.002417104784399271, 0.015141389332711697, 0.0005927096935920417
v,-0.002677363343536854, 0.01559216994792223, 0.0012005126336589456
v,-0.0033378275111317635, 0.01673612743616104, 0.00018405744049232453
v,-0.0026374890003353357, 0.015523106791079044, 0.0004125397535972297
v,-0.002417104784399271, 0.015141389332711697, 0.0005927096935920417
v,-0.002295074984431267, 0.014930027537047863, 0.00042136170668527484
v,-0.0011864532716572285, 0.013009837828576565, 0.00012385511945467442
v,-0.0023382005747407675, 0.015004723332822323, 0.0005519168335013092
v,-0.002275834558531642, 0.014896702021360397, 6.254313484532759e-05
v,-0.0011864532716572285, 0.013009837828576565, 0.00012385511945467442
v,-0.002295074984431267, 0.014930027537047863, 0.00042136170668527484
v,-0.0033378275111317635, 0.01673612743616104, 0.00018405744049232453
v,-0.00289798341691494, 0.015974296256899834, 8.45898684929125e-05
v,-0.0026374890003353357, 0.015523106791079044, 0.0004125397535972297
v,-0.0032116062939167023, 0.016517506912350655, -0.0003928968799300492
v,-0.00289798341691494, 0.015974296256899834, 8.45898684929125e-05
v,-0.0033378275111317635, 0.01673612743616104, 0.00018405744049232453
v,-4.667402754421346e-05, 0.011035682633519173, -8.226006320910528e-05
v,0.0006985664367675781, 0.009744888171553612, 0.00020710557873826474
v,-0.0007394822896458209, 0.012235661968588829, 0.00034377904376015067
v,0.00023590611817780882, 0.010546239092946053, -0.00015906112093944103
v,0.0006985664367675781, 0.009744888171553612, 0.00020710557873826474
v,-4.667402754421346e-05, 0.011035682633519173, -8.226006320910528e-05
v,-0.0007394822896458209, 0.012235661968588829, 0.00034377904376015067
v,-0.00035725979250855744, 0.011573633179068565, -0.0002681727637536824
v,-4.667402754421346e-05, 0.011035682633519173, -8.226006320910528e-05
v,0.00023590611817780882, 0.010546239092946053, -0.00015906112093944103
v,0.0006823023431934416, 0.009773057885468006, -0.000398570264223963
v,0.0006985664367675781, 0.009744888171553612, 0.00020710557873826474
v,-0.0011411126470193267, 0.012931305915117264, -0.0011014193296432495
v,-0.00035725979250855744, 0.011573633179068565, -0.0002681727637536824
v,-0.0007394822896458209, 0.012235661968588829, 0.00034377904376015067
v,0.00044301655725575984, 0.010187513194978237, -0.00036257837200537324
v,0.0006823023431934416, 0.009773057885468006, -0.000398570264223963
v,0.00023590611817780882, 0.010546239092946053, -0.00015906112093944103
v,-0.0023134786169975996, 0.014961903914809227, -0.0008467499283142388
v,-0.0011864532716572285, 0.013009837828576565, 0.00012385511945467442
v,-0.002275834558531642, 0.014896702021360397, 6.254313484532759e-05
v,0.00044301655725575984, 0.010187513194978237, -0.00036257837200537324
v,0.0005604802281595767, 0.009984060190618038, -0.0005468757008202374
v,0.0006823023431934416, 0.009773057885468006, -0.000398570264223963
v,-0.0011411126470193267, 0.012931305915117264, -0.0011014193296432495
v,-0.000643656007014215, 0.012069686315953732, -0.0007330037769861519
v,-0.00035725979250855744, 0.011573633179068565, -0.0002681727637536824
v,-0.0011411126470193267, 0.012931305915117264, -0.0011014193296432495
v,-0.0009017568663693964, 0.012516729533672333, -0.0014504229184240103
v,-0.000643656007014215, 0.012069686315953732, -0.0007330037769861519
v,-0.0023134786169975996, 0.014961903914809227, -0.0008467499283142388
v,-0.0014898559311404824, 0.013535347767174244, -0.0023265257477760315
v,-0.0011864532716572285, 0.013009837828576565, 0.00012385511945467442
v,-0.0024278683122247458, 0.01516003254801035, -0.002331244759261608
v,-0.0014898559311404824, 0.013535347767174244, -0.0023265257477760315
v,-0.0023134786169975996, 0.014961903914809227, -0.0008467499283142388
v,-0.0011411126470193267, 0.012931305915117264, -0.0011014193296432495
v,-0.0011476613581180573, 0.012942648492753506, -0.0023904722183942795
v,-0.0009017568663693964, 0.012516729533672333, -0.0014504229184240103
v,-0.0014204535400494933, 0.0134151391685009, -0.0023265378549695015
v,-0.0011476613581180573, 0.012942648492753506, -0.0023904722183942795
v,-0.0011411126470193267, 0.012931305915117264, -0.0011014193296432495
v,-0.0024278683122247458, 0.01516003254801035, -0.002331244759261608
v,-0.0014204535400494933, 0.0134151391685009, -0.0023265378549695015
v,-0.0014898559311404824, 0.013535347767174244, -0.0023265257477760315
v,-0.0024278683122247458, 0.01516003254801035, -0.002331244759261608
v,-0.0011476613581180573, 0.012942648492753506, -0.0023904722183942795
v,-0.0014204535400494933, 0.0134151391685009, -0.0023265378549695015
v,-0.0024278683122247458, 0.01516003254801035, -0.002331244759261608
v,-0.0014234386617317796, 0.013420309871435165, -0.0037832933012396097
v,-0.0011476613581180573, 0.012942648492753506, -0.0023904722183942795
v,-0.0025876315776258707, 0.015436750836670399, -0.0038686280604451895
v,-0.0014234386617317796, 0.013420309871435165, -0.0037832933012396097
v,-0.0024278683122247458, 0.01516003254801035, -0.002331244759261608
v,-0.0025876315776258707, 0.015436750836670399, -0.0038686280604451895
v,-0.0017081469995900989, 0.013913439586758614, -0.0059923748485744
v,-0.0014234386617317796, 0.013420309871435165, -0.0037832933012396097
v,-0.0028962038923054934, 0.015971213579177856, -0.0062301321886479855
v,-0.0017081469995900989, 0.013913439586758614, -0.0059923748485744
v,-0.0025876315776258707, 0.015436750836670399, -0.0038686280604451895
v,-0.0028962038923054934, 0.015971213579177856, -0.0062301321886479855
v,-0.0018335890490561724, 0.014130711555480957, -0.0075278133153915405
v,-0.0017081469995900989, 0.013913439586758614, -0.0059923748485744
v,-0.0031150721479207277, 0.01635030470788479, -0.00770849734544754
v,-0.0018335890490561724, 0.014130711555480957, -0.0075278133153915405
v,-0.0028962038923054934, 0.015971213579177856, -0.0062301321886479855
v,-0.0031150721479207277, 0.01635030470788479, -0.00770849734544754
v,-0.0023497873917222023, 0.015024793334305286, -0.007667184341698885
v,-0.0018335890490561724, 0.014130711555480957, -0.0075278133153915405
v,-0.003000485012307763, 0.016151834279298782, -0.007947542704641819
v,-0.0023497873917222023, 0.015024793334305286, -0.007667184341698885
v,-0.0031150721479207277, 0.01635030470788479, -0.00770849734544754
v,0.0011004918487742543, 0.015231093391776085, 0.0025286406744271517
v,0.0013152249157428741, 0.01485916506499052, 0.0026360133197158575
v,0.0014364809030666947, 0.014649143442511559, 0.00260002794675529
v,0.0029960351530462503, 0.011947915889322758, 0.0025485658552497625
v,0.0031784193124622107, 0.011632016859948635, 0.0026197817642241716
v,0.0033927320037037134, 0.01126081682741642, 0.0026274581905454397
v,0.0029960351530462503, 0.011947915889322758, 0.0025485658552497625
v,0.0033927320037037134, 0.01126081682741642, 0.0026274581905454397
v,0.0036027035675942898, 0.010897135362029076, 0.0025407837238162756
v,0.0011004918487742543, 0.015231093391776085, 0.0025286406744271517
v,0.0014364809030666947, 0.014649143442511559, 0.00260002794675529
v,0.0015320280799642205, 0.014483650214970112, 0.0024814552161842585
v,0.00278221326880157, 0.012318265624344349, 0.002365345833823085
v,0.0029960351530462503, 0.011947915889322758, 0.0025485658552497625
v,0.0036027035675942898, 0.010897135362029076, 0.0025407837238162756
v,0.0007050636922940612, 0.015915995463728905, 0.0021442740689963102
v,0.0011004918487742543, 0.015231093391776085, 0.0025286406744271517
v,0.0015320280799642205, 0.014483650214970112, 0.0024814552161842585
v,0.0007050636922940612, 0.015915995463728905, 0.0021442740689963102
v,0.0015320280799642205, 0.014483650214970112, 0.0024814552161842585
v,0.001618423149921, 0.01433400996029377, 0.002219738671556115
v,0.00278221326880157, 0.012318265624344349, 0.002365345833823085
v,0.0036027035675942898, 0.010897135362029076, 0.0025407837238162756
v,0.0034672156907618046, 0.01113180723041296, 0.0015161865158006549
v,0.002537930617108941, 0.012741375714540482, 0.0019502456998452544
v,0.00278221326880157, 0.012318265624344349, 0.002365345833823085
v,0.0034672156907618046, 0.01113180723041296, 0.0015161865158006549
v,0.0007050636922940612, 0.015915995463728905, 0.0021442740689963102
v,0.001618423149921, 0.01433400996029377, 0.002219738671556115
v,0.0016451963456347585, 0.014287637546658516, 0.0018271970329806209
v,-6.095799835748039e-05, 0.017242783680558205, 0.0011116581736132503
v,0.0007050636922940612, 0.015915995463728905, 0.0021442740689963102
v,0.0016451963456347585, 0.014287637546658516, 0.0018271970329806209
v,0.0022942256182432175, 0.013163485564291477, 0.0013794064288958907
v,0.002537930617108941, 0.012741375714540482, 0.0019502456998452544
v,0.0034672156907618046, 0.01113180723041296, 0.0015161865158006549
v,-6.095799835748039e-05, 0.017242783680558205, 0.0011116581736132503
v,0.0016451963456347585, 0.014287637546658516, 0.0018271970329806209
v,0.0016000671312212944, 0.014365803450345993, 0.0011702025076374412
v,0.0019497275352478027, 0.013760174624621868, 0.0003867487539537251
v,0.0022942256182432175, 0.013163485564291477, 0.0013794064288958907
v,0.0034672156907618046, 0.01113180723041296, 0.0015161865158006549
v,0.0019497275352478027, 0.013760174624621868, 0.0003867487539537251
v,0.0034672156907618046, 0.01113180723041296, 0.0015161865158006549
v,0.0033787384163588285, 0.011285054497420788, 0.00027847575256600976
v,-6.095799835748039e-05, 0.017242783680558205, 0.0011116581736132503
v,0.0016000671312212944, 0.014365803450345993, 0.0011702025076374412
v,0.0003019346622750163, 0.016614235937595367, 0.0005903556593693793
v,0.0003019346622750163, 0.016614235937595367, 0.0005903556593693793
v,0.0016000671312212944, 0.014365803450345993, 0.0011702025076374412
v,0.0014466230059042573, 0.014631576836109161, -0.00023914936173241585
v,-6.095799835748039e-05, 0.017242783680558205, 0.0011116581736132503
v,0.0003019346622750163, 0.016614235937595367, 0.0005903556593693793
v,0.00012027972843497992, 0.016928870230913162, 0.0004995249328203499
v,-0.0006607869872823358, 0.018281718716025352, 0.00018405758601147681
v,-6.095799835748039e-05, 0.017242783680558205, 0.0011116581736132503
v,0.00012027972843497992, 0.016928870230913162, 0.0004995249328203499
v,0.00037456629797816277, 0.01648843288421631, 0.000466810364741832
v,0.0003019346622750163, 0.016614235937595367, 0.0005903556593693793
v,0.0014466230059042573, 0.014631576836109161, -0.00023914936173241585
v,0.0003602203796617687, 0.0165132824331522, -0.0009011449874378741
v,-0.0024278683122247458, 0.01516003254801035, -0.002331244759261608
v,-0.0023134786169975996, 0.014961903914809227, -0.0008467499283142388
v,0.0004017590545117855, 0.016441334038972855, 7.75766748120077e-05
v,0.00037456629797816277, 0.01648843288421631, 0.000466810364741832
v,0.0014466230059042573, 0.014631576836109161, -0.00023914936173241585
v,-0.0006607869872823358, 0.018281718716025352, 0.00018405758601147681
v,0.00012027972843497992, 0.016928870230913162, 0.0004995249328203499
v,-0.00029820934287272394, 0.01765371486544609, -2.1146543076611124e-05
v,-0.000533668149728328, 0.018061542883515358, -0.0003985701478086412
v,-0.0006607869872823358, 0.018281718716025352, 0.00018405758601147681
v,-0.00029820934287272394, 0.01765371486544609, -2.1146543076611124e-05
v,0.0025984449312090874, 0.012636562809348106, -9.476782724959776e-05
v,0.0019497275352478027, 0.013760174624621868, 0.0003867487539537251
v,0.0027820358518511057, 0.012318573892116547, -0.00010368337825639173
v,0.0027820358518511057, 0.012318573892116547, -0.00010368337825639173
v,0.0019497275352478027, 0.013760174624621868, 0.0003867487539537251
v,0.0033787384163588285, 0.011285054497420788, 0.00027847575256600976
v,0.002950208494439721, 0.012027290649712086, -0.00018764303240459412
v,0.0027820358518511057, 0.012318573892116547, -0.00010368337825639173
v,0.0033787384163588285, 0.011285054497420788, 0.00027847575256600976
v,0.0019497275352478027, 0.013760174624621868, 0.0003867487539537251
v,0.0025984449312090874, 0.012636562809348106, -9.476782724959776e-05
v,0.0023408608976751566, 0.013082711026072502, -0.0002458898234181106
v,0.002950208494439721, 0.012027290649712086, -0.00018764303240459412
v,0.0033787384163588285, 0.011285054497420788, 0.00027847575256600976
v,0.0033593429252505302, 0.011318648234009743, -0.0003985701478086412
v,0.0016474436270073056, 0.014283745549619198, -0.0006805834709666669
v,0.0019497275352478027, 0.013760174624621868, 0.0003867487539537251
v,0.0023408608976751566, 0.013082711026072502, -0.0002458898234181106
v,0.0031327030155807734, 0.011711200699210167, -0.00037949084071442485
v,0.002950208494439721, 0.012027290649712086, -0.00018764303240459412
v,0.0033593429252505302, 0.011318648234009743, -0.0003985701478086412
v,0.0003602203796617687, 0.0165132824331522, -0.0009011449874378741
v,0.0004017590545117855, 0.016441334038972855, 7.75766748120077e-05
v,0.0014466230059042573, 0.014631576836109161, -0.00023914936173241585
v,0.0031327030155807734, 0.011711200699210167, -0.00037949084071442485
v,0.0033593429252505302, 0.011318648234009743, -0.0003985701478086412
v,0.0032375208102166653, 0.011529650539159775, -0.0005468755844049156
v,0.0016474436270073056, 0.014283745549619198, -0.0006805834709666669
v,0.0023408608976751566, 0.013082711026072502, -0.0002458898234181106
v,0.002053020289167762, 0.013581265695393085, -0.0006909127696417272
v,0.0012501307064667344, 0.014971911907196045, -0.00232518813572824
v,0.0016474436270073056, 0.014283745549619198, -0.0006805834709666669
v,0.002053020289167762, 0.013581265695393085, -0.0006909127696417272
v,0.0012501307064667344, 0.014971911907196045, -0.00232518813572824
v,0.002053020289167762, 0.013581265695393085, -0.0006909127696417272
v,0.0017991126514971256, 0.01402104739099741, -0.0013731956714764237
v,0.0003602203796617687, 0.0165132824331522, -0.0009011449874378741
v,0.0014466230059042573, 0.014631576836109161, -0.00023914936173241585
v,0.0011868582805618644, 0.015081502497196198, -0.0023264987394213676
v,0.00020409526769071817, 0.0167836993932724, -0.0028387655038386583
v,0.0003602203796617687, 0.0165132824331522, -0.0009011449874378741
v,0.0011868582805618644, 0.015081502497196198, -0.0023264987394213676
v,0.0012501307064667344, 0.014971911907196045, -0.00232518813572824
v,0.0017991126514971256, 0.01402104739099741, -0.0013731956714764237
v,0.001546897692605853, 0.01445789635181427, -0.002315385267138481
v,0.00020409526769071817, 0.0167836993932724, -0.0028387655038386583
v,0.0011868582805618644, 0.015081502497196198, -0.0023264987394213676
v,0.0012501307064667344, 0.014971911907196045, -0.00232518813572824
v,0.00020409526769071817, 0.0167836993932724, -0.0028387655038386583
v,0.0012501307064667344, 0.014971911907196045, -0.00232518813572824
v,0.001546897692605853, 0.01445789635181427, -0.002315385267138481
v,0.00020409526769071817, 0.0167836993932724, -0.0028387655038386583
v,0.001546897692605853, 0.01445789635181427, -0.002315385267138481
v,0.0012770256726071239, 0.014925328083336353, -0.003642466152086854
v,-9.903883619699627e-05, 0.017308741807937622, -0.005358456633985043
v,0.00020409526769071817, 0.0167836993932724, -0.0028387655038386583
v,0.0012770256726071239, 0.014925328083336353, -0.003642466152086854
v,-9.903883619699627e-05, 0.017308741807937622, -0.005358456633985043
v,0.0012770256726071239, 0.014925328083336353, -0.003642466152086854
v,0.0009860922582447529, 0.0154292406514287, -0.0058237165212631226
v,-0.00043699159868992865, 0.017894094809889793, -0.007710542529821396
v,-9.903883619699627e-05, 0.017308741807937622, -0.005358456633985043
v,0.0009860922582447529, 0.0154292406514287, -0.0058237165212631226
v,-0.00043699159868992865, 0.017894094809889793, -0.007710542529821396
v,0.0009860922582447529, 0.0154292406514287, -0.0058237165212631226
v,0.0008436963544227183, 0.015675878152251244, -0.007520789746195078
v,-0.00043699159868992865, 0.017894094809889793, -0.007710542529821396
v,0.0008436963544227183, 0.015675878152251244, -0.007520789746195078
v,7.430018013110384e-05, 0.01700851134955883, -0.007762617897242308
v,-0.00032219538115896285, 0.017695261165499687, -0.007950636558234692
v,-0.00043699159868992865, 0.017894094809889793, -0.007710542529821396
v,7.430018013110384e-05, 0.01700851134955883, -0.007762617897242308
v,-0.0004293402598705143, 0.011698479764163494, 0.0012562229530885816
v,-0.0001158348168246448, 0.01115547213703394, 0.002004565903916955
v,0.0022942256182432175, 0.013163485564291477, 0.0013794064288958907
v,-0.00289798341691494, 0.015974296256899834, 8.45898684929125e-05
v,-0.0032116062939167023, 0.016517506912350655, -0.0003928968799300492
v,-0.00029820934287272394, 0.01765371486544609, -2.1146543076611124e-05
v,-0.0014204535400494933, 0.0134151391685009, -0.0023265378549695015
v,-0.0011411126470193267, 0.012931305915117264, -0.0011014193296432495
v,0.0012501307064667344, 0.014971911907196045, -0.00232518813572824
v,-0.0025876315776258707, 0.015436750836670399, -0.0038686280604451895
v,-0.0024278683122247458, 0.01516003254801035, -0.002331244759261608
v,0.00020409526769071817, 0.0167836993932724, -0.0028387655038386583
v,-0.0028962038923054934, 0.015971213579177856, -0.0062301321886479855
v,-0.0025876315776258707, 0.015436750836670399, -0.0038686280604451895
v,-9.903883619699627e-05, 0.017308741807937622, -0.005358456633985043
v,-0.0001158348168246448, 0.01115547213703394, 0.002004565903916955
v,0.00013941542420070618, 0.010713365860283375, 0.0024019728880375624
v,0.00278221326880157, 0.012318265624344349, 0.002365345833823085
v,-0.0010452012065798044, 0.012765182182192802, 0.0015476677799597383
v,-0.0011864532716572285, 0.013009837828576565, 0.00012385511945467442
v,0.0016000671312212944, 0.014365803450345993, 0.0011702025076374412
v,0.00023590611817780882, 0.010546239092946053, -0.00015906112093944103
v,-4.667402754421346e-05, 0.011035682633519173, -8.226006320910528e-05
v,0.0027820358518511057, 0.012318573892116547, -0.00010368337825639173
v,-0.0010757709387689829, 0.012818130664527416, 0.002286709612235427
v,-0.001035901135765016, 0.012749074026942253, 0.0020153590012341738
v,0.001618423149921, 0.01433400996029377, 0.002219738671556115
v,-0.001035901135765016, 0.012749074026942253, 0.0020153590012341738
v,-0.0010452012065798044, 0.012765182182192802, 0.0015476677799597383
v,0.0016451963456347585, 0.014287637546658516, 0.0018271970329806209
v,-0.0031150721479207277, 0.01635030470788479, -0.00770849734544754
v,-0.0028962038923054934, 0.015971213579177856, -0.0062301321886479855
v,-0.00043699159868992865, 0.017894094809889793, -0.007710542529821396
v,-0.0023497873917222023, 0.015024793334305286, -0.007667184341698885
v,-0.003000485012307763, 0.016151834279298782, -0.007947542704641819
v,7.430018013110384e-05, 0.01700851134955883, -0.007762617897242308
v,-0.0023382005747407675, 0.015004723332822323, 0.0005519168335013092
v,-0.002417104784399271, 0.015141389332711697, 0.0005927096935920417
v,0.0003019346622750163, 0.016614235937595367, 0.0005903556593693793
v,-0.002295074984431267, 0.014930027537047863, 0.00042136170668527484
v,-0.0023382005747407675, 0.015004723332822323, 0.0005519168335013092
v,0.00037456629797816277, 0.01648843288421631, 0.000466810364741832
v,-0.002275834558531642, 0.014896702021360397, 6.254313484532759e-05
v,-0.002295074984431267, 0.014930027537047863, 0.00042136170668527484
v,0.0004017590545117855, 0.016441334038972855, 7.75766748120077e-05
v,-0.0018335890490561724, 0.014130711555480957, -0.0075278133153915405
v,-0.0023497873917222023, 0.015024793334305286, -0.007667184341698885
v,0.0008436963544227183, 0.015675878152251244, -0.007520789746195078
v,-0.0007394822896458209, 0.012235661968588829, 0.00034377904376015067
v,-0.0004293402598705143, 0.011698479764163494, 0.0012562229530885816
v,0.0019497275352478027, 0.013760174624621868, 0.0003867487539537251
v,-0.002417104784399271, 0.015141389332711697, 0.0005927096935920417
v,-0.0026374890003353357, 0.015523106791079044, 0.0004125397535972297
v,0.00012027972843497992, 0.016928870230913162, 0.0004995249328203499
v,-0.0011864532716572285, 0.013009837828576565, 0.00012385511945467442
v,0.0014466230059042573, 0.014631576836109161, -0.00023914936173241585
v,0.0016000671312212944, 0.014365803450345993, 0.0011702025076374412
v,-0.002417104784399271, 0.015141389332711697, 0.0005927096935920417
v,0.00012027972843497992, 0.016928870230913162, 0.0004995249328203499
v,0.0003019346622750163, 0.016614235937595367, 0.0005903556593693793
v,-4.667402754421346e-05, 0.011035682633519173, -8.226006320910528e-05
v,0.0025984449312090874, 0.012636562809348106, -9.476782724959776e-05
v,0.0027820358518511057, 0.012318573892116547, -0.00010368337825639173
v,0.0012770256726071239, 0.014925328083336353, -0.003642466152086854
v,-0.0011476613581180573, 0.012942648492753506, -0.0023904722183942795
v,-0.0014234386617317796, 0.013420309871435165, -0.0037832933012396097
v,0.0011004918487742543, 0.015231093391776085, 0.0025286406744271517
v,-0.0019290915224701166, 0.014296125620603561, 0.0021938171703368425
v,-0.0015576332807540894, 0.013652740977704525, 0.0025421821046620607
v,0.0008436963544227183, 0.015675878152251244, -0.007520789746195078
v,-0.0017081469995900989, 0.013913439586758614, -0.0059923748485744
v,-0.0018335890490561724, 0.014130711555480957, -0.0075278133153915405
v,-0.00043699159868992865, 0.017894094809889793, -0.007710542529821396
v,-0.003000485012307763, 0.016151834279298782, -0.007947542704641819
v,-0.0031150721479207277, 0.01635030470788479, -0.00770849734544754
v,-6.095799835748039e-05, 0.017242783680558205, 0.0011116581736132503
v,-0.0033378275111317635, 0.01673612743616104, 0.00018405744049232453
v,-0.002677363343536854, 0.01559216994792223, 0.0012005126336589456
v,0.001546897692605853, 0.01445789635181427, -0.002315385267138481
v,-0.0009017568663693964, 0.012516729533672333, -0.0014504229184240103
v,-0.0011476613581180573, 0.012942648492753506, -0.0023904722183942795
v,0.0031784193124622107, 0.011632016859948635, 0.0026197817642241716
v,0.00033130429801531136, 0.010381004773080349, 0.0025556229520589113
v,0.0005150113138370216, 0.010062814690172672, 0.002622522646561265
v,0.0015320280799642205, 0.014483650214970112, 0.0024814552161842585
v,-0.0010757709387689829, 0.012818130664527416, 0.002286709612235427
v,0.001618423149921, 0.01433400996029377, 0.002219738671556115
v,0.0033787384163588285, 0.011285054497420788, 0.00027847575256600976
v,0.0007826500223018229, 0.009599250741302967, 0.0014415361220017076
v,0.0006985664367675781, 0.009744888171553612, 0.00020710557873826474
v,-0.001035901135765016, 0.012749074026942253, 0.0020153590012341738
v,0.0016451963456347585, 0.014287637546658516, 0.0018271970329806209
v,0.001618423149921, 0.01433400996029377, 0.002219738671556115
v,0.0016474436270073056, 0.014283745549619198, -0.0006805834709666669
v,-0.0007394822896458209, 0.012235661968588829, 0.00034377904376015067
v,0.0019497275352478027, 0.013760174624621868, 0.0003867487539537251
v,0.0004017590545117855, 0.016441334038972855, 7.75766748120077e-05
v,-0.0023134786169975996, 0.014961903914809227, -0.0008467499283142388
v,-0.002275834558531642, 0.014896702021360397, 6.254313484532759e-05
v,0.002053020289167762, 0.013581265695393085, -0.0006909127696417272
v,-0.00035725979250855744, 0.011573633179068565, -0.0002681727637536824
v,-0.000643656007014215, 0.012069686315953732, -0.0007330037769861519
v,0.0012501307064667344, 0.014971911907196045, -0.00232518813572824
v,-0.0014898559311404824, 0.013535347767174244, -0.0023265257477760315
v,-0.0014204535400494933, 0.0134151391685009, -0.0023265378549695015
v,0.0033927320037037134, 0.01126081682741642, 0.0026274581905454397
v,0.0005150113138370216, 0.010062814690172672, 0.002622522646561265
v,0.0007240162813104689, 0.009700807742774487, 0.0026258656289428473
v,0.0036027035675942898, 0.010897135362029076, 0.0025407837238162756
v,0.0007240162813104689, 0.009700807742774487, 0.0026258656289428473
v,0.0009252548334188759, 0.009352251887321472, 0.0025403278414160013
v,-0.0001158348168246448, 0.01115547213703394, 0.002004565903916955
v,0.00278221326880157, 0.012318265624344349, 0.002365345833823085
v,0.002537930617108941, 0.012741375714540482, 0.0019502456998452544
v,0.0029960351530462503, 0.011947915889322758, 0.0025485658552497625
v,0.00013941542420070618, 0.010713365860283375, 0.0024019728880375624
v,0.00033130429801531136, 0.010381004773080349, 0.0025556229520589113
v,-0.0006607869872823358, 0.018281718716025352, 0.00018405758601147681
v,-0.0032116062939167023, 0.016517506912350655, -0.0003928968799300492
v,-0.0033378275111317635, 0.01673612743616104, 0.00018405744049232453
v,-0.0004293402598705143, 0.011698479764163494, 0.0012562229530885816
v,0.0022942256182432175, 0.013163485564291477, 0.0013794064288958907
v,0.0019497275352478027, 0.013760174624621868, 0.0003867487539537251
v,-0.0023382005747407675, 0.015004723332822323, 0.0005519168335013092
v,0.0003019346622750163, 0.016614235937595367, 0.0005903556593693793
v,0.00037456629797816277, 0.01648843288421631, 0.000466810364741832
v,0.0031327030155807734, 0.011711200699210167, -0.00037949084071442485
v,0.0005604802281595767, 0.009984060190618038, -0.0005468757008202374
v,0.00044301655725575984, 0.010187513194978237, -0.00036257837200537324
v,0.00023590611817780882, 0.010546239092946053, -0.00015906112093944103
v,0.0027820358518511057, 0.012318573892116547, -0.00010368337825639173
v,0.002950208494439721, 0.012027290649712086, -0.00018764303240459412
v,0.0014466230059042573, 0.014631576836109161, -0.00023914936173241585
v,-0.0014898559311404824, 0.013535347767174244, -0.0023265257477760315
v,0.0011868582805618644, 0.015081502497196198, -0.0023264987394213676
v,0.0025984449312090874, 0.012636562809348106, -9.476782724959776e-05
v,-0.00035725979250855744, 0.011573633179068565, -0.0002681727637536824
v,0.0023408608976751566, 0.013082711026072502, -0.0002458898234181106
v,0.0033593429252505302, 0.011318648234009743, -0.0003985701478086412
v,0.0006985664367675781, 0.009744888171553612, 0.00020710557873826474
v,0.0006823023431934416, 0.009773057885468006, -0.000398570264223963
v,0.0017991126514971256, 0.01402104739099741, -0.0013731956714764237
v,-0.000643656007014215, 0.012069686315953732, -0.0007330037769861519
v,-0.0009017568663693964, 0.012516729533672333, -0.0014504229184240103
v,-0.0023497873917222023, 0.015024793334305286, -0.007667184341698885
v,7.430018013110384e-05, 0.01700851134955883, -0.007762617897242308
v,0.0008436963544227183, 0.015675878152251244, -0.007520789746195078
v,0.0007050636922940612, 0.015915995463728905, 0.0021442740689963102
v,-0.002677363343536854, 0.01559216994792223, 0.0012005126336589456
v,-0.0019290915224701166, 0.014296125620603561, 0.0021938171703368425
v,-0.003000485012307763, 0.016151834279298782, -0.007947542704641819
v,-0.00032219538115896285, 0.017695261165499687, -0.007950636558234692
v,7.430018013110384e-05, 0.01700851134955883, -0.007762617897242308
v,0.0015320280799642205, 0.014483650214970112, 0.0024814552161842585
v,-0.0012349032331258059, 0.013093755580484867, 0.002595736412331462
v,-0.0011398573406040668, 0.012929131276905537, 0.002471516141667962
v,-0.002295074984431267, 0.014930027537047863, 0.00042136170668527484
v,0.00037456629797816277, 0.01648843288421631, 0.000466810364741832
v,0.0004017590545117855, 0.016441334038972855, 7.75766748120077e-05
v,0.0034672156907618046, 0.01113180723041296, 0.0015161865158006549
v,0.0009252548334188759, 0.009352251887321472, 0.0025403278414160013
v,0.0007826500223018229, 0.009599250741302967, 0.0014415361220017076
v,0.002950208494439721, 0.012027290649712086, -0.00018764303240459412
v,0.00044301655725575984, 0.010187513194978237, -0.00036257837200537324
v,0.00023590611817780882, 0.010546239092946053, -0.00015906112093944103
v,-0.0001158348168246448, 0.01115547213703394, 0.002004565903916955
v,0.002537930617108941, 0.012741375714540482, 0.0019502456998452544
v,0.0022942256182432175, 0.013163485564291477, 0.0013794064288958907
v,0.0014364809030666947, 0.014649143442511559, 0.00260002794675529
v,-0.001349582220427692, 0.013292386196553707, 0.002635729731991887
v,-0.0012349032331258059, 0.013093755580484867, 0.002595736412331462
v,0.00012027972843497992, 0.016928870230913162, 0.0004995249328203499
v,-0.00289798341691494, 0.015974296256899834, 8.45898684929125e-05
v,-0.00029820934287272394, 0.01765371486544609, -2.1146543076611124e-05
v,-0.0010452012065798044, 0.012765182182192802, 0.0015476677799597383
v,0.0016000671312212944, 0.014365803450345993, 0.0011702025076374412
v,0.0016451963456347585, 0.014287637546658516, 0.0018271970329806209
v,0.0033593429252505302, 0.011318648234009743, -0.0003985701478086412
v,0.0005604802281595767, 0.009984060190618038, -0.0005468757008202374
v,0.0032375208102166653, 0.011529650539159775, -0.0005468755844049156
v,-0.0032116062939167023, 0.016517506912350655, -0.0003928968799300492
v,-0.000533668149728328, 0.018061542883515358, -0.0003985701478086412
v,-0.00029820934287272394, 0.01765371486544609, -2.1146543076611124e-05
v,0.0013152249157428741, 0.01485916506499052, 0.0026360133197158575
v,-0.0015576332807540894, 0.013652740977704525, 0.0025421821046620607
v,-0.001349582220427692, 0.013292386196553707, 0.002635729731991887
v,-0.0011411126470193267, 0.012931305915117264, -0.0011014193296432495
v,0.0016474436270073056, 0.014283745549619198, -0.0006805834709666669
v,0.0012501307064667344, 0.014971911907196045, -0.00232518813572824
v,0.0009860922582447529, 0.0154292406514287, -0.0058237165212631226
v,-0.0014234386617317796, 0.013420309871435165, -0.0037832933012396097
v,-0.0017081469995900989, 0.013913439586758614, -0.0059923748485744
v,-0.0025876315776258707, 0.015436750836670399, -0.0038686280604451895
v,0.00020409526769071817, 0.0167836993932724, -0.0028387655038386583
v,-9.903883619699627e-05, 0.017308741807937622, -0.005358456633985043
v,-0.0028962038923054934, 0.015971213579177856, -0.0062301321886479855
v,-9.903883619699627e-05, 0.017308741807937622, -0.005358456633985043
v,-0.00043699159868992865, 0.017894094809889793, -0.007710542529821396
v,0.0003602203796617687, 0.0165132824331522, -0.0009011449874378741
v,0.00020409526769071817, 0.0167836993932724, -0.0028387655038386583
v,-0.0024278683122247458, 0.01516003254801035, -0.002331244759261608
v,0.0012770256726071239, 0.014925328083336353, -0.003642466152086854
v,0.001546897692605853, 0.01445789635181427, -0.002315385267138481
v,-0.0011476613581180573, 0.012942648492753506, -0.0023904722183942795
v,0.0011004918487742543, 0.015231093391776085, 0.0025286406744271517
v,0.0007050636922940612, 0.015915995463728905, 0.0021442740689963102
v,-0.0019290915224701166, 0.014296125620603561, 0.0021938171703368425
v,0.0008436963544227183, 0.015675878152251244, -0.007520789746195078
v,0.0009860922582447529, 0.0154292406514287, -0.0058237165212631226
v,-0.0017081469995900989, 0.013913439586758614, -0.0059923748485744
v,-0.00043699159868992865, 0.017894094809889793, -0.007710542529821396
v,-0.00032219538115896285, 0.017695261165499687, -0.007950636558234692
v,-0.003000485012307763, 0.016151834279298782, -0.007947542704641819
v,-6.095799835748039e-05, 0.017242783680558205, 0.0011116581736132503
v,-0.0006607869872823358, 0.018281718716025352, 0.00018405758601147681
v,-0.0033378275111317635, 0.01673612743616104, 0.00018405744049232453
v,0.001546897692605853, 0.01445789635181427, -0.002315385267138481
v,0.0017991126514971256, 0.01402104739099741, -0.0013731956714764237
v,-0.0009017568663693964, 0.012516729533672333, -0.0014504229184240103
v,0.0031784193124622107, 0.011632016859948635, 0.0026197817642241716
v,0.0029960351530462503, 0.011947915889322758, 0.0025485658552497625
v,0.00033130429801531136, 0.010381004773080349, 0.0025556229520589113
v,0.0015320280799642205, 0.014483650214970112, 0.0024814552161842585
v,-0.0011398573406040668, 0.012929131276905537, 0.002471516141667962
v,-0.0010757709387689829, 0.012818130664527416, 0.002286709612235427
v,0.0033787384163588285, 0.011285054497420788, 0.00027847575256600976
v,0.0034672156907618046, 0.01113180723041296, 0.0015161865158006549
v,0.0007826500223018229, 0.009599250741302967, 0.0014415361220017076
v,0.0016474436270073056, 0.014283745549619198, -0.0006805834709666669
v,-0.0011411126470193267, 0.012931305915117264, -0.0011014193296432495
v,-0.0007394822896458209, 0.012235661968588829, 0.00034377904376015067
v,0.0004017590545117855, 0.016441334038972855, 7.75766748120077e-05
v,0.0003602203796617687, 0.0165132824331522, -0.0009011449874378741
v,-0.0023134786169975996, 0.014961903914809227, -0.0008467499283142388
v,0.002053020289167762, 0.013581265695393085, -0.0006909127696417272
v,0.0023408608976751566, 0.013082711026072502, -0.0002458898234181106
v,-0.00035725979250855744, 0.011573633179068565, -0.0002681727637536824
v,0.0012501307064667344, 0.014971911907196045, -0.00232518813572824
v,0.0011868582805618644, 0.015081502497196198, -0.0023264987394213676
v,-0.0014898559311404824, 0.013535347767174244, -0.0023265257477760315
v,0.0033927320037037134, 0.01126081682741642, 0.0026274581905454397
v,0.0031784193124622107, 0.011632016859948635, 0.0026197817642241716
v,0.0005150113138370216, 0.010062814690172672, 0.002622522646561265
v,0.0036027035675942898, 0.010897135362029076, 0.0025407837238162756
v,0.0033927320037037134, 0.01126081682741642, 0.0026274581905454397
v,0.0007240162813104689, 0.009700807742774487, 0.0026258656289428473
v,0.0029960351530462503, 0.011947915889322758, 0.0025485658552497625
v,0.00278221326880157, 0.012318265624344349, 0.002365345833823085
v,0.00013941542420070618, 0.010713365860283375, 0.0024019728880375624
v,-0.0006607869872823358, 0.018281718716025352, 0.00018405758601147681
v,-0.000533668149728328, 0.018061542883515358, -0.0003985701478086412
v,-0.0032116062939167023, 0.016517506912350655, -0.0003928968799300492
v,0.0031327030155807734, 0.011711200699210167, -0.00037949084071442485
v,0.0032375208102166653, 0.011529650539159775, -0.0005468755844049156
v,0.0005604802281595767, 0.009984060190618038, -0.0005468757008202374
v,0.0014466230059042573, 0.014631576836109161, -0.00023914936173241585
v,-0.0011864532716572285, 0.013009837828576565, 0.00012385511945467442
v,-0.0014898559311404824, 0.013535347767174244, -0.0023265257477760315
v,0.0025984449312090874, 0.012636562809348106, -9.476782724959776e-05
v,-4.667402754421346e-05, 0.011035682633519173, -8.226006320910528e-05
v,-0.00035725979250855744, 0.011573633179068565, -0.0002681727637536824
v,0.0033593429252505302, 0.011318648234009743, -0.0003985701478086412
v,0.0033787384163588285, 0.011285054497420788, 0.00027847575256600976
v,0.0006985664367675781, 0.009744888171553612, 0.00020710557873826474
v,0.0017991126514971256, 0.01402104739099741, -0.0013731956714764237
v,0.002053020289167762, 0.013581265695393085, -0.0006909127696417272
v,-0.000643656007014215, 0.012069686315953732, -0.0007330037769861519
v,0.0007050636922940612, 0.015915995463728905, 0.0021442740689963102
v,-6.095799835748039e-05, 0.017242783680558205, 0.0011116581736132503
v,-0.002677363343536854, 0.01559216994792223, 0.0012005126336589456
v,0.0015320280799642205, 0.014483650214970112, 0.0024814552161842585
v,0.0014364809030666947, 0.014649143442511559, 0.00260002794675529
v,-0.0012349032331258059, 0.013093755580484867, 0.002595736412331462
v,0.0034672156907618046, 0.01113180723041296, 0.0015161865158006549
v,0.0036027035675942898, 0.010897135362029076, 0.0025407837238162756
v,0.0009252548334188759, 0.009352251887321472, 0.0025403278414160013
v,0.002950208494439721, 0.012027290649712086, -0.00018764303240459412
v,0.0031327030155807734, 0.011711200699210167, -0.00037949084071442485
v,0.00044301655725575984, 0.010187513194978237, -0.00036257837200537324
v,0.0014364809030666947, 0.014649143442511559, 0.00260002794675529
v,0.0013152249157428741, 0.01485916506499052, 0.0026360133197158575
v,-0.001349582220427692, 0.013292386196553707, 0.002635729731991887
v,0.00012027972843497992, 0.016928870230913162, 0.0004995249328203499
v,-0.0026374890003353357, 0.015523106791079044, 0.0004125397535972297
v,-0.00289798341691494, 0.015974296256899834, 8.45898684929125e-05
v,0.0033593429252505302, 0.011318648234009743, -0.0003985701478086412
v,0.0006823023431934416, 0.009773057885468006, -0.000398570264223963
v,0.0005604802281595767, 0.009984060190618038, -0.0005468757008202374
v,0.0013152249157428741, 0.01485916506499052, 0.0026360133197158575
v,0.0011004918487742543, 0.015231093391776085, 0.0025286406744271517
v,-0.0015576332807540894, 0.013652740977704525, 0.0025421821046620607
v,0.0009860922582447529, 0.0154292406514287, -0.0058237165212631226
v,0.0012770256726071239, 0.014925328083336353, -0.003642466152086854
v,-0.0014234386617317796, 0.013420309871435165, -0.0037832933012396097
n,-29.0935001373291, -16.797138214111328, -1.468452524022723e-06
n,-29.0935001373291, -16.797138214111328, -1.468452524022723e-06
n,-29.0935001373291, -16.797138214111328, -1.468452524022723e-06
n,-29.0935001373291, -16.797138214111328, -1.468452524022723e-06
n,-29.0935001373291, -16.797138214111328, -1.468452524022723e-06
n,-29.0935001373291, -16.797138214111328, -1.468452524022723e-06
n,-29.0935001373291, -16.797138214111328, -1.468452524022723e-06
n,-29.0935001373291, -16.797138214111328, -1.468452524022723e-06
n,-29.0935001373291, -16.797138214111328, -1.468452524022723e-06
n,-29.0935001373291, -16.797138214111328, -1.468452524022723e-06
n,-29.0935001373291, -16.797138214111328, -1.468452524022723e-06
n,-29.0935001373291, -16.797138214111328, -1.468452524022723e-06
n,-29.0935001373291, -16.797138214111328, -1.468452524022723e-06
n,-29.0935001373291, -16.797138214111328, -1.468452524022723e-06
n,-29.0935001373291, -16.797138214111328, -1.468452524022723e-06
n,-29.0935001373291, -16.797138214111328, -1.468452524022723e-06
n,-29.0935001373291, -16.797138214111328, -1.468452524022723e-06
n,-29.0935001373291, -16.797138214111328, -1.468452524022723e-06
n,-29.0935001373291, -16.797138214111328, -1.468452524022723e-06
n,-29.0935001373291, -16.797138214111328, -1.468452524022723e-06
n,-29.0935001373291, -16.797138214111328, -1.468452524022723e-06
n,-29.0935001373291, -16.797138214111328, -1.468452524022723e-06
n,-29.0935001373291, -16.797138214111328, -1.468452524022723e-06
n,-29.0935001373291, -16.797138214111328, -1.468452524022723e-06
n,-29.0935001373291, -16.797138214111328, -1.468452524022723e-06
n,-29.0935001373291, -16.797138214111328, -1.468452524022723e-06
n,-29.0935001373291, -16.797138214111328, -1.468452524022723e-06
n,-29.0935001373291, -16.797138214111328, -1.468452524022723e-06
n,-29.0935001373291, -16.797138214111328, -1.468452524022723e-06
n,-29.0935001373291, -16.797138214111328, -1.468452524022723e-06
n,-29.0935001373291, -16.797138214111328, -1.468452524022723e-06
n,-29.0935001373291, -16.797138214111328, -1.468452524022723e-06
n,-29.0935001373291, -16.797138214111328, -1.468452524022723e-06
n,-29.0935001373291, -16.797138214111328, -1.468452524022723e-06
n,-29.0935001373291, -16.797138214111328, -1.468452524022723e-06
n,-29.0935001373291, -16.797138214111328, -1.468452524022723e-06
n,-29.0935001373291, -16.797138214111328, -1.468452524022723e-06
n,-29.0935001373291, -16.797138214111328, -1.468452524022723e-06
n,-29.0935001373291, -16.797138214111328, -1.468452524022723e-06
n,-29.0935001373291, -16.797138214111328, -1.468452524022723e-06
n,-29.0935001373291, -16.797138214111328, -1.468452524022723e-06
n,-29.0935001373291, -16.797138214111328, -1.468452524022723e-06
n,-29.0935001373291, -16.797138214111328, -1.468452524022723e-06
n,-29.0935001373291, -16.797138214111328, -1.468452524022723e-06
n,-29.0935001373291, -16.797138214111328, -1.468452524022723e-06
n,-29.0935001373291, -16.797138214111328, -1.468452524022723e-06
n,-29.0935001373291, -16.797138214111328, -1.468452524022723e-06
n,-29.0935001373291, -16.797138214111328, -1.468452524022723e-06
n,29.0935001373291, 16.797138214111328, 1.468452524022723e-06
n,29.0935001373291, 16.797138214111328, 1.468452524022723e-06
n,29.0935001373291, 16.797138214111328, 1.468452524022723e-06
n,29.0935001373291, 16.797138214111328, 1.468452524022723e-06
n,29.0935001373291, 16.797138214111328, 1.468452524022723e-06
n,29.0935001373291, 16.797138214111328, 1.468452524022723e-06
n,29.0935001373291, 16.797138214111328, 1.468452524022723e-06
n,29.0935001373291, 16.797138214111328, 1.468452524022723e-06
n,29.0935001373291, 16.797138214111328, 1.468452524022723e-06
n,29.0935001373291, 16.797138214111328, 1.468452524022723e-06
n,29.0935001373291, 16.797138214111328, 1.468452524022723e-06
n,29.0935001373291, 16.797138214111328, 1.468452524022723e-06
n,29.0935001373291, 16.797138214111328, 1.468452524022723e-06
n,29.0935001373291, 16.797138214111328, 1.468452524022723e-06
n,29.0935001373291, 16.797138214111328, 1.468452524022723e-06
n,29.0935001373291, 16.797138214111328, 1.468452524022723e-06
n,29.0935001373291, 16.797138214111328, 1.468452524022723e-06
n,29.0935001373291, 16.797138214111328, 1.468452524022723e-06
n,29.0935001373291, 16.797138214111328, 1.468452524022723e-06
n,29.0935001373291, 16.797138214111328, 1.468452524022723e-06
n,-16.585338592529297, 28.76316261291504, 5.116901397705078
n,29.0935001373291, 16.797138214111328, 1.468452524022723e-06
n,29.0935001373291, 16.797138214111328, 1.468452524022723e-06
n,29.0935001373291, 16.797138214111328, 1.468452524022723e-06
n,29.0935001373291, 16.797138214111328, 1.468452524022723e-06
n,29.0935001373291, 16.797138214111328, 1.468452524022723e-06
n,29.0935001373291, 16.797138214111328, 1.468452524022723e-06
n,29.0935001373291, 16.797138214111328, 1.468452524022723e-06
n,29.0935001373291, 16.797138214111328, 1.468452524022723e-06
n,29.0935001373291, 16.797138214111328, 1.468452524022723e-06
n,29.0935001373291, 16.797138214111328, 1.468452524022723e-06
n,29.0935001373291, 16.797138214111328, 1.468452524022723e-06
n,29.0935001373291, 16.797138214111328, 1.468452524022723e-06
n,29.0935001373291, 16.797138214111328, 1.468452524022723e-06
n,29.0935001373291, 16.797138214111328, 1.468452524022723e-06
n,29.0935001373291, 16.797138214111328, 1.468452524022723e-06
n,29.0935001373291, 16.797138214111328, 1.468452524022723e-06
n,29.0935001373291, 16.797138214111328, 1.468452524022723e-06
n,29.0935001373291, 16.797138214111328, 1.468452524022723e-06
n,29.0935001373291, 16.797138214111328, 1.468452524022723e-06
n,29.0935001373291, 16.797138214111328, 1.468452524022723e-06
n,29.0935001373291, 16.797138214111328, 1.468452524022723e-06
n,29.0935001373291, 16.797138214111328, 1.468452524022723e-06
n,29.0935001373291, 16.797138214111328, 1.468452524022723e-06
n,29.0935001373291, 16.797138214111328, 1.468452524022723e-06
n,29.0935001373291, 16.797138214111328, 1.468452524022723e-06
n,29.0935001373291, 16.797138214111328, 1.468452524022723e-06
n,29.0935001373291, 16.797138214111328, 1.468452524022723e-06
n,-12.948434829711914, 22.258066177368164, 21.575265884399414
n,10.263273239135742, -17.57069206237793, -26.730350494384766
n,-15.398761749267578, 26.403900146484375, 13.938714981079102
n,-16.30425453186035, 28.565990447998047, 6.836005210876465
n,-16.137866973876953, 28.213403701782227, 8.49404239654541
n,-10.44195556640625, 17.7998046875, 26.508644104003906
n,16.37107276916504, -28.597503662109375, -6.5380754470825195
n,-2.0771355628967285, 4.024101734161377, -33.28765106201172
n,15.983466148376465, -27.989198684692383, 9.47149658203125
n,16.636980056762695, -29.15483283996582, -1.3349751234054565
n,-16.081707000732422, 27.91030502319336, 9.537781715393066
n,3.662097930908203, -6.054964065551758, -32.84055709838867
n,-4.0273237228393555, 7.382911205291748, -32.52458953857422
n,-13.895169258117676, 24.343278884887695, -18.517684936523438
n,-16.675926208496094, 28.942306518554688, -3.5821726322174072
n,2.3120760917663574, -3.8547799587249756, -33.292198181152344
n,-13.92917251586914, 24.0384464263916, 18.886686325073242
n,6.538299083709717, -10.902403831481934, -31.096044540405273
n,16.49417495727539, -28.38007164001465, -7.147679805755615
n,3.8606998920440674, -7.1793694496154785, -32.590293884277344
n,-0.5399903059005737, 0.6298246383666992, -33.58403396606445
n,15.695204734802246, -27.004638671875, -12.368736267089844
n,-7.167105674743652, 12.331175804138184, 30.416282653808594
n,16.58341407775879, -28.709205627441406, -5.417325496673584
n,-12.124263763427734, 21.001707077026367, -23.248788833618164
n,-10.276936531066895, 17.723295211791992, 26.624143600463867
n,14.918728828430176, -25.758207321166992, -15.573110580444336
n,-3.0295729637145996, 5.199820518493652, 33.05085754394531
n,14.095416069030762, -24.2342529296875, 18.509342193603516
n,16.6756649017334, -28.808582305908203, -4.534684658050537
n,16.80643653869629, -28.731576919555664, 4.540455341339111
n,-14.615382194519043, 25.31456756591797, 16.557144165039062
n,-16.741153717041016, 28.993534088134766, 2.7720606327056885
n,10.65909481048584, -18.289583206176758, -26.085445404052734
n,-0.011220462620258331, -0.009879314340651035, 33.594276428222656
n,-0.15057587623596191, 0.2232976108789444, 33.593204498291016
n,3.486083507537842, -6.051459789276123, 32.860355377197266
n,-10.769890785217285, 18.89864730834961, 25.601293563842773
n,-6.267629146575928, 10.799354553222656, 31.187602996826172
n,-15.38857650756836, 26.65380096435547, -13.466338157653809
n,-13.74053955078125, 23.934120178222656, 19.155447006225586
n,-11.056584358215332, 18.747623443603516, -25.590118408203125
n,-10.345911026000977, 17.969724655151367, -26.431547164916992
n,-4.159239292144775, 6.993570804595947, -32.593963623046875
n,16.30587387084961, -28.228689193725586, -8.113883972167969
n,4.817646503448486, -8.137603759765625, -32.235774993896484
n,16.772966384887695, -29.051631927490234, -1.8016057014465332
n,13.694910049438477, -23.580739974975586, -19.620746612548828
n,2.459611177444458, -4.602179050445557, -33.18653106689453
n,-9.346824645996094, 16.0554256439209, 27.98992347717285
n,3.841407060623169, -6.731468677520752, -32.688018798828125
n,9.163331985473633, -15.929610252380371, 28.122169494628906
n,-16.7142276763916, 28.768022537231445, -4.648781776428223
n,16.297761917114258, -28.137529373168945, -8.440254211425781
n,-7.339230060577393, 12.868633270263672, -30.151445388793945
n,-12.775320053100586, 22.124711990356445, 21.814311981201172
n,2.8638885021209717, -5.010065078735352, 33.09490966796875
n,8.795769691467285, -15.411965370178223, -28.525100708007812
n,16.74970245361328, -28.759653091430664, -4.57223653793335
n,8.73363208770752, -15.127094268798828, -28.696170806884766
n,10.452537536621094, -18.22494888305664, -26.213951110839844
n,-3.737452983856201, 6.350789546966553, 32.77613067626953
n,-14.957093238830566, 26.291894912719727, 14.614967346191406
n,16.348133087158203, -28.124765396118164, -8.385207176208496
n,-16.499372482299805, 28.18840217590332, 7.858770370483398
n,-16.23633575439453, 27.90825653076172, 9.2782564163208
n,-16.66086769104004, 28.677942276000977, 5.34479284286499
n,15.52023696899414, -26.972396850585938, -12.656527519226074
n,-7.275860786437988, 12.755764961242676, 30.214696884155273
n,16.508907318115234, -28.724903106689453, -5.559820175170898
n,-12.143013954162598, 21.025087356567383, -23.217849731445312
n,-10.274674415588379, 17.7962589263916, 26.57630157470703
n,14.756000518798828, -25.679094314575195, -15.85623550415039
n,-3.19783878326416, 5.5868239402771, 32.97175598144531
n,13.828866958618164, -23.891267776489258, 19.14537239074707
n,16.587255477905273, -28.824159622192383, -4.754602909088135
n,-14.771126747131348, 25.37773895263672, 16.320537567138672
n,-16.756322860717773, 28.978057861328125, 2.841386079788208
n,10.1963529586792, -17.837867736816406, -26.578569412231445
n,-0.1742819994688034, 0.3011327385902405, 33.59247970581055
n,-0.27957800030708313, 0.533191442489624, 33.58888626098633
n,3.412282943725586, -5.870997905731201, 32.90081024169922
n,-6.551980972290039, 11.493911743164062, 30.8794002532959
n,-15.401108741760254, 26.661949157714844, -13.435848236083984
n,-10.480714797973633, 18.153133392333984, -26.25250244140625
n,16.28668975830078, -28.25082778930664, -8.075273513793945
n,4.8756937980651855, -8.307519912719727, -32.18367004394531
n,16.749208450317383, -29.057647705078125, -1.9216091632843018
n,13.414557456970215, -23.373201370239258, -20.057884216308594
n,-9.332529067993164, 16.292686462402344, 27.857276916503906
n,8.877989768981934, -15.32675552368164, 28.545534133911133
n,16.232498168945312, -28.130128860473633, -8.589383125305176
n,-7.8453192710876465, 13.518872261047363, -29.736621856689453
n,2.4966161251068115, -4.252315998077393, 33.230411529541016
n,8.83143138885498, -15.565919876098633, -28.430328369140625
n,8.73363208770752, -15.127094268798828, -28.696170806884766
n,-4.036839485168457, 7.078110218048096, 32.591102600097656
n,16.145145416259766, -28.159122467041016, -8.658740997314453
u,0.6060535311698914, 0.3439842462539673, 0
u,0.5947977304458618, 0.34368711709976196, 0
u,0.5987395644187927, 0.34276825189590454, 0
u,0.5404673218727112, 0.34745240211486816, 0
u,0.5267658233642578, 0.34700268507003784, 0
u,0.5340245366096497, 0.34665119647979736, 0
u,0.5404673218727112, 0.34745240211486816, 0
u,0.5198637843132019, 0.34888172149658203, 0
u,0.5267658233642578, 0.34700268507003784, 0
u,0.6060535311698914, 0.3439842462539673, 0
u,0.5916199684143066, 0.34602946043014526, 0
u,0.5947977304458618, 0.34368711709976196, 0
u,0.5472791194915771, 0.3497433066368103, 0
u,0.5198637843132019, 0.34888172149658203, 0
u,0.5404673218727112, 0.34745240211486816, 0
u,0.619289755821228, 0.3493030071258545, 0
u,0.5916199684143066, 0.34602946043014526, 0
u,0.6060535311698914, 0.3439842462539673, 0
u,0.619289755821228, 0.3493030071258545, 0
u,0.5895763635635376, 0.3493627905845642, 0
u,0.5916199684143066, 0.34602946043014526, 0
u,0.5472791194915771, 0.3497433066368103, 0
u,0.5258907675743103, 0.3676741123199463, 0
u,0.5198637843132019, 0.34888172149658203, 0
u,0.5565293431282043, 0.35614097118377686, 0
u,0.5258907675743103, 0.3676741123199463, 0
u,0.5472791194915771, 0.3497433066368103, 0
u,0.619289755821228, 0.3493030071258545, 0
u,0.5884581804275513, 0.35415077209472656, 0
u,0.5895763635635376, 0.3493627905845642, 0
u,0.619289755821228, 0.3493030071258545, 0
u,0.589239239692688, 0.36225026845932007, 0
u,0.5884581804275513, 0.35415077209472656, 0
u,0.6462386250495911, 0.3650776743888855, 0
u,0.589239239692688, 0.36225026845932007, 0
u,0.619289755821228, 0.3493030071258545, 0
u,0.5681456327438354, 0.3685157299041748, 0
u,0.5258907675743103, 0.3676741123199463, 0
u,0.5565293431282043, 0.35614097118377686, 0
u,0.6462386250495911, 0.3650776743888855, 0
u,0.5955376625061035, 0.3866868019104004, 0
u,0.589239239692688, 0.36225026845932007, 0
u,0.5798059701919556, 0.38374537229537964, 0
u,0.5258907675743103, 0.3676741123199463, 0
u,0.5681456327438354, 0.3685157299041748, 0
u,0.5798059701919556, 0.38374537229537964, 0
u,0.5300191044807434, 0.38893550634384155, 0
u,0.5258907675743103, 0.3676741123199463, 0
u,0.6462386250495911, 0.3650776743888855, 0
u,0.6377994418144226, 0.376137375831604, 0
u,0.5955376625061035, 0.3866868019104004, 0
u,0.6351003050804138, 0.37700003385543823, 0
u,0.5955376625061035, 0.3866868019104004, 0
u,0.6377994418144226, 0.376137375831604, 0
u,0.6701620221138, 0.38142621517181396, 0
u,0.6377994418144226, 0.376137375831604, 0
u,0.6462386250495911, 0.3650776743888855, 0
u,0.6701620221138, 0.38142621517181396, 0
u,0.645626425743103, 0.37883275747299194, 0
u,0.6377994418144226, 0.376137375831604, 0
u,0.6337311267852783, 0.37935060262680054, 0
u,0.5955376625061035, 0.3866868019104004, 0
u,0.6351003050804138, 0.37700003385543823, 0
u,0.6334148049354553, 0.38561636209487915, 0
u,0.5955376625061035, 0.3866868019104004, 0
u,0.6337311267852783, 0.37935060262680054, 0
u,0.6701620221138, 0.38142621517181396, 0
u,0.6549906134605408, 0.3840145468711853, 0
u,0.645626425743103, 0.37883275747299194, 0
u,0.6663455963134766, 0.39168781042099, 0
u,0.6549906134605408, 0.3840145468711853, 0
u,0.6701620221138, 0.38142621517181396, 0
u,0.5561730265617371, 0.3924977779388428, 0
u,0.5300191044807434, 0.38893550634384155, 0
u,0.5798059701919556, 0.38374537229537964, 0
u,0.5464387536048889, 0.39438456296920776, 0
u,0.5300191044807434, 0.38893550634384155, 0
u,0.5561730265617371, 0.3924977779388428, 0
u,0.5798059701919556, 0.38374537229537964, 0
u,0.5671369433403015, 0.39511609077453613, 0
u,0.5561730265617371, 0.3924977779388428, 0
u,0.5464387536048889, 0.39438456296920776, 0
u,0.5311771035194397, 0.399416446685791, 0
u,0.5300191044807434, 0.38893550634384155, 0
u,0.5951641798019409, 0.408042848110199, 0
u,0.5671369433403015, 0.39511609077453613, 0
u,0.5798059701919556, 0.38374537229537964, 0
u,0.5394484400749207, 0.39832282066345215, 0
u,0.5311771035194397, 0.399416446685791, 0
u,0.5464387536048889, 0.39438456296920776, 0
u,0.635612428188324, 0.4013252854347229, 0
u,0.5955376625061035, 0.3866868019104004, 0
u,0.6334148049354553, 0.38561636209487915, 0
u,0.5394484400749207, 0.39832282066345215, 0
u,0.5355513691902161, 0.40175187587738037, 0
u,0.5311771035194397, 0.399416446685791, 0
u,0.5951641798019409, 0.408042848110199, 0
u,0.5775343775749207, 0.4026229977607727, 0
u,0.5671369433403015, 0.39511609077453613, 0
u,0.5951641798019409, 0.408042848110199, 0
u,0.5871970653533936, 0.414569616317749, 0
u,0.5775343775749207, 0.4026229977607727, 0
u,0.635612428188324, 0.4013252854347229, 0
u,0.6084708571434021, 0.4286237955093384, 0
u,0.5955376625061035, 0.3866868019104004, 0
u,0.6410378813743591, 0.42686766386032104, 0
u,0.6084708571434021, 0.4286237955093384, 0
u,0.635612428188324, 0.4013252854347229, 0
u,0.5951641798019409, 0.408042848110199, 0
u,0.59665447473526, 0.43040430545806885, 0
u,0.5871970653533936, 0.414569616317749, 0
u,0.606061577796936, 0.4287600517272949, 0
u,0.59665447473526, 0.43040430545806885, 0
u,0.5951641798019409, 0.408042848110199, 0
u,0.6410378813743591, 0.42686766386032104, 0
u,0.606061577796936, 0.4287600517272949, 0
u,0.6084708571434021, 0.4286237955093384, 0
u,0.6410378813743591, 0.42686766386032104, 0
u,0.59665447473526, 0.43040430545806885, 0
u,0.606061577796936, 0.4287600517272949, 0
u,0.6410378813743591, 0.42686766386032104, 0
u,0.6075925230979919, 0.4540392756462097, 0
u,0.59665447473526, 0.43040430545806885, 0
u,0.6480901837348938, 0.45323920249938965, 0
u,0.6075925230979919, 0.4540392756462097, 0
u,0.6410378813743591, 0.42686766386032104, 0
u,0.6480901837348938, 0.45323920249938965, 0
u,0.6196402907371521, 0.4918246865272522, 0
u,0.6075925230979919, 0.4540392756462097, 0
u,0.6611157059669495, 0.49362343549728394, 0
u,0.6196402907371521, 0.4918246865272522, 0
u,0.6480901837348938, 0.45323920249938965, 0
u,0.6611157059669495, 0.49362343549728394, 0
u,0.6254992485046387, 0.5182296335697174, 0
u,0.6196402907371521, 0.4918246865272522, 0
u,0.6701620221138, 0.5188547074794769, 0
u,0.6254992485046387, 0.5182296335697174, 0
u,0.6611157059669495, 0.49362343549728394, 0
u,0.6701620221138, 0.5188547074794769, 0
u,0.643555223941803, 0.5196372270584106, 0
u,0.6254992485046387, 0.5182296335697174, 0
u,0.6664184331893921, 0.5232283771038055, 0
u,0.643555223941803, 0.5196372270584106, 0
u,0.6701620221138, 0.5188547074794769, 0
u,0.4329906702041626, 0.3441409468650818, 0
u,0.4405505359172821, 0.34269988536834717, 0
u,0.4447243809700012, 0.34356313943862915, 0
u,0.4988116919994354, 0.3475257158279419, 0
u,0.5052130222320557, 0.346648633480072, 0
u,0.5126602053642273, 0.3469371795654297, 0
u,0.4988116919994354, 0.3475257158279419, 0
u,0.5126602053642273, 0.3469371795654297, 0
u,0.5198637843132019, 0.34885483980178833, 0
u,0.4329906702041626, 0.3441409468650818, 0
u,0.4447243809700012, 0.34356313943862915, 0
u,0.44792449474334717, 0.3458092212677002, 0
u,0.49120885133743286, 0.35028505325317383, 0
u,0.4988116919994354, 0.3475257158279419, 0
u,0.5198637843132019, 0.34885483980178833, 0
u,0.41888564825057983, 0.35003405809402466, 0
u,0.4329906702041626, 0.3441409468650818, 0
u,0.44792449474334717, 0.3458092212677002, 0
u,0.41888564825057983, 0.35003405809402466, 0
u,0.44792449474334717, 0.3458092212677002, 0
u,0.45066604018211365, 0.35052186250686646, 0
u,0.49120885133743286, 0.35028505325317383, 0
u,0.5198637843132019, 0.34885483980178833, 0
u,0.5141522288322449, 0.3663719892501831, 0
u,0.4823203980922699, 0.3570091128349304, 0
u,0.49120885133743286, 0.35028505325317383, 0
u,0.5141522288322449, 0.3663719892501831, 0
u,0.41888564825057983, 0.35003405809402466, 0
u,0.45066604018211365, 0.35052186250686646, 0
u,0.451209157705307, 0.35738784074783325, 0
u,0.3912779986858368, 0.36644941568374634, 0
u,0.41888564825057983, 0.35003405809402466, 0
u,0.451209157705307, 0.35738784074783325, 0
u,0.47329872846603394, 0.3664374351501465, 0
u,0.4823203980922699, 0.3570091128349304, 0
u,0.5141522288322449, 0.3663719892501831, 0
u,0.3912779986858368, 0.36644941568374634, 0
u,0.451209157705307, 0.35738784074783325, 0
u,0.44899603724479675, 0.36870241165161133, 0
u,0.46036309003829956, 0.3829888701438904, 0
u,0.47329872846603394, 0.3664374351501465, 0
u,0.5141522288322449, 0.3663719892501831, 0
u,0.46036309003829956, 0.3829888701438904, 0
u,0.5141522288322449, 0.3663719892501831, 0
u,0.5098628997802734, 0.38768064975738525, 0
u,0.3912779986858368, 0.36644941568374634, 0
u,0.44899603724479675, 0.36870241165161133, 0
u,0.40336236357688904, 0.37621182203292847, 0
u,0.40336236357688904, 0.37621182203292847, 0
u,0.44899603724479675, 0.36870241165161133, 0
u,0.4422825276851654, 0.39286231994628906, 0
u,0.3912779986858368, 0.36644941568374634, 0
u,0.40336236357688904, 0.37621182203292847, 0
u,0.3969670534133911, 0.37743085622787476, 0
u,0.3695428669452667, 0.3813691735267639, 0
u,0.3912779986858368, 0.36644941568374634, 0
u,0.3969670534133911, 0.37743085622787476, 0
u,0.40576210618019104, 0.3784991502761841, 0
u,0.40336236357688904, 0.37621182203292847, 0
u,0.4422825276851654, 0.39286231994628906, 0
u,0.8313809633255005, 0.20978772640228271, 0
u,0.777641236782074, 0.23456567525863647, 0
u,0.7776415944099426, 0.20885741710662842, 0
u,0.40632304549217224, 0.38530856370925903, 0
u,0.40576210618019104, 0.3784991502761841, 0
u,0.4422825276851654, 0.39286231994628906, 0
u,0.3695428669452667, 0.3813691735267639, 0
u,0.3969670534133911, 0.37743085622787476, 0
u,0.38192737102508545, 0.38564443588256836, 0
u,0.3733823001384735, 0.3917319178581238, 0
u,0.3695428669452667, 0.3813691735267639, 0
u,0.38192737102508545, 0.38564443588256836, 0
u,0.48240867257118225, 0.39262324571609497, 0
u,0.46036309003829956, 0.3829888701438904, 0
u,0.48877301812171936, 0.3931393027305603, 0
u,0.48877301812171936, 0.3931393027305603, 0
u,0.46036309003829956, 0.3829888701438904, 0
u,0.5098628997802734, 0.38768064975738525, 0
u,0.49452829360961914, 0.3949275612831116, 0
u,0.48877301812171936, 0.3931393027305603, 0
u,0.5098628997802734, 0.38768064975738525, 0
u,0.46036309003829956, 0.3829888701438904, 0
u,0.48240867257118225, 0.39262324571609497, 0
u,0.4733182191848755, 0.3947393298149109, 0
u,0.49452829360961914, 0.3949275612831116, 0
u,0.5098628997802734, 0.38768064975738525, 0
u,0.5085233449935913, 0.39939385652542114, 0
u,0.4488193392753601, 0.40091949701309204, 0
u,0.46036309003829956, 0.3829888701438904, 0
u,0.4733182191848755, 0.3947393298149109, 0
u,0.5006745457649231, 0.39861661195755005, 0
u,0.49452829360961914, 0.3949275612831116, 0
u,0.5085233449935913, 0.39939385652542114, 0
u,0.40391796827316284, 0.4022143483161926, 0
u,0.40632304549217224, 0.38530856370925903, 0
u,0.4422825276851654, 0.39286231994628906, 0
u,0.5006745457649231, 0.39861661195755005, 0
u,0.5085233449935913, 0.39939385652542114, 0
u,0.5041484832763672, 0.40172821283340454, 0
u,0.4488193392753601, 0.40091949701309204, 0
u,0.4733182191848755, 0.3947393298149109, 0
u,0.46288827061653137, 0.40189701318740845, 0
u,0.4334087371826172, 0.42868274450302124, 0
u,0.4488193392753601, 0.40091949701309204, 0
u,0.46288827061653137, 0.40189701318740845, 0
u,0.4334087371826172, 0.42868274450302124, 0
u,0.46288827061653137, 0.40189701318740845, 0
u,0.4534027874469757, 0.41323959827423096, 0
u,0.40391796827316284, 0.4022143483161926, 0
u,0.4422825276851654, 0.39286231994628906, 0
u,0.43121102452278137, 0.4285809397697449, 0
u,0.39659154415130615, 0.435538113117218, 0
u,0.40391796827316284, 0.4022143483161926, 0
u,0.43121102452278137, 0.4285809397697449, 0
u,0.4334087371826172, 0.42868274450302124, 0
u,0.4534027874469757, 0.41323959827423096, 0
u,0.443720281124115, 0.42909663915634155, 0
u,0.39659154415130615, 0.435538113117218, 0
u,0.43121102452278137, 0.4285809397697449, 0
u,0.4334087371826172, 0.42868274450302124, 0
u,0.39659154415130615, 0.435538113117218, 0
u,0.4334087371826172, 0.42868274450302124, 0
u,0.443720281124115, 0.42909663915634155, 0
u,0.39659154415130615, 0.435538113117218, 0
u,0.443720281124115, 0.42909663915634155, 0
u,0.4330460727214813, 0.45159947872161865, 0
u,0.38358908891677856, 0.4786754846572876, 0
u,0.39659154415130615, 0.435538113117218, 0
u,0.4330460727214813, 0.45159947872161865, 0
u,0.38358908891677856, 0.4786754846572876, 0
u,0.4330460727214813, 0.45159947872161865, 0
u,0.42080020904541016, 0.48888659477233887, 0
u,0.3695428669452667, 0.5188352167606354, 0
u,0.38358908891677856, 0.4786754846572876, 0
u,0.42080020904541016, 0.48888659477233887, 0
u,0.3695428669452667, 0.5188352167606354, 0
u,0.42080020904541016, 0.48888659477233887, 0
u,0.41418707370758057, 0.5180622339248657, 0
u,0.3695428669452667, 0.5188352167606354, 0
u,0.41418707370758057, 0.5180622339248657, 0
u,0.387240469455719, 0.5207453668117523, 0
u,0.37329161167144775, 0.5232284069061279, 0
u,0.3695428669452667, 0.5188352167606354, 0
u,0.387240469455719, 0.5207453668117523, 0
u,0.47593212127685547, 0.7874611914157867, 0
u,0.4759327173233032, 0.8032953888177872, 0
u,0.42219278216362, 0.7900062799453735, 0
u,0.18174323439598083, 0.06792217493057251, 0
u,0.17157338559627533, 0.0679059624671936, 0
u,0.1795322299003601, 0.014179229736328125, 0
u,0.47593387961387634, 0.7173816859722137, 0
u,0.4759327173233032, 0.7406759560108185, 0
u,0.42219439148902893, 0.7173270881175995, 0
u,0.7776412963867188, 0.2616538405418396, 0
u,0.777641236782074, 0.23456567525863647, 0
u,0.8313806056976318, 0.24341970682144165, 0
u,0.7776420712471008, 0.30397236347198486, 0
u,0.7776412963867188, 0.2616538405418396, 0
u,0.8313811421394348, 0.28827965259552, 0
u,0.4759327173233032, 0.8032953888177872, 0
u,0.47593387961387634, 0.8127014338970184, 0
u,0.4221942722797394, 0.8117098361253738, 0
u,0.10748054087162018, 0.17108964920043945, 0
u,0.10748039186000824, 0.1458558440208435, 0
u,0.16121990978717804, 0.16443610191345215, 0
u,0.9678067564964294, 0.6197396218776703, 0
u,0.9578914642333984, 0.6197396218776703, 0
u,0.9631648063659668, 0.5660003423690796, 0
u,0.10748021304607391, 0.18352121114730835, 0
u,0.10748044401407242, 0.17914044857025146, 0
u,0.16121970117092133, 0.1824866533279419, 0
u,0.10748044401407242, 0.17914044857025146, 0
u,0.10748054087162018, 0.17108964920043945, 0
u,0.16121990978717804, 0.17595124244689941, 0
u,0.7776428461074829, 0.3307536244392395, 0
u,0.7776420712471008, 0.30397236347198486, 0
u,0.8313822150230408, 0.33077341318130493, 0
u,0.9542906880378723, 0.8426007628440857, 0
u,0.9325780868530273, 0.842599555850029, 0
u,0.9458127617835999, 0.7888609915971756, 0
u,0.18138019740581512, 0.3368672728538513, 0
u,0.17856428027153015, 0.33684825897216797, 0
u,0.18038170039653778, 0.2831200361251831, 0
u,0.18318429589271545, 0.33687883615493774, 0
u,0.18138019740581512, 0.3368672728538513, 0
u,0.18318429589271545, 0.2831384539604187, 0
u,0.7776421308517456, 0.19347476959228516, 0
u,0.7776427268981934, 0.18778765201568604, 0
u,0.8313815593719482, 0.19321900606155396, 0
u,0.9717186093330383, 0.8426011949777603, 0
u,0.9542906880378723, 0.8426007628440857, 0
u,0.9717056751251221, 0.7888618409633636, 0
u,0.4759320318698883, 0.7689649909734726, 0
u,0.47593212127685547, 0.7874611914157867, 0
u,0.42219260334968567, 0.7698043882846832, 0
u,0.17856428027153015, 0.33684825897216797, 0
u,0.17141923308372498, 0.3367980718612671, 0
u,0.17435109615325928, 0.28307807445526123, 0
u,0.10748039186000824, 0.1458558440208435, 0
u,0.16121971607208252, 0.13937115669250488, 0
u,0.16121990978717804, 0.16443610191345215, 0
u,0.17856428027153015, 0.33684825897216797, 0
u,0.17435109615325928, 0.28307807445526123, 0
u,0.18038170039653778, 0.2831200361251831, 0
u,0.9578914642333984, 0.6197396218776703, 0
u,0.9568232297897339, 0.5660000741481781, 0
u,0.9631648063659668, 0.5660003423690796, 0
u,0.8541001081466675, 0.4540597200393677, 0
u,0.9078395366668701, 0.4310504198074341, 0
u,0.9078394770622253, 0.45661741495132446, 0
u,0.9867436289787292, 0.788808137178421, 0
u,0.998762309551239, 0.8425052762031555, 0
u,0.9862943887710571, 0.8425494581460953, 0
u,0.8540987968444824, 0.5231055617332458, 0
u,0.9078388810157776, 0.4961887001991272, 0
u,0.9078381657600403, 0.5232283771038055, 0
u,0.9280850291252136, 0.7888617813587189, 0
u,0.9325780868530273, 0.842599555850029, 0
u,0.9280484318733215, 0.8426011949777603, 0
u,0.47703564167022705, 0.058989524841308594, 0
u,0.4233068525791168, 0.08100491762161255, 0
u,0.42329519987106323, 0.05686146020889282, 0
u,0.8541001081466675, 0.4296538233757019, 0
u,0.9078393578529358, 0.4134112596511841, 0
u,0.9078395366668701, 0.4310504198074341, 0
u,0.9865469336509705, 0.8925194069743156, 0
u,0.9923695921897888, 0.9462588056921959, 0
u,0.9860773682594299, 0.9462587982416153, 0
u,0.1612192839384079, 0.18640440702438354, 0
u,0.10748021304607391, 0.18352121114730835, 0
u,0.16121970117092133, 0.1824866533279419, 0
u,0.8450078964233398, 0.0799398422241211, 0
u,0.8653997778892517, 0.13367927074432373, 0
u,0.8437684774398804, 0.13367921113967896, 0
u,0.10748044401407242, 0.17914044857025146, 0
u,0.16121990978717804, 0.17595124244689941, 0
u,0.16121970117092133, 0.1824866533279419, 0
u,0.42219308018684387, 0.7488482594490051, 0
u,0.4759320318698883, 0.7689649909734726, 0
u,0.42219260334968567, 0.7698043882846832, 0
u,0.8313815593719482, 0.19321900606155396, 0
u,0.7776415944099426, 0.20885741710662842, 0
u,0.7776421308517456, 0.19347476959228516, 0
u,0.8540995121002197, 0.3986515402793884, 0
u,0.9078382253646851, 0.38971883058547974, 0
u,0.9078389406204224, 0.3994978666305542, 0
u,0.3672848045825958, 0.28219032287597656, 0
u,0.3694779574871063, 0.3359292149543762, 0
u,0.36707058548927307, 0.3359297513961792, 0
u,0.9791222214698792, 0.8925194069743156, 0
u,0.9860773682594299, 0.9462587982416153, 0
u,0.9788316488265991, 0.9462588019669056, 0
u,0.9717352390289307, 0.8925194293260574, 0
u,0.9788316488265991, 0.9462588019669056, 0
u,0.9717488884925842, 0.9462588205933571, 0
u,0.4759327173233032, 0.8032953888177872, 0
u,0.4221942722797394, 0.8117098361253738, 0
u,0.4221932888031006, 0.8021359145641327, 0
u,0.9927880764007568, 0.8925194069743156, 0
u,0.9988418221473694, 0.9462588205933571, 0
u,0.9923695921897888, 0.9462588056921959, 0
u,0.47704625129699707, 0.08098989725112915, 0
u,0.42330682277679443, 0.08907884359359741, 0
u,0.4233068525791168, 0.08100491762161255, 0
u,0.47593212127685547, 0.7874611914157867, 0
u,0.42219278216362, 0.7900062799453735, 0
u,0.42219260334968567, 0.7698043882846832, 0
u,0.18138019740581512, 0.3368672728538513, 0
u,0.18038170039653778, 0.2831200361251831, 0
u,0.18318429589271545, 0.2831384539604187, 0
u,0.9759110808372498, 0.5659992694854736, 0
u,0.9799289703369141, 0.6197378039360046, 0
u,0.9754343628883362, 0.6197387278079987, 0
u,0.9678067564964294, 0.6197396218776703, 0
u,0.9631648063659668, 0.5660003423690796, 0
u,0.9691593647003174, 0.5660001337528229, 0
u,0.16121971607208252, 0.13937115669250488, 0
u,0.10747991502285004, 0.10204172134399414, 0
u,0.1612192988395691, 0.10203981399536133, 0
u,0.9568232297897339, 0.5660000741481781, 0
u,0.9476553201675415, 0.6197378933429718, 0
u,0.9483264088630676, 0.5659986734390259, 0
u,0.8333151936531067, 0.07993966341018677, 0
u,0.8437684774398804, 0.13367921113967896, 0
u,0.8333153128623962, 0.1336790919303894, 0
u,0.8540999293327332, 0.4119376540184021, 0
u,0.9078389406204224, 0.3994978666305542, 0
u,0.9078393578529358, 0.4134112596511841, 0
u,0.9542906880378723, 0.8426007628440857, 0
u,0.9458127617835999, 0.7888609915971756, 0
u,0.9717056751251221, 0.7888618409633636, 0
u,0.47702255845069885, 0.03339415788650513, 0
u,0.42329519987106323, 0.05686146020889282, 0
u,0.4232824444770813, 0.032112300395965576, 0
u,0.9325780868530273, 0.842599555850029, 0
u,0.9326244592666626, 0.7888601422309875, 0
u,0.9458127617835999, 0.7888609915971756, 0
u,0.9717184901237488, 0.7888614535331726, 0
u,0.975163996219635, 0.842588946223259, 0
u,0.9717184901237488, 0.8426011949777603, 0
u,0.7776427268981934, 0.18778765201568604, 0
u,0.8313822150230408, 0.18712085485458374, 0
u,0.8313815593719482, 0.19321900606155396, 0
u,0.8667234182357788, 0.07993990182876587, 0
u,0.8850888013839722, 0.1336790919303894, 0
u,0.8653997778892517, 0.13367927074432373, 0
u,0.9691593647003174, 0.5660001337528229, 0
u,0.9754343628883362, 0.6197387278079987, 0
u,0.9678067564964294, 0.6197396218776703, 0
u,0.4759327173233032, 0.8032953888177872, 0
u,0.4221932888031006, 0.8021359145641327, 0
u,0.42219278216362, 0.7900062799453735, 0
u,0.975174605846405, 0.7888491749763489, 0
u,0.9791896939277649, 0.8425746560096741, 0
u,0.975163996219635, 0.842588946223259, 0
u,0.17435109615325928, 0.28307807445526123, 0
u,0.16325527429580688, 0.3367399573326111, 0
u,0.16122041642665863, 0.2829846739768982, 0
u,0.10748054087162018, 0.17108964920043945, 0
u,0.16121990978717804, 0.16443610191345215, 0
u,0.16121990978717804, 0.17595124244689941, 0
u,0.9837594032287598, 0.5659995377063751, 0
u,0.9799289703369141, 0.6197378039360046, 0
u,0.9799289703369141, 0.5659984052181244, 0
u,0.17157338559627533, 0.0679059624671936, 0
u,0.17157338559627533, 0.014166474342346191, 0
u,0.1795322299003601, 0.014179229736328125, 0
u,0.9794236421585083, 0.7888340950012207, 0
u,0.9862943887710571, 0.8425494581460953, 0
u,0.9791896939277649, 0.8425746560096741, 0
u,0.4759327173233032, 0.7406759560108185, 0
u,0.42219308018684387, 0.7488482594490051, 0
u,0.42219439148902893, 0.7173270881175995, 0
u,0.8540995121002197, 0.4931953549385071, 0
u,0.9078394770622253, 0.45661741495132446, 0
u,0.9078388810157776, 0.4961887001991272, 0
u,0.7776412963867188, 0.2616538405418396, 0
u,0.8313806056976318, 0.24341970682144165, 0
u,0.8313811421394348, 0.28827965259552, 0
u,0.7776420712471008, 0.30397236347198486, 0
u,0.8313811421394348, 0.28827965259552, 0
u,0.8313822150230408, 0.33077341318130493, 0
u,0.8313809633255005, 0.20978772640228271, 0
u,0.8313806056976318, 0.24341970682144165, 0
u,0.777641236782074, 0.23456567525863647, 0
u,0.8541001081466675, 0.4540597200393677, 0
u,0.8541001081466675, 0.4296538233757019, 0
u,0.9078395366668701, 0.4310504198074341, 0
u,0.9867436289787292, 0.788808137178421, 0
u,0.9999998807907104, 0.7887611538171768, 0
u,0.998762309551239, 0.8425052762031555, 0
u,0.8540987968444824, 0.5231055617332458, 0
u,0.8540995121002197, 0.4931953549385071, 0
u,0.9078388810157776, 0.4961887001991272, 0
u,0.9280850291252136, 0.7888617813587189, 0
u,0.9326244592666626, 0.7888601422309875, 0
u,0.9325780868530273, 0.842599555850029, 0
u,0.47703564167022705, 0.058989524841308594, 0
u,0.47704625129699707, 0.08098989725112915, 0
u,0.4233068525791168, 0.08100491762161255, 0
u,0.8541001081466675, 0.4296538233757019, 0
u,0.8540999293327332, 0.4119376540184021, 0
u,0.9078393578529358, 0.4134112596511841, 0
u,0.9865469336509705, 0.8925194069743156, 0
u,0.9927880764007568, 0.8925194069743156, 0
u,0.9923695921897888, 0.9462588056921959, 0
u,0.1612192839384079, 0.18640440702438354, 0
u,0.10747991502285004, 0.1862679123878479, 0
u,0.10748021304607391, 0.18352121114730835, 0
u,0.8450078964233398, 0.0799398422241211, 0
u,0.8667234182357788, 0.07993990182876587, 0
u,0.8653997778892517, 0.13367927074432373, 0
u,0.42219308018684387, 0.7488482594490051, 0
u,0.4759327173233032, 0.7406759560108185, 0
u,0.4759320318698883, 0.7689649909734726, 0
u,0.8313815593719482, 0.19321900606155396, 0
u,0.8313809633255005, 0.20978772640228271, 0
u,0.7776415944099426, 0.20885741710662842, 0
u,0.8540995121002197, 0.3986515402793884, 0
u,0.8540987968444824, 0.38920170068740845, 0
u,0.9078382253646851, 0.38971883058547974, 0
u,0.3672848045825958, 0.28219032287597656, 0
u,0.3694779574871063, 0.28218984603881836, 0
u,0.3694779574871063, 0.3359292149543762, 0
u,0.9791222214698792, 0.8925194069743156, 0
u,0.9865469336509705, 0.8925194069743156, 0
u,0.9860773682594299, 0.9462587982416153, 0
u,0.9717352390289307, 0.8925194293260574, 0
u,0.9791222214698792, 0.8925194069743156, 0
u,0.9788316488265991, 0.9462588019669056, 0
u,0.9927880764007568, 0.8925194069743156, 0
u,0.9999857544898987, 0.8925194293260574, 0
u,0.9988418221473694, 0.9462588205933571, 0
u,0.47704625129699707, 0.08098989725112915, 0
u,0.47704625129699707, 0.08914703130722046, 0
u,0.42330682277679443, 0.08907884359359741, 0
u,0.9759110808372498, 0.5659992694854736, 0
u,0.9799289703369141, 0.5659984052181244, 0
u,0.9799289703369141, 0.6197378039360046, 0
u,0.16121971607208252, 0.13937115669250488, 0
u,0.10748039186000824, 0.1458558440208435, 0
u,0.10747991502285004, 0.10204172134399414, 0
u,0.9568232297897339, 0.5660000741481781, 0
u,0.9578914642333984, 0.6197396218776703, 0
u,0.9476553201675415, 0.6197378933429718, 0
u,0.8333151936531067, 0.07993966341018677, 0
u,0.8450078964233398, 0.0799398422241211, 0
u,0.8437684774398804, 0.13367921113967896, 0
u,0.8540999293327332, 0.4119376540184021, 0
u,0.8540995121002197, 0.3986515402793884, 0
u,0.9078389406204224, 0.3994978666305542, 0
u,0.47702255845069885, 0.03339415788650513, 0
u,0.47703564167022705, 0.058989524841308594, 0
u,0.42329519987106323, 0.05686146020889282, 0
u,0.9717184901237488, 0.7888614535331726, 0
u,0.975174605846405, 0.7888491749763489, 0
u,0.975163996219635, 0.842588946223259, 0
u,0.8667234182357788, 0.07993990182876587, 0
u,0.8850991129875183, 0.07993966341018677, 0
u,0.8850888013839722, 0.1336790919303894, 0
u,0.9691593647003174, 0.5660001337528229, 0
u,0.9759110808372498, 0.5659992694854736, 0
u,0.9754343628883362, 0.6197387278079987, 0
u,0.975174605846405, 0.7888491749763489, 0
u,0.9794236421585083, 0.7888340950012207, 0
u,0.9791896939277649, 0.8425746560096741, 0
u,0.17435109615325928, 0.28307807445526123, 0
u,0.17141923308372498, 0.3367980718612671, 0
u,0.16325527429580688, 0.3367399573326111, 0
u,0.9837594032287598, 0.5659995377063751, 0
u,0.9837594032287598, 0.6197389364242554, 0
u,0.9799289703369141, 0.6197378039360046, 0
u,0.9794236421585083, 0.7888340950012207, 0
u,0.9867436289787292, 0.788808137178421, 0
u,0.9862943887710571, 0.8425494581460953, 0
u,0.8540995121002197, 0.4931953549385071, 0
u,0.8541001081466675, 0.4540597200393677, 0
u,0.9078394770622253, 0.45661741495132446, 0
