v,0.0011194077087566257, 0.012434441596269608, 0.0025421821046620607
v,0.0014421377563849092, 0.012993426993489265, 0.002595736412331462
v,0.001327458769083023, 0.012794797308743, 0.002635729731991887
v,0.0030083453748375177, 0.015706177800893784, 0.0025556229520589113
v,0.003401057329028845, 0.016386374831199646, 0.0026258656289428473
v,0.0031920522451400757, 0.01602436788380146, 0.002622522646561265
v,0.0030083453748375177, 0.015706177800893784, 0.0025556229520589113
v,0.003602295881137252, 0.016734931617975235, 0.0025403278414160013
v,0.003401057329028845, 0.016386374831199646, 0.0026258656289428473
v,0.0011194077087566257, 0.012434441596269608, 0.0025421821046620607
v,0.00153718376532197, 0.013158051297068596, 0.002471516141667962
v,0.0014421377563849092, 0.012993426993489265, 0.002595736412331462
v,0.0028164563700556755, 0.015373816713690758, 0.0024019728880375624
v,0.003602295881137252, 0.016734931617975235, 0.0025403278414160013
v,0.0030083453748375177, 0.015706177800893784, 0.0025556229520589113
v,0.0007479494670405984, 0.011791056953370571, 0.0021938171703368425
v,0.00153718376532197, 0.013158051297068596, 0.002471516141667962
v,0.0011194077087566257, 0.012434441596269608, 0.0025421821046620607
v,0.0007479494670405984, 0.011791056953370571, 0.0021938171703368425
v,0.0016012700507417321, 0.013269051909446716, 0.002286709612235427
v,0.00153718376532197, 0.013158051297068596, 0.002471516141667962
v,0.0028164563700556755, 0.015373816713690758, 0.0024019728880375624
v,0.003459691070020199, 0.016487931832671165, 0.0014415361220017076
v,0.003602295881137252, 0.016734931617975235, 0.0025403278414160013
v,0.002561206230893731, 0.014931710436940193, 0.002004565903916955
v,0.003459691070020199, 0.016487931832671165, 0.0014415361220017076
v,0.0028164563700556755, 0.015373816713690758, 0.0024019728880375624
v,0.0007479494670405984, 0.011791056953370571, 0.0021938171703368425
v,0.001641139853745699, 0.01333810854703188, 0.0020153590012341738
v,0.0016012700507417321, 0.013269051909446716, 0.002286709612235427
v,0.0007479494670405984, 0.011791056953370571, 0.0021938171703368425
v,0.0016318397829309106, 0.01332200039178133, 0.0015476677799597383
v,0.001641139853745699, 0.01333810854703188, 0.0020153590012341738
v,-3.223242970307183e-07, 0.010495012626051903, 0.0012005126336589456
v,0.0016318397829309106, 0.01332200039178133, 0.0015476677799597383
v,0.0007479494670405984, 0.011791056953370571, 0.0021938171703368425
v,0.0022477007005363703, 0.014388702809810638, 0.0012562229530885816
v,0.003459691070020199, 0.016487931832671165, 0.0014415361220017076
v,0.002561206230893731, 0.014931710436940193, 0.002004565903916955
v,-3.223242970307183e-07, 0.010495012626051903, 0.0012005126336589456
v,0.0014905876014381647, 0.013077344745397568, 0.00012385511945467442
v,0.0016318397829309106, 0.01332200039178133, 0.0015476677799597383
v,0.0019375585252419114, 0.013851520605385303, 0.00034377904376015067
v,0.003459691070020199, 0.016487931832671165, 0.0014415361220017076
v,0.0022477007005363703, 0.014388702809810638, 0.0012562229530885816
v,0.0019375585252419114, 0.013851520605385303, 0.00034377904376015067
v,0.0033756073098629713, 0.016342295333743095, 0.00020710557873826474
v,0.003459691070020199, 0.016487931832671165, 0.0014415361220017076
v,-3.223242970307183e-07, 0.010495012626051903, 0.0012005126336589456
v,0.000259936205111444, 0.010945793241262436, 0.0005927096935920417
v,0.0014905876014381647, 0.013077344745397568, 0.00012385511945467442
v,0.0003388402983546257, 0.01108245924115181, 0.0005519168335013092
v,0.0014905876014381647, 0.013077344745397568, 0.00012385511945467442
v,0.000259936205111444, 0.010945793241262436, 0.0005927096935920417
v,-0.0006607867544516921, 0.009351054206490517, 0.00018405744049232453
v,0.000259936205111444, 0.010945793241262436, 0.0005927096935920417
v,-3.223242970307183e-07, 0.010495012626051903, 0.0012005126336589456
v,-0.0006607867544516921, 0.009351054206490517, 0.00018405744049232453
v,3.955187276005745e-05, 0.010564076714217663, 0.0004125397535972297
v,0.000259936205111444, 0.010945793241262436, 0.0005927096935920417
v,0.0003819660050794482, 0.01115715503692627, 0.00042136170668527484
v,0.0014905876014381647, 0.013077344745397568, 0.00012385511945467442
v,0.0003388402983546257, 0.01108245924115181, 0.0005519168335013092
v,0.0004012061981484294, 0.011190480552613735, 6.254313484532759e-05
v,0.0014905876014381647, 0.013077344745397568, 0.00012385511945467442
v,0.0003819660050794482, 0.01115715503692627, 0.00042136170668527484
v,-0.0006607867544516921, 0.009351054206490517, 0.00018405744049232453
v,-0.00022094255837146193, 0.010112887248396873, 8.45898684929125e-05
v,3.955187276005745e-05, 0.010564076714217663, 0.0004125397535972297
v,-0.0005345655954442918, 0.009569675661623478, -0.0003928968799300492
v,-0.00022094255837146193, 0.010112887248396873, 8.45898684929125e-05
v,-0.0006607867544516921, 0.009351054206490517, 0.00018405744049232453
v,0.002630366710945964, 0.01505149994045496, -8.226006320910528e-05
v,0.0033756073098629713, 0.016342295333743095, 0.00020710557873826474
v,0.0019375585252419114, 0.013851520605385303, 0.00034377904376015067
v,0.0029129469767212868, 0.01554094348102808, -0.00015906112093944103
v,0.0033756073098629713, 0.016342295333743095, 0.00020710557873826474
v,0.002630366710945964, 0.01505149994045496, -8.226006320910528e-05
v,0.0019375585252419114, 0.013851520605385303, 0.00034377904376015067
v,0.002319781109690666, 0.014513549394905567, -0.0002681727637536824
v,0.002630366710945964, 0.01505149994045496, -8.226006320910528e-05
v,0.0029129469767212868, 0.01554094348102808, -0.00015906112093944103
v,0.003359343158081174, 0.016314124688506126, -0.000398570264223963
v,0.0033756073098629713, 0.016342295333743095, 0.00020710557873826474
v,0.0015359281096607447, 0.013155876658856869, -0.0011014193296432495
v,0.002319781109690666, 0.014513549394905567, -0.0002681727637536824
v,0.0019375585252419114, 0.013851520605385303, 0.00034377904376015067
v,0.0031200572848320007, 0.015899669378995895, -0.00036257837200537324
v,0.003359343158081174, 0.016314124688506126, -0.000398570264223963
v,0.0029129469767212868, 0.01554094348102808, -0.00015906112093944103
v,0.00036356219789013267, 0.01112527959048748, -0.0008467499283142388
v,0.0014905876014381647, 0.013077344745397568, 0.00012385511945467442
v,0.0004012061981484294, 0.011190480552613735, 6.254313484532759e-05
v,0.0031200572848320007, 0.015899669378995895, -0.00036257837200537324
v,0.003237521043047309, 0.016103122383356094, -0.0005468757008202374
v,0.003359343158081174, 0.016314124688506126, -0.000398570264223963
v,0.0015359281096607447, 0.013155876658856869, -0.0011014193296432495
v,0.0020333847496658564, 0.014017497189342976, -0.0007330037769861519
v,0.002319781109690666, 0.014513549394905567, -0.0002681727637536824
v,0.0015359281096607447, 0.013155876658856869, -0.0011014193296432495
v,0.001775283832103014, 0.0135704530403018, -0.0014504229184240103
v,0.0020333847496658564, 0.014017497189342976, -0.0007330037769861519
v,0.00036356219789013267, 0.01112527959048748, -0.0008467499283142388
v,0.001187184709124267, 0.012551835738122463, -0.0023265257477760315
v,0.0014905876014381647, 0.013077344745397568, 0.00012385511945467442
v,0.0002491723280400038, 0.010927150025963783, -0.002331244759261608
v,0.001187184709124267, 0.012551835738122463, -0.0023265257477760315
v,0.00036356219789013267, 0.01112527959048748, -0.0008467499283142388
v,0.0015359281096607447, 0.013155876658856869, -0.0011014193296432495
v,0.0015293792821466923, 0.013144534081220627, -0.0023904722183942795
v,0.001775283832103014, 0.0135704530403018, -0.0014504229184240103
v,0.001256587216630578, 0.012672044336795807, -0.0023265378549695015
v,0.0015293792821466923, 0.013144534081220627, -0.0023904722183942795
v,0.0015359281096607447, 0.013155876658856869, -0.0011014193296432495
v,0.0002491723280400038, 0.010927150025963783, -0.002331244759261608
v,0.001256587216630578, 0.012672044336795807, -0.0023265378549695015
v,0.001187184709124267, 0.012551835738122463, -0.0023265257477760315
v,0.0002491723280400038, 0.010927150025963783, -0.002331244759261608
v,0.0015293792821466923, 0.013144534081220627, -0.0023904722183942795
v,0.001256587216630578, 0.012672044336795807, -0.0023265378549695015
v,0.0002491723280400038, 0.010927150025963783, -0.002331244759261608
v,0.0012536018621176481, 0.012666873633861542, -0.0037832933012396097
v,0.0015293792821466923, 0.013144534081220627, -0.0023904722183942795
v,8.940890256781131e-05, 0.010650431737303734, -0.0038686280604451895
v,0.0012536018621176481, 0.012666873633861542, -0.0037832933012396097
v,0.0002491723280400038, 0.010927150025963783, -0.002331244759261608
v,8.940890256781131e-05, 0.010650431737303734, -0.0038686280604451895
v,0.0009688933496363461, 0.012173743918538094, -0.0059923748485744
v,0.0012536018621176481, 0.012666873633861542, -0.0037832933012396097
v,-0.0002191634994233027, 0.010115968994796276, -0.0062301321886479855
v,0.0009688933496363461, 0.012173743918538094, -0.0059923748485744
v,8.940890256781131e-05, 0.010650431737303734, -0.0038686280604451895
v,-0.0002191634994233027, 0.010115968994796276, -0.0062301321886479855
v,0.0008434511837549508, 0.01195647194981575, -0.0075278133153915405
v,0.0009688933496363461, 0.012173743918538094, -0.0059923748485744
v,-0.00043803194421343505, 0.009736877866089344, -0.00770849734544754
v,0.0008434511837549508, 0.01195647194981575, -0.0075278133153915405
v,-0.0002191634994233027, 0.010115968994796276, -0.0062301321886479855
v,-0.00043803194421343505, 0.009736877866089344, -0.00770849734544754
v,0.0003272529284004122, 0.01106239017099142, -0.007667184341698885
v,0.0008434511837549508, 0.01195647194981575, -0.0075278133153915405
v,-0.0003234448086004704, 0.00993534829467535, -0.007947542704641819
v,0.0003272529284004122, 0.01106239017099142, -0.007667184341698885
v,-0.00043803194421343505, 0.009736877866089344, -0.00770849734544754
v,-0.0015765484422445297, 0.013947268947958946, 0.0025286406744271517
v,-0.001361815258860588, 0.014319198206067085, 0.0026360133197158575
v,-0.0012405593879520893, 0.014529219828546047, 0.00260002794675529
v,0.00031899483292363584, 0.017230447381734848, 0.0025485658552497625
v,0.0005013790796510875, 0.01754634641110897, 0.0026197817642241716
v,0.0007156917708925903, 0.01791754551231861, 0.0026274581905454397
v,0.00031899483292363584, 0.017230447381734848, 0.0025485658552497625
v,0.0007156917708925903, 0.01791754551231861, 0.0026274581905454397
v,0.0009256633347831666, 0.018281226977705956, 0.0025407837238162756
v,-0.0015765484422445297, 0.013947268947958946, 0.0025286406744271517
v,-0.0012405593879520893, 0.014529219828546047, 0.00260002794675529
v,-0.0011450120946392417, 0.01469471212476492, 0.0024814552161842585
v,0.00010517305054236203, 0.016860095784068108, 0.002365345833823085
v,0.00031899483292363584, 0.017230447381734848, 0.0025485658552497625
v,0.0009256633347831666, 0.018281226977705956, 0.0025407837238162756
v,-0.001971976598724723, 0.013262367807328701, 0.0021442740689963102
v,-0.0015765484422445297, 0.013947268947958946, 0.0025286406744271517
v,-0.0011450120946392417, 0.01469471212476492, 0.0024814552161842585
v,-0.001971976598724723, 0.013262367807328701, 0.0021442740689963102
v,-0.0011450120946392417, 0.01469471212476492, 0.0024814552161842585
v,-0.001058617141097784, 0.014844352379441261, 0.002219738671556115
v,0.00010517305054236203, 0.016860095784068108, 0.002365345833823085
v,0.0009256633347831666, 0.018281226977705956, 0.0025407837238162756
v,0.0007901754579506814, 0.018046556040644646, 0.0015161865158006549
v,-0.00013910961570218205, 0.01643698662519455, 0.0019502456998452544
v,0.00010517305054236203, 0.016860095784068108, 0.002365345833823085
v,0.0007901754579506814, 0.018046556040644646, 0.0015161865158006549
v,-0.001971976598724723, 0.013262367807328701, 0.0021442740689963102
v,-0.001058617141097784, 0.014844352379441261, 0.002219738671556115
v,-0.0010318439453840256, 0.014890724793076515, 0.0018271970329806209
v,-0.002737998263910413, 0.011935578659176826, 0.0011116581736132503
v,-0.001971976598724723, 0.013262367807328701, 0.0021442740689963102
v,-0.0010318439453840256, 0.014890724793076515, 0.0018271970329806209
v,-0.00038281470187939703, 0.01601487770676613, 0.0013794064288958907
v,-0.00013910961570218205, 0.01643698662519455, 0.0019502456998452544
v,0.0007901754579506814, 0.018046556040644646, 0.0015161865158006549
v,-0.002737998263910413, 0.011935578659176826, 0.0011116581736132503
v,-0.0010318439453840256, 0.014890724793076515, 0.0018271970329806209
v,-0.0010769732762128115, 0.014812558889389038, 0.0011702025076374412
v,-0.000727312930393964, 0.015418188646435738, 0.0003867487539537251
v,-0.00038281470187939703, 0.01601487770676613, 0.0013794064288958907
v,0.0007901754579506814, 0.018046556040644646, 0.0015161865158006549
v,-0.000727312930393964, 0.015418188646435738, 0.0003867487539537251
v,0.0007901754579506814, 0.018046556040644646, 0.0015161865158006549
v,0.0007016980089247227, 0.017893308773636818, 0.00027847575256600976
v,-0.002737998263910413, 0.011935578659176826, 0.0011116581736132503
v,-0.0010769732762128115, 0.014812558889389038, 0.0011702025076374412
v,-0.0023751056287437677, 0.012564127333462238, 0.0005903556593693793
v,-0.0023751056287437677, 0.012564127333462238, 0.0005903556593693793
v,-0.0010769732762128115, 0.014812558889389038, 0.0011702025076374412
v,-0.0012304175179451704, 0.01454678550362587, -0.00023914936173241585
v,-0.002737998263910413, 0.011935578659176826, 0.0011116581736132503
v,-0.0023751056287437677, 0.012564127333462238, 0.0005903556593693793
v,-0.002556760562583804, 0.012249491177499294, 0.0004995249328203499
v,-0.0033378275111317635, 0.010896644555032253, 0.00018405758601147681
v,-0.002737998263910413, 0.011935578659176826, 0.0011116581736132503
v,-0.002556760562583804, 0.012249491177499294, 0.0004995249328203499
v,-0.002302474109455943, 0.012689928524196148, 0.000466810364741832
v,-0.0023751056287437677, 0.012564127333462238, 0.0005903556593693793
v,-0.0012304175179451704, 0.01454678550362587, -0.00023914936173241585
v,-0.00231682020239532, 0.012665080837905407, -0.0009011449874378741
v,0.0002491723280400038, 0.010927150025963783, -0.002331244759261608
v,0.00036356219789013267, 0.01112527959048748, -0.0008467499283142388
v,-0.0022752813529223204, 0.012737028300762177, 7.75766748120077e-05
v,-0.002302474109455943, 0.012689928524196148, 0.000466810364741832
v,-0.0012304175179451704, 0.01454678550362587, -0.00023914936173241585
v,-0.0033378275111317635, 0.010896644555032253, 0.00018405758601147681
v,-0.002556760562583804, 0.012249491177499294, 0.0004995249328203499
v,-0.002975249895825982, 0.01152464747428894, -2.1146543076611124e-05
v,-0.0032107087317854166, 0.011116820387542248, -0.0003985701478086412
v,-0.0033378275111317635, 0.010896644555032253, 0.00018405758601147681
v,-0.002975249895825982, 0.01152464747428894, -2.1146543076611124e-05
v,-7.859549805289134e-05, 0.016541799530386925, -9.476782724959776e-05
v,-0.000727312930393964, 0.015418188646435738, 0.0003867487539537251
v,0.00010499542258912697, 0.016859788447618484, -0.00010368337825639173
v,0.00010499542258912697, 0.016859788447618484, -0.00010368337825639173
v,-0.000727312930393964, 0.015418188646435738, 0.0003867487539537251
v,0.0007016980089247227, 0.017893308773636818, 0.00027847575256600976
v,0.00027316794148646295, 0.01715107262134552, -0.00018764303240459412
v,0.00010499542258912697, 0.016859788447618484, -0.00010368337825639173
v,0.0007016980089247227, 0.017893308773636818, 0.00027847575256600976
v,-0.000727312930393964, 0.015418188646435738, 0.0003867487539537251
v,-7.859549805289134e-05, 0.016541799530386925, -9.476782724959776e-05
v,-0.00033617965527810156, 0.01609565131366253, -0.0002458898234181106
v,0.00027316794148646295, 0.01715107262134552, -0.00018764303240459412
v,0.0007016980089247227, 0.017893308773636818, 0.00027847575256600976
v,0.0006823024596087635, 0.01785971410572529, -0.0003985701478086412
v,-0.001029596896842122, 0.014894617721438408, -0.0006805834709666669
v,-0.000727312930393964, 0.015418188646435738, 0.0003867487539537251
v,-0.00033617965527810156, 0.01609565131366253, -0.0002458898234181106
v,0.0004556624626275152, 0.017467161640524864, -0.00037949084071442485
v,0.00027316794148646295, 0.01715107262134552, -0.00018764303240459412
v,0.0006823024596087635, 0.01785971410572529, -0.0003985701478086412
v,-0.00231682020239532, 0.012665080837905407, -0.0009011449874378741
v,-0.0022752813529223204, 0.012737028300762177, 7.75766748120077e-05
v,-0.0012304175179451704, 0.01454678550362587, -0.00023914936173241585
v,0.0004556624626275152, 0.017467161640524864, -0.00037949084071442485
v,0.0006823024596087635, 0.01785971410572529, -0.0003985701478086412
v,0.0005604803445748985, 0.017648711800575256, -0.0005468755844049156
v,-0.001029596896842122, 0.014894617721438408, -0.0006805834709666669
v,-0.00033617965527810156, 0.01609565131366253, -0.0002458898234181106
v,-0.000624020176474005, 0.015597096644341946, -0.0006909127696417272
v,-0.0014269099337980151, 0.01420645136386156, -0.00232518813572824
v,-0.001029596896842122, 0.014894617721438408, -0.0006805834709666669
v,-0.000624020176474005, 0.015597096644341946, -0.0006909127696417272
v,-0.0014269099337980151, 0.01420645136386156, -0.00232518813572824
v,-0.000624020176474005, 0.015597096644341946, -0.0006909127696417272
v,-0.000877927930559963, 0.015157315880060196, -0.0013731956714764237
v,-0.00231682020239532, 0.012665080837905407, -0.0009011449874378741
v,-0.0012304175179451704, 0.01454678550362587, -0.00023914936173241585
v,-0.0014901823597028852, 0.014096859842538834, -0.0023264987394213676
v,-0.002472945488989353, 0.01239466480910778, -0.0028387655038386583
v,-0.00231682020239532, 0.012665080837905407, -0.0009011449874378741
v,-0.0014901823597028852, 0.014096859842538834, -0.0023264987394213676
v,-0.0014269099337980151, 0.01420645136386156, -0.00232518813572824
v,-0.000877927930559963, 0.015157315880060196, -0.0013731956714764237
v,-0.0011301429476588964, 0.014720466919243336, -0.002315385267138481
v,-0.002472945488989353, 0.01239466480910778, -0.0028387655038386583
v,-0.0014901823597028852, 0.014096859842538834, -0.0023264987394213676
v,-0.0014269099337980151, 0.01420645136386156, -0.00232518813572824
v,-0.002472945488989353, 0.01239466480910778, -0.0028387655038386583
v,-0.0014269099337980151, 0.01420645136386156, -0.00232518813572824
v,-0.0011301429476588964, 0.014720466919243336, -0.002315385267138481
v,-0.002472945488989353, 0.01239466480910778, -0.0028387655038386583
v,-0.0011301429476588964, 0.014720466919243336, -0.002315385267138481
v,-0.0014000149676576257, 0.014253034256398678, -0.003642466152086854
v,-0.0027760795783251524, 0.011869620531797409, -0.005358456633985043
v,-0.002472945488989353, 0.01239466480910778, -0.0028387655038386583
v,-0.0014000149676576257, 0.014253034256398678, -0.003642466152086854
v,-0.0027760795783251524, 0.011869620531797409, -0.005358456633985043
v,-0.0014000149676576257, 0.014253034256398678, -0.003642466152086854
v,-0.0016909487312659621, 0.013749122619628906, -0.0058237165212631226
v,-0.003114032559096813, 0.011284269392490387, -0.007710542529821396
v,-0.0027760795783251524, 0.011869620531797409, -0.005358456633985043
v,-0.0016909487312659621, 0.013749122619628906, -0.0058237165212631226
v,-0.003114032559096813, 0.011284269392490387, -0.007710542529821396
v,-0.0016909487312659621, 0.013749122619628906, -0.0058237165212631226
v,-0.0018333446932956576, 0.013502486050128937, -0.007520789746195078
v,-0.003114032559096813, 0.011284269392490387, -0.007710542529821396
v,-0.0018333446932956576, 0.013502486050128937, -0.007520789746195078
v,-0.002602740889415145, 0.012169851921498775, -0.007762617897242308
v,-0.0029992363415658474, 0.011483102105557919, -0.007950636558234692
v,-0.003114032559096813, 0.011284269392490387, -0.007710542529821396
v,-0.002602740889415145, 0.012169851921498775, -0.007762617897242308
v,0.0022477007005363703, 0.014388702809810638, 0.0012562229530885816
v,0.002561206230893731, 0.014931710436940193, 0.002004565903916955
v,-0.00038281470187939703, 0.01601487770676613, 0.0013794064288958907
v,-0.00022094255837146193, 0.010112887248396873, 8.45898684929125e-05
v,-0.0005345655954442918, 0.009569675661623478, -0.0003928968799300492
v,-0.002975249895825982, 0.01152464747428894, -2.1146543076611124e-05
v,0.001256587216630578, 0.012672044336795807, -0.0023265378549695015
v,0.0015359281096607447, 0.013155876658856869, -0.0011014193296432495
v,-0.0014269099337980151, 0.01420645136386156, -0.00232518813572824
v,8.940890256781131e-05, 0.010650431737303734, -0.0038686280604451895
v,0.0002491723280400038, 0.010927150025963783, -0.002331244759261608
v,-0.002472945488989353, 0.01239466480910778, -0.0028387655038386583
v,-0.0002191634994233027, 0.010115968994796276, -0.0062301321886479855
v,8.940890256781131e-05, 0.010650431737303734, -0.0038686280604451895
v,-0.0027760795783251524, 0.011869620531797409, -0.005358456633985043
v,0.002561206230893731, 0.014931710436940193, 0.002004565903916955
v,0.0028164563700556755, 0.015373816713690758, 0.0024019728880375624
v,0.00010517305054236203, 0.016860095784068108, 0.002365345833823085
v,0.0016318397829309106, 0.01332200039178133, 0.0015476677799597383
v,0.0014905876014381647, 0.013077344745397568, 0.00012385511945467442
v,-0.0010769732762128115, 0.014812558889389038, 0.0011702025076374412
v,0.0029129469767212868, 0.01554094348102808, -0.00015906112093944103
v,0.002630366710945964, 0.01505149994045496, -8.226006320910528e-05
v,0.00010499542258912697, 0.016859788447618484, -0.00010368337825639173
v,0.0016012700507417321, 0.013269051909446716, 0.002286709612235427
v,0.001641139853745699, 0.01333810854703188, 0.0020153590012341738
v,-0.001058617141097784, 0.014844352379441261, 0.002219738671556115
v,0.001641139853745699, 0.01333810854703188, 0.0020153590012341738
v,0.0016318397829309106, 0.01332200039178133, 0.0015476677799597383
v,-0.0010318439453840256, 0.014890724793076515, 0.0018271970329806209
v,-0.00043803194421343505, 0.009736877866089344, -0.00770849734544754
v,-0.0002191634994233027, 0.010115968994796276, -0.0062301321886479855
v,-0.003114032559096813, 0.011284269392490387, -0.007710542529821396
v,0.0003272529284004122, 0.01106239017099142, -0.007667184341698885
v,-0.0003234448086004704, 0.00993534829467535, -0.007947542704641819
v,-0.002602740889415145, 0.012169851921498775, -0.007762617897242308
v,0.0003388402983546257, 0.01108245924115181, 0.0005519168335013092
v,0.000259936205111444, 0.010945793241262436, 0.0005927096935920417
v,-0.0023751056287437677, 0.012564127333462238, 0.0005903556593693793
v,0.0003819660050794482, 0.01115715503692627, 0.00042136170668527484
v,0.0003388402983546257, 0.01108245924115181, 0.0005519168335013092
v,-0.002302474109455943, 0.012689928524196148, 0.000466810364741832
v,0.0004012061981484294, 0.011190480552613735, 6.254313484532759e-05
v,0.0003819660050794482, 0.01115715503692627, 0.00042136170668527484
v,-0.0022752813529223204, 0.012737028300762177, 7.75766748120077e-05
v,0.0008434511837549508, 0.01195647194981575, -0.0075278133153915405
v,0.0003272529284004122, 0.01106239017099142, -0.007667184341698885
v,-0.0018333446932956576, 0.013502486050128937, -0.007520789746195078
v,0.0019375585252419114, 0.013851520605385303, 0.00034377904376015067
v,0.0022477007005363703, 0.014388702809810638, 0.0012562229530885816
v,-0.000727312930393964, 0.015418188646435738, 0.0003867487539537251
v,0.000259936205111444, 0.010945793241262436, 0.0005927096935920417
v,3.955187276005745e-05, 0.010564076714217663, 0.0004125397535972297
v,-0.002556760562583804, 0.012249491177499294, 0.0004995249328203499
v,0.0014905876014381647, 0.013077344745397568, 0.00012385511945467442
v,-0.0012304175179451704, 0.01454678550362587, -0.00023914936173241585
v,-0.0010769732762128115, 0.014812558889389038, 0.0011702025076374412
v,0.000259936205111444, 0.010945793241262436, 0.0005927096935920417
v,-0.002556760562583804, 0.012249491177499294, 0.0004995249328203499
v,-0.0023751056287437677, 0.012564127333462238, 0.0005903556593693793
v,0.002630366710945964, 0.01505149994045496, -8.226006320910528e-05
v,-7.859549805289134e-05, 0.016541799530386925, -9.476782724959776e-05
v,0.00010499542258912697, 0.016859788447618484, -0.00010368337825639173
v,-0.0014000149676576257, 0.014253034256398678, -0.003642466152086854
v,0.0015293792821466923, 0.013144534081220627, -0.0023904722183942795
v,0.0012536018621176481, 0.012666873633861542, -0.0037832933012396097
v,-0.0015765484422445297, 0.013947268947958946, 0.0025286406744271517
v,0.0007479494670405984, 0.011791056953370571, 0.0021938171703368425
v,0.0011194077087566257, 0.012434441596269608, 0.0025421821046620607
v,-0.0018333446932956576, 0.013502486050128937, -0.007520789746195078
v,0.0009688933496363461, 0.012173743918538094, -0.0059923748485744
v,0.0008434511837549508, 0.01195647194981575, -0.0075278133153915405
v,-0.003114032559096813, 0.011284269392490387, -0.007710542529821396
v,-0.0003234448086004704, 0.00993534829467535, -0.007947542704641819
v,-0.00043803194421343505, 0.009736877866089344, -0.00770849734544754
v,-0.002737998263910413, 0.011935578659176826, 0.0011116581736132503
v,-0.0006607867544516921, 0.009351054206490517, 0.00018405744049232453
v,-3.223242970307183e-07, 0.010495012626051903, 0.0012005126336589456
v,-0.0011301429476588964, 0.014720466919243336, -0.002315385267138481
v,0.001775283832103014, 0.0135704530403018, -0.0014504229184240103
v,0.0015293792821466923, 0.013144534081220627, -0.0023904722183942795
v,0.0005013790796510875, 0.01754634641110897, 0.0026197817642241716
v,0.0030083453748375177, 0.015706177800893784, 0.0025556229520589113
v,0.0031920522451400757, 0.01602436788380146, 0.002622522646561265
v,-0.0011450120946392417, 0.01469471212476492, 0.0024814552161842585
v,0.0016012700507417321, 0.013269051909446716, 0.002286709612235427
v,-0.001058617141097784, 0.014844352379441261, 0.002219738671556115
v,0.0007016980089247227, 0.017893308773636818, 0.00027847575256600976
v,0.003459691070020199, 0.016487931832671165, 0.0014415361220017076
v,0.0033756073098629713, 0.016342295333743095, 0.00020710557873826474
v,0.001641139853745699, 0.01333810854703188, 0.0020153590012341738
v,-0.0010318439453840256, 0.014890724793076515, 0.0018271970329806209
v,-0.001058617141097784, 0.014844352379441261, 0.002219738671556115
v,-0.001029596896842122, 0.014894617721438408, -0.0006805834709666669
v,0.0019375585252419114, 0.013851520605385303, 0.00034377904376015067
v,-0.000727312930393964, 0.015418188646435738, 0.0003867487539537251
v,-0.0022752813529223204, 0.012737028300762177, 7.75766748120077e-05
v,0.00036356219789013267, 0.01112527959048748, -0.0008467499283142388
v,0.0004012061981484294, 0.011190480552613735, 6.254313484532759e-05
v,-0.000624020176474005, 0.015597096644341946, -0.0006909127696417272
v,0.002319781109690666, 0.014513549394905567, -0.0002681727637536824
v,0.0020333847496658564, 0.014017497189342976, -0.0007330037769861519
v,-0.0014269099337980151, 0.01420645136386156, -0.00232518813572824
v,0.001187184709124267, 0.012551835738122463, -0.0023265257477760315
v,0.001256587216630578, 0.012672044336795807, -0.0023265378549695015
v,0.0007156917708925903, 0.01791754551231861, 0.0026274581905454397
v,0.0031920522451400757, 0.01602436788380146, 0.002622522646561265
v,0.003401057329028845, 0.016386374831199646, 0.0026258656289428473
v,0.0009256633347831666, 0.018281226977705956, 0.0025407837238162756
v,0.003401057329028845, 0.016386374831199646, 0.0026258656289428473
v,0.003602295881137252, 0.016734931617975235, 0.0025403278414160013
v,0.002561206230893731, 0.014931710436940193, 0.002004565903916955
v,0.00010517305054236203, 0.016860095784068108, 0.002365345833823085
v,-0.00013910961570218205, 0.01643698662519455, 0.0019502456998452544
v,0.00031899483292363584, 0.017230447381734848, 0.0025485658552497625
v,0.0028164563700556755, 0.015373816713690758, 0.0024019728880375624
v,0.0030083453748375177, 0.015706177800893784, 0.0025556229520589113
v,-0.0033378275111317635, 0.010896644555032253, 0.00018405758601147681
v,-0.0005345655954442918, 0.009569675661623478, -0.0003928968799300492
v,-0.0006607867544516921, 0.009351054206490517, 0.00018405744049232453
v,0.0022477007005363703, 0.014388702809810638, 0.0012562229530885816
v,-0.00038281470187939703, 0.01601487770676613, 0.0013794064288958907
v,-0.000727312930393964, 0.015418188646435738, 0.0003867487539537251
v,0.0003388402983546257, 0.01108245924115181, 0.0005519168335013092
v,-0.0023751056287437677, 0.012564127333462238, 0.0005903556593693793
v,-0.002302474109455943, 0.012689928524196148, 0.000466810364741832
v,0.0004556624626275152, 0.017467161640524864, -0.00037949084071442485
v,0.003237521043047309, 0.016103122383356094, -0.0005468757008202374
v,0.0031200572848320007, 0.015899669378995895, -0.00036257837200537324
v,0.0029129469767212868, 0.01554094348102808, -0.00015906112093944103
v,0.00010499542258912697, 0.016859788447618484, -0.00010368337825639173
v,0.00027316794148646295, 0.01715107262134552, -0.00018764303240459412
v,-0.0012304175179451704, 0.01454678550362587, -0.00023914936173241585
v,0.001187184709124267, 0.012551835738122463, -0.0023265257477760315
v,-0.0014901823597028852, 0.014096859842538834, -0.0023264987394213676
v,-7.859549805289134e-05, 0.016541799530386925, -9.476782724959776e-05
v,0.002319781109690666, 0.014513549394905567, -0.0002681727637536824
v,-0.00033617965527810156, 0.01609565131366253, -0.0002458898234181106
v,0.0006823024596087635, 0.01785971410572529, -0.0003985701478086412
v,0.0033756073098629713, 0.016342295333743095, 0.00020710557873826474
v,0.003359343158081174, 0.016314124688506126, -0.000398570264223963
v,-0.000877927930559963, 0.015157315880060196, -0.0013731956714764237
v,0.0020333847496658564, 0.014017497189342976, -0.0007330037769861519
v,0.001775283832103014, 0.0135704530403018, -0.0014504229184240103
v,0.0003272529284004122, 0.01106239017099142, -0.007667184341698885
v,-0.002602740889415145, 0.012169851921498775, -0.007762617897242308
v,-0.0018333446932956576, 0.013502486050128937, -0.007520789746195078
v,-0.001971976598724723, 0.013262367807328701, 0.0021442740689963102
v,-3.223242970307183e-07, 0.010495012626051903, 0.0012005126336589456
v,0.0007479494670405984, 0.011791056953370571, 0.0021938171703368425
v,-0.0003234448086004704, 0.00993534829467535, -0.007947542704641819
v,-0.0029992363415658474, 0.011483102105557919, -0.007950636558234692
v,-0.002602740889415145, 0.012169851921498775, -0.007762617897242308
v,-0.0011450120946392417, 0.01469471212476492, 0.0024814552161842585
v,0.0014421377563849092, 0.012993426993489265, 0.002595736412331462
v,0.00153718376532197, 0.013158051297068596, 0.002471516141667962
v,0.0003819660050794482, 0.01115715503692627, 0.00042136170668527484
v,-0.002302474109455943, 0.012689928524196148, 0.000466810364741832
v,-0.0022752813529223204, 0.012737028300762177, 7.75766748120077e-05
v,0.0007901754579506814, 0.018046556040644646, 0.0015161865158006549
v,0.003602295881137252, 0.016734931617975235, 0.0025403278414160013
v,0.003459691070020199, 0.016487931832671165, 0.0014415361220017076
v,0.00027316794148646295, 0.01715107262134552, -0.00018764303240459412
v,0.0031200572848320007, 0.015899669378995895, -0.00036257837200537324
v,0.0029129469767212868, 0.01554094348102808, -0.00015906112093944103
v,0.002561206230893731, 0.014931710436940193, 0.002004565903916955
v,-0.00013910961570218205, 0.01643698662519455, 0.0019502456998452544
v,-0.00038281470187939703, 0.01601487770676613, 0.0013794064288958907
v,-0.0012405593879520893, 0.014529219828546047, 0.00260002794675529
v,0.001327458769083023, 0.012794797308743, 0.002635729731991887
v,0.0014421377563849092, 0.012993426993489265, 0.002595736412331462
v,-0.002556760562583804, 0.012249491177499294, 0.0004995249328203499
v,-0.00022094255837146193, 0.010112887248396873, 8.45898684929125e-05
v,-0.002975249895825982, 0.01152464747428894, -2.1146543076611124e-05
v,0.0016318397829309106, 0.01332200039178133, 0.0015476677799597383
v,-0.0010769732762128115, 0.014812558889389038, 0.0011702025076374412
v,-0.0010318439453840256, 0.014890724793076515, 0.0018271970329806209
v,0.0006823024596087635, 0.01785971410572529, -0.0003985701478086412
v,0.003237521043047309, 0.016103122383356094, -0.0005468757008202374
v,0.0005604803445748985, 0.017648711800575256, -0.0005468755844049156
v,-0.0005345655954442918, 0.009569675661623478, -0.0003928968799300492
v,-0.0032107087317854166, 0.011116820387542248, -0.0003985701478086412
v,-0.002975249895825982, 0.01152464747428894, -2.1146543076611124e-05
v,-0.001361815258860588, 0.014319198206067085, 0.0026360133197158575
v,0.0011194077087566257, 0.012434441596269608, 0.0025421821046620607
v,0.001327458769083023, 0.012794797308743, 0.002635729731991887
v,0.0015359281096607447, 0.013155876658856869, -0.0011014193296432495
v,-0.001029596896842122, 0.014894617721438408, -0.0006805834709666669
v,-0.0014269099337980151, 0.01420645136386156, -0.00232518813572824
v,-0.0016909487312659621, 0.013749122619628906, -0.0058237165212631226
v,0.0012536018621176481, 0.012666873633861542, -0.0037832933012396097
v,0.0009688933496363461, 0.012173743918538094, -0.0059923748485744
v,8.940890256781131e-05, 0.010650431737303734, -0.0038686280604451895
v,-0.002472945488989353, 0.01239466480910778, -0.0028387655038386583
v,-0.0027760795783251524, 0.011869620531797409, -0.005358456633985043
v,-0.0002191634994233027, 0.010115968994796276, -0.0062301321886479855
v,-0.0027760795783251524, 0.011869620531797409, -0.005358456633985043
v,-0.003114032559096813, 0.011284269392490387, -0.007710542529821396
v,-0.00231682020239532, 0.012665080837905407, -0.0009011449874378741
v,-0.002472945488989353, 0.01239466480910778, -0.0028387655038386583
v,0.0002491723280400038, 0.010927150025963783, -0.002331244759261608
v,-0.0014000149676576257, 0.014253034256398678, -0.003642466152086854
v,-0.0011301429476588964, 0.014720466919243336, -0.002315385267138481
v,0.0015293792821466923, 0.013144534081220627, -0.0023904722183942795
v,-0.0015765484422445297, 0.013947268947958946, 0.0025286406744271517
v,-0.001971976598724723, 0.013262367807328701, 0.0021442740689963102
v,0.0007479494670405984, 0.011791056953370571, 0.0021938171703368425
v,-0.0018333446932956576, 0.013502486050128937, -0.007520789746195078
v,-0.0016909487312659621, 0.013749122619628906, -0.0058237165212631226
v,0.0009688933496363461, 0.012173743918538094, -0.0059923748485744
v,-0.003114032559096813, 0.011284269392490387, -0.007710542529821396
v,-0.0029992363415658474, 0.011483102105557919, -0.007950636558234692
v,-0.0003234448086004704, 0.00993534829467535, -0.007947542704641819
v,-0.002737998263910413, 0.011935578659176826, 0.0011116581736132503
v,-0.0033378275111317635, 0.010896644555032253, 0.00018405758601147681
v,-0.0006607867544516921, 0.009351054206490517, 0.00018405744049232453
v,-0.0011301429476588964, 0.014720466919243336, -0.002315385267138481
v,-0.000877927930559963, 0.015157315880060196, -0.0013731956714764237
v,0.001775283832103014, 0.0135704530403018, -0.0014504229184240103
v,0.0005013790796510875, 0.01754634641110897, 0.0026197817642241716
v,0.00031899483292363584, 0.017230447381734848, 0.0025485658552497625
v,0.0030083453748375177, 0.015706177800893784, 0.0025556229520589113
v,-0.0011450120946392417, 0.01469471212476492, 0.0024814552161842585
v,0.00153718376532197, 0.013158051297068596, 0.002471516141667962
v,0.0016012700507417321, 0.013269051909446716, 0.002286709612235427
v,0.0007016980089247227, 0.017893308773636818, 0.00027847575256600976
v,0.0007901754579506814, 0.018046556040644646, 0.0015161865158006549
v,0.003459691070020199, 0.016487931832671165, 0.0014415361220017076
v,-0.001029596896842122, 0.014894617721438408, -0.0006805834709666669
v,0.0015359281096607447, 0.013155876658856869, -0.0011014193296432495
v,0.0019375585252419114, 0.013851520605385303, 0.00034377904376015067
v,-0.0022752813529223204, 0.012737028300762177, 7.75766748120077e-05
v,-0.00231682020239532, 0.012665080837905407, -0.0009011449874378741
v,0.00036356219789013267, 0.01112527959048748, -0.0008467499283142388
v,-0.000624020176474005, 0.015597096644341946, -0.0006909127696417272
v,-0.00033617965527810156, 0.01609565131366253, -0.0002458898234181106
v,0.002319781109690666, 0.014513549394905567, -0.0002681727637536824
v,-0.0014269099337980151, 0.01420645136386156, -0.00232518813572824
v,-0.0014901823597028852, 0.014096859842538834, -0.0023264987394213676
v,0.001187184709124267, 0.012551835738122463, -0.0023265257477760315
v,0.0007156917708925903, 0.01791754551231861, 0.0026274581905454397
v,0.0005013790796510875, 0.01754634641110897, 0.0026197817642241716
v,0.0031920522451400757, 0.01602436788380146, 0.002622522646561265
v,0.0009256633347831666, 0.018281226977705956, 0.0025407837238162756
v,0.0007156917708925903, 0.01791754551231861, 0.0026274581905454397
v,0.003401057329028845, 0.016386374831199646, 0.0026258656289428473
v,0.00031899483292363584, 0.017230447381734848, 0.0025485658552497625
v,0.00010517305054236203, 0.016860095784068108, 0.002365345833823085
v,0.0028164563700556755, 0.015373816713690758, 0.0024019728880375624
v,-0.0033378275111317635, 0.010896644555032253, 0.00018405758601147681
v,-0.0032107087317854166, 0.011116820387542248, -0.0003985701478086412
v,-0.0005345655954442918, 0.009569675661623478, -0.0003928968799300492
v,0.0004556624626275152, 0.017467161640524864, -0.00037949084071442485
v,0.0005604803445748985, 0.017648711800575256, -0.0005468755844049156
v,0.003237521043047309, 0.016103122383356094, -0.0005468757008202374
v,-0.0012304175179451704, 0.01454678550362587, -0.00023914936173241585
v,0.0014905876014381647, 0.013077344745397568, 0.00012385511945467442
v,0.001187184709124267, 0.012551835738122463, -0.0023265257477760315
v,-7.859549805289134e-05, 0.016541799530386925, -9.476782724959776e-05
v,0.002630366710945964, 0.01505149994045496, -8.226006320910528e-05
v,0.002319781109690666, 0.014513549394905567, -0.0002681727637536824
v,0.0006823024596087635, 0.01785971410572529, -0.0003985701478086412
v,0.0007016980089247227, 0.017893308773636818, 0.00027847575256600976
v,0.0033756073098629713, 0.016342295333743095, 0.00020710557873826474
v,-0.000877927930559963, 0.015157315880060196, -0.0013731956714764237
v,-0.000624020176474005, 0.015597096644341946, -0.0006909127696417272
v,0.0020333847496658564, 0.014017497189342976, -0.0007330037769861519
v,-0.001971976598724723, 0.013262367807328701, 0.0021442740689963102
v,-0.002737998263910413, 0.011935578659176826, 0.0011116581736132503
v,-3.223242970307183e-07, 0.010495012626051903, 0.0012005126336589456
v,-0.0011450120946392417, 0.01469471212476492, 0.0024814552161842585
v,-0.0012405593879520893, 0.014529219828546047, 0.00260002794675529
v,0.0014421377563849092, 0.012993426993489265, 0.002595736412331462
v,0.0007901754579506814, 0.018046556040644646, 0.0015161865158006549
v,0.0009256633347831666, 0.018281226977705956, 0.0025407837238162756
v,0.003602295881137252, 0.016734931617975235, 0.0025403278414160013
v,0.00027316794148646295, 0.01715107262134552, -0.00018764303240459412
v,0.0004556624626275152, 0.017467161640524864, -0.00037949084071442485
v,0.0031200572848320007, 0.015899669378995895, -0.00036257837200537324
v,-0.0012405593879520893, 0.014529219828546047, 0.00260002794675529
v,-0.001361815258860588, 0.014319198206067085, 0.0026360133197158575
v,0.001327458769083023, 0.012794797308743, 0.002635729731991887
v,-0.002556760562583804, 0.012249491177499294, 0.0004995249328203499
v,3.955187276005745e-05, 0.010564076714217663, 0.0004125397535972297
v,-0.00022094255837146193, 0.010112887248396873, 8.45898684929125e-05
v,0.0006823024596087635, 0.01785971410572529, -0.0003985701478086412
v,0.003359343158081174, 0.016314124688506126, -0.000398570264223963
v,0.003237521043047309, 0.016103122383356094, -0.0005468757008202374
v,-0.001361815258860588, 0.014319198206067085, 0.0026360133197158575
v,-0.0015765484422445297, 0.013947268947958946, 0.0025286406744271517
v,0.0011194077087566257, 0.012434441596269608, 0.0025421821046620607
v,-0.0016909487312659621, 0.013749122619628906, -0.0058237165212631226
v,-0.0014000149676576257, 0.014253034256398678, -0.003642466152086854
v,0.0012536018621176481, 0.012666873633861542, -0.0037832933012396097
n,29.0935001373291, -16.797138214111328, -1.468452524022723e-06
n,29.0935001373291, -16.797138214111328, -1.468452524022723e-06
n,29.0935001373291, -16.797138214111328, -1.468452524022723e-06
n,29.0935001373291, -16.797138214111328, -1.468452524022723e-06
n,29.0935001373291, -16.797138214111328, -1.468452524022723e-06
n,29.0935001373291, -16.797138214111328, -1.468452524022723e-06
n,29.0935001373291, -16.797138214111328, -1.468452524022723e-06
n,29.0935001373291, -16.797138214111328, -1.468452524022723e-06
n,29.0935001373291, -16.797138214111328, -1.468452524022723e-06
n,29.0935001373291, -16.797138214111328, -1.468452524022723e-06
n,29.0935001373291, -16.797138214111328, -1.468452524022723e-06
n,29.0935001373291, -16.797138214111328, -1.468452524022723e-06
n,29.0935001373291, -16.797138214111328, -1.468452524022723e-06
n,29.0935001373291, -16.797138214111328, -1.468452524022723e-06
n,29.0935001373291, -16.797138214111328, -1.468452524022723e-06
n,29.0935001373291, -16.797138214111328, -1.468452524022723e-06
n,29.0935001373291, -16.797138214111328, -1.468452524022723e-06
n,29.0935001373291, -16.797138214111328, -1.468452524022723e-06
n,29.0935001373291, -16.797138214111328, -1.468452524022723e-06
n,29.0935001373291, -16.797138214111328, -1.468452524022723e-06
n,29.0935001373291, -16.797138214111328, -1.468452524022723e-06
n,29.0935001373291, -16.797138214111328, -1.468452524022723e-06
n,29.0935001373291, -16.797138214111328, -1.468452524022723e-06
n,29.0935001373291, -16.797138214111328, -1.468452524022723e-06
n,29.0935001373291, -16.797138214111328, -1.468452524022723e-06
n,29.0935001373291, -16.797138214111328, -1.468452524022723e-06
n,29.0935001373291, -16.797138214111328, -1.468452524022723e-06
n,29.0935001373291, -16.797138214111328, -1.468452524022723e-06
n,29.0935001373291, -16.797138214111328, -1.468452524022723e-06
n,29.0935001373291, -16.797138214111328, -1.468452524022723e-06
n,29.0935001373291, -16.797138214111328, -1.468452524022723e-06
n,29.0935001373291, -16.797138214111328, -1.468452524022723e-06
n,29.0935001373291, -16.797138214111328, -1.468452524022723e-06
n,29.0935001373291, -16.797138214111328, -1.468452524022723e-06
n,29.0935001373291, -16.797138214111328, -1.468452524022723e-06
n,29.0935001373291, -16.797138214111328, -1.468452524022723e-06
n,29.0935001373291, -16.797138214111328, -1.468452524022723e-06
n,29.0935001373291, -16.797138214111328, -1.468452524022723e-06
n,29.0935001373291, -16.797138214111328, -1.468452524022723e-06
n,29.0935001373291, -16.797138214111328, -1.468452524022723e-06
n,29.0935001373291, -16.797138214111328, -1.468452524022723e-06
n,29.0935001373291, -16.797138214111328, -1.468452524022723e-06
n,29.0935001373291, -16.797138214111328, -1.468452524022723e-06
n,29.0935001373291, -16.797138214111328, -1.468452524022723e-06
n,29.0935001373291, -16.797138214111328, -1.468452524022723e-06
n,29.0935001373291, -16.797138214111328, -1.468452524022723e-06
n,29.0935001373291, -16.797138214111328, -1.468452524022723e-06
n,29.0935001373291, -16.797138214111328, -1.468452524022723e-06
n,-29.0935001373291, 16.797138214111328, 1.468452524022723e-06
n,-29.0935001373291, 16.797138214111328, 1.468452524022723e-06
n,-29.0935001373291, 16.797138214111328, 1.468452524022723e-06
n,-29.0935001373291, 16.797138214111328, 1.468452524022723e-06
n,-29.0935001373291, 16.797138214111328, 1.468452524022723e-06
n,-29.0935001373291, 16.797138214111328, 1.468452524022723e-06
n,-29.0935001373291, 16.797138214111328, 1.468452524022723e-06
n,-29.0935001373291, 16.797138214111328, 1.468452524022723e-06
n,-29.0935001373291, 16.797138214111328, 1.468452524022723e-06
n,-29.0935001373291, 16.797138214111328, 1.468452524022723e-06
n,-29.0935001373291, 16.797138214111328, 1.468452524022723e-06
n,-29.0935001373291, 16.797138214111328, 1.468452524022723e-06
n,-29.0935001373291, 16.797138214111328, 1.468452524022723e-06
n,-29.0935001373291, 16.797138214111328, 1.468452524022723e-06
n,-29.0935001373291, 16.797138214111328, 1.468452524022723e-06
n,-29.0935001373291, 16.797138214111328, 1.468452524022723e-06
n,-29.0935001373291, 16.797138214111328, 1.468452524022723e-06
n,-29.0935001373291, 16.797138214111328, 1.468452524022723e-06
n,-29.0935001373291, 16.797138214111328, 1.468452524022723e-06
n,-29.0935001373291, 16.797138214111328, 1.468452524022723e-06
n,-16.616958618164062, -28.744905471801758, 5.116901397705078
n,-29.0935001373291, 16.797138214111328, 1.468452524022723e-06
n,-29.0935001373291, 16.797138214111328, 1.468452524022723e-06
n,-29.0935001373291, 16.797138214111328, 1.468452524022723e-06
n,-29.0935001373291, 16.797138214111328, 1.468452524022723e-06
n,-29.0935001373291, 16.797138214111328, 1.468452524022723e-06
n,-29.0935001373291, 16.797138214111328, 1.468452524022723e-06
n,-29.0935001373291, 16.797138214111328, 1.468452524022723e-06
n,-29.0935001373291, 16.797138214111328, 1.468452524022723e-06
n,-29.0935001373291, 16.797138214111328, 1.468452524022723e-06
n,-29.0935001373291, 16.797138214111328, 1.468452524022723e-06
n,-29.0935001373291, 16.797138214111328, 1.468452524022723e-06
n,-29.0935001373291, 16.797138214111328, 1.468452524022723e-06
n,-29.0935001373291, 16.797138214111328, 1.468452524022723e-06
n,-29.0935001373291, 16.797138214111328, 1.468452524022723e-06
n,-29.0935001373291, 16.797138214111328, 1.468452524022723e-06
n,-29.0935001373291, 16.797138214111328, 1.468452524022723e-06
n,-29.0935001373291, 16.797138214111328, 1.468452524022723e-06
n,-29.0935001373291, 16.797138214111328, 1.468452524022723e-06
n,-29.0935001373291, 16.797138214111328, 1.468452524022723e-06
n,-29.0935001373291, 16.797138214111328, 1.468452524022723e-06
n,-29.0935001373291, 16.797138214111328, 1.468452524022723e-06
n,-29.0935001373291, 16.797138214111328, 1.468452524022723e-06
n,-29.0935001373291, 16.797138214111328, 1.468452524022723e-06
n,-29.0935001373291, 16.797138214111328, 1.468452524022723e-06
n,-29.0935001373291, 16.797138214111328, 1.468452524022723e-06
n,-29.0935001373291, 16.797138214111328, 1.468452524022723e-06
n,-29.0935001373291, 16.797138214111328, 1.468452524022723e-06
n,-12.801830291748047, -22.34270668029785, 21.575265884399414
n,10.085027694702148, 17.673601150512695, -26.730350494384766
n,-15.167064666748047, -26.537670135498047, 13.938714981079102
n,-16.58674430847168, -28.402896881103516, 6.836005210876465
n,-16.36458969116211, -28.08250617980957, 8.49404239654541
n,-10.194103240966797, -17.942901611328125, 26.508644104003906
n,16.580625534057617, 28.476516723632812, -6.5380754470825195
n,-2.4464058876037598, -3.810903310775757, -33.28765106201172
n,16.24761962890625, 27.83669090270996, 9.47149658203125
n,16.930334091186523, 28.985464096069336, -1.3349751234054565
n,-16.130176544189453, -27.882320404052734, 9.537781715393066
n,3.412703037261963, 6.198952674865723, -32.84055709838867
n,-4.380125999450684, -7.179220676422119, -32.52458953857422
n,-14.134310722351074, -24.205209732055664, -18.517684936523438
n,-16.726806640625, -28.91292953491211, -3.5821726322174072
n,2.1822991371154785, 3.9297068119049072, -33.292198181152344
n,-13.853317260742188, -24.082242965698242, 18.886686325073242
n,6.172608852386475, 11.11353588104248, -31.096044540405273
n,16.330772399902344, 28.47441291809082, -7.147679805755615
n,4.287165641784668, 6.933149814605713, -32.590293884277344
n,-0.27544888854026794, -0.7825577259063721, -33.58403396606445
n,15.539097785949707, 27.094768524169922, -12.368736267089844
n,-7.09555721282959, -12.372485160827637, 30.416282653808594
n,16.571191787719727, 28.716262817382812, -5.417325496673584
n,-12.125877380371094, -21.000776290893555, -23.248788833618164
n,-10.210352897644043, -17.761735916137695, 26.624143600463867
n,14.847895622253418, 25.799104690551758, -15.573110580444336
n,-2.988389492034912, -5.223597526550293, 33.05085754394531
n,13.939766883850098, 24.324115753173828, 18.509342193603516
n,16.611127853393555, 28.845840454101562, -4.534684658050537
n,16.479055404663086, 28.920591354370117, 4.540455341339111
n,-14.615365028381348, -25.314579010009766, 16.557144165039062
n,-16.738555908203125, -28.995033264160156, 2.7720606327056885
n,10.50969409942627, 18.37584114074707, -26.085445404052734
n,0.014165968634188175, -0.004777546972036362, 33.594276428222656
n,-0.11809343099594116, -0.24205134809017181, 33.593204498291016
n,3.4976754188537598, 6.044766902923584, 32.860355377197266
n,-10.98176097869873, -18.776325225830078, 25.601293563842773
n,-6.218699932098389, -10.827604293823242, 31.187602996826172
n,-15.388578414916992, -26.65380096435547, -13.466338157653809
n,-13.857284545898438, -23.866718292236328, 19.155447006225586
n,-10.707625389099121, -18.9490966796875, -25.590118408203125
n,-10.389280319213867, -17.944684982299805, -26.431547164916992
n,-3.976989269256592, -7.098792552947998, -32.593963623046875
n,16.2938232421875, 28.235647201538086, -8.113883972167969
n,4.638548374176025, 8.241006851196289, -32.235774993896484
n,16.772966384887695, 29.051631927490234, -1.8016057014465332
n,13.57406234741211, 23.650510787963867, -19.620746612548828
n,2.755798101425171, 4.431175708770752, -33.18653106689453
n,-9.23099136352539, -16.12230110168457, 27.98992347717285
n,3.908918619155884, 6.692491054534912, -32.688018798828125
n,9.21377944946289, 15.900485038757324, 28.122169494628906
n,-16.55672264099121, -28.858957290649414, -4.648781776428223
n,16.218931198120117, 28.183042526245117, -8.440254211425781
n,-7.474947452545166, -12.790277481079102, -30.151445388793945
n,-12.772899627685547, -22.126108169555664, 21.814311981201172
n,2.9068987369537354, 4.985233306884766, 33.09490966796875
n,8.949267387390137, 15.323342323303223, -28.525100708007812
n,16.53173828125, 28.885496139526367, -4.57223653793335
n,8.733630180358887, 15.127096176147461, -28.696170806884766
n,10.556999206542969, 18.16463851928711, -26.213951110839844
n,-3.6312174797058105, -6.412124156951904, 32.77613067626953
n,-15.290900230407715, -26.099172592163086, 14.614967346191406
n,16.182693481445312, 28.22028160095215, -8.385207176208496
n,-16.16218376159668, -28.38307762145996, 7.858770370483398
n,-16.051090240478516, -28.015209197998047, 9.2782564163208
n,-16.505388259887695, -28.7677059173584, 5.34479284286499
n,15.59865951538086, 26.927120208740234, -12.656527519226074
n,-7.4088850021362305, -12.678963661193848, 30.214696884155273
n,16.622039794921875, 28.659587860107422, -5.559820175170898
n,-12.136750221252441, -21.028703689575195, -23.217849731445312
n,-10.274672508239746, -17.7962589263916, 26.57630157470703
n,14.86074447631836, 25.618619918823242, -15.85623550415039
n,-3.2394118309020996, -5.562821865081787, 32.97175598144531
n,13.776010513305664, 23.921785354614258, 19.14537239074707
n,16.668825149536133, 28.777067184448242, -4.754602909088135
n,-14.59220027923584, -25.481040954589844, 16.320537567138672
n,-16.71756935119629, -29.000431060791016, 2.841386079788208
n,10.349869728088379, 17.749237060546875, -26.578569412231445
n,-0.17364756762981415, -0.30149900913238525, 33.59247970581055
n,-0.32196828722953796, -0.50871741771698, 33.58888626098633
n,3.378291130065918, 5.890622615814209, 32.90081024169922
n,-6.678028106689453, -11.421138763427734, 30.8794002532959
n,-15.389369010925293, -26.66872787475586, -13.435848236083984
n,-10.480716705322266, -18.153133392333984, -26.25250244140625
n,16.322586059570312, 28.2301025390625, -8.075273513793945
n,4.7566752433776855, 8.376235961914062, -32.18367004394531
n,16.790056228637695, 29.03406524658203, -1.9216091632843018
n,13.534504890441895, 23.3039493560791, -20.057884216308594
n,-9.443613052368164, -16.22854995727539, 27.857276916503906
n,8.834362983703613, 15.351943969726562, 28.545534133911133
n,16.245155334472656, 28.122819900512695, -8.589383125305176
n,-7.7850260734558105, -13.553683280944824, -29.736621856689453
n,2.43430495262146, 4.2882914543151855, 33.230411529541016
n,9.064764976501465, 15.431203842163086, -28.430328369140625
n,8.733630180358887, 15.127096176147461, -28.696170806884766
n,-4.11140251159668, -7.035061359405518, 32.591102600097656
n,16.31393814086914, 28.061668395996094, -8.658740997314453
u,0.6060535311698914, 0.3439842462539673, 0
u,0.5947977304458618, 0.34368711709976196, 0
u,0.5987395644187927, 0.34276825189590454, 0
u,0.5404673218727112, 0.34745240211486816, 0
u,0.5267658233642578, 0.34700268507003784, 0
u,0.5340245366096497, 0.34665119647979736, 0
u,0.5404673218727112, 0.34745240211486816, 0
u,0.5198637843132019, 0.34888172149658203, 0
u,0.5267658233642578, 0.34700268507003784, 0
u,0.6060535311698914, 0.3439842462539673, 0
u,0.5916199684143066, 0.34602946043014526, 0
u,0.5947977304458618, 0.34368711709976196, 0
u,0.5472791194915771, 0.3497433066368103, 0
u,0.5198637843132019, 0.34888172149658203, 0
u,0.5404673218727112, 0.34745240211486816, 0
u,0.619289755821228, 0.3493030071258545, 0
u,0.5916199684143066, 0.34602946043014526, 0
u,0.6060535311698914, 0.3439842462539673, 0
u,0.619289755821228, 0.3493030071258545, 0
u,0.5895763635635376, 0.3493627905845642, 0
u,0.5916199684143066, 0.34602946043014526, 0
u,0.5472791194915771, 0.3497433066368103, 0
u,0.5258907675743103, 0.3676741123199463, 0
u,0.5198637843132019, 0.34888172149658203, 0
u,0.5565293431282043, 0.35614097118377686, 0
u,0.5258907675743103, 0.3676741123199463, 0
u,0.5472791194915771, 0.3497433066368103, 0
u,0.619289755821228, 0.3493030071258545, 0
u,0.5884581804275513, 0.35415077209472656, 0
u,0.5895763635635376, 0.3493627905845642, 0
u,0.619289755821228, 0.3493030071258545, 0
u,0.589239239692688, 0.36225026845932007, 0
u,0.5884581804275513, 0.35415077209472656, 0
u,0.6462386250495911, 0.3650776743888855, 0
u,0.589239239692688, 0.36225026845932007, 0
u,0.619289755821228, 0.3493030071258545, 0
u,0.5681456327438354, 0.3685157299041748, 0
u,0.5258907675743103, 0.3676741123199463, 0
u,0.5565293431282043, 0.35614097118377686, 0
u,0.6462386250495911, 0.3650776743888855, 0
u,0.5955376625061035, 0.3866868019104004, 0
u,0.589239239692688, 0.36225026845932007, 0
u,0.5798059701919556, 0.38374537229537964, 0
u,0.5258907675743103, 0.3676741123199463, 0
u,0.5681456327438354, 0.3685157299041748, 0
u,0.5798059701919556, 0.38374537229537964, 0
u,0.5300191044807434, 0.38893550634384155, 0
u,0.5258907675743103, 0.3676741123199463, 0
u,0.6462386250495911, 0.3650776743888855, 0
u,0.6377994418144226, 0.376137375831604, 0
u,0.5955376625061035, 0.3866868019104004, 0
u,0.6351003050804138, 0.37700003385543823, 0
u,0.5955376625061035, 0.3866868019104004, 0
u,0.6377994418144226, 0.376137375831604, 0
u,0.6701620221138, 0.38142621517181396, 0
u,0.6377994418144226, 0.376137375831604, 0
u,0.6462386250495911, 0.3650776743888855, 0
u,0.6701620221138, 0.38142621517181396, 0
u,0.645626425743103, 0.37883275747299194, 0
u,0.6377994418144226, 0.376137375831604, 0
u,0.6337311267852783, 0.37935060262680054, 0
u,0.5955376625061035, 0.3866868019104004, 0
u,0.6351003050804138, 0.37700003385543823, 0
u,0.6334148049354553, 0.38561636209487915, 0
u,0.5955376625061035, 0.3866868019104004, 0
u,0.6337311267852783, 0.37935060262680054, 0
u,0.6701620221138, 0.38142621517181396, 0
u,0.6549906134605408, 0.3840145468711853, 0
u,0.645626425743103, 0.37883275747299194, 0
u,0.6663455963134766, 0.39168781042099, 0
u,0.6549906134605408, 0.3840145468711853, 0
u,0.6701620221138, 0.38142621517181396, 0
u,0.5561730265617371, 0.3924977779388428, 0
u,0.5300191044807434, 0.38893550634384155, 0
u,0.5798059701919556, 0.38374537229537964, 0
u,0.5464387536048889, 0.39438456296920776, 0
u,0.5300191044807434, 0.38893550634384155, 0
u,0.5561730265617371, 0.3924977779388428, 0
u,0.5798059701919556, 0.38374537229537964, 0
u,0.5671369433403015, 0.39511609077453613, 0
u,0.5561730265617371, 0.3924977779388428, 0
u,0.5464387536048889, 0.39438456296920776, 0
u,0.5311771035194397, 0.399416446685791, 0
u,0.5300191044807434, 0.38893550634384155, 0
u,0.5951641798019409, 0.408042848110199, 0
u,0.5671369433403015, 0.39511609077453613, 0
u,0.5798059701919556, 0.38374537229537964, 0
u,0.5394484400749207, 0.39832282066345215, 0
u,0.5311771035194397, 0.399416446685791, 0
u,0.5464387536048889, 0.39438456296920776, 0
u,0.635612428188324, 0.4013252854347229, 0
u,0.5955376625061035, 0.3866868019104004, 0
u,0.6334148049354553, 0.38561636209487915, 0
u,0.5394484400749207, 0.39832282066345215, 0
u,0.5355513691902161, 0.40175187587738037, 0
u,0.5311771035194397, 0.399416446685791, 0
u,0.5951641798019409, 0.408042848110199, 0
u,0.5775343775749207, 0.4026229977607727, 0
u,0.5671369433403015, 0.39511609077453613, 0
u,0.5951641798019409, 0.408042848110199, 0
u,0.5871970653533936, 0.414569616317749, 0
u,0.5775343775749207, 0.4026229977607727, 0
u,0.635612428188324, 0.4013252854347229, 0
u,0.6084708571434021, 0.4286237955093384, 0
u,0.5955376625061035, 0.3866868019104004, 0
u,0.6410378813743591, 0.42686766386032104, 0
u,0.6084708571434021, 0.4286237955093384, 0
u,0.635612428188324, 0.4013252854347229, 0
u,0.5951641798019409, 0.408042848110199, 0
u,0.59665447473526, 0.43040430545806885, 0
u,0.5871970653533936, 0.414569616317749, 0
u,0.606061577796936, 0.4287600517272949, 0
u,0.59665447473526, 0.43040430545806885, 0
u,0.5951641798019409, 0.408042848110199, 0
u,0.6410378813743591, 0.42686766386032104, 0
u,0.606061577796936, 0.4287600517272949, 0
u,0.6084708571434021, 0.4286237955093384, 0
u,0.6410378813743591, 0.42686766386032104, 0
u,0.59665447473526, 0.43040430545806885, 0
u,0.606061577796936, 0.4287600517272949, 0
u,0.6410378813743591, 0.42686766386032104, 0
u,0.6075925230979919, 0.4540392756462097, 0
u,0.59665447473526, 0.43040430545806885, 0
u,0.6480901837348938, 0.45323920249938965, 0
u,0.6075925230979919, 0.4540392756462097, 0
u,0.6410378813743591, 0.42686766386032104, 0
u,0.6480901837348938, 0.45323920249938965, 0
u,0.6196402907371521, 0.4918246865272522, 0
u,0.6075925230979919, 0.4540392756462097, 0
u,0.6611157059669495, 0.49362343549728394, 0
u,0.6196402907371521, 0.4918246865272522, 0
u,0.6480901837348938, 0.45323920249938965, 0
u,0.6611157059669495, 0.49362343549728394, 0
u,0.6254992485046387, 0.5182296335697174, 0
u,0.6196402907371521, 0.4918246865272522, 0
u,0.6701620221138, 0.5188547074794769, 0
u,0.6254992485046387, 0.5182296335697174, 0
u,0.6611157059669495, 0.49362343549728394, 0
u,0.6701620221138, 0.5188547074794769, 0
u,0.643555223941803, 0.5196372270584106, 0
u,0.6254992485046387, 0.5182296335697174, 0
u,0.6664184331893921, 0.5232283771038055, 0
u,0.643555223941803, 0.5196372270584106, 0
u,0.6701620221138, 0.5188547074794769, 0
u,0.4329906702041626, 0.3441409468650818, 0
u,0.4405505359172821, 0.34269988536834717, 0
u,0.4447243809700012, 0.34356313943862915, 0
u,0.4988116919994354, 0.3475257158279419, 0
u,0.5052130222320557, 0.346648633480072, 0
u,0.5126602053642273, 0.3469371795654297, 0
u,0.4988116919994354, 0.3475257158279419, 0
u,0.5126602053642273, 0.3469371795654297, 0
u,0.5198637843132019, 0.34885483980178833, 0
u,0.4329906702041626, 0.3441409468650818, 0
u,0.4447243809700012, 0.34356313943862915, 0
u,0.44792449474334717, 0.3458092212677002, 0
u,0.49120885133743286, 0.35028505325317383, 0
u,0.4988116919994354, 0.3475257158279419, 0
u,0.5198637843132019, 0.34885483980178833, 0
u,0.41888564825057983, 0.35003405809402466, 0
u,0.4329906702041626, 0.3441409468650818, 0
u,0.44792449474334717, 0.3458092212677002, 0
u,0.41888564825057983, 0.35003405809402466, 0
u,0.44792449474334717, 0.3458092212677002, 0
u,0.45066604018211365, 0.35052186250686646, 0
u,0.49120885133743286, 0.35028505325317383, 0
u,0.5198637843132019, 0.34885483980178833, 0
u,0.5141522288322449, 0.3663719892501831, 0
u,0.4823203980922699, 0.3570091128349304, 0
u,0.49120885133743286, 0.35028505325317383, 0
u,0.5141522288322449, 0.3663719892501831, 0
u,0.41888564825057983, 0.35003405809402466, 0
u,0.45066604018211365, 0.35052186250686646, 0
u,0.451209157705307, 0.35738784074783325, 0
u,0.3912779986858368, 0.36644941568374634, 0
u,0.41888564825057983, 0.35003405809402466, 0
u,0.451209157705307, 0.35738784074783325, 0
u,0.47329872846603394, 0.3664374351501465, 0
u,0.4823203980922699, 0.3570091128349304, 0
u,0.5141522288322449, 0.3663719892501831, 0
u,0.3912779986858368, 0.36644941568374634, 0
u,0.451209157705307, 0.35738784074783325, 0
u,0.44899603724479675, 0.36870241165161133, 0
u,0.46036309003829956, 0.3829888701438904, 0
u,0.47329872846603394, 0.3664374351501465, 0
u,0.5141522288322449, 0.3663719892501831, 0
u,0.46036309003829956, 0.3829888701438904, 0
u,0.5141522288322449, 0.3663719892501831, 0
u,0.5098628997802734, 0.38768064975738525, 0
u,0.3912779986858368, 0.36644941568374634, 0
u,0.44899603724479675, 0.36870241165161133, 0
u,0.40336236357688904, 0.37621182203292847, 0
u,0.40336236357688904, 0.37621182203292847, 0
u,0.44899603724479675, 0.36870241165161133, 0
u,0.4422825276851654, 0.39286231994628906, 0
u,0.3912779986858368, 0.36644941568374634, 0
u,0.40336236357688904, 0.37621182203292847, 0
u,0.3969670534133911, 0.37743085622787476, 0
u,0.3695428669452667, 0.3813691735267639, 0
u,0.3912779986858368, 0.36644941568374634, 0
u,0.3969670534133911, 0.37743085622787476, 0
u,0.40576210618019104, 0.3784991502761841, 0
u,0.40336236357688904, 0.37621182203292847, 0
u,0.4422825276851654, 0.39286231994628906, 0
u,0.8313809633255005, 0.20978772640228271, 0
u,0.777641236782074, 0.23456567525863647, 0
u,0.7776415944099426, 0.20885741710662842, 0
u,0.40632304549217224, 0.38530856370925903, 0
u,0.40576210618019104, 0.3784991502761841, 0
u,0.4422825276851654, 0.39286231994628906, 0
u,0.3695428669452667, 0.3813691735267639, 0
u,0.3969670534133911, 0.37743085622787476, 0
u,0.38192737102508545, 0.38564443588256836, 0
u,0.3733823001384735, 0.3917319178581238, 0
u,0.3695428669452667, 0.3813691735267639, 0
u,0.38192737102508545, 0.38564443588256836, 0
u,0.48240867257118225, 0.39262324571609497, 0
u,0.46036309003829956, 0.3829888701438904, 0
u,0.48877301812171936, 0.3931393027305603, 0
u,0.48877301812171936, 0.3931393027305603, 0
u,0.46036309003829956, 0.3829888701438904, 0
u,0.5098628997802734, 0.38768064975738525, 0
u,0.49452829360961914, 0.3949275612831116, 0
u,0.48877301812171936, 0.3931393027305603, 0
u,0.5098628997802734, 0.38768064975738525, 0
u,0.46036309003829956, 0.3829888701438904, 0
u,0.48240867257118225, 0.39262324571609497, 0
u,0.4733182191848755, 0.3947393298149109, 0
u,0.49452829360961914, 0.3949275612831116, 0
u,0.5098628997802734, 0.38768064975738525, 0
u,0.5085233449935913, 0.39939385652542114, 0
u,0.4488193392753601, 0.40091949701309204, 0
u,0.46036309003829956, 0.3829888701438904, 0
u,0.4733182191848755, 0.3947393298149109, 0
u,0.5006745457649231, 0.39861661195755005, 0
u,0.49452829360961914, 0.3949275612831116, 0
u,0.5085233449935913, 0.39939385652542114, 0
u,0.40391796827316284, 0.4022143483161926, 0
u,0.40632304549217224, 0.38530856370925903, 0
u,0.4422825276851654, 0.39286231994628906, 0
u,0.5006745457649231, 0.39861661195755005, 0
u,0.5085233449935913, 0.39939385652542114, 0
u,0.5041484832763672, 0.40172821283340454, 0
u,0.4488193392753601, 0.40091949701309204, 0
u,0.4733182191848755, 0.3947393298149109, 0
u,0.46288827061653137, 0.40189701318740845, 0
u,0.4334087371826172, 0.42868274450302124, 0
u,0.4488193392753601, 0.40091949701309204, 0
u,0.46288827061653137, 0.40189701318740845, 0
u,0.4334087371826172, 0.42868274450302124, 0
u,0.46288827061653137, 0.40189701318740845, 0
u,0.4534027874469757, 0.41323959827423096, 0
u,0.40391796827316284, 0.4022143483161926, 0
u,0.4422825276851654, 0.39286231994628906, 0
u,0.43121102452278137, 0.4285809397697449, 0
u,0.39659154415130615, 0.435538113117218, 0
u,0.40391796827316284, 0.4022143483161926, 0
u,0.43121102452278137, 0.4285809397697449, 0
u,0.4334087371826172, 0.42868274450302124, 0
u,0.4534027874469757, 0.41323959827423096, 0
u,0.443720281124115, 0.42909663915634155, 0
u,0.39659154415130615, 0.435538113117218, 0
u,0.43121102452278137, 0.4285809397697449, 0
u,0.4334087371826172, 0.42868274450302124, 0
u,0.39659154415130615, 0.435538113117218, 0
u,0.4334087371826172, 0.42868274450302124, 0
u,0.443720281124115, 0.42909663915634155, 0
u,0.39659154415130615, 0.435538113117218, 0
u,0.443720281124115, 0.42909663915634155, 0
u,0.4330460727214813, 0.45159947872161865, 0
u,0.38358908891677856, 0.4786754846572876, 0
u,0.39659154415130615, 0.435538113117218, 0
u,0.4330460727214813, 0.45159947872161865, 0
u,0.38358908891677856, 0.4786754846572876, 0
u,0.4330460727214813, 0.45159947872161865, 0
u,0.42080020904541016, 0.48888659477233887, 0
u,0.3695428669452667, 0.5188352167606354, 0
u,0.38358908891677856, 0.4786754846572876, 0
u,0.42080020904541016, 0.48888659477233887, 0
u,0.3695428669452667, 0.5188352167606354, 0
u,0.42080020904541016, 0.48888659477233887, 0
u,0.41418707370758057, 0.5180622339248657, 0
u,0.3695428669452667, 0.5188352167606354, 0
u,0.41418707370758057, 0.5180622339248657, 0
u,0.387240469455719, 0.5207453668117523, 0
u,0.37329161167144775, 0.5232284069061279, 0
u,0.3695428669452667, 0.5188352167606354, 0
u,0.387240469455719, 0.5207453668117523, 0
u,0.47593212127685547, 0.7874611914157867, 0
u,0.4759327173233032, 0.8032953888177872, 0
u,0.42219278216362, 0.7900062799453735, 0
u,0.18174323439598083, 0.06792217493057251, 0
u,0.17157338559627533, 0.0679059624671936, 0
u,0.1795322299003601, 0.014179229736328125, 0
u,0.47593387961387634, 0.7173816859722137, 0
u,0.4759327173233032, 0.7406759560108185, 0
u,0.42219439148902893, 0.7173270881175995, 0
u,0.7776412963867188, 0.2616538405418396, 0
u,0.777641236782074, 0.23456567525863647, 0
u,0.8313806056976318, 0.24341970682144165, 0
u,0.7776420712471008, 0.30397236347198486, 0
u,0.7776412963867188, 0.2616538405418396, 0
u,0.8313811421394348, 0.28827965259552, 0
u,0.4759327173233032, 0.8032953888177872, 0
u,0.47593387961387634, 0.8127014338970184, 0
u,0.4221942722797394, 0.8117098361253738, 0
u,0.10748054087162018, 0.17108964920043945, 0
u,0.10748039186000824, 0.1458558440208435, 0
u,0.16121990978717804, 0.16443610191345215, 0
u,0.9678067564964294, 0.6197396218776703, 0
u,0.9578914642333984, 0.6197396218776703, 0
u,0.9631648063659668, 0.5660003423690796, 0
u,0.10748021304607391, 0.18352121114730835, 0
u,0.10748044401407242, 0.17914044857025146, 0
u,0.16121970117092133, 0.1824866533279419, 0
u,0.10748044401407242, 0.17914044857025146, 0
u,0.10748054087162018, 0.17108964920043945, 0
u,0.16121990978717804, 0.17595124244689941, 0
u,0.7776428461074829, 0.3307536244392395, 0
u,0.7776420712471008, 0.30397236347198486, 0
u,0.8313822150230408, 0.33077341318130493, 0
u,0.9542906880378723, 0.8426007628440857, 0
u,0.9325780868530273, 0.842599555850029, 0
u,0.9458127617835999, 0.7888609915971756, 0
u,0.18138019740581512, 0.3368672728538513, 0
u,0.17856428027153015, 0.33684825897216797, 0
u,0.18038170039653778, 0.2831200361251831, 0
u,0.18318429589271545, 0.33687883615493774, 0
u,0.18138019740581512, 0.3368672728538513, 0
u,0.18318429589271545, 0.2831384539604187, 0
u,0.7776421308517456, 0.19347476959228516, 0
u,0.7776427268981934, 0.18778765201568604, 0
u,0.8313815593719482, 0.19321900606155396, 0
u,0.9717186093330383, 0.8426011949777603, 0
u,0.9542906880378723, 0.8426007628440857, 0
u,0.9717056751251221, 0.7888618409633636, 0
u,0.4759320318698883, 0.7689649909734726, 0
u,0.47593212127685547, 0.7874611914157867, 0
u,0.42219260334968567, 0.7698043882846832, 0
u,0.17856428027153015, 0.33684825897216797, 0
u,0.17141923308372498, 0.3367980718612671, 0
u,0.17435109615325928, 0.28307807445526123, 0
u,0.10748039186000824, 0.1458558440208435, 0
u,0.16121971607208252, 0.13937115669250488, 0
u,0.16121990978717804, 0.16443610191345215, 0
u,0.17856428027153015, 0.33684825897216797, 0
u,0.17435109615325928, 0.28307807445526123, 0
u,0.18038170039653778, 0.2831200361251831, 0
u,0.9578914642333984, 0.6197396218776703, 0
u,0.9568232297897339, 0.5660000741481781, 0
u,0.9631648063659668, 0.5660003423690796, 0
u,0.8541001081466675, 0.4540597200393677, 0
u,0.9078395366668701, 0.4310504198074341, 0
u,0.9078394770622253, 0.45661741495132446, 0
u,0.9867436289787292, 0.788808137178421, 0
u,0.998762309551239, 0.8425052762031555, 0
u,0.9862943887710571, 0.8425494581460953, 0
u,0.8540987968444824, 0.5231055617332458, 0
u,0.9078388810157776, 0.4961887001991272, 0
u,0.9078381657600403, 0.5232283771038055, 0
u,0.9280850291252136, 0.7888617813587189, 0
u,0.9325780868530273, 0.842599555850029, 0
u,0.9280484318733215, 0.8426011949777603, 0
u,0.47703564167022705, 0.058989524841308594, 0
u,0.4233068525791168, 0.08100491762161255, 0
u,0.42329519987106323, 0.05686146020889282, 0
u,0.8541001081466675, 0.4296538233757019, 0
u,0.9078393578529358, 0.4134112596511841, 0
u,0.9078395366668701, 0.4310504198074341, 0
u,0.9865469336509705, 0.8925194069743156, 0
u,0.9923695921897888, 0.9462588056921959, 0
u,0.9860773682594299, 0.9462587982416153, 0
u,0.1612192839384079, 0.18640440702438354, 0
u,0.10748021304607391, 0.18352121114730835, 0
u,0.16121970117092133, 0.1824866533279419, 0
u,0.8450078964233398, 0.0799398422241211, 0
u,0.8653997778892517, 0.13367927074432373, 0
u,0.8437684774398804, 0.13367921113967896, 0
u,0.10748044401407242, 0.17914044857025146, 0
u,0.16121990978717804, 0.17595124244689941, 0
u,0.16121970117092133, 0.1824866533279419, 0
u,0.42219308018684387, 0.7488482594490051, 0
u,0.4759320318698883, 0.7689649909734726, 0
u,0.42219260334968567, 0.7698043882846832, 0
u,0.8313815593719482, 0.19321900606155396, 0
u,0.7776415944099426, 0.20885741710662842, 0
u,0.7776421308517456, 0.19347476959228516, 0
u,0.8540995121002197, 0.3986515402793884, 0
u,0.9078382253646851, 0.38971883058547974, 0
u,0.9078389406204224, 0.3994978666305542, 0
u,0.3672848045825958, 0.28219032287597656, 0
u,0.3694779574871063, 0.3359292149543762, 0
u,0.36707058548927307, 0.3359297513961792, 0
u,0.9791222214698792, 0.8925194069743156, 0
u,0.9860773682594299, 0.9462587982416153, 0
u,0.9788316488265991, 0.9462588019669056, 0
u,0.9717352390289307, 0.8925194293260574, 0
u,0.9788316488265991, 0.9462588019669056, 0
u,0.9717488884925842, 0.9462588205933571, 0
u,0.4759327173233032, 0.8032953888177872, 0
u,0.4221942722797394, 0.8117098361253738, 0
u,0.4221932888031006, 0.8021359145641327, 0
u,0.9927880764007568, 0.8925194069743156, 0
u,0.9988418221473694, 0.9462588205933571, 0
u,0.9923695921897888, 0.9462588056921959, 0
u,0.47704625129699707, 0.08098989725112915, 0
u,0.42330682277679443, 0.08907884359359741, 0
u,0.4233068525791168, 0.08100491762161255, 0
u,0.47593212127685547, 0.7874611914157867, 0
u,0.42219278216362, 0.7900062799453735, 0
u,0.42219260334968567, 0.7698043882846832, 0
u,0.18138019740581512, 0.3368672728538513, 0
u,0.18038170039653778, 0.2831200361251831, 0
u,0.18318429589271545, 0.2831384539604187, 0
u,0.9759110808372498, 0.5659992694854736, 0
u,0.9799289703369141, 0.6197378039360046, 0
u,0.9754343628883362, 0.6197387278079987, 0
u,0.9678067564964294, 0.6197396218776703, 0
u,0.9631648063659668, 0.5660003423690796, 0
u,0.9691593647003174, 0.5660001337528229, 0
u,0.16121971607208252, 0.13937115669250488, 0
u,0.10747991502285004, 0.10204172134399414, 0
u,0.1612192988395691, 0.10203981399536133, 0
u,0.9568232297897339, 0.5660000741481781, 0
u,0.9476553201675415, 0.6197378933429718, 0
u,0.9483264088630676, 0.5659986734390259, 0
u,0.8333151936531067, 0.07993966341018677, 0
u,0.8437684774398804, 0.13367921113967896, 0
u,0.8333153128623962, 0.1336790919303894, 0
u,0.8540999293327332, 0.4119376540184021, 0
u,0.9078389406204224, 0.3994978666305542, 0
u,0.9078393578529358, 0.4134112596511841, 0
u,0.9542906880378723, 0.8426007628440857, 0
u,0.9458127617835999, 0.7888609915971756, 0
u,0.9717056751251221, 0.7888618409633636, 0
u,0.47702255845069885, 0.03339415788650513, 0
u,0.42329519987106323, 0.05686146020889282, 0
u,0.4232824444770813, 0.032112300395965576, 0
u,0.9325780868530273, 0.842599555850029, 0
u,0.9326244592666626, 0.7888601422309875, 0
u,0.9458127617835999, 0.7888609915971756, 0
u,0.9717184901237488, 0.7888614535331726, 0
u,0.975163996219635, 0.842588946223259, 0
u,0.9717184901237488, 0.8426011949777603, 0
u,0.7776427268981934, 0.18778765201568604, 0
u,0.8313822150230408, 0.18712085485458374, 0
u,0.8313815593719482, 0.19321900606155396, 0
u,0.8667234182357788, 0.07993990182876587, 0
u,0.8850888013839722, 0.1336790919303894, 0
u,0.8653997778892517, 0.13367927074432373, 0
u,0.9691593647003174, 0.5660001337528229, 0
u,0.9754343628883362, 0.6197387278079987, 0
u,0.9678067564964294, 0.6197396218776703, 0
u,0.4759327173233032, 0.8032953888177872, 0
u,0.4221932888031006, 0.8021359145641327, 0
u,0.42219278216362, 0.7900062799453735, 0
u,0.975174605846405, 0.7888491749763489, 0
u,0.9791896939277649, 0.8425746560096741, 0
u,0.975163996219635, 0.842588946223259, 0
u,0.17435109615325928, 0.28307807445526123, 0
u,0.16325527429580688, 0.3367399573326111, 0
u,0.16122041642665863, 0.2829846739768982, 0
u,0.10748054087162018, 0.17108964920043945, 0
u,0.16121990978717804, 0.16443610191345215, 0
u,0.16121990978717804, 0.17595124244689941, 0
u,0.9837594032287598, 0.5659995377063751, 0
u,0.9799289703369141, 0.6197378039360046, 0
u,0.9799289703369141, 0.5659984052181244, 0
u,0.17157338559627533, 0.0679059624671936, 0
u,0.17157338559627533, 0.014166474342346191, 0
u,0.1795322299003601, 0.014179229736328125, 0
u,0.9794236421585083, 0.7888340950012207, 0
u,0.9862943887710571, 0.8425494581460953, 0
u,0.9791896939277649, 0.8425746560096741, 0
u,0.4759327173233032, 0.7406759560108185, 0
u,0.42219308018684387, 0.7488482594490051, 0
u,0.42219439148902893, 0.7173270881175995, 0
u,0.8540995121002197, 0.4931953549385071, 0
u,0.9078394770622253, 0.45661741495132446, 0
u,0.9078388810157776, 0.4961887001991272, 0
u,0.7776412963867188, 0.2616538405418396, 0
u,0.8313806056976318, 0.24341970682144165, 0
u,0.8313811421394348, 0.28827965259552, 0
u,0.7776420712471008, 0.30397236347198486, 0
u,0.8313811421394348, 0.28827965259552, 0
u,0.8313822150230408, 0.33077341318130493, 0
u,0.8313809633255005, 0.20978772640228271, 0
u,0.8313806056976318, 0.24341970682144165, 0
u,0.777641236782074, 0.23456567525863647, 0
u,0.8541001081466675, 0.4540597200393677, 0
u,0.8541001081466675, 0.4296538233757019, 0
u,0.9078395366668701, 0.4310504198074341, 0
u,0.9867436289787292, 0.788808137178421, 0
u,0.9999998807907104, 0.7887611538171768, 0
u,0.998762309551239, 0.8425052762031555, 0
u,0.8540987968444824, 0.5231055617332458, 0
u,0.8540995121002197, 0.4931953549385071, 0
u,0.9078388810157776, 0.4961887001991272, 0
u,0.9280850291252136, 0.7888617813587189, 0
u,0.9326244592666626, 0.7888601422309875, 0
u,0.9325780868530273, 0.842599555850029, 0
u,0.47703564167022705, 0.058989524841308594, 0
u,0.47704625129699707, 0.08098989725112915, 0
u,0.4233068525791168, 0.08100491762161255, 0
u,0.8541001081466675, 0.4296538233757019, 0
u,0.8540999293327332, 0.4119376540184021, 0
u,0.9078393578529358, 0.4134112596511841, 0
u,0.9865469336509705, 0.8925194069743156, 0
u,0.9927880764007568, 0.8925194069743156, 0
u,0.9923695921897888, 0.9462588056921959, 0
u,0.1612192839384079, 0.18640440702438354, 0
u,0.10747991502285004, 0.1862679123878479, 0
u,0.10748021304607391, 0.18352121114730835, 0
u,0.8450078964233398, 0.0799398422241211, 0
u,0.8667234182357788, 0.07993990182876587, 0
u,0.8653997778892517, 0.13367927074432373, 0
u,0.42219308018684387, 0.7488482594490051, 0
u,0.4759327173233032, 0.7406759560108185, 0
u,0.4759320318698883, 0.7689649909734726, 0
u,0.8313815593719482, 0.19321900606155396, 0
u,0.8313809633255005, 0.20978772640228271, 0
u,0.7776415944099426, 0.20885741710662842, 0
u,0.8540995121002197, 0.3986515402793884, 0
u,0.8540987968444824, 0.38920170068740845, 0
u,0.9078382253646851, 0.38971883058547974, 0
u,0.3672848045825958, 0.28219032287597656, 0
u,0.3694779574871063, 0.28218984603881836, 0
u,0.3694779574871063, 0.3359292149543762, 0
u,0.9791222214698792, 0.8925194069743156, 0
u,0.9865469336509705, 0.8925194069743156, 0
u,0.9860773682594299, 0.9462587982416153, 0
u,0.9717352390289307, 0.8925194293260574, 0
u,0.9791222214698792, 0.8925194069743156, 0
u,0.9788316488265991, 0.9462588019669056, 0
u,0.9927880764007568, 0.8925194069743156, 0
u,0.9999857544898987, 0.8925194293260574, 0
u,0.9988418221473694, 0.9462588205933571, 0
u,0.47704625129699707, 0.08098989725112915, 0
u,0.47704625129699707, 0.08914703130722046, 0
u,0.42330682277679443, 0.08907884359359741, 0
u,0.9759110808372498, 0.5659992694854736, 0
u,0.9799289703369141, 0.5659984052181244, 0
u,0.9799289703369141, 0.6197378039360046, 0
u,0.16121971607208252, 0.13937115669250488, 0
u,0.10748039186000824, 0.1458558440208435, 0
u,0.10747991502285004, 0.10204172134399414, 0
u,0.9568232297897339, 0.5660000741481781, 0
u,0.9578914642333984, 0.6197396218776703, 0
u,0.9476553201675415, 0.6197378933429718, 0
u,0.8333151936531067, 0.07993966341018677, 0
u,0.8450078964233398, 0.0799398422241211, 0
u,0.8437684774398804, 0.13367921113967896, 0
u,0.8540999293327332, 0.4119376540184021, 0
u,0.8540995121002197, 0.3986515402793884, 0
u,0.9078389406204224, 0.3994978666305542, 0
u,0.47702255845069885, 0.03339415788650513, 0
u,0.47703564167022705, 0.058989524841308594, 0
u,0.42329519987106323, 0.05686146020889282, 0
u,0.9717184901237488, 0.7888614535331726, 0
u,0.975174605846405, 0.7888491749763489, 0
u,0.975163996219635, 0.842588946223259, 0
u,0.8667234182357788, 0.07993990182876587, 0
u,0.8850991129875183, 0.07993966341018677, 0
u,0.8850888013839722, 0.1336790919303894, 0
u,0.9691593647003174, 0.5660001337528229, 0
u,0.9759110808372498, 0.5659992694854736, 0
u,0.9754343628883362, 0.6197387278079987, 0
u,0.975174605846405, 0.7888491749763489, 0
u,0.9794236421585083, 0.7888340950012207, 0
u,0.9791896939277649, 0.8425746560096741, 0
u,0.17435109615325928, 0.28307807445526123, 0
u,0.17141923308372498, 0.3367980718612671, 0
u,0.16325527429580688, 0.3367399573326111, 0
u,0.9837594032287598, 0.5659995377063751, 0
u,0.9837594032287598, 0.6197389364242554, 0
u,0.9799289703369141, 0.6197378039360046, 0
u,0.9794236421585083, 0.7888340950012207, 0
u,0.9867436289787292, 0.788808137178421, 0
u,0.9862943887710571, 0.8425494581460953, 0
u,0.8540995121002197, 0.4931953549385071, 0
u,0.8541001081466675, 0.4540597200393677, 0
u,0.9078394770622253, 0.45661741495132446, 0
