v,0.0015145244542509317, 0.014803213998675346, 0.0025421821046620607
v,0.000955539639107883, 0.015125944279134274, 0.002595736412331462
v,0.001154169556684792, 0.015011264942586422, 0.002635729731991887
v,-0.0017572117503732443, 0.016692152246832848, 0.0025556229520589113
v,-0.002437408547848463, 0.017084864899516106, 0.0026258656289428473
v,-0.0020754013676196337, 0.01687585934996605, 0.002622522646561265
v,-0.0017572117503732443, 0.016692152246832848, 0.0025556229520589113
v,-0.0027859641704708338, 0.01728610321879387, 0.0025403278414160013
v,-0.002437408547848463, 0.017084864899516106, 0.0026258656289428473
v,0.0015145244542509317, 0.014803213998675346, 0.0025421821046620607
v,0.0007909152773208916, 0.015220990404486656, 0.002471516141667962
v,0.000955539639107883, 0.015125944279134274, 0.002595736412331462
v,-0.0014248504303395748, 0.016500262543559074, 0.0024019728880375624
v,-0.0027859641704708338, 0.01728610321879387, 0.0025403278414160013
v,-0.0017572117503732443, 0.016692152246832848, 0.0025556229520589113
v,0.002157909097149968, 0.014431755989789963, 0.0021938171703368425
v,0.0007909152773208916, 0.015220990404486656, 0.002471516141667962
v,0.0015145244542509317, 0.014803213998675346, 0.0025421821046620607
v,0.002157909097149968, 0.014431755989789963, 0.0021938171703368425
v,0.0006799144321121275, 0.015285076573491096, 0.002286709612235427
v,0.0007909152773208916, 0.015220990404486656, 0.002471516141667962
v,-0.0014248504303395748, 0.016500262543559074, 0.0024019728880375624
v,-0.002538965316489339, 0.017143497243523598, 0.0014415361220017076
v,-0.0027859641704708338, 0.01728610321879387, 0.0025403278414160013
v,-0.0009827438043430448, 0.01624501310288906, 0.002004565903916955
v,-0.002538965316489339, 0.017143497243523598, 0.0014415361220017076
v,-0.0014248504303395748, 0.016500262543559074, 0.0024019728880375624
v,0.002157909097149968, 0.014431755989789963, 0.0021938171703368425
v,0.0006108579109422863, 0.015324946492910385, 0.0020153590012341738
v,0.0006799144321121275, 0.015285076573491096, 0.002286709612235427
v,0.002157909097149968, 0.014431755989789963, 0.0021938171703368425
v,0.0006269661244004965, 0.015315646305680275, 0.0015476677799597383
v,0.0006108579109422863, 0.015324946492910385, 0.0020153590012341738
v,0.003453953890129924, 0.013683483935892582, 0.0012005126336589456
v,0.0006269661244004965, 0.015315646305680275, 0.0015476677799597383
v,0.002157909097149968, 0.014431755989789963, 0.0021938171703368425
v,-0.0004397363809403032, 0.0159315075725317, 0.0012562229530885816
v,-0.002538965316489339, 0.017143497243523598, 0.0014415361220017076
v,-0.0009827438043430448, 0.01624501310288906, 0.002004565903916955
v,0.003453953890129924, 0.013683483935892582, 0.0012005126336589456
v,0.0008716218871995807, 0.015174394473433495, 0.00012385511945467442
v,0.0006269661244004965, 0.015315646305680275, 0.0015476677799597383
v,9.74454524111934e-05, 0.015621365047991276, 0.00034377904376015067
v,-0.002538965316489339, 0.017143497243523598, 0.0014415361220017076
v,-0.0004397363809403032, 0.0159315075725317, 0.0012562229530885816
v,9.74454524111934e-05, 0.015621365047991276, 0.00034377904376015067
v,-0.002393328119069338, 0.017059413716197014, 0.00020710557873826474
v,-0.002538965316489339, 0.017143497243523598, 0.0014415361220017076
v,0.003453953890129924, 0.013683483935892582, 0.0012005126336589456
v,0.0030031728092581034, 0.013943742960691452, 0.0005927096935920417
v,0.0008716218871995807, 0.015174394473433495, 0.00012385511945467442
v,0.0028665068093687296, 0.014022646471858025, 0.0005519168335013092
v,0.0008716218871995807, 0.015174394473433495, 0.00012385511945467442
v,0.0030031728092581034, 0.013943742960691452, 0.0005927096935920417
v,0.004597911611199379, 0.013023019768297672, 0.00018405744049232453
v,0.0030031728092581034, 0.013943742960691452, 0.0005927096935920417
v,0.003453953890129924, 0.013683483935892582, 0.0012005126336589456
v,0.004597911611199379, 0.013023019768297672, 0.00018405744049232453
v,0.0033848898019641638, 0.013723358511924744, 0.0004125397535972297
v,0.0030031728092581034, 0.013943742960691452, 0.0005927096935920417
v,0.0027918110135942698, 0.014065772294998169, 0.00042136170668527484
v,0.0008716218871995807, 0.015174394473433495, 0.00012385511945467442
v,0.0028665068093687296, 0.014022646471858025, 0.0005519168335013092
v,0.0027584859635680914, 0.01408501248806715, 6.254313484532759e-05
v,0.0008716218871995807, 0.015174394473433495, 0.00012385511945467442
v,0.0027918110135942698, 0.014065772294998169, 0.00042136170668527484
v,0.004597911611199379, 0.013023019768297672, 0.00018405744049232453
v,0.003836079267784953, 0.013462863862514496, 8.45898684929125e-05
v,0.0033848898019641638, 0.013723358511924744, 0.0004125397535972297
v,0.00437928969040513, 0.013149240985512733, -0.0003928968799300492
v,0.003836079267784953, 0.013462863862514496, 8.45898684929125e-05
v,0.004597911611199379, 0.013023019768297672, 0.00018405744049232453
v,-0.001102533657103777, 0.016314173117280006, -8.226006320910528e-05
v,-0.002393328119069338, 0.017059413716197014, 0.00020710557873826474
v,9.74454524111934e-05, 0.015621365047991276, 0.00034377904376015067
v,-0.0015919769648462534, 0.016596753150224686, -0.00015906112093944103
v,-0.002393328119069338, 0.017059413716197014, 0.00020710557873826474
v,-0.001102533657103777, 0.016314173117280006, -8.226006320910528e-05
v,9.74454524111934e-05, 0.015621365047991276, 0.00034377904376015067
v,-0.0005645832279697061, 0.01600358821451664, -0.0002681727637536824
v,-0.001102533657103777, 0.016314173117280006, -8.226006320910528e-05
v,-0.0015919769648462534, 0.016596753150224686, -0.00015906112093944103
v,-0.002365157939493656, 0.01704315096139908, -0.000398570264223963
v,-0.002393328119069338, 0.017059413716197014, 0.00020710557873826474
v,0.0007930896244943142, 0.015219734981656075, -0.0011014193296432495
v,-0.0005645832279697061, 0.01600358821451664, -0.0002681727637536824
v,9.74454524111934e-05, 0.015621365047991276, 0.00034377904376015067
v,-0.0019507026299834251, 0.016803864389657974, -0.00036257837200537324
v,-0.002365157939493656, 0.01704315096139908, -0.000398570264223963
v,-0.0015919769648462534, 0.016596753150224686, -0.00015906112093944103
v,0.00282368715852499, 0.014047368429601192, -0.0008467499283142388
v,0.0008716218871995807, 0.015174394473433495, 0.00012385511945467442
v,0.0027584859635680914, 0.01408501248806715, 6.254313484532759e-05
v,-0.0019507026299834251, 0.016803864389657974, -0.00036257837200537324
v,-0.002154155634343624, 0.016921328380703926, -0.0005468757008202374
v,-0.002365157939493656, 0.01704315096139908, -0.000398570264223963
v,0.0007930896244943142, 0.015219734981656075, -0.0011014193296432495
v,-6.85304548824206e-05, 0.015717191621661186, -0.0007330037769861519
v,-0.0005645832279697061, 0.01600358821451664, -0.0002681727637536824
v,0.0007930896244943142, 0.015219734981656075, -0.0011014193296432495
v,0.00037851338856853545, 0.0154590904712677, -0.0014504229184240103
v,-6.85304548824206e-05, 0.015717191621661186, -0.0007330037769861519
v,0.00282368715852499, 0.014047368429601192, -0.0008467499283142388
v,0.0013971308944746852, 0.014870990999042988, -0.0023265257477760315
v,0.0008716218871995807, 0.015174394473433495, 0.00012385511945467442
v,0.0030218162573873997, 0.013932978734374046, -0.002331244759261608
v,0.0013971308944746852, 0.014870990999042988, -0.0023265257477760315
v,0.00282368715852499, 0.014047368429601192, -0.0008467499283142388
v,0.0007930896244943142, 0.015219734981656075, -0.0011014193296432495
v,0.0008044324349611998, 0.015213185921311378, -0.0023904722183942795
v,0.00037851338856853545, 0.0154590904712677, -0.0014504229184240103
v,0.0012769224122166634, 0.014940394088625908, -0.0023265378549695015
v,0.0008044324349611998, 0.015213185921311378, -0.0023904722183942795
v,0.0007930896244943142, 0.015219734981656075, -0.0011014193296432495
v,0.0030218162573873997, 0.013932978734374046, -0.002331244759261608
v,0.0012769224122166634, 0.014940394088625908, -0.0023265378549695015
v,0.0013971308944746852, 0.014870990999042988, -0.0023265257477760315
v,0.0030218162573873997, 0.013932978734374046, -0.002331244759261608
v,0.0008044324349611998, 0.015213185921311378, -0.0023904722183942795
v,0.0012769224122166634, 0.014940394088625908, -0.0023265378549695015
v,0.0030218162573873997, 0.013932978734374046, -0.002331244759261608
v,0.0012820929987356067, 0.01493740826845169, -0.0037832933012396097
v,0.0008044324349611998, 0.015213185921311378, -0.0023904722183942795
v,0.003298534546047449, 0.013773215003311634, -0.0038686280604451895
v,0.0012820929987356067, 0.01493740826845169, -0.0037832933012396097
v,0.0030218162573873997, 0.013932978734374046, -0.002331244759261608
v,0.003298534546047449, 0.013773215003311634, -0.0038686280604451895
v,0.0017752223648130894, 0.014652700163424015, -0.0059923748485744
v,0.0012820929987356067, 0.01493740826845169, -0.0037832933012396097
v,0.003832997288554907, 0.013464642688632011, -0.0062301321886479855
v,0.0017752223648130894, 0.014652700163424015, -0.0059923748485744
v,0.003298534546047449, 0.013773215003311634, -0.0038686280604451895
v,0.003832997288554907, 0.013464642688632011, -0.0062301321886479855
v,0.0019924945663660765, 0.014527257531881332, -0.0075278133153915405
v,0.0017752223648130894, 0.014652700163424015, -0.0059923748485744
v,0.004212088417261839, 0.013245774433016777, -0.00770849734544754
v,0.0019924945663660765, 0.014527257531881332, -0.0075278133153915405
v,0.003832997288554907, 0.013464642688632011, -0.0062301321886479855
v,0.004212088417261839, 0.013245774433016777, -0.00770849734544754
v,0.0028865758795291185, 0.014011058956384659, -0.007667184341698885
v,0.0019924945663660765, 0.014527257531881332, -0.0075278133153915405
v,0.0040136175230145454, 0.013360361568629742, -0.007947542704641819
v,0.0028865758795291185, 0.014011058956384659, -0.007667184341698885
v,0.004212088417261839, 0.013245774433016777, -0.00770849734544754
v,1.6969249827525346e-06, 0.01210725773125887, 0.0025286406744271517
v,-0.0003702317480929196, 0.01232199091464281, 0.0026360133197158575
v,-0.0005802532541565597, 0.012443247251212597, 0.00260002794675529
v,-0.0032814801670610905, 0.014002801850438118, 0.0025485658552497625
v,-0.003597379196435213, 0.014185186475515366, 0.0026197817642241716
v,-0.0039685796946287155, 0.014399498701095581, 0.0026274581905454397
v,-0.0032814801670610905, 0.014002801850438118, 0.0025485658552497625
v,-0.0039685796946287155, 0.014399498701095581, 0.0026274581905454397
v,-0.00433226116001606, 0.014609470032155514, 0.0025407837238162756
v,1.6969249827525346e-06, 0.01210725773125887, 0.0025286406744271517
v,-0.0005802532541565597, 0.012443247251212597, 0.00260002794675529
v,-0.0007457458996213973, 0.012538794428110123, 0.0024814552161842585
v,-0.0029111301992088556, 0.01378897950053215, 0.002365345833823085
v,-0.0032814801670610905, 0.014002801850438118, 0.0025485658552497625
v,-0.00433226116001606, 0.014609470032155514, 0.0025407837238162756
v,0.0006865986506454647, 0.011711830273270607, 0.0021442740689963102
v,1.6969249827525346e-06, 0.01210725773125887, 0.0025286406744271517
v,-0.0007457458996213973, 0.012538794428110123, 0.0024814552161842585
v,0.0006865986506454647, 0.011711830273270607, 0.0021442740689963102
v,-0.0007457458996213973, 0.012538794428110123, 0.0024814552161842585
v,-0.0008953864453360438, 0.012625189498066902, 0.002219738671556115
v,-0.0029111301992088556, 0.01378897950053215, 0.002365345833823085
v,-0.00433226116001606, 0.014609470032155514, 0.0025407837238162756
v,-0.0040975892916321754, 0.014473982155323029, 0.0015161865158006549
v,-0.0024880203418433666, 0.013544697314500809, 0.0019502456998452544
v,-0.0029111301992088556, 0.01378897950053215, 0.002365345833823085
v,-0.0040975892916321754, 0.014473982155323029, 0.0015161865158006549
v,0.0006865986506454647, 0.011711830273270607, 0.0021442740689963102
v,-0.0008953864453360438, 0.012625189498066902, 0.002219738671556115
v,-0.0009417589753866196, 0.012651963159441948, 0.0018271970329806209
v,0.002013387391343713, 0.01094580814242363, 0.0011116581736132503
v,0.0006865986506454647, 0.011711830273270607, 0.0021442740689963102
v,-0.0009417589753866196, 0.012651963159441948, 0.0018271970329806209
v,-0.0020659107249230146, 0.013300991617143154, 0.0013794064288958907
v,-0.0024880203418433666, 0.013544697314500809, 0.0019502456998452544
v,-0.0040975892916321754, 0.014473982155323029, 0.0015161865158006549
v,0.002013387391343713, 0.01094580814242363, 0.0011116581736132503
v,-0.0009417589753866196, 0.012651963159441948, 0.0018271970329806209
v,-0.0008635927806608379, 0.012606833130121231, 0.0011702025076374412
v,-0.0014692223630845547, 0.01295649353414774, 0.0003867487539537251
v,-0.0020659107249230146, 0.013300991617143154, 0.0013794064288958907
v,-0.0040975892916321754, 0.014473982155323029, 0.0015161865158006549
v,-0.0014692223630845547, 0.01295649353414774, 0.0003867487539537251
v,-0.0040975892916321754, 0.014473982155323029, 0.0015161865158006549
v,-0.003944342024624348, 0.014385504648089409, 0.00027847575256600976
v,0.002013387391343713, 0.01094580814242363, 0.0011116581736132503
v,-0.0008635927806608379, 0.012606833130121231, 0.0011702025076374412
v,0.0013848388334736228, 0.011308700777590275, 0.0005903556593693793
v,0.0013848388334736228, 0.011308700777590275, 0.0005903556593693793
v,-0.0008635927806608379, 0.012606833130121231, 0.0011702025076374412
v,-0.000597819744143635, 0.01245338935405016, -0.00023914936173241585
v,0.002013387391343713, 0.01094580814242363, 0.0011116581736132503
v,0.0013848388334736228, 0.011308700777590275, 0.0005903556593693793
v,0.0016994742909446359, 0.011127045378088951, 0.0004995249328203499
v,0.003052321495488286, 0.010345978662371635, 0.00018405758601147681
v,0.002013387391343713, 0.01094580814242363, 0.0011116581736132503
v,0.0016994742909446359, 0.011127045378088951, 0.0004995249328203499
v,0.001259037060663104, 0.011381332762539387, 0.000466810364741832
v,0.0013848388334736228, 0.011308700777590275, 0.0005903556593693793
v,-0.000597819744143635, 0.01245338935405016, -0.00023914936173241585
v,0.0012838848633691669, 0.01136698666960001, -0.0009011449874378741
v,0.0030218162573873997, 0.013932978734374046, -0.002331244759261608
v,0.00282368715852499, 0.014047368429601192, -0.0008467499283142388
v,0.001211937633343041, 0.01140852551907301, 7.75766748120077e-05
v,0.001259037060663104, 0.011381332762539387, 0.000466810364741832
v,-0.000597819744143635, 0.01245338935405016, -0.00023914936173241585
v,0.003052321495488286, 0.010345978662371635, 0.00018405758601147681
v,0.0016994742909446359, 0.011127045378088951, 0.0004995249328203499
v,0.002424318576231599, 0.01070855651050806, -2.1146543076611124e-05
v,0.002832145197317004, 0.010473097674548626, -0.0003985701478086412
v,0.003052321495488286, 0.010345978662371635, 0.00018405758601147681
v,0.002424318576231599, 0.01070855651050806, -2.1146543076611124e-05
v,-0.0025928339455276728, 0.013605210930109024, -9.476782724959776e-05
v,-0.0014692223630845547, 0.01295649353414774, 0.0003867487539537251
v,-0.0029108228627592325, 0.013788802549242973, -0.00010368337825639173
v,-0.0029108228627592325, 0.013788802549242973, -0.00010368337825639173
v,-0.0014692223630845547, 0.01295649353414774, 0.0003867487539537251
v,-0.003944342024624348, 0.014385504648089409, 0.00027847575256600976
v,-0.003202106337994337, 0.013956975191831589, -0.00018764303240459412
v,-0.0029108228627592325, 0.013788802549242973, -0.00010368337825639173
v,-0.003944342024624348, 0.014385504648089409, 0.00027847575256600976
v,-0.0014692223630845547, 0.01295649353414774, 0.0003867487539537251
v,-0.0025928339455276728, 0.013605210930109024, -9.476782724959776e-05
v,-0.0021466852631419897, 0.01334762666374445, -0.0002458898234181106
v,-0.003202106337994337, 0.013956975191831589, -0.00018764303240459412
v,-0.003944342024624348, 0.014385504648089409, 0.00027847575256600976
v,-0.003910748288035393, 0.014366109855473042, -0.0003985701478086412
v,-0.0009456512052565813, 0.01265420950949192, -0.0006805834709666669
v,-0.0014692223630845547, 0.01295649353414774, 0.0003867487539537251
v,-0.0021466852631419897, 0.01334762666374445, -0.0002458898234181106
v,-0.0035181960556656122, 0.014139469712972641, -0.00037949084071442485
v,-0.003202106337994337, 0.013956975191831589, -0.00018764303240459412
v,-0.003910748288035393, 0.014366109855473042, -0.0003985701478086412
v,0.0012838848633691669, 0.01136698666960001, -0.0009011449874378741
v,0.001211937633343041, 0.01140852551907301, 7.75766748120077e-05
v,-0.000597819744143635, 0.01245338935405016, -0.00023914936173241585
v,-0.0035181960556656122, 0.014139469712972641, -0.00037949084071442485
v,-0.003910748288035393, 0.014366109855473042, -0.0003985701478086412
v,-0.0036997459828853607, 0.01424428727477789, -0.0005468755844049156
v,-0.0009456512052565813, 0.01265420950949192, -0.0006805834709666669
v,-0.0021466852631419897, 0.01334762666374445, -0.0002458898234181106
v,-0.00164813082665205, 0.013059786520898342, -0.0006909127696417272
v,-0.0002574849931988865, 0.012256897054612637, -0.00232518813572824
v,-0.0009456512052565813, 0.01265420950949192, -0.0006805834709666669
v,-0.00164813082665205, 0.013059786520898342, -0.0006909127696417272
v,-0.0002574849931988865, 0.012256897054612637, -0.00232518813572824
v,-0.00164813082665205, 0.013059786520898342, -0.0006909127696417272
v,-0.0012083497131243348, 0.01280587911605835, -0.0013731956714764237
v,0.0012838848633691669, 0.01136698666960001, -0.0009011449874378741
v,-0.000597819744143635, 0.01245338935405016, -0.00023914936173241585
v,-0.00014789389388170093, 0.012193623930215836, -0.0023264987394213676
v,0.0015543014742434025, 0.011210860684514046, -0.0028387655038386583
v,0.0012838848633691669, 0.01136698666960001, -0.0009011449874378741
v,-0.00014789389388170093, 0.012193623930215836, -0.0023264987394213676
v,-0.0002574849931988865, 0.012256897054612637, -0.00232518813572824
v,-0.0012083497131243348, 0.01280587911605835, -0.0013731956714764237
v,-0.00077150046126917, 0.012553663924336433, -0.002315385267138481
v,0.0015543014742434025, 0.011210860684514046, -0.0028387655038386583
v,-0.00014789389388170093, 0.012193623930215836, -0.0023264987394213676
v,-0.0002574849931988865, 0.012256897054612637, -0.00232518813572824
v,0.0015543014742434025, 0.011210860684514046, -0.0028387655038386583
v,-0.0002574849931988865, 0.012256897054612637, -0.00232518813572824
v,-0.00077150046126917, 0.012553663924336433, -0.002315385267138481
v,0.0015543014742434025, 0.011210860684514046, -0.0028387655038386583
v,-0.00077150046126917, 0.012553663924336433, -0.002315385267138481
v,-0.0003040684969164431, 0.012283791787922382, -0.003642466152086854
v,0.0020793455187231302, 0.010907726362347603, -0.005358456633985043
v,0.0015543014742434025, 0.011210860684514046, -0.0028387655038386583
v,-0.0003040684969164431, 0.012283791787922382, -0.003642466152086854
v,0.0020793455187231302, 0.010907726362347603, -0.005358456633985043
v,-0.0003040684969164431, 0.012283791787922382, -0.003642466152086854
v,0.00019984324171673506, 0.011992857791483402, -0.0058237165212631226
v,0.002664696890860796, 0.010569773614406586, -0.007710542529821396
v,0.0020793455187231302, 0.010907726362347603, -0.005358456633985043
v,0.00019984324171673506, 0.011992857791483402, -0.0058237165212631226
v,0.002664696890860796, 0.010569773614406586, -0.007710542529821396
v,0.00019984324171673506, 0.011992857791483402, -0.0058237165212631226
v,0.00044648017501458526, 0.011850462295114994, -0.007520789746195078
v,0.002664696890860796, 0.010569773614406586, -0.007710542529821396
v,0.00044648017501458526, 0.011850462295114994, -0.007520789746195078
v,0.0017791136633604765, 0.01108106505125761, -0.007762617897242308
v,0.0024658641777932644, 0.010684570297598839, -0.007950636558234692
v,0.002664696890860796, 0.010569773614406586, -0.007710542529821396
v,0.0017791136633604765, 0.01108106505125761, -0.007762617897242308
v,-0.0004397363809403032, 0.0159315075725317, 0.0012562229530885816
v,-0.0009827438043430448, 0.01624501310288906, 0.002004565903916955
v,-0.0020659107249230146, 0.013300991617143154, 0.0013794064288958907
v,0.003836079267784953, 0.013462863862514496, 8.45898684929125e-05
v,0.00437928969040513, 0.013149240985512733, -0.0003928968799300492
v,0.002424318576231599, 0.01070855651050806, -2.1146543076611124e-05
v,0.0012769224122166634, 0.014940394088625908, -0.0023265378549695015
v,0.0007930896244943142, 0.015219734981656075, -0.0011014193296432495
v,-0.0002574849931988865, 0.012256897054612637, -0.00232518813572824
v,0.003298534546047449, 0.013773215003311634, -0.0038686280604451895
v,0.0030218162573873997, 0.013932978734374046, -0.002331244759261608
v,0.0015543014742434025, 0.011210860684514046, -0.0028387655038386583
v,0.003832997288554907, 0.013464642688632011, -0.0062301321886479855
v,0.003298534546047449, 0.013773215003311634, -0.0038686280604451895
v,0.0020793455187231302, 0.010907726362347603, -0.005358456633985043
v,-0.0009827438043430448, 0.01624501310288906, 0.002004565903916955
v,-0.0014248504303395748, 0.016500262543559074, 0.0024019728880375624
v,-0.0029111301992088556, 0.01378897950053215, 0.002365345833823085
v,0.0006269661244004965, 0.015315646305680275, 0.0015476677799597383
v,0.0008716218871995807, 0.015174394473433495, 0.00012385511945467442
v,-0.0008635927806608379, 0.012606833130121231, 0.0011702025076374412
v,-0.0015919769648462534, 0.016596753150224686, -0.00015906112093944103
v,-0.001102533657103777, 0.016314173117280006, -8.226006320910528e-05
v,-0.0029108228627592325, 0.013788802549242973, -0.00010368337825639173
v,0.0006799144321121275, 0.015285076573491096, 0.002286709612235427
v,0.0006108579109422863, 0.015324946492910385, 0.0020153590012341738
v,-0.0008953864453360438, 0.012625189498066902, 0.002219738671556115
v,0.0006108579109422863, 0.015324946492910385, 0.0020153590012341738
v,0.0006269661244004965, 0.015315646305680275, 0.0015476677799597383
v,-0.0009417589753866196, 0.012651963159441948, 0.0018271970329806209
v,0.004212088417261839, 0.013245774433016777, -0.00770849734544754
v,0.003832997288554907, 0.013464642688632011, -0.0062301321886479855
v,0.002664696890860796, 0.010569773614406586, -0.007710542529821396
v,0.0028865758795291185, 0.014011058956384659, -0.007667184341698885
v,0.0040136175230145454, 0.013360361568629742, -0.007947542704641819
v,0.0017791136633604765, 0.01108106505125761, -0.007762617897242308
v,0.0028665068093687296, 0.014022646471858025, 0.0005519168335013092
v,0.0030031728092581034, 0.013943742960691452, 0.0005927096935920417
v,0.0013848388334736228, 0.011308700777590275, 0.0005903556593693793
v,0.0027918110135942698, 0.014065772294998169, 0.00042136170668527484
v,0.0028665068093687296, 0.014022646471858025, 0.0005519168335013092
v,0.001259037060663104, 0.011381332762539387, 0.000466810364741832
v,0.0027584859635680914, 0.01408501248806715, 6.254313484532759e-05
v,0.0027918110135942698, 0.014065772294998169, 0.00042136170668527484
v,0.001211937633343041, 0.01140852551907301, 7.75766748120077e-05
v,0.0019924945663660765, 0.014527257531881332, -0.0075278133153915405
v,0.0028865758795291185, 0.014011058956384659, -0.007667184341698885
v,0.00044648017501458526, 0.011850462295114994, -0.007520789746195078
v,9.74454524111934e-05, 0.015621365047991276, 0.00034377904376015067
v,-0.0004397363809403032, 0.0159315075725317, 0.0012562229530885816
v,-0.0014692223630845547, 0.01295649353414774, 0.0003867487539537251
v,0.0030031728092581034, 0.013943742960691452, 0.0005927096935920417
v,0.0033848898019641638, 0.013723358511924744, 0.0004125397535972297
v,0.0016994742909446359, 0.011127045378088951, 0.0004995249328203499
v,0.0008716218871995807, 0.015174394473433495, 0.00012385511945467442
v,-0.000597819744143635, 0.01245338935405016, -0.00023914936173241585
v,-0.0008635927806608379, 0.012606833130121231, 0.0011702025076374412
v,0.0030031728092581034, 0.013943742960691452, 0.0005927096935920417
v,0.0016994742909446359, 0.011127045378088951, 0.0004995249328203499
v,0.0013848388334736228, 0.011308700777590275, 0.0005903556593693793
v,-0.001102533657103777, 0.016314173117280006, -8.226006320910528e-05
v,-0.0025928339455276728, 0.013605210930109024, -9.476782724959776e-05
v,-0.0029108228627592325, 0.013788802549242973, -0.00010368337825639173
v,-0.0003040684969164431, 0.012283791787922382, -0.003642466152086854
v,0.0008044324349611998, 0.015213185921311378, -0.0023904722183942795
v,0.0012820929987356067, 0.01493740826845169, -0.0037832933012396097
v,1.6969249827525346e-06, 0.01210725773125887, 0.0025286406744271517
v,0.002157909097149968, 0.014431755989789963, 0.0021938171703368425
v,0.0015145244542509317, 0.014803213998675346, 0.0025421821046620607
v,0.00044648017501458526, 0.011850462295114994, -0.007520789746195078
v,0.0017752223648130894, 0.014652700163424015, -0.0059923748485744
v,0.0019924945663660765, 0.014527257531881332, -0.0075278133153915405
v,0.002664696890860796, 0.010569773614406586, -0.007710542529821396
v,0.0040136175230145454, 0.013360361568629742, -0.007947542704641819
v,0.004212088417261839, 0.013245774433016777, -0.00770849734544754
v,0.002013387391343713, 0.01094580814242363, 0.0011116581736132503
v,0.004597911611199379, 0.013023019768297672, 0.00018405744049232453
v,0.003453953890129924, 0.013683483935892582, 0.0012005126336589456
v,-0.00077150046126917, 0.012553663924336433, -0.002315385267138481
v,0.00037851338856853545, 0.0154590904712677, -0.0014504229184240103
v,0.0008044324349611998, 0.015213185921311378, -0.0023904722183942795
v,-0.003597379196435213, 0.014185186475515366, 0.0026197817642241716
v,-0.0017572117503732443, 0.016692152246832848, 0.0025556229520589113
v,-0.0020754013676196337, 0.01687585934996605, 0.002622522646561265
v,-0.0007457458996213973, 0.012538794428110123, 0.0024814552161842585
v,0.0006799144321121275, 0.015285076573491096, 0.002286709612235427
v,-0.0008953864453360438, 0.012625189498066902, 0.002219738671556115
v,-0.003944342024624348, 0.014385504648089409, 0.00027847575256600976
v,-0.002538965316489339, 0.017143497243523598, 0.0014415361220017076
v,-0.002393328119069338, 0.017059413716197014, 0.00020710557873826474
v,0.0006108579109422863, 0.015324946492910385, 0.0020153590012341738
v,-0.0009417589753866196, 0.012651963159441948, 0.0018271970329806209
v,-0.0008953864453360438, 0.012625189498066902, 0.002219738671556115
v,-0.0009456512052565813, 0.01265420950949192, -0.0006805834709666669
v,9.74454524111934e-05, 0.015621365047991276, 0.00034377904376015067
v,-0.0014692223630845547, 0.01295649353414774, 0.0003867487539537251
v,0.001211937633343041, 0.01140852551907301, 7.75766748120077e-05
v,0.00282368715852499, 0.014047368429601192, -0.0008467499283142388
v,0.0027584859635680914, 0.01408501248806715, 6.254313484532759e-05
v,-0.00164813082665205, 0.013059786520898342, -0.0006909127696417272
v,-0.0005645832279697061, 0.01600358821451664, -0.0002681727637536824
v,-6.85304548824206e-05, 0.015717191621661186, -0.0007330037769861519
v,-0.0002574849931988865, 0.012256897054612637, -0.00232518813572824
v,0.0013971308944746852, 0.014870990999042988, -0.0023265257477760315
v,0.0012769224122166634, 0.014940394088625908, -0.0023265378549695015
v,-0.0039685796946287155, 0.014399498701095581, 0.0026274581905454397
v,-0.0020754013676196337, 0.01687585934996605, 0.002622522646561265
v,-0.002437408547848463, 0.017084864899516106, 0.0026258656289428473
v,-0.00433226116001606, 0.014609470032155514, 0.0025407837238162756
v,-0.002437408547848463, 0.017084864899516106, 0.0026258656289428473
v,-0.0027859641704708338, 0.01728610321879387, 0.0025403278414160013
v,-0.0009827438043430448, 0.01624501310288906, 0.002004565903916955
v,-0.0029111301992088556, 0.01378897950053215, 0.002365345833823085
v,-0.0024880203418433666, 0.013544697314500809, 0.0019502456998452544
v,-0.0032814801670610905, 0.014002801850438118, 0.0025485658552497625
v,-0.0014248504303395748, 0.016500262543559074, 0.0024019728880375624
v,-0.0017572117503732443, 0.016692152246832848, 0.0025556229520589113
v,0.003052321495488286, 0.010345978662371635, 0.00018405758601147681
v,0.00437928969040513, 0.013149240985512733, -0.0003928968799300492
v,0.004597911611199379, 0.013023019768297672, 0.00018405744049232453
v,-0.0004397363809403032, 0.0159315075725317, 0.0012562229530885816
v,-0.0020659107249230146, 0.013300991617143154, 0.0013794064288958907
v,-0.0014692223630845547, 0.01295649353414774, 0.0003867487539537251
v,0.0028665068093687296, 0.014022646471858025, 0.0005519168335013092
v,0.0013848388334736228, 0.011308700777590275, 0.0005903556593693793
v,0.001259037060663104, 0.011381332762539387, 0.000466810364741832
v,-0.0035181960556656122, 0.014139469712972641, -0.00037949084071442485
v,-0.002154155634343624, 0.016921328380703926, -0.0005468757008202374
v,-0.0019507026299834251, 0.016803864389657974, -0.00036257837200537324
v,-0.0015919769648462534, 0.016596753150224686, -0.00015906112093944103
v,-0.0029108228627592325, 0.013788802549242973, -0.00010368337825639173
v,-0.003202106337994337, 0.013956975191831589, -0.00018764303240459412
v,-0.000597819744143635, 0.01245338935405016, -0.00023914936173241585
v,0.0013971308944746852, 0.014870990999042988, -0.0023265257477760315
v,-0.00014789389388170093, 0.012193623930215836, -0.0023264987394213676
v,-0.0025928339455276728, 0.013605210930109024, -9.476782724959776e-05
v,-0.0005645832279697061, 0.01600358821451664, -0.0002681727637536824
v,-0.0021466852631419897, 0.01334762666374445, -0.0002458898234181106
v,-0.003910748288035393, 0.014366109855473042, -0.0003985701478086412
v,-0.002393328119069338, 0.017059413716197014, 0.00020710557873826474
v,-0.002365157939493656, 0.01704315096139908, -0.000398570264223963
v,-0.0012083497131243348, 0.01280587911605835, -0.0013731956714764237
v,-6.85304548824206e-05, 0.015717191621661186, -0.0007330037769861519
v,0.00037851338856853545, 0.0154590904712677, -0.0014504229184240103
v,0.0028865758795291185, 0.014011058956384659, -0.007667184341698885
v,0.0017791136633604765, 0.01108106505125761, -0.007762617897242308
v,0.00044648017501458526, 0.011850462295114994, -0.007520789746195078
v,0.0006865986506454647, 0.011711830273270607, 0.0021442740689963102
v,0.003453953890129924, 0.013683483935892582, 0.0012005126336589456
v,0.002157909097149968, 0.014431755989789963, 0.0021938171703368425
v,0.0040136175230145454, 0.013360361568629742, -0.007947542704641819
v,0.0024658641777932644, 0.010684570297598839, -0.007950636558234692
v,0.0017791136633604765, 0.01108106505125761, -0.007762617897242308
v,-0.0007457458996213973, 0.012538794428110123, 0.0024814552161842585
v,0.000955539639107883, 0.015125944279134274, 0.002595736412331462
v,0.0007909152773208916, 0.015220990404486656, 0.002471516141667962
v,0.0027918110135942698, 0.014065772294998169, 0.00042136170668527484
v,0.001259037060663104, 0.011381332762539387, 0.000466810364741832
v,0.001211937633343041, 0.01140852551907301, 7.75766748120077e-05
v,-0.0040975892916321754, 0.014473982155323029, 0.0015161865158006549
v,-0.0027859641704708338, 0.01728610321879387, 0.0025403278414160013
v,-0.002538965316489339, 0.017143497243523598, 0.0014415361220017076
v,-0.003202106337994337, 0.013956975191831589, -0.00018764303240459412
v,-0.0019507026299834251, 0.016803864389657974, -0.00036257837200537324
v,-0.0015919769648462534, 0.016596753150224686, -0.00015906112093944103
v,-0.0009827438043430448, 0.01624501310288906, 0.002004565903916955
v,-0.0024880203418433666, 0.013544697314500809, 0.0019502456998452544
v,-0.0020659107249230146, 0.013300991617143154, 0.0013794064288958907
v,-0.0005802532541565597, 0.012443247251212597, 0.00260002794675529
v,0.001154169556684792, 0.015011264942586422, 0.002635729731991887
v,0.000955539639107883, 0.015125944279134274, 0.002595736412331462
v,0.0016994742909446359, 0.011127045378088951, 0.0004995249328203499
v,0.003836079267784953, 0.013462863862514496, 8.45898684929125e-05
v,0.002424318576231599, 0.01070855651050806, -2.1146543076611124e-05
v,0.0006269661244004965, 0.015315646305680275, 0.0015476677799597383
v,-0.0008635927806608379, 0.012606833130121231, 0.0011702025076374412
v,-0.0009417589753866196, 0.012651963159441948, 0.0018271970329806209
v,-0.003910748288035393, 0.014366109855473042, -0.0003985701478086412
v,-0.002154155634343624, 0.016921328380703926, -0.0005468757008202374
v,-0.0036997459828853607, 0.01424428727477789, -0.0005468755844049156
v,0.00437928969040513, 0.013149240985512733, -0.0003928968799300492
v,0.002832145197317004, 0.010473097674548626, -0.0003985701478086412
v,0.002424318576231599, 0.01070855651050806, -2.1146543076611124e-05
v,-0.0003702317480929196, 0.01232199091464281, 0.0026360133197158575
v,0.0015145244542509317, 0.014803213998675346, 0.0025421821046620607
v,0.001154169556684792, 0.015011264942586422, 0.002635729731991887
v,0.0007930896244943142, 0.015219734981656075, -0.0011014193296432495
v,-0.0009456512052565813, 0.01265420950949192, -0.0006805834709666669
v,-0.0002574849931988865, 0.012256897054612637, -0.00232518813572824
v,0.00019984324171673506, 0.011992857791483402, -0.0058237165212631226
v,0.0012820929987356067, 0.01493740826845169, -0.0037832933012396097
v,0.0017752223648130894, 0.014652700163424015, -0.0059923748485744
v,0.003298534546047449, 0.013773215003311634, -0.0038686280604451895
v,0.0015543014742434025, 0.011210860684514046, -0.0028387655038386583
v,0.0020793455187231302, 0.010907726362347603, -0.005358456633985043
v,0.003832997288554907, 0.013464642688632011, -0.0062301321886479855
v,0.0020793455187231302, 0.010907726362347603, -0.005358456633985043
v,0.002664696890860796, 0.010569773614406586, -0.007710542529821396
v,0.0012838848633691669, 0.01136698666960001, -0.0009011449874378741
v,0.0015543014742434025, 0.011210860684514046, -0.0028387655038386583
v,0.0030218162573873997, 0.013932978734374046, -0.002331244759261608
v,-0.0003040684969164431, 0.012283791787922382, -0.003642466152086854
v,-0.00077150046126917, 0.012553663924336433, -0.002315385267138481
v,0.0008044324349611998, 0.015213185921311378, -0.0023904722183942795
v,1.6969249827525346e-06, 0.01210725773125887, 0.0025286406744271517
v,0.0006865986506454647, 0.011711830273270607, 0.0021442740689963102
v,0.002157909097149968, 0.014431755989789963, 0.0021938171703368425
v,0.00044648017501458526, 0.011850462295114994, -0.007520789746195078
v,0.00019984324171673506, 0.011992857791483402, -0.0058237165212631226
v,0.0017752223648130894, 0.014652700163424015, -0.0059923748485744
v,0.002664696890860796, 0.010569773614406586, -0.007710542529821396
v,0.0024658641777932644, 0.010684570297598839, -0.007950636558234692
v,0.0040136175230145454, 0.013360361568629742, -0.007947542704641819
v,0.002013387391343713, 0.01094580814242363, 0.0011116581736132503
v,0.003052321495488286, 0.010345978662371635, 0.00018405758601147681
v,0.004597911611199379, 0.013023019768297672, 0.00018405744049232453
v,-0.00077150046126917, 0.012553663924336433, -0.002315385267138481
v,-0.0012083497131243348, 0.01280587911605835, -0.0013731956714764237
v,0.00037851338856853545, 0.0154590904712677, -0.0014504229184240103
v,-0.003597379196435213, 0.014185186475515366, 0.0026197817642241716
v,-0.0032814801670610905, 0.014002801850438118, 0.0025485658552497625
v,-0.0017572117503732443, 0.016692152246832848, 0.0025556229520589113
v,-0.0007457458996213973, 0.012538794428110123, 0.0024814552161842585
v,0.0007909152773208916, 0.015220990404486656, 0.002471516141667962
v,0.0006799144321121275, 0.015285076573491096, 0.002286709612235427
v,-0.003944342024624348, 0.014385504648089409, 0.00027847575256600976
v,-0.0040975892916321754, 0.014473982155323029, 0.0015161865158006549
v,-0.002538965316489339, 0.017143497243523598, 0.0014415361220017076
v,-0.0009456512052565813, 0.01265420950949192, -0.0006805834709666669
v,0.0007930896244943142, 0.015219734981656075, -0.0011014193296432495
v,9.74454524111934e-05, 0.015621365047991276, 0.00034377904376015067
v,0.001211937633343041, 0.01140852551907301, 7.75766748120077e-05
v,0.0012838848633691669, 0.01136698666960001, -0.0009011449874378741
v,0.00282368715852499, 0.014047368429601192, -0.0008467499283142388
v,-0.00164813082665205, 0.013059786520898342, -0.0006909127696417272
v,-0.0021466852631419897, 0.01334762666374445, -0.0002458898234181106
v,-0.0005645832279697061, 0.01600358821451664, -0.0002681727637536824
v,-0.0002574849931988865, 0.012256897054612637, -0.00232518813572824
v,-0.00014789389388170093, 0.012193623930215836, -0.0023264987394213676
v,0.0013971308944746852, 0.014870990999042988, -0.0023265257477760315
v,-0.0039685796946287155, 0.014399498701095581, 0.0026274581905454397
v,-0.003597379196435213, 0.014185186475515366, 0.0026197817642241716
v,-0.0020754013676196337, 0.01687585934996605, 0.002622522646561265
v,-0.00433226116001606, 0.014609470032155514, 0.0025407837238162756
v,-0.0039685796946287155, 0.014399498701095581, 0.0026274581905454397
v,-0.002437408547848463, 0.017084864899516106, 0.0026258656289428473
v,-0.0032814801670610905, 0.014002801850438118, 0.0025485658552497625
v,-0.0029111301992088556, 0.01378897950053215, 0.002365345833823085
v,-0.0014248504303395748, 0.016500262543559074, 0.0024019728880375624
v,0.003052321495488286, 0.010345978662371635, 0.00018405758601147681
v,0.002832145197317004, 0.010473097674548626, -0.0003985701478086412
v,0.00437928969040513, 0.013149240985512733, -0.0003928968799300492
v,-0.0035181960556656122, 0.014139469712972641, -0.00037949084071442485
v,-0.0036997459828853607, 0.01424428727477789, -0.0005468755844049156
v,-0.002154155634343624, 0.016921328380703926, -0.0005468757008202374
v,-0.000597819744143635, 0.01245338935405016, -0.00023914936173241585
v,0.0008716218871995807, 0.015174394473433495, 0.00012385511945467442
v,0.0013971308944746852, 0.014870990999042988, -0.0023265257477760315
v,-0.0025928339455276728, 0.013605210930109024, -9.476782724959776e-05
v,-0.001102533657103777, 0.016314173117280006, -8.226006320910528e-05
v,-0.0005645832279697061, 0.01600358821451664, -0.0002681727637536824
v,-0.003910748288035393, 0.014366109855473042, -0.0003985701478086412
v,-0.003944342024624348, 0.014385504648089409, 0.00027847575256600976
v,-0.002393328119069338, 0.017059413716197014, 0.00020710557873826474
v,-0.0012083497131243348, 0.01280587911605835, -0.0013731956714764237
v,-0.00164813082665205, 0.013059786520898342, -0.0006909127696417272
v,-6.85304548824206e-05, 0.015717191621661186, -0.0007330037769861519
v,0.0006865986506454647, 0.011711830273270607, 0.0021442740689963102
v,0.002013387391343713, 0.01094580814242363, 0.0011116581736132503
v,0.003453953890129924, 0.013683483935892582, 0.0012005126336589456
v,-0.0007457458996213973, 0.012538794428110123, 0.0024814552161842585
v,-0.0005802532541565597, 0.012443247251212597, 0.00260002794675529
v,0.000955539639107883, 0.015125944279134274, 0.002595736412331462
v,-0.0040975892916321754, 0.014473982155323029, 0.0015161865158006549
v,-0.00433226116001606, 0.014609470032155514, 0.0025407837238162756
v,-0.0027859641704708338, 0.01728610321879387, 0.0025403278414160013
v,-0.003202106337994337, 0.013956975191831589, -0.00018764303240459412
v,-0.0035181960556656122, 0.014139469712972641, -0.00037949084071442485
v,-0.0019507026299834251, 0.016803864389657974, -0.00036257837200537324
v,-0.0005802532541565597, 0.012443247251212597, 0.00260002794675529
v,-0.0003702317480929196, 0.01232199091464281, 0.0026360133197158575
v,0.001154169556684792, 0.015011264942586422, 0.002635729731991887
v,0.0016994742909446359, 0.011127045378088951, 0.0004995249328203499
v,0.0033848898019641638, 0.013723358511924744, 0.0004125397535972297
v,0.003836079267784953, 0.013462863862514496, 8.45898684929125e-05
v,-0.003910748288035393, 0.014366109855473042, -0.0003985701478086412
v,-0.002365157939493656, 0.01704315096139908, -0.000398570264223963
v,-0.002154155634343624, 0.016921328380703926, -0.0005468757008202374
v,-0.0003702317480929196, 0.01232199091464281, 0.0026360133197158575
v,1.6969249827525346e-06, 0.01210725773125887, 0.0025286406744271517
v,0.0015145244542509317, 0.014803213998675346, 0.0025421821046620607
v,0.00019984324171673506, 0.011992857791483402, -0.0058237165212631226
v,-0.0003040684969164431, 0.012283791787922382, -0.003642466152086854
v,0.0012820929987356067, 0.01493740826845169, -0.0037832933012396097
n,16.797142028808594, 29.09349822998047, -1.468452524022723e-06
n,16.797142028808594, 29.09349822998047, -1.468452524022723e-06
n,16.797142028808594, 29.09349822998047, -1.468452524022723e-06
n,16.797142028808594, 29.09349822998047, -1.468452524022723e-06
n,16.797142028808594, 29.09349822998047, -1.468452524022723e-06
n,16.797142028808594, 29.09349822998047, -1.468452524022723e-06
n,16.797142028808594, 29.09349822998047, -1.468452524022723e-06
n,16.797142028808594, 29.09349822998047, -1.468452524022723e-06
n,16.797142028808594, 29.09349822998047, -1.468452524022723e-06
n,16.797142028808594, 29.09349822998047, -1.468452524022723e-06
n,16.797142028808594, 29.09349822998047, -1.468452524022723e-06
n,16.797142028808594, 29.09349822998047, -1.468452524022723e-06
n,16.797142028808594, 29.09349822998047, -1.468452524022723e-06
n,16.797142028808594, 29.09349822998047, -1.468452524022723e-06
n,16.797142028808594, 29.09349822998047, -1.468452524022723e-06
n,16.797142028808594, 29.09349822998047, -1.468452524022723e-06
n,16.797142028808594, 29.09349822998047, -1.468452524022723e-06
n,16.797142028808594, 29.09349822998047, -1.468452524022723e-06
n,16.797142028808594, 29.09349822998047, -1.468452524022723e-06
n,16.797142028808594, 29.09349822998047, -1.468452524022723e-06
n,16.797142028808594, 29.09349822998047, -1.468452524022723e-06
n,16.797142028808594, 29.09349822998047, -1.468452524022723e-06
n,16.797142028808594, 29.09349822998047, -1.468452524022723e-06
n,16.797142028808594, 29.09349822998047, -1.468452524022723e-06
n,16.797142028808594, 29.09349822998047, -1.468452524022723e-06
n,16.797142028808594, 29.09349822998047, -1.468452524022723e-06
n,16.797142028808594, 29.09349822998047, -1.468452524022723e-06
n,16.797142028808594, 29.09349822998047, -1.468452524022723e-06
n,16.797142028808594, 29.09349822998047, -1.468452524022723e-06
n,16.797142028808594, 29.09349822998047, -1.468452524022723e-06
n,16.797142028808594, 29.09349822998047, -1.468452524022723e-06
n,16.797142028808594, 29.09349822998047, -1.468452524022723e-06
n,16.797142028808594, 29.09349822998047, -1.468452524022723e-06
n,16.797142028808594, 29.09349822998047, -1.468452524022723e-06
n,16.797142028808594, 29.09349822998047, -1.468452524022723e-06
n,16.797142028808594, 29.09349822998047, -1.468452524022723e-06
n,16.797142028808594, 29.09349822998047, -1.468452524022723e-06
n,16.797142028808594, 29.09349822998047, -1.468452524022723e-06
n,16.797142028808594, 29.09349822998047, -1.468452524022723e-06
n,16.797142028808594, 29.09349822998047, -1.468452524022723e-06
n,16.797142028808594, 29.09349822998047, -1.468452524022723e-06
n,16.797142028808594, 29.09349822998047, -1.468452524022723e-06
n,16.797142028808594, 29.09349822998047, -1.468452524022723e-06
n,16.797142028808594, 29.09349822998047, -1.468452524022723e-06
n,16.797142028808594, 29.09349822998047, -1.468452524022723e-06
n,16.797142028808594, 29.09349822998047, -1.468452524022723e-06
n,16.797142028808594, 29.09349822998047, -1.468452524022723e-06
n,16.797142028808594, 29.09349822998047, -1.468452524022723e-06
n,-16.797142028808594, -29.09349822998047, 1.468452524022723e-06
n,-16.797142028808594, -29.09349822998047, 1.468452524022723e-06
n,-16.797142028808594, -29.09349822998047, 1.468452524022723e-06
n,-16.797142028808594, -29.09349822998047, 1.468452524022723e-06
n,-16.797142028808594, -29.09349822998047, 1.468452524022723e-06
n,-16.797142028808594, -29.09349822998047, 1.468452524022723e-06
n,-16.797142028808594, -29.09349822998047, 1.468452524022723e-06
n,-16.797142028808594, -29.09349822998047, 1.468452524022723e-06
n,-16.797142028808594, -29.09349822998047, 1.468452524022723e-06
n,-16.797142028808594, -29.09349822998047, 1.468452524022723e-06
n,-16.797142028808594, -29.09349822998047, 1.468452524022723e-06
n,-16.797142028808594, -29.09349822998047, 1.468452524022723e-06
n,-16.797142028808594, -29.09349822998047, 1.468452524022723e-06
n,-16.797142028808594, -29.09349822998047, 1.468452524022723e-06
n,-16.797142028808594, -29.09349822998047, 1.468452524022723e-06
n,-16.797142028808594, -29.09349822998047, 1.468452524022723e-06
n,-16.797142028808594, -29.09349822998047, 1.468452524022723e-06
n,-16.797142028808594, -29.09349822998047, 1.468452524022723e-06
n,-16.797142028808594, -29.09349822998047, 1.468452524022723e-06
n,-16.797142028808594, -29.09349822998047, 1.468452524022723e-06
n,28.744903564453125, -16.616962432861328, 5.116901397705078
n,-16.797142028808594, -29.09349822998047, 1.468452524022723e-06
n,-16.797142028808594, -29.09349822998047, 1.468452524022723e-06
n,-16.797142028808594, -29.09349822998047, 1.468452524022723e-06
n,-16.797142028808594, -29.09349822998047, 1.468452524022723e-06
n,-16.797142028808594, -29.09349822998047, 1.468452524022723e-06
n,-16.797142028808594, -29.09349822998047, 1.468452524022723e-06
n,-16.797142028808594, -29.09349822998047, 1.468452524022723e-06
n,-16.797142028808594, -29.09349822998047, 1.468452524022723e-06
n,-16.797142028808594, -29.09349822998047, 1.468452524022723e-06
n,-16.797142028808594, -29.09349822998047, 1.468452524022723e-06
n,-16.797142028808594, -29.09349822998047, 1.468452524022723e-06
n,-16.797142028808594, -29.09349822998047, 1.468452524022723e-06
n,-16.797142028808594, -29.09349822998047, 1.468452524022723e-06
n,-16.797142028808594, -29.09349822998047, 1.468452524022723e-06
n,-16.797142028808594, -29.09349822998047, 1.468452524022723e-06
n,-16.797142028808594, -29.09349822998047, 1.468452524022723e-06
n,-16.797142028808594, -29.09349822998047, 1.468452524022723e-06
n,-16.797142028808594, -29.09349822998047, 1.468452524022723e-06
n,-16.797142028808594, -29.09349822998047, 1.468452524022723e-06
n,-16.797142028808594, -29.09349822998047, 1.468452524022723e-06
n,-16.797142028808594, -29.09349822998047, 1.468452524022723e-06
n,-16.797142028808594, -29.09349822998047, 1.468452524022723e-06
n,-16.797142028808594, -29.09349822998047, 1.468452524022723e-06
n,-16.797142028808594, -29.09349822998047, 1.468452524022723e-06
n,-16.797142028808594, -29.09349822998047, 1.468452524022723e-06
n,-16.797142028808594, -29.09349822998047, 1.468452524022723e-06
n,-16.797142028808594, -29.09349822998047, 1.468452524022723e-06
n,22.34270477294922, -12.801833152770996, 21.575265884399414
n,-17.673599243164062, 10.085029602050781, -26.730350494384766
n,26.537668228149414, -15.167068481445312, 13.938714981079102
n,28.402894973754883, -16.586748123168945, 6.836005210876465
n,28.082504272460938, -16.364593505859375, 8.49404239654541
n,17.942901611328125, -10.194106101989746, 26.508644104003906
n,-28.47651481628418, 16.580629348754883, -6.5380754470825195
n,3.8109028339385986, -2.446406602859497, -33.28765106201172
n,-27.836688995361328, 16.247623443603516, 9.47149658203125
n,-28.985462188720703, 16.93033790588379, -1.3349751234054565
n,27.8823184967041, -16.13018035888672, 9.537781715393066
n,-6.1989521980285645, 3.4127039909362793, -32.84055709838867
n,7.179220199584961, -4.380126953125, -32.52458953857422
n,24.20520782470703, -14.13431453704834, -18.517684936523438
n,28.912927627563477, -16.726810455322266, -3.5821726322174072
n,-3.929706573486328, 2.1822996139526367, -33.292198181152344
n,24.08224105834961, -13.853320121765137, 18.886686325073242
n,-11.11353588104248, 6.172610282897949, -31.096044540405273
n,-28.474411010742188, 16.33077621459961, -7.147679805755615
n,-6.933149337768555, 4.287166595458984, -32.590293884277344
n,0.7825576663017273, -0.2754489779472351, -33.58403396606445
n,-27.09476661682129, 15.539101600646973, -12.368736267089844
n,12.37248420715332, -7.095559120178223, 30.416282653808594
n,-28.71626091003418, 16.571195602416992, -5.417325496673584
n,21.000774383544922, -12.125880241394043, -23.248788833618164
n,17.761734008789062, -10.210354804992676, 26.624143600463867
n,-25.799102783203125, 14.847899436950684, -15.573110580444336
n,5.223597049713135, -2.9883902072906494, 33.05085754394531
n,-24.324113845825195, 13.939769744873047, 18.509342193603516
n,-28.84583854675293, 16.61113166809082, -4.534684658050537
n,-28.920589447021484, 16.47905921936035, 4.540455341339111
n,25.314577102661133, -14.615367889404297, 16.557144165039062
n,28.995031356811523, -16.73855972290039, 2.7720606327056885
n,-18.375839233398438, 10.509696960449219, -26.085445404052734
n,0.004777549300342798, 0.0141659677028656, 33.594276428222656
n,0.24205133318901062, -0.11809346079826355, 33.593204498291016
n,-6.044766426086426, 3.497676372528076, 32.860355377197266
n,18.776323318481445, -10.98176383972168, 25.601293563842773
n,10.827604293823242, -6.218701362609863, 31.187602996826172
n,26.653799057006836, -15.388582229614258, -13.466338157653809
n,23.866716384887695, -13.857287406921387, 19.155447006225586
n,18.9490966796875, -10.707627296447754, -25.590118408203125
n,17.944683074951172, -10.3892822265625, -26.431547164916992
n,7.09879207611084, -3.976990222930908, -32.593963623046875
n,-28.235645294189453, 16.293827056884766, -8.113883972167969
n,-8.241006851196289, 4.638549327850342, -32.235774993896484
n,-29.0516300201416, 16.77297019958496, -1.8016057014465332
n,-23.650508880615234, 13.574065208435059, -19.620746612548828
n,-4.431175231933594, 2.755798578262329, -33.18653106689453
n,16.122299194335938, -9.230993270874023, 27.98992347717285
n,-6.692490577697754, 3.9089195728302, -32.688018798828125
n,-15.900484085083008, 9.21378231048584, 28.122169494628906
n,28.85895538330078, -16.556726455688477, -4.648781776428223
n,-28.183040618896484, 16.218935012817383, -8.440254211425781
n,12.790276527404785, -7.474948883056641, -30.151445388793945
n,22.12610626220703, -12.772902488708496, 21.814311981201172
n,-4.985232830047607, 2.9068994522094727, 33.09490966796875
n,-15.323341369628906, 8.94926929473877, -28.525100708007812
n,-28.885494232177734, 16.531742095947266, -4.57223653793335
n,-15.127095222473145, 8.73363208770752, -28.696170806884766
n,-18.16463851928711, 10.557001113891602, -26.213951110839844
n,6.412123680114746, -3.631218433380127, 32.77613067626953
n,26.099170684814453, -15.29090404510498, 14.614967346191406
n,-28.220279693603516, 16.182697296142578, -8.385207176208496
n,28.383075714111328, -16.162187576293945, 7.858770370483398
n,28.015207290649414, -16.05109405517578, 9.2782564163208
n,28.767704010009766, -16.50539207458496, 5.34479284286499
n,-26.9271183013916, 15.598663330078125, -12.656527519226074
n,12.678962707519531, -7.408886432647705, 30.214696884155273
n,-28.65958595275879, 16.62204360961914, -5.559820175170898
n,21.028701782226562, -12.13675308227539, -23.217849731445312
n,17.79625701904297, -10.274674415588379, 26.57630157470703
n,-25.61861801147461, 14.860747337341309, -15.85623550415039
n,5.562821388244629, -3.239412546157837, 32.97175598144531
n,-23.921785354614258, 13.776013374328613, 19.14537239074707
n,-28.77706527709961, 16.6688289642334, -4.754602909088135
n,25.48103904724121, -14.592203140258789, 16.320537567138672
n,29.000429153442383, -16.717573165893555, 2.841386079788208
n,-17.749237060546875, 10.349872589111328, -26.578569412231445
n,0.30149897933006287, -0.17364761233329773, 33.59247970581055
n,0.5087173581123352, -0.32196834683418274, 33.58888626098633
n,-5.890622138977051, 3.3782918453216553, 32.90081024169922
n,11.421138763427734, -6.678030014038086, 30.8794002532959
n,26.668725967407227, -15.389371871948242, -13.435848236083984
n,18.153133392333984, -10.480718612670898, -26.25250244140625
n,-28.230100631713867, 16.322589874267578, -8.075273513793945
n,-8.376235008239746, 4.75667667388916, -32.18367004394531
n,-29.0340633392334, 16.79006004333496, -1.9216091632843018
n,-23.30394744873047, 13.534507751464844, -20.057884216308594
n,16.228548049926758, -9.443614959716797, 27.857276916503906
n,-15.351943016052246, 8.834365844726562, 28.545534133911133
n,-28.122817993164062, 16.245159149169922, -8.589383125305176
n,13.553682327270508, -7.785027980804443, -29.736621856689453
n,-4.288290977478027, 2.4343056678771973, 33.230411529541016
n,-15.43120288848877, 9.064766883850098, -28.430328369140625
n,-15.127095222473145, 8.73363208770752, -28.696170806884766
n,7.035060882568359, -4.111403465270996, 32.591102600097656
n,-28.06166648864746, 16.313941955566406, -8.658740997314453
u,0.6060535311698914, 0.3439842462539673, 0
u,0.5947977304458618, 0.34368711709976196, 0
u,0.5987395644187927, 0.34276825189590454, 0
u,0.5404673218727112, 0.34745240211486816, 0
u,0.5267658233642578, 0.34700268507003784, 0
u,0.5340245366096497, 0.34665119647979736, 0
u,0.5404673218727112, 0.34745240211486816, 0
u,0.5198637843132019, 0.34888172149658203, 0
u,0.5267658233642578, 0.34700268507003784, 0
u,0.6060535311698914, 0.3439842462539673, 0
u,0.5916199684143066, 0.34602946043014526, 0
u,0.5947977304458618, 0.34368711709976196, 0
u,0.5472791194915771, 0.3497433066368103, 0
u,0.5198637843132019, 0.34888172149658203, 0
u,0.5404673218727112, 0.34745240211486816, 0
u,0.619289755821228, 0.3493030071258545, 0
u,0.5916199684143066, 0.34602946043014526, 0
u,0.6060535311698914, 0.3439842462539673, 0
u,0.619289755821228, 0.3493030071258545, 0
u,0.5895763635635376, 0.3493627905845642, 0
u,0.5916199684143066, 0.34602946043014526, 0
u,0.5472791194915771, 0.3497433066368103, 0
u,0.5258907675743103, 0.3676741123199463, 0
u,0.5198637843132019, 0.34888172149658203, 0
u,0.5565293431282043, 0.35614097118377686, 0
u,0.5258907675743103, 0.3676741123199463, 0
u,0.5472791194915771, 0.3497433066368103, 0
u,0.619289755821228, 0.3493030071258545, 0
u,0.5884581804275513, 0.35415077209472656, 0
u,0.5895763635635376, 0.3493627905845642, 0
u,0.619289755821228, 0.3493030071258545, 0
u,0.589239239692688, 0.36225026845932007, 0
u,0.5884581804275513, 0.35415077209472656, 0
u,0.6462386250495911, 0.3650776743888855, 0
u,0.589239239692688, 0.36225026845932007, 0
u,0.619289755821228, 0.3493030071258545, 0
u,0.5681456327438354, 0.3685157299041748, 0
u,0.5258907675743103, 0.3676741123199463, 0
u,0.5565293431282043, 0.35614097118377686, 0
u,0.6462386250495911, 0.3650776743888855, 0
u,0.5955376625061035, 0.3866868019104004, 0
u,0.589239239692688, 0.36225026845932007, 0
u,0.5798059701919556, 0.38374537229537964, 0
u,0.5258907675743103, 0.3676741123199463, 0
u,0.5681456327438354, 0.3685157299041748, 0
u,0.5798059701919556, 0.38374537229537964, 0
u,0.5300191044807434, 0.38893550634384155, 0
u,0.5258907675743103, 0.3676741123199463, 0
u,0.6462386250495911, 0.3650776743888855, 0
u,0.6377994418144226, 0.376137375831604, 0
u,0.5955376625061035, 0.3866868019104004, 0
u,0.6351003050804138, 0.37700003385543823, 0
u,0.5955376625061035, 0.3866868019104004, 0
u,0.6377994418144226, 0.376137375831604, 0
u,0.6701620221138, 0.38142621517181396, 0
u,0.6377994418144226, 0.376137375831604, 0
u,0.6462386250495911, 0.3650776743888855, 0
u,0.6701620221138, 0.38142621517181396, 0
u,0.645626425743103, 0.37883275747299194, 0
u,0.6377994418144226, 0.376137375831604, 0
u,0.6337311267852783, 0.37935060262680054, 0
u,0.5955376625061035, 0.3866868019104004, 0
u,0.6351003050804138, 0.37700003385543823, 0
u,0.6334148049354553, 0.38561636209487915, 0
u,0.5955376625061035, 0.3866868019104004, 0
u,0.6337311267852783, 0.37935060262680054, 0
u,0.6701620221138, 0.38142621517181396, 0
u,0.6549906134605408, 0.3840145468711853, 0
u,0.645626425743103, 0.37883275747299194, 0
u,0.6663455963134766, 0.39168781042099, 0
u,0.6549906134605408, 0.3840145468711853, 0
u,0.6701620221138, 0.38142621517181396, 0
u,0.5561730265617371, 0.3924977779388428, 0
u,0.5300191044807434, 0.38893550634384155, 0
u,0.5798059701919556, 0.38374537229537964, 0
u,0.5464387536048889, 0.39438456296920776, 0
u,0.5300191044807434, 0.38893550634384155, 0
u,0.5561730265617371, 0.3924977779388428, 0
u,0.5798059701919556, 0.38374537229537964, 0
u,0.5671369433403015, 0.39511609077453613, 0
u,0.5561730265617371, 0.3924977779388428, 0
u,0.5464387536048889, 0.39438456296920776, 0
u,0.5311771035194397, 0.399416446685791, 0
u,0.5300191044807434, 0.38893550634384155, 0
u,0.5951641798019409, 0.408042848110199, 0
u,0.5671369433403015, 0.39511609077453613, 0
u,0.5798059701919556, 0.38374537229537964, 0
u,0.5394484400749207, 0.39832282066345215, 0
u,0.5311771035194397, 0.399416446685791, 0
u,0.5464387536048889, 0.39438456296920776, 0
u,0.635612428188324, 0.4013252854347229, 0
u,0.5955376625061035, 0.3866868019104004, 0
u,0.6334148049354553, 0.38561636209487915, 0
u,0.5394484400749207, 0.39832282066345215, 0
u,0.5355513691902161, 0.40175187587738037, 0
u,0.5311771035194397, 0.399416446685791, 0
u,0.5951641798019409, 0.408042848110199, 0
u,0.5775343775749207, 0.4026229977607727, 0
u,0.5671369433403015, 0.39511609077453613, 0
u,0.5951641798019409, 0.408042848110199, 0
u,0.5871970653533936, 0.414569616317749, 0
u,0.5775343775749207, 0.4026229977607727, 0
u,0.635612428188324, 0.4013252854347229, 0
u,0.6084708571434021, 0.4286237955093384, 0
u,0.5955376625061035, 0.3866868019104004, 0
u,0.6410378813743591, 0.42686766386032104, 0
u,0.6084708571434021, 0.4286237955093384, 0
u,0.635612428188324, 0.4013252854347229, 0
u,0.5951641798019409, 0.408042848110199, 0
u,0.59665447473526, 0.43040430545806885, 0
u,0.5871970653533936, 0.414569616317749, 0
u,0.606061577796936, 0.4287600517272949, 0
u,0.59665447473526, 0.43040430545806885, 0
u,0.5951641798019409, 0.408042848110199, 0
u,0.6410378813743591, 0.42686766386032104, 0
u,0.606061577796936, 0.4287600517272949, 0
u,0.6084708571434021, 0.4286237955093384, 0
u,0.6410378813743591, 0.42686766386032104, 0
u,0.59665447473526, 0.43040430545806885, 0
u,0.606061577796936, 0.4287600517272949, 0
u,0.6410378813743591, 0.42686766386032104, 0
u,0.6075925230979919, 0.4540392756462097, 0
u,0.59665447473526, 0.43040430545806885, 0
u,0.6480901837348938, 0.45323920249938965, 0
u,0.6075925230979919, 0.4540392756462097, 0
u,0.6410378813743591, 0.42686766386032104, 0
u,0.6480901837348938, 0.45323920249938965, 0
u,0.6196402907371521, 0.4918246865272522, 0
u,0.6075925230979919, 0.4540392756462097, 0
u,0.6611157059669495, 0.49362343549728394, 0
u,0.6196402907371521, 0.4918246865272522, 0
u,0.6480901837348938, 0.45323920249938965, 0
u,0.6611157059669495, 0.49362343549728394, 0
u,0.6254992485046387, 0.5182296335697174, 0
u,0.6196402907371521, 0.4918246865272522, 0
u,0.6701620221138, 0.5188547074794769, 0
u,0.6254992485046387, 0.5182296335697174, 0
u,0.6611157059669495, 0.49362343549728394, 0
u,0.6701620221138, 0.5188547074794769, 0
u,0.643555223941803, 0.5196372270584106, 0
u,0.6254992485046387, 0.5182296335697174, 0
u,0.6664184331893921, 0.5232283771038055, 0
u,0.643555223941803, 0.5196372270584106, 0
u,0.6701620221138, 0.5188547074794769, 0
u,0.4329906702041626, 0.3441409468650818, 0
u,0.4405505359172821, 0.34269988536834717, 0
u,0.4447243809700012, 0.34356313943862915, 0
u,0.4988116919994354, 0.3475257158279419, 0
u,0.5052130222320557, 0.346648633480072, 0
u,0.5126602053642273, 0.3469371795654297, 0
u,0.4988116919994354, 0.3475257158279419, 0
u,0.5126602053642273, 0.3469371795654297, 0
u,0.5198637843132019, 0.34885483980178833, 0
u,0.4329906702041626, 0.3441409468650818, 0
u,0.4447243809700012, 0.34356313943862915, 0
u,0.44792449474334717, 0.3458092212677002, 0
u,0.49120885133743286, 0.35028505325317383, 0
u,0.4988116919994354, 0.3475257158279419, 0
u,0.5198637843132019, 0.34885483980178833, 0
u,0.41888564825057983, 0.35003405809402466, 0
u,0.4329906702041626, 0.3441409468650818, 0
u,0.44792449474334717, 0.3458092212677002, 0
u,0.41888564825057983, 0.35003405809402466, 0
u,0.44792449474334717, 0.3458092212677002, 0
u,0.45066604018211365, 0.35052186250686646, 0
u,0.49120885133743286, 0.35028505325317383, 0
u,0.5198637843132019, 0.34885483980178833, 0
u,0.5141522288322449, 0.3663719892501831, 0
u,0.4823203980922699, 0.3570091128349304, 0
u,0.49120885133743286, 0.35028505325317383, 0
u,0.5141522288322449, 0.3663719892501831, 0
u,0.41888564825057983, 0.35003405809402466, 0
u,0.45066604018211365, 0.35052186250686646, 0
u,0.451209157705307, 0.35738784074783325, 0
u,0.3912779986858368, 0.36644941568374634, 0
u,0.41888564825057983, 0.35003405809402466, 0
u,0.451209157705307, 0.35738784074783325, 0
u,0.47329872846603394, 0.3664374351501465, 0
u,0.4823203980922699, 0.3570091128349304, 0
u,0.5141522288322449, 0.3663719892501831, 0
u,0.3912779986858368, 0.36644941568374634, 0
u,0.451209157705307, 0.35738784074783325, 0
u,0.44899603724479675, 0.36870241165161133, 0
u,0.46036309003829956, 0.3829888701438904, 0
u,0.47329872846603394, 0.3664374351501465, 0
u,0.5141522288322449, 0.3663719892501831, 0
u,0.46036309003829956, 0.3829888701438904, 0
u,0.5141522288322449, 0.3663719892501831, 0
u,0.5098628997802734, 0.38768064975738525, 0
u,0.3912779986858368, 0.36644941568374634, 0
u,0.44899603724479675, 0.36870241165161133, 0
u,0.40336236357688904, 0.37621182203292847, 0
u,0.40336236357688904, 0.37621182203292847, 0
u,0.44899603724479675, 0.36870241165161133, 0
u,0.4422825276851654, 0.39286231994628906, 0
u,0.3912779986858368, 0.36644941568374634, 0
u,0.40336236357688904, 0.37621182203292847, 0
u,0.3969670534133911, 0.37743085622787476, 0
u,0.3695428669452667, 0.3813691735267639, 0
u,0.3912779986858368, 0.36644941568374634, 0
u,0.3969670534133911, 0.37743085622787476, 0
u,0.40576210618019104, 0.3784991502761841, 0
u,0.40336236357688904, 0.37621182203292847, 0
u,0.4422825276851654, 0.39286231994628906, 0
u,0.8313809633255005, 0.20978772640228271, 0
u,0.777641236782074, 0.23456567525863647, 0
u,0.7776415944099426, 0.20885741710662842, 0
u,0.40632304549217224, 0.38530856370925903, 0
u,0.40576210618019104, 0.3784991502761841, 0
u,0.4422825276851654, 0.39286231994628906, 0
u,0.3695428669452667, 0.3813691735267639, 0
u,0.3969670534133911, 0.37743085622787476, 0
u,0.38192737102508545, 0.38564443588256836, 0
u,0.3733823001384735, 0.3917319178581238, 0
u,0.3695428669452667, 0.3813691735267639, 0
u,0.38192737102508545, 0.38564443588256836, 0
u,0.48240867257118225, 0.39262324571609497, 0
u,0.46036309003829956, 0.3829888701438904, 0
u,0.48877301812171936, 0.3931393027305603, 0
u,0.48877301812171936, 0.3931393027305603, 0
u,0.46036309003829956, 0.3829888701438904, 0
u,0.5098628997802734, 0.38768064975738525, 0
u,0.49452829360961914, 0.3949275612831116, 0
u,0.48877301812171936, 0.3931393027305603, 0
u,0.5098628997802734, 0.38768064975738525, 0
u,0.46036309003829956, 0.3829888701438904, 0
u,0.48240867257118225, 0.39262324571609497, 0
u,0.4733182191848755, 0.3947393298149109, 0
u,0.49452829360961914, 0.3949275612831116, 0
u,0.5098628997802734, 0.38768064975738525, 0
u,0.5085233449935913, 0.39939385652542114, 0
u,0.4488193392753601, 0.40091949701309204, 0
u,0.46036309003829956, 0.3829888701438904, 0
u,0.4733182191848755, 0.3947393298149109, 0
u,0.5006745457649231, 0.39861661195755005, 0
u,0.49452829360961914, 0.3949275612831116, 0
u,0.5085233449935913, 0.39939385652542114, 0
u,0.40391796827316284, 0.4022143483161926, 0
u,0.40632304549217224, 0.38530856370925903, 0
u,0.4422825276851654, 0.39286231994628906, 0
u,0.5006745457649231, 0.39861661195755005, 0
u,0.5085233449935913, 0.39939385652542114, 0
u,0.5041484832763672, 0.40172821283340454, 0
u,0.4488193392753601, 0.40091949701309204, 0
u,0.4733182191848755, 0.3947393298149109, 0
u,0.46288827061653137, 0.40189701318740845, 0
u,0.4334087371826172, 0.42868274450302124, 0
u,0.4488193392753601, 0.40091949701309204, 0
u,0.46288827061653137, 0.40189701318740845, 0
u,0.4334087371826172, 0.42868274450302124, 0
u,0.46288827061653137, 0.40189701318740845, 0
u,0.4534027874469757, 0.41323959827423096, 0
u,0.40391796827316284, 0.4022143483161926, 0
u,0.4422825276851654, 0.39286231994628906, 0
u,0.43121102452278137, 0.4285809397697449, 0
u,0.39659154415130615, 0.435538113117218, 0
u,0.40391796827316284, 0.4022143483161926, 0
u,0.43121102452278137, 0.4285809397697449, 0
u,0.4334087371826172, 0.42868274450302124, 0
u,0.4534027874469757, 0.41323959827423096, 0
u,0.443720281124115, 0.42909663915634155, 0
u,0.39659154415130615, 0.435538113117218, 0
u,0.43121102452278137, 0.4285809397697449, 0
u,0.4334087371826172, 0.42868274450302124, 0
u,0.39659154415130615, 0.435538113117218, 0
u,0.4334087371826172, 0.42868274450302124, 0
u,0.443720281124115, 0.42909663915634155, 0
u,0.39659154415130615, 0.435538113117218, 0
u,0.443720281124115, 0.42909663915634155, 0
u,0.4330460727214813, 0.45159947872161865, 0
u,0.38358908891677856, 0.4786754846572876, 0
u,0.39659154415130615, 0.435538113117218, 0
u,0.4330460727214813, 0.45159947872161865, 0
u,0.38358908891677856, 0.4786754846572876, 0
u,0.4330460727214813, 0.45159947872161865, 0
u,0.42080020904541016, 0.48888659477233887, 0
u,0.3695428669452667, 0.5188352167606354, 0
u,0.38358908891677856, 0.4786754846572876, 0
u,0.42080020904541016, 0.48888659477233887, 0
u,0.3695428669452667, 0.5188352167606354, 0
u,0.42080020904541016, 0.48888659477233887, 0
u,0.41418707370758057, 0.5180622339248657, 0
u,0.3695428669452667, 0.5188352167606354, 0
u,0.41418707370758057, 0.5180622339248657, 0
u,0.387240469455719, 0.5207453668117523, 0
u,0.37329161167144775, 0.5232284069061279, 0
u,0.3695428669452667, 0.5188352167606354, 0
u,0.387240469455719, 0.5207453668117523, 0
u,0.47593212127685547, 0.7874611914157867, 0
u,0.4759327173233032, 0.8032953888177872, 0
u,0.42219278216362, 0.7900062799453735, 0
u,0.18174323439598083, 0.06792217493057251, 0
u,0.17157338559627533, 0.0679059624671936, 0
u,0.1795322299003601, 0.014179229736328125, 0
u,0.47593387961387634, 0.7173816859722137, 0
u,0.4759327173233032, 0.7406759560108185, 0
u,0.42219439148902893, 0.7173270881175995, 0
u,0.7776412963867188, 0.2616538405418396, 0
u,0.777641236782074, 0.23456567525863647, 0
u,0.8313806056976318, 0.24341970682144165, 0
u,0.7776420712471008, 0.30397236347198486, 0
u,0.7776412963867188, 0.2616538405418396, 0
u,0.8313811421394348, 0.28827965259552, 0
u,0.4759327173233032, 0.8032953888177872, 0
u,0.47593387961387634, 0.8127014338970184, 0
u,0.4221942722797394, 0.8117098361253738, 0
u,0.10748054087162018, 0.17108964920043945, 0
u,0.10748039186000824, 0.1458558440208435, 0
u,0.16121990978717804, 0.16443610191345215, 0
u,0.9678067564964294, 0.6197396218776703, 0
u,0.9578914642333984, 0.6197396218776703, 0
u,0.9631648063659668, 0.5660003423690796, 0
u,0.10748021304607391, 0.18352121114730835, 0
u,0.10748044401407242, 0.17914044857025146, 0
u,0.16121970117092133, 0.1824866533279419, 0
u,0.10748044401407242, 0.17914044857025146, 0
u,0.10748054087162018, 0.17108964920043945, 0
u,0.16121990978717804, 0.17595124244689941, 0
u,0.7776428461074829, 0.3307536244392395, 0
u,0.7776420712471008, 0.30397236347198486, 0
u,0.8313822150230408, 0.33077341318130493, 0
u,0.9542906880378723, 0.8426007628440857, 0
u,0.9325780868530273, 0.842599555850029, 0
u,0.9458127617835999, 0.7888609915971756, 0
u,0.18138019740581512, 0.3368672728538513, 0
u,0.17856428027153015, 0.33684825897216797, 0
u,0.18038170039653778, 0.2831200361251831, 0
u,0.18318429589271545, 0.33687883615493774, 0
u,0.18138019740581512, 0.3368672728538513, 0
u,0.18318429589271545, 0.2831384539604187, 0
u,0.7776421308517456, 0.19347476959228516, 0
u,0.7776427268981934, 0.18778765201568604, 0
u,0.8313815593719482, 0.19321900606155396, 0
u,0.9717186093330383, 0.8426011949777603, 0
u,0.9542906880378723, 0.8426007628440857, 0
u,0.9717056751251221, 0.7888618409633636, 0
u,0.4759320318698883, 0.7689649909734726, 0
u,0.47593212127685547, 0.7874611914157867, 0
u,0.42219260334968567, 0.7698043882846832, 0
u,0.17856428027153015, 0.33684825897216797, 0
u,0.17141923308372498, 0.3367980718612671, 0
u,0.17435109615325928, 0.28307807445526123, 0
u,0.10748039186000824, 0.1458558440208435, 0
u,0.16121971607208252, 0.13937115669250488, 0
u,0.16121990978717804, 0.16443610191345215, 0
u,0.17856428027153015, 0.33684825897216797, 0
u,0.17435109615325928, 0.28307807445526123, 0
u,0.18038170039653778, 0.2831200361251831, 0
u,0.9578914642333984, 0.6197396218776703, 0
u,0.9568232297897339, 0.5660000741481781, 0
u,0.9631648063659668, 0.5660003423690796, 0
u,0.8541001081466675, 0.4540597200393677, 0
u,0.9078395366668701, 0.4310504198074341, 0
u,0.9078394770622253, 0.45661741495132446, 0
u,0.9867436289787292, 0.788808137178421, 0
u,0.998762309551239, 0.8425052762031555, 0
u,0.9862943887710571, 0.8425494581460953, 0
u,0.8540987968444824, 0.5231055617332458, 0
u,0.9078388810157776, 0.4961887001991272, 0
u,0.9078381657600403, 0.5232283771038055, 0
u,0.9280850291252136, 0.7888617813587189, 0
u,0.9325780868530273, 0.842599555850029, 0
u,0.9280484318733215, 0.8426011949777603, 0
u,0.47703564167022705, 0.058989524841308594, 0
u,0.4233068525791168, 0.08100491762161255, 0
u,0.42329519987106323, 0.05686146020889282, 0
u,0.8541001081466675, 0.4296538233757019, 0
u,0.9078393578529358, 0.4134112596511841, 0
u,0.9078395366668701, 0.4310504198074341, 0
u,0.9865469336509705, 0.8925194069743156, 0
u,0.9923695921897888, 0.9462588056921959, 0
u,0.9860773682594299, 0.9462587982416153, 0
u,0.1612192839384079, 0.18640440702438354, 0
u,0.10748021304607391, 0.18352121114730835, 0
u,0.16121970117092133, 0.1824866533279419, 0
u,0.8450078964233398, 0.0799398422241211, 0
u,0.8653997778892517, 0.13367927074432373, 0
u,0.8437684774398804, 0.13367921113967896, 0
u,0.10748044401407242, 0.17914044857025146, 0
u,0.16121990978717804, 0.17595124244689941, 0
u,0.16121970117092133, 0.1824866533279419, 0
u,0.42219308018684387, 0.7488482594490051, 0
u,0.4759320318698883, 0.7689649909734726, 0
u,0.42219260334968567, 0.7698043882846832, 0
u,0.8313815593719482, 0.19321900606155396, 0
u,0.7776415944099426, 0.20885741710662842, 0
u,0.7776421308517456, 0.19347476959228516, 0
u,0.8540995121002197, 0.3986515402793884, 0
u,0.9078382253646851, 0.38971883058547974, 0
u,0.9078389406204224, 0.3994978666305542, 0
u,0.3672848045825958, 0.28219032287597656, 0
u,0.3694779574871063, 0.3359292149543762, 0
u,0.36707058548927307, 0.3359297513961792, 0
u,0.9791222214698792, 0.8925194069743156, 0
u,0.9860773682594299, 0.9462587982416153, 0
u,0.9788316488265991, 0.9462588019669056, 0
u,0.9717352390289307, 0.8925194293260574, 0
u,0.9788316488265991, 0.9462588019669056, 0
u,0.9717488884925842, 0.9462588205933571, 0
u,0.4759327173233032, 0.8032953888177872, 0
u,0.4221942722797394, 0.8117098361253738, 0
u,0.4221932888031006, 0.8021359145641327, 0
u,0.9927880764007568, 0.8925194069743156, 0
u,0.9988418221473694, 0.9462588205933571, 0
u,0.9923695921897888, 0.9462588056921959, 0
u,0.47704625129699707, 0.08098989725112915, 0
u,0.42330682277679443, 0.08907884359359741, 0
u,0.4233068525791168, 0.08100491762161255, 0
u,0.47593212127685547, 0.7874611914157867, 0
u,0.42219278216362, 0.7900062799453735, 0
u,0.42219260334968567, 0.7698043882846832, 0
u,0.18138019740581512, 0.3368672728538513, 0
u,0.18038170039653778, 0.2831200361251831, 0
u,0.18318429589271545, 0.2831384539604187, 0
u,0.9759110808372498, 0.5659992694854736, 0
u,0.9799289703369141, 0.6197378039360046, 0
u,0.9754343628883362, 0.6197387278079987, 0
u,0.9678067564964294, 0.6197396218776703, 0
u,0.9631648063659668, 0.5660003423690796, 0
u,0.9691593647003174, 0.5660001337528229, 0
u,0.16121971607208252, 0.13937115669250488, 0
u,0.10747991502285004, 0.10204172134399414, 0
u,0.1612192988395691, 0.10203981399536133, 0
u,0.9568232297897339, 0.5660000741481781, 0
u,0.9476553201675415, 0.6197378933429718, 0
u,0.9483264088630676, 0.5659986734390259, 0
u,0.8333151936531067, 0.07993966341018677, 0
u,0.8437684774398804, 0.13367921113967896, 0
u,0.8333153128623962, 0.1336790919303894, 0
u,0.8540999293327332, 0.4119376540184021, 0
u,0.9078389406204224, 0.3994978666305542, 0
u,0.9078393578529358, 0.4134112596511841, 0
u,0.9542906880378723, 0.8426007628440857, 0
u,0.9458127617835999, 0.7888609915971756, 0
u,0.9717056751251221, 0.7888618409633636, 0
u,0.47702255845069885, 0.03339415788650513, 0
u,0.42329519987106323, 0.05686146020889282, 0
u,0.4232824444770813, 0.032112300395965576, 0
u,0.9325780868530273, 0.842599555850029, 0
u,0.9326244592666626, 0.7888601422309875, 0
u,0.9458127617835999, 0.7888609915971756, 0
u,0.9717184901237488, 0.7888614535331726, 0
u,0.975163996219635, 0.842588946223259, 0
u,0.9717184901237488, 0.8426011949777603, 0
u,0.7776427268981934, 0.18778765201568604, 0
u,0.8313822150230408, 0.18712085485458374, 0
u,0.8313815593719482, 0.19321900606155396, 0
u,0.8667234182357788, 0.07993990182876587, 0
u,0.8850888013839722, 0.1336790919303894, 0
u,0.8653997778892517, 0.13367927074432373, 0
u,0.9691593647003174, 0.5660001337528229, 0
u,0.9754343628883362, 0.6197387278079987, 0
u,0.9678067564964294, 0.6197396218776703, 0
u,0.4759327173233032, 0.8032953888177872, 0
u,0.4221932888031006, 0.8021359145641327, 0
u,0.42219278216362, 0.7900062799453735, 0
u,0.975174605846405, 0.7888491749763489, 0
u,0.9791896939277649, 0.8425746560096741, 0
u,0.975163996219635, 0.842588946223259, 0
u,0.17435109615325928, 0.28307807445526123, 0
u,0.16325527429580688, 0.3367399573326111, 0
u,0.16122041642665863, 0.2829846739768982, 0
u,0.10748054087162018, 0.17108964920043945, 0
u,0.16121990978717804, 0.16443610191345215, 0
u,0.16121990978717804, 0.17595124244689941, 0
u,0.9837594032287598, 0.5659995377063751, 0
u,0.9799289703369141, 0.6197378039360046, 0
u,0.9799289703369141, 0.5659984052181244, 0
u,0.17157338559627533, 0.0679059624671936, 0
u,0.17157338559627533, 0.014166474342346191, 0
u,0.1795322299003601, 0.014179229736328125, 0
u,0.9794236421585083, 0.7888340950012207, 0
u,0.9862943887710571, 0.8425494581460953, 0
u,0.9791896939277649, 0.8425746560096741, 0
u,0.4759327173233032, 0.7406759560108185, 0
u,0.42219308018684387, 0.7488482594490051, 0
u,0.42219439148902893, 0.7173270881175995, 0
u,0.8540995121002197, 0.4931953549385071, 0
u,0.9078394770622253, 0.45661741495132446, 0
u,0.9078388810157776, 0.4961887001991272, 0
u,0.7776412963867188, 0.2616538405418396, 0
u,0.8313806056976318, 0.24341970682144165, 0
u,0.8313811421394348, 0.28827965259552, 0
u,0.7776420712471008, 0.30397236347198486, 0
u,0.8313811421394348, 0.28827965259552, 0
u,0.8313822150230408, 0.33077341318130493, 0
u,0.8313809633255005, 0.20978772640228271, 0
u,0.8313806056976318, 0.24341970682144165, 0
u,0.777641236782074, 0.23456567525863647, 0
u,0.8541001081466675, 0.4540597200393677, 0
u,0.8541001081466675, 0.4296538233757019, 0
u,0.9078395366668701, 0.4310504198074341, 0
u,0.9867436289787292, 0.788808137178421, 0
u,0.9999998807907104, 0.7887611538171768, 0
u,0.998762309551239, 0.8425052762031555, 0
u,0.8540987968444824, 0.5231055617332458, 0
u,0.8540995121002197, 0.4931953549385071, 0
u,0.9078388810157776, 0.4961887001991272, 0
u,0.9280850291252136, 0.7888617813587189, 0
u,0.9326244592666626, 0.7888601422309875, 0
u,0.9325780868530273, 0.842599555850029, 0
u,0.47703564167022705, 0.058989524841308594, 0
u,0.47704625129699707, 0.08098989725112915, 0
u,0.4233068525791168, 0.08100491762161255, 0
u,0.8541001081466675, 0.4296538233757019, 0
u,0.8540999293327332, 0.4119376540184021, 0
u,0.9078393578529358, 0.4134112596511841, 0
u,0.9865469336509705, 0.8925194069743156, 0
u,0.9927880764007568, 0.8925194069743156, 0
u,0.9923695921897888, 0.9462588056921959, 0
u,0.1612192839384079, 0.18640440702438354, 0
u,0.10747991502285004, 0.1862679123878479, 0
u,0.10748021304607391, 0.18352121114730835, 0
u,0.8450078964233398, 0.0799398422241211, 0
u,0.8667234182357788, 0.07993990182876587, 0
u,0.8653997778892517, 0.13367927074432373, 0
u,0.42219308018684387, 0.7488482594490051, 0
u,0.4759327173233032, 0.7406759560108185, 0
u,0.4759320318698883, 0.7689649909734726, 0
u,0.8313815593719482, 0.19321900606155396, 0
u,0.8313809633255005, 0.20978772640228271, 0
u,0.7776415944099426, 0.20885741710662842, 0
u,0.8540995121002197, 0.3986515402793884, 0
u,0.8540987968444824, 0.38920170068740845, 0
u,0.9078382253646851, 0.38971883058547974, 0
u,0.3672848045825958, 0.28219032287597656, 0
u,0.3694779574871063, 0.28218984603881836, 0
u,0.3694779574871063, 0.3359292149543762, 0
u,0.9791222214698792, 0.8925194069743156, 0
u,0.9865469336509705, 0.8925194069743156, 0
u,0.9860773682594299, 0.9462587982416153, 0
u,0.9717352390289307, 0.8925194293260574, 0
u,0.9791222214698792, 0.8925194069743156, 0
u,0.9788316488265991, 0.9462588019669056, 0
u,0.9927880764007568, 0.8925194069743156, 0
u,0.9999857544898987, 0.8925194293260574, 0
u,0.9988418221473694, 0.9462588205933571, 0
u,0.47704625129699707, 0.08098989725112915, 0
u,0.47704625129699707, 0.08914703130722046, 0
u,0.42330682277679443, 0.08907884359359741, 0
u,0.9759110808372498, 0.5659992694854736, 0
u,0.9799289703369141, 0.5659984052181244, 0
u,0.9799289703369141, 0.6197378039360046, 0
u,0.16121971607208252, 0.13937115669250488, 0
u,0.10748039186000824, 0.1458558440208435, 0
u,0.10747991502285004, 0.10204172134399414, 0
u,0.9568232297897339, 0.5660000741481781, 0
u,0.9578914642333984, 0.6197396218776703, 0
u,0.9476553201675415, 0.6197378933429718, 0
u,0.8333151936531067, 0.07993966341018677, 0
u,0.8450078964233398, 0.0799398422241211, 0
u,0.8437684774398804, 0.13367921113967896, 0
u,0.8540999293327332, 0.4119376540184021, 0
u,0.8540995121002197, 0.3986515402793884, 0
u,0.9078389406204224, 0.3994978666305542, 0
u,0.47702255845069885, 0.03339415788650513, 0
u,0.47703564167022705, 0.058989524841308594, 0
u,0.42329519987106323, 0.05686146020889282, 0
u,0.9717184901237488, 0.7888614535331726, 0
u,0.975174605846405, 0.7888491749763489, 0
u,0.975163996219635, 0.842588946223259, 0
u,0.8667234182357788, 0.07993990182876587, 0
u,0.8850991129875183, 0.07993966341018677, 0
u,0.8850888013839722, 0.1336790919303894, 0
u,0.9691593647003174, 0.5660001337528229, 0
u,0.9759110808372498, 0.5659992694854736, 0
u,0.9754343628883362, 0.6197387278079987, 0
u,0.975174605846405, 0.7888491749763489, 0
u,0.9794236421585083, 0.7888340950012207, 0
u,0.9791896939277649, 0.8425746560096741, 0
u,0.17435109615325928, 0.28307807445526123, 0
u,0.17141923308372498, 0.3367980718612671, 0
u,0.16325527429580688, 0.3367399573326111, 0
u,0.9837594032287598, 0.5659995377063751, 0
u,0.9837594032287598, 0.6197389364242554, 0
u,0.9799289703369141, 0.6197378039360046, 0
u,0.9794236421585083, 0.7888340950012207, 0
u,0.9867436289787292, 0.788808137178421, 0
u,0.9862943887710571, 0.8425494581460953, 0
u,0.8540995121002197, 0.4931953549385071, 0
u,0.8541001081466675, 0.4540597200393677, 0
u,0.9078394770622253, 0.45661741495132446, 0
