v,-0.002117794007062912, -0.012723091058433056, 0.007292098831385374
v,-0.002350134775042534, -0.012655861675739288, 0.007016079034656286
v,-0.001961751142516732, -0.012768244370818138, 0.005588795058429241
v,-0.0002551347715780139, -0.013262070715427399, 0.0066463216207921505
v,-0.002117794007062912, -0.012723091058433056, 0.007292098831385374
v,-0.001961751142516732, -0.012768244370818138, 0.005588795058429241
v,0.0007127341814339161, -0.013542133383452892, 0.006361208390444517
v,-0.0002551347715780139, -0.013262070715427399, 0.0066463216207921505
v,-0.001961751142516732, -0.012768244370818138, 0.005588795058429241
v,0.0007600907701998949, -0.013555836863815784, 0.005563417915254831
v,0.0007127341814339161, -0.013542133383452892, 0.006361208390444517
v,-0.001961751142516732, -0.012768244370818138, 0.005588795058429241
v,0.0009626489481888711, -0.013614448718726635, 0.004070604220032692
v,0.0007600907701998949, -0.013555836863815784, 0.005563417915254831
v,-0.001961751142516732, -0.012768244370818138, 0.005588795058429241
v,0.0009626489481888711, -0.013614448718726635, 0.004070604220032692
v,-0.001961751142516732, -0.012768244370818138, 0.005588795058429241
v,-0.001291099819354713, -0.012962304055690765, 0.0028801618609577417
v,0.001129091833718121, -0.0136626111343503, 0.0030786623246967793
v,0.0009626489481888711, -0.013614448718726635, 0.004070604220032692
v,-0.001291099819354713, -0.012962304055690765, 0.0028801618609577417
v,0.0017427133861929178, -0.013840168714523315, 0.0028640436939895153
v,0.001129091833718121, -0.0136626111343503, 0.0030786623246967793
v,-0.001291099819354713, -0.012962304055690765, 0.0028801618609577417
v,-0.00323238642886281, -0.012400573119521141, 0.0028866964858025312
v,-0.004419300239533186, -0.012057127431035042, 0.0029681306332349777
v,-0.004505010787397623, -0.012032326310873032, 0.002880039159208536
v,0.0017427133861929178, -0.013840168714523315, 0.0028640436939895153
v,-0.001291099819354713, -0.012962304055690765, 0.0028801618609577417
v,-0.00323238642886281, -0.012400573119521141, 0.0028866964858025312
v,0.0017427133861929178, -0.013840168714523315, 0.0028640436939895153
v,-0.00323238642886281, -0.012400573119521141, 0.0028866964858025312
v,-0.004505010787397623, -0.012032326310873032, 0.002880039159208536
v,0.0017427133861929178, -0.013840168714523315, 0.0028640436939895153
v,-0.004505010787397623, -0.012032326310873032, 0.002880039159208536
v,-0.004249721299856901, -0.012106196954846382, 0.001898001180961728
v,0.0028986623510718346, -0.01417465414851904, 0.0024978567380458117
v,0.0017427133861929178, -0.013840168714523315, 0.0028640436939895153
v,-0.004249721299856901, -0.012106196954846382, 0.001898001180961728
v,0.0037780203856527805, -0.014429105445742607, 0.00227137072943151
v,0.0028986623510718346, -0.01417465414851904, 0.0024978567380458117
v,-0.004249721299856901, -0.012106196954846382, 0.001898001180961728
v,0.00393492029979825, -0.014474506489932537, 0.0016298796981573105
v,0.0037780203856527805, -0.014429105445742607, 0.00227137072943151
v,-0.004249721299856901, -0.012106196954846382, 0.001898001180961728
v,0.002334610093384981, -0.010659857653081417, 0.0016294361557811499
v,0.0017689581727609038, -0.01384776271879673, -9.664555363997351e-06
v,0.00268541625700891, -0.010761367157101631, -0.00011102457938250154
v,0.00393492029979825, -0.014474506489932537, 0.0016298796981573105
v,-0.004249721299856901, -0.012106196954846382, 0.001898001180961728
v,0.0014400966465473175, -0.013752603903412819, 0.0016296994872391224
v,0.0014400966465473175, -0.013752603903412819, 0.0016296994872391224
v,-0.004249721299856901, -0.012106196954846382, 0.001898001180961728
v,-0.0010358019499108195, -0.01303617749363184, 0.001629834994673729
v,-0.0010358019499108195, -0.01303617749363184, 0.001629834994673729
v,-0.004249721299856901, -0.012106196954846382, 0.001898001180961728
v,-0.0028021077159792185, -0.01252507884055376, 0.0016253055073320866
v,-0.004201886709779501, -0.012120038270950317, 0.0015410184860229492
v,-0.0028021077159792185, -0.01252507884055376, 0.0016253055073320866
v,-0.004249721299856901, -0.012106196954846382, 0.001898001180961728
v,0.0014400966465473175, -0.013752603903412819, 0.0016296994872391224
v,-0.0010358019499108195, -0.01303617749363184, 0.001629834994673729
v,-0.0007259566918946803, -0.013125834055244923, 0.0004214562941342592
v,0.0017689581727609038, -0.01384776271879673, -9.664555363997351e-06
v,0.0014400966465473175, -0.013752603903412819, 0.0016296994872391224
v,-0.0007259566918946803, -0.013125834055244923, 0.0004214562941342592
v,0.0017689581727609038, -0.01384776271879673, -9.664555363997351e-06
v,-0.0007259566918946803, -0.013125834055244923, 0.0004214562941342592
v,-5.3041043429402635e-05, -0.01332054939121008, -0.0026998016983270645
v,0.0026930421590805054, -0.01411515660583973, -0.004244903102517128
v,0.0017689581727609038, -0.01384776271879673, -9.664555363997351e-06
v,-5.3041043429402635e-05, -0.01332054939121008, -0.0026998016983270645
v,0.0026930421590805054, -0.01411515660583973, -0.004244903102517128
v,-5.3041043429402635e-05, -0.01332054939121008, -0.0026998016983270645
v,0.00031908813980408013, -0.01342822890728712, -0.004688104148954153
v,0.0026930421590805054, -0.01411515660583973, -0.004244903102517128
v,0.00031908813980408013, -0.01342822890728712, -0.004688104148954153
v,0.0004334382538218051, -0.01346131693571806, -0.005502657499164343
v,0.0030568232759833336, -0.014220420271158218, -0.005971146747469902
v,0.0026930421590805054, -0.01411515660583973, -0.004244903102517128
v,0.0004334382538218051, -0.01346131693571806, -0.005502657499164343
v,-0.0019392940448597074, -0.012774743139743805, -0.005457043647766113
v,-0.0026664230972528458, -0.012564340606331825, -0.00486110569909215
v,-0.0029337473679333925, -0.012486987747251987, -0.005508878268301487
v,-0.0019392940448597074, -0.012774743139743805, -0.005457043647766113
v,-0.0029337473679333925, -0.012486987747251987, -0.005508878268301487
v,-0.0009474260150454938, -0.013061749748885632, -0.007010831963270903
v,-0.0013499517226591706, -0.012945274822413921, -0.005860411562025547
v,-0.0019392940448597074, -0.012774743139743805, -0.005457043647766113
v,-0.0009474260150454938, -0.013061749748885632, -0.007010831963270903
v,0.0030568232759833336, -0.014220420271158218, -0.005971146747469902
v,0.0004334382538218051, -0.01346131693571806, -0.005502657499164343
v,0.0004373795527499169, -0.013462457805871964, -0.005900413729250431
v,0.0030568232759833336, -0.014220420271158218, -0.005971146747469902
v,0.0004373795527499169, -0.013462457805871964, -0.005900413729250431
v,0.0003639559436123818, -0.01344121154397726, -0.006112164352089167
v,-0.0008127097971737385, -0.013100731186568737, -0.006173199974000454
v,-0.0013499517226591706, -0.012945274822413921, -0.005860411562025547
v,-0.0009474260150454938, -0.013061749748885632, -0.007010831963270903
v,0.0030568232759833336, -0.014220420271158218, -0.005971146747469902
v,0.0003639559436123818, -0.01344121154397726, -0.006112164352089167
v,0.0002728374965954572, -0.013414845801889896, -0.00623314781114459
v,-0.0005204301560297608, -0.013185305520892143, -0.006303301081061363
v,-0.0008127097971737385, -0.013100731186568737, -0.006173199974000454
v,-0.0009474260150454938, -0.013061749748885632, -0.007010831963270903
v,0.0031337826512753963, -0.014242689125239849, -0.0065788994543254375
v,0.0030568232759833336, -0.014220420271158218, -0.005971146747469902
v,0.0002728374965954572, -0.013414845801889896, -0.00623314781114459
v,0.0031337826512753963, -0.014242689125239849, -0.0065788994543254375
v,0.0002728374965954572, -0.013414845801889896, -0.00623314781114459
v,0.0001390256657032296, -0.013376126065850258, -0.006332270801067352
v,-0.00022488445392809808, -0.013270825147628784, -0.006380496080964804
v,-0.0005204301560297608, -0.013185305520892143, -0.006303301081061363
v,-0.0009474260150454938, -0.013061749748885632, -0.007010831963270903
v,0.0031337826512753963, -0.014242689125239849, -0.0065788994543254375
v,0.0001390256657032296, -0.013376126065850258, -0.006332270801067352
v,-1.4156610632198863e-05, -0.013331800699234009, -0.006379885133355856
v,0.0031337826512753963, -0.014242689125239849, -0.0065788994543254375
v,-1.4156610632198863e-05, -0.013331800699234009, -0.006379885133355856
v,-0.00022488445392809808, -0.013270825147628784, -0.006380496080964804
v,0.0031337826512753963, -0.014242689125239849, -0.0065788994543254375
v,-0.00022488445392809808, -0.013270825147628784, -0.006380496080964804
v,-0.0009474260150454938, -0.013061749748885632, -0.007010831963270903
v,0.0031269772443920374, -0.014240720309317112, -0.007086336612701416
v,0.0031337826512753963, -0.014242689125239849, -0.0065788994543254375
v,-0.0009474260150454938, -0.013061749748885632, -0.007010831963270903
v,0.0030421391129493713, -0.014216171577572823, -0.00748786423355341
v,0.0031269772443920374, -0.014240720309317112, -0.007086336612701416
v,-0.0009474260150454938, -0.013061749748885632, -0.007010831963270903
v,0.0030421391129493713, -0.014216171577572823, -0.00748786423355341
v,-0.0009474260150454938, -0.013061749748885632, -0.007010831963270903
v,2.1215062588453293e-05, -0.013342035934329033, -0.007639928255230188
v,0.002881777472794056, -0.014169769361615181, -0.007815242744982243
v,0.0030421391129493713, -0.014216171577572823, -0.00748786423355341
v,2.1215062588453293e-05, -0.013342035934329033, -0.007639928255230188
v,0.002881777472794056, -0.014169769361615181, -0.007815242744982243
v,2.1215062588453293e-05, -0.013342035934329033, -0.007639928255230188
v,0.0005799195496365428, -0.01350370328873396, -0.007949842140078545
v,0.002676256000995636, -0.01411029975861311, -0.008044200018048286
v,0.002881777472794056, -0.014169769361615181, -0.007815242744982243
v,0.0005799195496365428, -0.01350370328873396, -0.007949842140078545
v,0.002676256000995636, -0.01411029975861311, -0.008044200018048286
v,0.0005799195496365428, -0.01350370328873396, -0.007949842140078545
v,0.0010342559544369578, -0.013635169714689255, -0.008144711144268513
v,0.0024373370688408613, -0.014041165821254253, -0.008205927908420563
v,0.002676256000995636, -0.01411029975861311, -0.008044200018048286
v,0.0010342559544369578, -0.013635169714689255, -0.008144711144268513
v,0.0024373370688408613, -0.014041165821254253, -0.008205927908420563
v,0.0010342559544369578, -0.013635169714689255, -0.008144711144268513
v,0.001429610070772469, -0.013749569654464722, -0.008268043398857117
v,0.0021160244941711426, -0.013948190957307816, -0.00830821692943573
v,0.0024373370688408613, -0.014041165821254253, -0.008205927908420563
v,0.001429610070772469, -0.013749569654464722, -0.008268043398857117
v,0.0021160244941711426, -0.013948190957307816, -0.00830821692943573
v,0.001429610070772469, -0.013749569654464722, -0.008268043398857117
v,0.0017725389916449785, -0.013848799280822277, -0.008323714137077332
v,0.0007097843335941434, -0.010189698077738285, 0.006624128203839064
v,-0.0014521044213324785, -0.009564133360981941, 0.007019604090601206
v,-0.0012230774154886603, -0.00963040441274643, 0.007291222922503948
v,0.0016069395933300257, -0.010449298657476902, 0.006361703854054213
v,-0.0014521044213324785, -0.009564133360981941, 0.007019604090601206
v,0.0007097843335941434, -0.010189698077738285, 0.006624128203839064
v,0.001662704860791564, -0.01046543475240469, 0.0054892064072191715
v,-0.0014521044213324785, -0.009564133360981941, 0.007019604090601206
v,0.0016069395933300257, -0.010449298657476902, 0.006361703854054213
v,0.001662704860791564, -0.01046543475240469, 0.0054892064072191715
v,-0.0007863781065680087, -0.009756768122315407, 0.004490463063120842
v,-0.0014521044213324785, -0.009564133360981941, 0.007019604090601206
v,0.0018724944675341249, -0.010526140220463276, 0.003975763916969299
v,-0.0007863781065680087, -0.009756768122315407, 0.004490463063120842
v,0.001662704860791564, -0.01046543475240469, 0.0054892064072191715
v,0.0018724944675341249, -0.010526140220463276, 0.003975763916969299
v,-0.0003997297026216984, -0.009868648834526539, 0.002880045212805271
v,-0.0007863781065680087, -0.009756768122315407, 0.004490463063120842
v,0.0020239779260009527, -0.010569972917437553, 0.0030786620918661356
v,-0.0003997297026216984, -0.009868648834526539, 0.002880045212805271
v,0.0018724944675341249, -0.010526140220463276, 0.003975763916969299
v,0.003222605213522911, -0.010916808620095253, 0.0026681888848543167
v,-0.0003997297026216984, -0.009868648834526539, 0.002880045212805271
v,0.0020239779260009527, -0.010569972917437553, 0.0030786620918661356
v,-0.002287349896505475, -0.009322446770966053, 0.0028854135889559984
v,-0.0036101245786994696, -0.008939688093960285, 0.0028800389263778925
v,-0.003523612627759576, -0.008964721113443375, 0.002967200707644224
v,0.003222605213522911, -0.010916808620095253, 0.0026681888848543167
v,-0.002287349896505475, -0.009322446770966053, 0.0028854135889559984
v,-0.0003997297026216984, -0.009868648834526539, 0.002880045212805271
v,0.003222605213522911, -0.010916808620095253, 0.0026681888848543167
v,-0.0036101245786994696, -0.008939688093960285, 0.0028800389263778925
v,-0.002287349896505475, -0.009322446770966053, 0.0028854135889559984
v,0.003222605213522911, -0.010916808620095253, 0.0026681888848543167
v,-0.00335756060667336, -0.009012770839035511, 0.0019106508698314428
v,-0.0036101245786994696, -0.008939688093960285, 0.0028800389263778925
v,0.004673554562032223, -0.011336655355989933, 0.002267698058858514
v,-0.00335756060667336, -0.009012770839035511, 0.0019106508698314428
v,0.003222605213522911, -0.010916808620095253, 0.0026681888848543167
v,0.00482980627566576, -0.01138186827301979, 0.0016298794653266668
v,-0.00335756060667336, -0.009012770839035511, 0.0019106508698314428
v,0.004673554562032223, -0.011336655355989933, 0.002267698058858514
v,0.00482980627566576, -0.01138186827301979, 0.0016298794653266668
v,0.002334610093384981, -0.010659857653081417, 0.0016294361557811499
v,-0.00335756060667336, -0.009012770839035511, 0.0019106508698314428
v,0.002334610093384981, -0.010659857653081417, 0.0016294361557811499
v,-0.00013718183618038893, -0.009944619610905647, 0.0016296361573040485
v,-0.00335756060667336, -0.009012770839035511, 0.0019106508698314428
v,-0.00013718183618038893, -0.009944619610905647, 0.0016296361573040485
v,-0.001950907171703875, -0.009419799782335758, 0.0016241339035332203
v,-0.00335756060667336, -0.009012770839035511, 0.0019106508698314428
v,-0.003307289443910122, -0.00902731716632843, 0.0015403584111481905
v,-0.00335756060667336, -0.009012770839035511, 0.0019106508698314428
v,-0.001950907171703875, -0.009419799782335758, 0.0016241339035332203
v,0.00268541625700891, -0.010761367157101631, -0.00011102457938250154
v,-0.00013718183618038893, -0.009944619610905647, 0.0016296361573040485
v,0.002334610093384981, -0.010659857653081417, 0.0016294361557811499
v,0.00268541625700891, -0.010761367157101631, -0.00011102457938250154
v,0.0003802287101279944, -0.010094338096678257, -0.0004985659616068006
v,-0.00013718183618038893, -0.009944619610905647, 0.0016296361573040485
v,0.0036161295138299465, -0.011030678637325764, -0.004375101067125797
v,0.0003802287101279944, -0.010094338096678257, -0.0004985659616068006
v,0.00268541625700891, -0.010761367157101631, -0.00011102457938250154
v,0.0036161295138299465, -0.011030678637325764, -0.004375101067125797
v,0.0011324420338496566, -0.010311998426914215, -0.004197635687887669
v,0.0003802287101279944, -0.010094338096678257, -0.0004985659616068006
v,0.0036161295138299465, -0.011030678637325764, -0.004375101067125797
v,0.0013243869179859757, -0.010367539711296558, -0.005462834145873785
v,0.0011324420338496566, -0.010311998426914215, -0.004197635687887669
v,-0.0011466947617009282, -0.009652507491409779, -0.005383580923080444
v,-0.002038861159235239, -0.009394349530339241, -0.005508878268301487
v,-0.001769996713846922, -0.00947214849293232, -0.004856014158576727
v,0.003955507650971413, -0.011128881946206093, -0.005992354359477758
v,0.0013243869179859757, -0.010367539711296558, -0.005462834145873785
v,0.0036161295138299465, -0.011030678637325764, -0.004375101067125797
v,-0.0011466947617009282, -0.009652507491409779, -0.005383580923080444
v,-0.000301613996271044, -0.009897040203213692, -0.006834041327238083
v,-0.002038861159235239, -0.009394349530339241, -0.005508878268301487
v,-0.0004118431534152478, -0.00986514426767826, -0.005887487903237343
v,-0.000301613996271044, -0.009897040203213692, -0.006834041327238083
v,-0.0011466947617009282, -0.009652507491409779, -0.005383580923080444
v,0.003955507650971413, -0.011128881946206093, -0.005992354359477758
v,0.0013345952611416578, -0.010370493866503239, -0.005885280668735504
v,0.0013243869179859757, -0.010367539711296558, -0.005462834145873785
v,0.003955507650971413, -0.011128881946206093, -0.005992354359477758
v,0.001264099613763392, -0.010350095108151436, -0.006102347746491432
v,0.0013345952611416578, -0.010370493866503239, -0.005885280668735504
v,0.00010200498945778236, -0.010013831779360771, -0.00618340726941824
v,-0.000301613996271044, -0.009897040203213692, -0.006834041327238083
v,-0.0004118431534152478, -0.00986514426767826, -0.005887487903237343
v,0.003955507650971413, -0.011128881946206093, -0.005992354359477758
v,0.0011358954943716526, -0.010312997736036777, -0.006267334800213575
v,0.001264099613763392, -0.010350095108151436, -0.006102347746491432
v,0.0003942280891351402, -0.010098389349877834, -0.0063103544525802135
v,-0.000301613996271044, -0.009897040203213692, -0.006834041327238083
v,0.00010200498945778236, -0.010013831779360771, -0.00618340726941824
v,0.004030351527035236, -0.011150537990033627, -0.006605044007301331
v,0.0011358954943716526, -0.010312997736036777, -0.006267334800213575
v,0.003955507650971413, -0.011128881946206093, -0.005992354359477758
v,0.004030351527035236, -0.011150537990033627, -0.006605044007301331
v,0.0009119152673520148, -0.010248186998069286, -0.006377675570547581
v,0.0011358954943716526, -0.010312997736036777, -0.006267334800213575
v,0.0006561180343851447, -0.010174169205129147, -0.006377252284437418
v,-0.000301613996271044, -0.009897040203213692, -0.006834041327238083
v,0.0003942280891351402, -0.010098389349877834, -0.0063103544525802135
v,0.0009119152673520148, -0.010248186998069286, -0.006377675570547581
v,-0.000301613996271044, -0.009897040203213692, -0.006834041327238083
v,0.0006561180343851447, -0.010174169205129147, -0.006377252284437418
v,0.004030351527035236, -0.011150537990033627, -0.006605044007301331
v,-0.000301613996271044, -0.009897040203213692, -0.006834041327238083
v,0.0009119152673520148, -0.010248186998069286, -0.006377675570547581
v,0.00401837145909667, -0.011147071607410908, -0.007117129396647215
v,-0.000301613996271044, -0.009897040203213692, -0.006834041327238083
v,0.004030351527035236, -0.011150537990033627, -0.006605044007301331
v,0.00401837145909667, -0.011147071607410908, -0.007117129396647215
v,0.0005287862149998546, -0.010137325152754784, -0.007397613953799009
v,-0.000301613996271044, -0.009897040203213692, -0.006834041327238083
v,0.003928093239665031, -0.011120948940515518, -0.007513565476983786
v,0.0005287862149998546, -0.010137325152754784, -0.007397613953799009
v,0.00401837145909667, -0.011147071607410908, -0.007117129396647215
v,0.003928093239665031, -0.011120948940515518, -0.007513565476983786
v,0.0011790203861892223, -0.01032547652721405, -0.007793176919221878
v,0.0005287862149998546, -0.010137325152754784, -0.007397613953799009
v,0.003762544132769108, -0.011073045432567596, -0.007835532538592815
v,0.0011790203861892223, -0.01032547652721405, -0.007793176919221878
v,0.003928093239665031, -0.011120948940515518, -0.007513565476983786
v,0.003762544132769108, -0.011073045432567596, -0.007835532538592815
v,0.0017688637599349022, -0.010496153496205807, -0.008084814995527267
v,0.0011790203861892223, -0.01032547652721405, -0.007793176919221878
v,0.0035220382269471884, -0.011003452353179455, -0.0080870371311903
v,0.0017688637599349022, -0.010496153496205807, -0.008084814995527267
v,0.003762544132769108, -0.011073045432567596, -0.007835532538592815
v,0.0032730912789702415, -0.010931417346000671, -0.008230895735323429
v,0.0017688637599349022, -0.010496153496205807, -0.008084814995527267
v,0.0035220382269471884, -0.011003452353179455, -0.0080870371311903
v,0.0032730912789702415, -0.010931417346000671, -0.008230895735323429
v,0.002298388397321105, -0.010649377480149269, -0.008261587470769882
v,0.0017688637599349022, -0.010496153496205807, -0.008084814995527267
v,0.0029862020164728165, -0.010848402976989746, -0.008312180638313293
v,0.002298388397321105, -0.010649377480149269, -0.008261587470769882
v,0.0032730912789702415, -0.010931417346000671, -0.008230895735323429
v,0.0029862020164728165, -0.010848402976989746, -0.008312180638313293
v,0.002644941210746765, -0.010749655775725842, -0.008322015404701233
v,0.002298388397321105, -0.010649377480149269, -0.008261587470769882
v,-0.0010358019499108195, -0.01303617749363184, 0.001629834994673729
v,-0.00013718183618038893, -0.009944619610905647, 0.0016296361573040485
v,-0.0007259566918946803, -0.013125834055244923, 0.0004214562941342592
v,-0.0009474260150454938, -0.013061749748885632, -0.007010831963270903
v,0.0005287862149998546, -0.010137325152754784, -0.007397613953799009
v,2.1215062588453293e-05, -0.013342035934329033, -0.007639928255230188
v,-0.002350134775042534, -0.012655861675739288, 0.007016079034656286
v,-0.0014521044213324785, -0.009564133360981941, 0.007019604090601206
v,-0.001961751142516732, -0.012768244370818138, 0.005588795058429241
v,-0.0007259566918946803, -0.013125834055244923, 0.0004214562941342592
v,0.0003802287101279944, -0.010094338096678257, -0.0004985659616068006
v,-5.3041043429402635e-05, -0.01332054939121008, -0.0026998016983270645
v,2.1215062588453293e-05, -0.013342035934329033, -0.007639928255230188
v,0.0011790203861892223, -0.01032547652721405, -0.007793176919221878
v,0.0005799195496365428, -0.01350370328873396, -0.007949842140078545
v,-5.3041043429402635e-05, -0.01332054939121008, -0.0026998016983270645
v,0.0011324420338496566, -0.010311998426914215, -0.004197635687887669
v,0.00031908813980408013, -0.01342822890728712, -0.004688104148954153
v,0.0005799195496365428, -0.01350370328873396, -0.007949842140078545
v,0.0017688637599349022, -0.010496153496205807, -0.008084814995527267
v,0.0010342559544369578, -0.013635169714689255, -0.008144711144268513
v,0.0024373370688408613, -0.014041165821254253, -0.008205927908420563
v,0.0035220382269471884, -0.011003452353179455, -0.0080870371311903
v,0.002676256000995636, -0.01411029975861311, -0.008044200018048286
v,-0.001961751142516732, -0.012768244370818138, 0.005588795058429241
v,-0.0007863781065680087, -0.009756768122315407, 0.004490463063120842
v,-0.001291099819354713, -0.012962304055690765, 0.0028801618609577417
v,-0.0019392940448597074, -0.012774743139743805, -0.005457043647766113
v,-0.0011466947617009282, -0.009652507491409779, -0.005383580923080444
v,-0.0026664230972528458, -0.012564340606331825, -0.00486110569909215
v,0.0028986623510718346, -0.01417465414851904, 0.0024978567380458117
v,0.003222605213522911, -0.010916808620095253, 0.0026681888848543167
v,0.0017427133861929178, -0.013840168714523315, 0.0028640436939895153
v,0.0037780203856527805, -0.014429105445742607, 0.00227137072943151
v,0.004673554562032223, -0.011336655355989933, 0.002267698058858514
v,0.0028986623510718346, -0.01417465414851904, 0.0024978567380458117
v,0.0002728374965954572, -0.013414845801889896, -0.00623314781114459
v,0.0011358954943716526, -0.010312997736036777, -0.006267334800213575
v,0.0001390256657032296, -0.013376126065850258, -0.006332270801067352
v,0.0001390256657032296, -0.013376126065850258, -0.006332270801067352
v,0.0009119152673520148, -0.010248186998069286, -0.006377675570547581
v,-1.4156610632198863e-05, -0.013331800699234009, -0.006379885133355856
v,-1.4156610632198863e-05, -0.013331800699234009, -0.006379885133355856
v,0.0009119152673520148, -0.010248186998069286, -0.006377675570547581
v,-0.00022488445392809808, -0.013270825147628784, -0.006380496080964804
v,0.004030351527035236, -0.011150537990033627, -0.006605044007301331
v,0.0031269772443920374, -0.014240720309317112, -0.007086336612701416
v,0.00401837145909667, -0.011147071607410908, -0.007117129396647215
v,-0.0014521044213324785, -0.009564133360981941, 0.007019604090601206
v,-0.002117794007062912, -0.012723091058433056, 0.007292098831385374
v,-0.0012230774154886603, -0.00963040441274643, 0.007291222922503948
v,-0.0007259566918946803, -0.013125834055244923, 0.0004214562941342592
v,-0.00013718183618038893, -0.009944619610905647, 0.0016296361573040485
v,0.0003802287101279944, -0.010094338096678257, -0.0004985659616068006
v,-0.0009474260150454938, -0.013061749748885632, -0.007010831963270903
v,-0.000301613996271044, -0.009897040203213692, -0.006834041327238083
v,0.0005287862149998546, -0.010137325152754784, -0.007397613953799009
v,0.00401837145909667, -0.011147071607410908, -0.007117129396647215
v,0.0030421391129493713, -0.014216171577572823, -0.00748786423355341
v,0.003928093239665031, -0.011120948940515518, -0.007513565476983786
v,-0.0012230774154886603, -0.00963040441274643, 0.007291222922503948
v,-0.0002551347715780139, -0.013262070715427399, 0.0066463216207921505
v,0.0007097843335941434, -0.010189698077738285, 0.006624128203839064
v,0.003928093239665031, -0.011120948940515518, -0.007513565476983786
v,0.002881777472794056, -0.014169769361615181, -0.007815242744982243
v,0.003762544132769108, -0.011073045432567596, -0.007835532538592815
v,2.1215062588453293e-05, -0.013342035934329033, -0.007639928255230188
v,0.0005287862149998546, -0.010137325152754784, -0.007397613953799009
v,0.0011790203861892223, -0.01032547652721405, -0.007793176919221878
v,0.00268541625700891, -0.010761367157101631, -0.00011102457938250154
v,0.0026930421590805054, -0.01411515660583973, -0.004244903102517128
v,0.0036161295138299465, -0.011030678637325764, -0.004375101067125797
v,0.0007097843335941434, -0.010189698077738285, 0.006624128203839064
v,0.0007127341814339161, -0.013542133383452892, 0.006361208390444517
v,0.0016069395933300257, -0.010449298657476902, 0.006361703854054213
v,0.0016069395933300257, -0.010449298657476902, 0.006361703854054213
v,0.0007600907701998949, -0.013555836863815784, 0.005563417915254831
v,0.001662704860791564, -0.01046543475240469, 0.0054892064072191715
v,-5.3041043429402635e-05, -0.01332054939121008, -0.0026998016983270645
v,0.0003802287101279944, -0.010094338096678257, -0.0004985659616068006
v,0.0011324420338496566, -0.010311998426914215, -0.004197635687887669
v,0.003762544132769108, -0.011073045432567596, -0.007835532538592815
v,0.002676256000995636, -0.01411029975861311, -0.008044200018048286
v,0.0035220382269471884, -0.011003452353179455, -0.0080870371311903
v,0.0005799195496365428, -0.01350370328873396, -0.007949842140078545
v,0.0011790203861892223, -0.01032547652721405, -0.007793176919221878
v,0.0017688637599349022, -0.010496153496205807, -0.008084814995527267
v,-0.002038861159235239, -0.009394349530339241, -0.005508878268301487
v,-0.0026664230972528458, -0.012564340606331825, -0.00486110569909215
v,-0.001769996713846922, -0.00947214849293232, -0.004856014158576727
v,-0.001961751142516732, -0.012768244370818138, 0.005588795058429241
v,-0.0014521044213324785, -0.009564133360981941, 0.007019604090601206
v,-0.0007863781065680087, -0.009756768122315407, 0.004490463063120842
v,0.0024373370688408613, -0.014041165821254253, -0.008205927908420563
v,0.0032730912789702415, -0.010931417346000671, -0.008230895735323429
v,0.0035220382269471884, -0.011003452353179455, -0.0080870371311903
v,0.001662704860791564, -0.01046543475240469, 0.0054892064072191715
v,0.0009626489481888711, -0.013614448718726635, 0.004070604220032692
v,0.0018724944675341249, -0.010526140220463276, 0.003975763916969299
v,0.0013243869179859757, -0.010367539711296558, -0.005462834145873785
v,0.00031908813980408013, -0.01342822890728712, -0.004688104148954153
v,0.0011324420338496566, -0.010311998426914215, -0.004197635687887669
v,0.002298388397321105, -0.010649377480149269, -0.008261587470769882
v,0.0010342559544369578, -0.013635169714689255, -0.008144711144268513
v,0.0017688637599349022, -0.010496153496205807, -0.008084814995527267
v,0.0036161295138299465, -0.011030678637325764, -0.004375101067125797
v,0.0030568232759833336, -0.014220420271158218, -0.005971146747469902
v,0.003955507650971413, -0.011128881946206093, -0.005992354359477758
v,-0.0026664230972528458, -0.012564340606331825, -0.00486110569909215
v,-0.0011466947617009282, -0.009652507491409779, -0.005383580923080444
v,-0.001769996713846922, -0.00947214849293232, -0.004856014158576727
v,0.0032730912789702415, -0.010931417346000671, -0.008230895735323429
v,0.0021160244941711426, -0.013948190957307816, -0.00830821692943573
v,0.0029862020164728165, -0.010848402976989746, -0.008312180638313293
v,0.0018724944675341249, -0.010526140220463276, 0.003975763916969299
v,0.001129091833718121, -0.0136626111343503, 0.0030786623246967793
v,0.0020239779260009527, -0.010569972917437553, 0.0030786620918661356
v,-0.001291099819354713, -0.012962304055690765, 0.0028801618609577417
v,-0.0007863781065680087, -0.009756768122315407, 0.004490463063120842
v,-0.0003997297026216984, -0.009868648834526539, 0.002880045212805271
v,0.002644941210746765, -0.010749655775725842, -0.008322015404701233
v,0.001429610070772469, -0.013749569654464722, -0.008268043398857117
v,0.002298388397321105, -0.010649377480149269, -0.008261587470769882
v,0.0020239779260009527, -0.010569972917437553, 0.0030786620918661356
v,0.0017427133861929178, -0.013840168714523315, 0.0028640436939895153
v,0.003222605213522911, -0.010916808620095253, 0.0026681888848543167
v,-0.000301613996271044, -0.009897040203213692, -0.006834041327238083
v,-0.0029337473679333925, -0.012486987747251987, -0.005508878268301487
v,-0.002038861159235239, -0.009394349530339241, -0.005508878268301487
v,-0.004505010787397623, -0.012032326310873032, 0.002880039159208536
v,-0.003523612627759576, -0.008964721113443375, 0.002967200707644224
v,-0.0036101245786994696, -0.008939688093960285, 0.0028800389263778925
v,0.0029862020164728165, -0.010848402976989746, -0.008312180638313293
v,0.0017725389916449785, -0.013848799280822277, -0.008323714137077332
v,0.002644941210746765, -0.010749655775725842, -0.008322015404701233
v,-0.0019392940448597074, -0.012774743139743805, -0.005457043647766113
v,-0.0004118431534152478, -0.00986514426767826, -0.005887487903237343
v,-0.0011466947617009282, -0.009652507491409779, -0.005383580923080444
v,0.0013345952611416578, -0.010370493866503239, -0.005885280668735504
v,0.0004334382538218051, -0.01346131693571806, -0.005502657499164343
v,0.0013243869179859757, -0.010367539711296558, -0.005462834145873785
v,-0.003523612627759576, -0.008964721113443375, 0.002967200707644224
v,-0.00323238642886281, -0.012400573119521141, 0.0028866964858025312
v,-0.002287349896505475, -0.009322446770966053, 0.0028854135889559984
v,-0.002287349896505475, -0.009322446770966053, 0.0028854135889559984
v,-0.001291099819354713, -0.012962304055690765, 0.0028801618609577417
v,-0.0003997297026216984, -0.009868648834526539, 0.002880045212805271
v,-0.00335756060667336, -0.009012770839035511, 0.0019106508698314428
v,-0.004505010787397623, -0.012032326310873032, 0.002880039159208536
v,-0.0036101245786994696, -0.008939688093960285, 0.0028800389263778925
v,0.001264099613763392, -0.010350095108151436, -0.006102347746491432
v,0.0004373795527499169, -0.013462457805871964, -0.005900413729250431
v,0.0013345952611416578, -0.010370493866503239, -0.005885280668735504
v,-0.0004118431534152478, -0.00986514426767826, -0.005887487903237343
v,-0.0008127097971737385, -0.013100731186568737, -0.006173199974000454
v,0.00010200498945778236, -0.010013831779360771, -0.00618340726941824
v,0.004673554562032223, -0.011336655355989933, 0.002267698058858514
v,0.00393492029979825, -0.014474506489932537, 0.0016298796981573105
v,0.00482980627566576, -0.01138186827301979, 0.0016298794653266668
v,0.0028986623510718346, -0.01417465414851904, 0.0024978567380458117
v,0.004673554562032223, -0.011336655355989933, 0.002267698058858514
v,0.003222605213522911, -0.010916808620095253, 0.0026681888848543167
v,0.0002728374965954572, -0.013414845801889896, -0.00623314781114459
v,0.001264099613763392, -0.010350095108151436, -0.006102347746491432
v,0.0011358954943716526, -0.010312997736036777, -0.006267334800213575
v,0.00010200498945778236, -0.010013831779360771, -0.00618340726941824
v,-0.0005204301560297608, -0.013185305520892143, -0.006303301081061363
v,0.0003942280891351402, -0.010098389349877834, -0.0063103544525802135
v,0.003955507650971413, -0.011128881946206093, -0.005992354359477758
v,0.0031337826512753963, -0.014242689125239849, -0.0065788994543254375
v,0.004030351527035236, -0.011150537990033627, -0.006605044007301331
v,0.00482980627566576, -0.01138186827301979, 0.0016298794653266668
v,0.0014400966465473175, -0.013752603903412819, 0.0016296994872391224
v,0.002334610093384981, -0.010659857653081417, 0.0016294361557811499
v,-0.00013718183618038893, -0.009944619610905647, 0.0016296361573040485
v,-0.0028021077159792185, -0.01252507884055376, 0.0016253055073320866
v,-0.001950907171703875, -0.009419799782335758, 0.0016241339035332203
v,0.0003942280891351402, -0.010098389349877834, -0.0063103544525802135
v,-0.00022488445392809808, -0.013270825147628784, -0.006380496080964804
v,0.0006561180343851447, -0.010174169205129147, -0.006377252284437418
v,0.0001390256657032296, -0.013376126065850258, -0.006332270801067352
v,0.0011358954943716526, -0.010312997736036777, -0.006267334800213575
v,0.0009119152673520148, -0.010248186998069286, -0.006377675570547581
v,-0.001950907171703875, -0.009419799782335758, 0.0016241339035332203
v,-0.004201886709779501, -0.012120038270950317, 0.0015410184860229492
v,-0.003307289443910122, -0.00902731716632843, 0.0015403584111481905
v,-0.003307289443910122, -0.00902731716632843, 0.0015403584111481905
v,-0.004249721299856901, -0.012106196954846382, 0.001898001180961728
v,-0.00335756060667336, -0.009012770839035511, 0.0019106508698314428
v,-0.00022488445392809808, -0.013270825147628784, -0.006380496080964804
v,0.0009119152673520148, -0.010248186998069286, -0.006377675570547581
v,0.0006561180343851447, -0.010174169205129147, -0.006377252284437418
v,0.002334610093384981, -0.010659857653081417, 0.0016294361557811499
v,0.0014400966465473175, -0.013752603903412819, 0.0016296994872391224
v,0.0017689581727609038, -0.01384776271879673, -9.664555363997351e-06
v,0.004030351527035236, -0.011150537990033627, -0.006605044007301331
v,0.0031337826512753963, -0.014242689125239849, -0.0065788994543254375
v,0.0031269772443920374, -0.014240720309317112, -0.007086336612701416
v,-0.0014521044213324785, -0.009564133360981941, 0.007019604090601206
v,-0.002350134775042534, -0.012655861675739288, 0.007016079034656286
v,-0.002117794007062912, -0.012723091058433056, 0.007292098831385374
v,0.00401837145909667, -0.011147071607410908, -0.007117129396647215
v,0.0031269772443920374, -0.014240720309317112, -0.007086336612701416
v,0.0030421391129493713, -0.014216171577572823, -0.00748786423355341
v,-0.0012230774154886603, -0.00963040441274643, 0.007291222922503948
v,-0.002117794007062912, -0.012723091058433056, 0.007292098831385374
v,-0.0002551347715780139, -0.013262070715427399, 0.0066463216207921505
v,0.003928093239665031, -0.011120948940515518, -0.007513565476983786
v,0.0030421391129493713, -0.014216171577572823, -0.00748786423355341
v,0.002881777472794056, -0.014169769361615181, -0.007815242744982243
v,0.00268541625700891, -0.010761367157101631, -0.00011102457938250154
v,0.0017689581727609038, -0.01384776271879673, -9.664555363997351e-06
v,0.0026930421590805054, -0.01411515660583973, -0.004244903102517128
v,0.0007097843335941434, -0.010189698077738285, 0.006624128203839064
v,-0.0002551347715780139, -0.013262070715427399, 0.0066463216207921505
v,0.0007127341814339161, -0.013542133383452892, 0.006361208390444517
v,0.0016069395933300257, -0.010449298657476902, 0.006361703854054213
v,0.0007127341814339161, -0.013542133383452892, 0.006361208390444517
v,0.0007600907701998949, -0.013555836863815784, 0.005563417915254831
v,0.003762544132769108, -0.011073045432567596, -0.007835532538592815
v,0.002881777472794056, -0.014169769361615181, -0.007815242744982243
v,0.002676256000995636, -0.01411029975861311, -0.008044200018048286
v,-0.002038861159235239, -0.009394349530339241, -0.005508878268301487
v,-0.0029337473679333925, -0.012486987747251987, -0.005508878268301487
v,-0.0026664230972528458, -0.012564340606331825, -0.00486110569909215
v,0.001662704860791564, -0.01046543475240469, 0.0054892064072191715
v,0.0007600907701998949, -0.013555836863815784, 0.005563417915254831
v,0.0009626489481888711, -0.013614448718726635, 0.004070604220032692
v,0.0013243869179859757, -0.010367539711296558, -0.005462834145873785
v,0.0004334382538218051, -0.01346131693571806, -0.005502657499164343
v,0.00031908813980408013, -0.01342822890728712, -0.004688104148954153
v,0.002298388397321105, -0.010649377480149269, -0.008261587470769882
v,0.001429610070772469, -0.013749569654464722, -0.008268043398857117
v,0.0010342559544369578, -0.013635169714689255, -0.008144711144268513
v,0.0036161295138299465, -0.011030678637325764, -0.004375101067125797
v,0.0026930421590805054, -0.01411515660583973, -0.004244903102517128
v,0.0030568232759833336, -0.014220420271158218, -0.005971146747469902
v,0.0032730912789702415, -0.010931417346000671, -0.008230895735323429
v,0.0024373370688408613, -0.014041165821254253, -0.008205927908420563
v,0.0021160244941711426, -0.013948190957307816, -0.00830821692943573
v,0.0018724944675341249, -0.010526140220463276, 0.003975763916969299
v,0.0009626489481888711, -0.013614448718726635, 0.004070604220032692
v,0.001129091833718121, -0.0136626111343503, 0.0030786623246967793
v,0.002644941210746765, -0.010749655775725842, -0.008322015404701233
v,0.0017725389916449785, -0.013848799280822277, -0.008323714137077332
v,0.001429610070772469, -0.013749569654464722, -0.008268043398857117
v,0.0020239779260009527, -0.010569972917437553, 0.0030786620918661356
v,0.001129091833718121, -0.0136626111343503, 0.0030786623246967793
v,0.0017427133861929178, -0.013840168714523315, 0.0028640436939895153
v,-0.000301613996271044, -0.009897040203213692, -0.006834041327238083
v,-0.0009474260150454938, -0.013061749748885632, -0.007010831963270903
v,-0.0029337473679333925, -0.012486987747251987, -0.005508878268301487
v,-0.004505010787397623, -0.012032326310873032, 0.002880039159208536
v,-0.004419300239533186, -0.012057127431035042, 0.0029681306332349777
v,-0.003523612627759576, -0.008964721113443375, 0.002967200707644224
v,0.0029862020164728165, -0.010848402976989746, -0.008312180638313293
v,0.0021160244941711426, -0.013948190957307816, -0.00830821692943573
v,0.0017725389916449785, -0.013848799280822277, -0.008323714137077332
v,-0.0019392940448597074, -0.012774743139743805, -0.005457043647766113
v,-0.0013499517226591706, -0.012945274822413921, -0.005860411562025547
v,-0.0004118431534152478, -0.00986514426767826, -0.005887487903237343
v,0.0013345952611416578, -0.010370493866503239, -0.005885280668735504
v,0.0004373795527499169, -0.013462457805871964, -0.005900413729250431
v,0.0004334382538218051, -0.01346131693571806, -0.005502657499164343
v,-0.003523612627759576, -0.008964721113443375, 0.002967200707644224
v,-0.004419300239533186, -0.012057127431035042, 0.0029681306332349777
v,-0.00323238642886281, -0.012400573119521141, 0.0028866964858025312
v,-0.002287349896505475, -0.009322446770966053, 0.0028854135889559984
v,-0.00323238642886281, -0.012400573119521141, 0.0028866964858025312
v,-0.001291099819354713, -0.012962304055690765, 0.0028801618609577417
v,-0.00335756060667336, -0.009012770839035511, 0.0019106508698314428
v,-0.004249721299856901, -0.012106196954846382, 0.001898001180961728
v,-0.004505010787397623, -0.012032326310873032, 0.002880039159208536
v,0.001264099613763392, -0.010350095108151436, -0.006102347746491432
v,0.0003639559436123818, -0.01344121154397726, -0.006112164352089167
v,0.0004373795527499169, -0.013462457805871964, -0.005900413729250431
v,-0.0004118431534152478, -0.00986514426767826, -0.005887487903237343
v,-0.0013499517226591706, -0.012945274822413921, -0.005860411562025547
v,-0.0008127097971737385, -0.013100731186568737, -0.006173199974000454
v,0.004673554562032223, -0.011336655355989933, 0.002267698058858514
v,0.0037780203856527805, -0.014429105445742607, 0.00227137072943151
v,0.00393492029979825, -0.014474506489932537, 0.0016298796981573105
v,0.0002728374965954572, -0.013414845801889896, -0.00623314781114459
v,0.0003639559436123818, -0.01344121154397726, -0.006112164352089167
v,0.001264099613763392, -0.010350095108151436, -0.006102347746491432
v,0.00010200498945778236, -0.010013831779360771, -0.00618340726941824
v,-0.0008127097971737385, -0.013100731186568737, -0.006173199974000454
v,-0.0005204301560297608, -0.013185305520892143, -0.006303301081061363
v,0.003955507650971413, -0.011128881946206093, -0.005992354359477758
v,0.0030568232759833336, -0.014220420271158218, -0.005971146747469902
v,0.0031337826512753963, -0.014242689125239849, -0.0065788994543254375
v,0.00482980627566576, -0.01138186827301979, 0.0016298794653266668
v,0.00393492029979825, -0.014474506489932537, 0.0016298796981573105
v,0.0014400966465473175, -0.013752603903412819, 0.0016296994872391224
v,-0.00013718183618038893, -0.009944619610905647, 0.0016296361573040485
v,-0.0010358019499108195, -0.01303617749363184, 0.001629834994673729
v,-0.0028021077159792185, -0.01252507884055376, 0.0016253055073320866
v,0.0003942280891351402, -0.010098389349877834, -0.0063103544525802135
v,-0.0005204301560297608, -0.013185305520892143, -0.006303301081061363
v,-0.00022488445392809808, -0.013270825147628784, -0.006380496080964804
v,-0.001950907171703875, -0.009419799782335758, 0.0016241339035332203
v,-0.0028021077159792185, -0.01252507884055376, 0.0016253055073320866
v,-0.004201886709779501, -0.012120038270950317, 0.0015410184860229492
v,-0.003307289443910122, -0.00902731716632843, 0.0015403584111481905
v,-0.004201886709779501, -0.012120038270950317, 0.0015410184860229492
v,-0.004249721299856901, -0.012106196954846382, 0.001898001180961728
n,-8.466238975524902, -29.258480072021484, 1.3313946283233236e-06
n,-8.466238975524902, -29.258480072021484, 1.3313946283233236e-06
n,-8.466238975524902, -29.258480072021484, 1.3313946283233236e-06
n,-8.466238975524902, -29.258480072021484, 1.3313946283233236e-06
n,-8.466238975524902, -29.258480072021484, 1.3313946283233236e-06
n,-8.466238975524902, -29.258480072021484, 1.3313946283233236e-06
n,-8.466238975524902, -29.258480072021484, 1.3313946283233236e-06
n,-8.466238975524902, -29.258480072021484, 1.3313946283233236e-06
n,-8.466238975524902, -29.258480072021484, 1.3313946283233236e-06
n,-8.466238975524902, -29.258480072021484, 1.3313946283233236e-06
n,-8.466238975524902, -29.258480072021484, 1.3313946283233236e-06
n,-8.466238975524902, -29.258480072021484, 1.3313946283233236e-06
n,-8.466238975524902, -29.258480072021484, 1.3313946283233236e-06
n,-8.466238975524902, -29.258480072021484, 1.3313946283233236e-06
n,-8.466238975524902, -29.258480072021484, 1.3313946283233236e-06
n,28.63184356689453, -8.296372413635254, 6.254886150360107
n,-8.466238975524902, -29.258480072021484, 1.3313946283233236e-06
n,-8.466238975524902, -29.258480072021484, 1.3313946283233236e-06
n,-8.466238975524902, -29.258480072021484, 1.3313946283233236e-06
n,-8.466238975524902, -29.258480072021484, 1.3313946283233236e-06
n,-8.466238975524902, -29.258480072021484, 1.3313946283233236e-06
n,-8.466238975524902, -29.258480072021484, 1.3313946283233236e-06
n,-8.466238975524902, -29.258480072021484, 1.3313946283233236e-06
n,-8.466238975524902, -29.258480072021484, 1.3313946283233236e-06
n,-8.466238975524902, -29.258480072021484, 1.3313946283233236e-06
n,-8.466238975524902, -29.258480072021484, 1.3313946283233236e-06
n,-8.466238975524902, -29.258480072021484, 1.3313946283233236e-06
n,-8.466238975524902, -29.258480072021484, 1.3313946283233236e-06
n,-8.466238975524902, -29.258480072021484, 1.3313946283233236e-06
n,-8.466238975524902, -29.258480072021484, 1.3313946283233236e-06
n,-8.466238975524902, -29.258480072021484, 1.3313946283233236e-06
n,-8.466238975524902, -29.258480072021484, 1.3313946283233236e-06
n,-8.466238975524902, -29.258480072021484, 1.3313946283233236e-06
n,-8.466238975524902, -29.258480072021484, 1.3313946283233236e-06
n,-8.466238975524902, -29.258480072021484, 1.3313946283233236e-06
n,-8.466238975524902, -29.258480072021484, 1.3313946283233236e-06
n,-8.466238975524902, -29.258480072021484, 1.3313946283233236e-06
n,-8.466238975524902, -29.258480072021484, 1.3313946283233236e-06
n,-8.466238975524902, -29.258480072021484, 1.3313946283233236e-06
n,-8.466238975524902, -29.258480072021484, 1.3313946283233236e-06
n,-8.466238975524902, -29.258480072021484, 1.3313946283233236e-06
n,-8.466238975524902, -29.258480072021484, 1.3313946283233236e-06
n,-8.466238975524902, -29.258480072021484, 1.3313946283233236e-06
n,-8.466238975524902, -29.258480072021484, 1.3313946283233236e-06
n,-8.466238975524902, -29.258480072021484, 1.3313946283233236e-06
n,-8.466238975524902, -29.258480072021484, 1.3313946283233236e-06
n,-8.466238975524902, -29.258480072021484, 1.3313946283233236e-06
n,-8.466238975524902, -29.258480072021484, 1.3313946283233236e-06
n,-8.466238975524902, -29.258480072021484, 1.3313946283233236e-06
n,-8.466238975524902, -29.258480072021484, 1.3313946283233236e-06
n,-8.466238975524902, -29.258480072021484, 1.3313946283233236e-06
n,-8.466238975524902, -29.258480072021484, 1.3313946283233236e-06
n,8.466238975524902, 29.258480072021484, -1.3313946283233236e-06
n,8.466238975524902, 29.258480072021484, -1.3313946283233236e-06
n,8.466238975524902, 29.258480072021484, -1.3313946283233236e-06
n,8.466238975524902, 29.258480072021484, -1.3313946283233236e-06
n,8.466238975524902, 29.258480072021484, -1.3313946283233236e-06
n,8.466238975524902, 29.258480072021484, -1.3313946283233236e-06
n,8.466238975524902, 29.258480072021484, -1.3313946283233236e-06
n,8.466238975524902, 29.258480072021484, -1.3313946283233236e-06
n,8.466238975524902, 29.258480072021484, -1.3313946283233236e-06
n,8.466238975524902, 29.258480072021484, -1.3313946283233236e-06
n,8.466238975524902, 29.258480072021484, -1.3313946283233236e-06
n,8.466238975524902, 29.258480072021484, -1.3313946283233236e-06
n,8.466238975524902, 29.258480072021484, -1.3313946283233236e-06
n,8.466238975524902, 29.258480072021484, -1.3313946283233236e-06
n,8.466238975524902, 29.258480072021484, -1.3313946283233236e-06
n,8.466238975524902, 29.258480072021484, -1.3313946283233236e-06
n,8.466238975524902, 29.258480072021484, -1.3313946283233236e-06
n,8.466238975524902, 29.258480072021484, -1.3313946283233236e-06
n,8.466238975524902, 29.258480072021484, -1.3313946283233236e-06
n,8.466238975524902, 29.258480072021484, -1.3313946283233236e-06
n,8.466238975524902, 29.258480072021484, -1.3313946283233236e-06
n,8.466238975524902, 29.258480072021484, -1.3313946283233236e-06
n,8.466238975524902, 29.258480072021484, -1.3313946283233236e-06
n,8.466238975524902, 29.258480072021484, -1.3313946283233236e-06
n,8.466238975524902, 29.258480072021484, -1.3313946283233236e-06
n,8.466238975524902, 29.258480072021484, -1.3313946283233236e-06
n,8.466238975524902, 29.258480072021484, -1.3313946283233236e-06
n,8.466238975524902, 29.258480072021484, -1.3313946283233236e-06
n,8.466238975524902, 29.258480072021484, -1.3313946283233236e-06
n,8.466238975524902, 29.258480072021484, -1.3313946283233236e-06
n,8.466238975524902, 29.258480072021484, -1.3313946283233236e-06
n,8.466238975524902, 29.258480072021484, -1.3313946283233236e-06
n,8.466238975524902, 29.258480072021484, -1.3313946283233236e-06
n,8.466238975524902, 29.258480072021484, -1.3313946283233236e-06
n,8.466238975524902, 29.258480072021484, -1.3313946283233236e-06
n,8.466238975524902, 29.258480072021484, -1.3313946283233236e-06
n,8.466238975524902, 29.258480072021484, -1.3313946283233236e-06
n,8.466238975524902, 29.258480072021484, -1.3313946283233236e-06
n,8.466238975524902, 29.258480072021484, -1.3313946283233236e-06
n,8.466238975524902, 29.258480072021484, -1.3313946283233236e-06
n,8.466238975524902, 29.258480072021484, -1.3313946283233236e-06
n,8.466238975524902, 29.258480072021484, -1.3313946283233236e-06
n,8.466238975524902, 29.258480072021484, -1.3313946283233236e-06
n,8.466238975524902, 29.258480072021484, -1.3313946283233236e-06
n,8.466238975524902, 29.258480072021484, -1.3313946283233236e-06
n,8.466238975524902, 29.258480072021484, -1.3313946283233236e-06
n,8.466238975524902, 29.258480072021484, -1.3313946283233236e-06
n,8.466238975524902, 29.258480072021484, -1.3313946283233236e-06
n,-28.258930206298828, 8.213492393493652, -7.855395793914795
n,-15.507333755493164, 4.410061359405518, -25.84202003479004
n,-28.13995361328125, 8.183059692382812, -8.301596641540527
n,-28.513477325439453, 8.380221366882324, -6.670041084289551
n,-13.775976181030273, 3.9218366146087646, -26.88080596923828
n,-28.69072723388672, 8.405240058898926, -5.824934482574463
n,-11.167236328125, 3.150771379470825, -28.162057876586914
n,15.928446769714355, -4.688304901123047, -25.53508186340332
n,-28.3096981048584, 8.276510238647461, -7.602384567260742
n,18.12013053894043, -5.163000106811523, 23.93199348449707
n,8.544215202331543, -2.3731017112731934, 29.13933563232422
n,7.03588342666626, -2.0023889541625977, 29.5672607421875
n,-16.940526962280273, 4.9870524406433105, 24.81700897216797
n,-8.352079391479492, 2.4873900413513184, 29.185468673706055
n,-0.08706796914339066, 0.004326780326664448, 30.458633422851562
n,29.257381439208984, -8.437508583068848, -0.7416004538536072
n,-21.987720489501953, 6.366757869720459, 20.09329605102539
n,-28.396757125854492, 8.093866348266602, -7.473247528076172
n,-15.96169376373291, 4.682620048522949, -25.515357971191406
n,28.47760581970215, -8.209563255310059, -7.026012897491455
n,9.202388763427734, -2.681285858154297, 28.91128921508789
n,25.80438995361328, -7.433435440063477, -14.374053001403809
n,-14.746752738952637, 4.324057102203369, -26.297754287719727
n,28.53179359436035, -8.253795623779297, 6.748884201049805
n,7.913815498352051, -2.292752742767334, 29.323211669921875
n,29.185762405395508, -8.475730895996094, 2.0221469402313232
n,-28.66131019592285, 8.153109550476074, -6.308080196380615
n,20.751243591308594, -5.945434093475342, -21.488924026489258
n,-12.52765941619873, 3.71769642829895, -27.513134002685547
n,-26.892772674560547, 7.776449680328369, 12.001733779907227
n,-28.240890502929688, 8.086565017700195, -8.049555778503418
n,14.221301078796387, -4.035833835601807, -26.630859375
n,28.9536075592041, -8.396416664123535, 4.350261211395264
n,-28.919448852539062, 8.296003341674805, -4.751596450805664
n,-8.918365478515625, 2.64054274559021, -29.003902435302734
n,28.586097717285156, -8.265146255493164, 6.500622749328613
n,18.444671630859375, -5.38602352142334, 23.633045196533203
n,7.691449165344238, -2.1967387199401855, -29.389657974243164
n,28.816640853881836, -8.338388442993164, 5.273362159729004
n,-28.39468002319336, 8.181037902832031, -7.385696887969971
n,-4.828415870666504, 1.4156389236450195, -30.040279388427734
n,9.131622314453125, -2.6842586994171143, 28.93344497680664
n,-17.293228149414062, 5.003970146179199, -24.569095611572266
n,-20.34770393371582, 5.887815952301025, 21.886995315551758
n,0.8157960772514343, -0.21295873820781708, -30.44708824157715
n,16.087438583374023, -4.682382106781006, 25.43630599975586
n,-29.257354736328125, 8.435419082641602, -0.7659810781478882
n,1.8502823114395142, -0.5553988814353943, 30.39743423461914
n,0.08026624470949173, -0.021979238837957382, 30.45864486694336
n,-28.238243103027344, 8.17102336883545, -7.973199844360352
n,-27.723949432373047, 7.997098445892334, 9.755250930786133
n,14.160183906555176, -4.1078362464904785, 26.652408599853516
n,28.35103988647461, -8.203661918640137, 7.526921272277832
n,7.466131210327148, -2.2816874980926514, 29.44124412536621
n,-22.758747100830078, 6.543522834777832, 19.15614128112793
n,11.264107704162598, -3.2733418941497803, 28.10944938659668
n,29.02883529663086, -8.384419441223145, 3.8424131870269775
n,0.0043008653447031975, -0.003835052717477083, -30.458759307861328
n,0.08253101259469986, -0.03411463275551796, -30.458627700805664
n,6.973243236541748, -2.0148847103118896, 29.58124542236328
n,-12.550050735473633, 3.5006661415100098, 27.531391143798828
n,1.7311729192733765, -0.5072469711303711, -30.405290603637695
n,-28.973308563232422, 8.373490333557129, -4.26238489151001
n,0.03808017447590828, -0.04274091124534607, 30.45870590209961
n,28.641759872436523, -8.283515930175781, 6.226458549499512
n,29.250057220458984, -8.484646797180176, -0.42520084977149963
n,-22.004863739013672, 6.368697643280029, 20.073902130126953
n,28.56732177734375, -8.29642391204834, -6.543187141418457
n,9.247204780578613, -2.667034864425659, 28.898305892944336
n,26.056297302246094, -7.573057174682617, -13.836695671081543
n,28.533174514770508, -8.250927925109863, 6.7465596199035645
n,7.970429420471191, -2.2915072441101074, 29.307971954345703
n,29.20455551147461, -8.443970680236816, 1.878612756729126
n,21.36928939819336, -6.214085578918457, -20.796024322509766
n,-26.882648468017578, 7.778768062591553, 12.022889137268066
n,28.97722053527832, -8.361079216003418, 4.260165691375732
n,-28.946468353271484, 8.392724990844727, -4.404539585113525
n,-8.402904510498047, 2.4155333042144775, -29.17691421508789
n,28.576797485351562, -8.276636123657227, 6.526845932006836
n,8.540756225585938, -2.529212713241577, -29.127212524414062
n,28.82464027404785, -8.331064224243164, 5.241127967834473
n,-4.51317024230957, 1.2869409322738647, -30.09503173828125
n,9.318242073059082, -2.696326971054077, 28.872758865356445
n,-17.219234466552734, 4.890554428100586, -24.643789291381836
n,-20.55271339416504, 5.959425449371338, 21.67504119873047
n,1.2593308687210083, -0.39243394136428833, -30.43018341064453
n,16.068126678466797, -4.670105457305908, 25.45076560974121
n,-29.250125885009766, 8.489242553710938, -0.3141763210296631
n,1.926437258720398, -0.548835813999176, 30.392820358276367
n,0.09753862768411636, -0.01725160889327526, 30.45859718322754
n,-28.241065979003906, 8.177413940429688, -7.956633567810059
n,-27.515644073486328, 7.9798078536987305, 10.341562271118164
n,14.285954475402832, -4.117353916168213, 26.5837345123291
n,28.35447120666504, -8.202169418334961, 7.515605449676514
n,-23.02972412109375, 6.646651744842529, 18.793344497680664
n,11.506370544433594, -3.3169784545898438, 28.00602149963379
n,29.00450325012207, -8.404059410095215, 3.9807634353637695
n,0.00203056912869215, -0.0005889518070034683, -30.458759307861328
n,0.07152514159679413, -0.022748427465558052, -30.45866584777832
n,7.1251444816589355, -2.043684482574463, 29.543046951293945
n,1.6933643817901611, -0.4756476879119873, -30.407928466796875
n,-28.978923797607422, 8.381516456604004, -4.2080864906311035
u,0.5562949180603027, 0.5976224839687347, 0
u,0.5505761504173279, 0.6056718230247498, 0
u,0.564781904220581, 0.6424028873443604, 0
u,0.6091834306716919, 0.60971400141716, 0
u,0.5562949180603027, 0.5976224839687347, 0
u,0.564781904220581, 0.6424028873443604, 0
u,0.6365424990653992, 0.6147896945476532, 0
u,0.6091834306716919, 0.60971400141716, 0
u,0.564781904220581, 0.6424028873443604, 0
u,0.6401242017745972, 0.6357163786888123, 0
u,0.6365424990653992, 0.6147896945476532, 0
u,0.564781904220581, 0.6424028873443604, 0
u,0.6493281722068787, 0.6746573448181152, 0
u,0.6401242017745972, 0.6357163786888123, 0
u,0.564781904220581, 0.6424028873443604, 0
u,0.6493281722068787, 0.6746573448181152, 0
u,0.564781904220581, 0.6424028873443604, 0
u,0.5901923775672913, 0.7121778130531311, 0
u,0.6563646197319031, 0.7004474997520447, 0
u,0.6493281722068787, 0.6746573448181152, 0
u,0.5901923775672913, 0.7121778130531311, 0
u,0.6738079786300659, 0.704420804977417, 0
u,0.6563646197319031, 0.7004474997520447, 0
u,0.5901923775672913, 0.7121778130531311, 0
u,0.5368618965148926, 0.7169422209262848, 0
u,0.5040186643600464, 0.7179989516735077, 0
u,0.5018841028213501, 0.7207086980342865, 0
u,0.6738079786300659, 0.704420804977417, 0
u,0.5901923775672913, 0.7121778130531311, 0
u,0.5368618965148926, 0.7169422209262848, 0
u,0.6738079786300659, 0.704420804977417, 0
u,0.5368618965148926, 0.7169422209262848, 0
u,0.5018841028213501, 0.7207086980342865, 0
u,0.6738079786300659, 0.704420804977417, 0
u,0.5018841028213501, 0.7207086980342865, 0
u,0.5111439824104309, 0.7460626363754272, 0
u,0.7065611481666565, 0.7109028100967407, 0
u,0.6738079786300659, 0.704420804977417, 0
u,0.5111439824104309, 0.7460626363754272, 0
u,0.7313039898872375, 0.7146946489810944, 0
u,0.7065611481666565, 0.7109028100967407, 0
u,0.5111439824104309, 0.7460626363754272, 0
u,0.7372586727142334, 0.7312552332878113, 0
u,0.7313039898872375, 0.7146946489810944, 0
u,0.5111439824104309, 0.7460626363754272, 0
u,0.8227325081825256, 1.0000066746320044, 0
u,0.9082062244415283, 0.9559587351977825, 0
u,0.8227324485778809, 0.9532322064042091, 0
u,0.7372586727142334, 0.7312552332878113, 0
u,0.5111439824104309, 0.7460626363754272, 0
u,0.6687144637107849, 0.7378831803798676, 0
u,0.6687144637107849, 0.7378831803798676, 0
u,0.5111439824104309, 0.7460626363754272, 0
u,0.6004893183708191, 0.7445129752159119, 0
u,0.6004893183708191, 0.7445129752159119, 0
u,0.5111439824104309, 0.7460626363754272, 0
u,0.5519614219665527, 0.7494922876358032, 0
u,0.5136718153953552, 0.7554044723510742, 0
u,0.5519614219665527, 0.7494922876358032, 0
u,0.5111439824104309, 0.7460626363754272, 0
u,0.6687144637107849, 0.7378831803798676, 0
u,0.6004893183708191, 0.7445129752159119, 0
u,0.6119617223739624, 0.7756684124469757, 0
u,0.6819595098495483, 0.7803230881690979, 0
u,0.6687144637107849, 0.7378831803798676, 0
u,0.6119617223739624, 0.7756684124469757, 0
u,0.6819595098495483, 0.7803230881690979, 0
u,0.6119617223739624, 0.7756684124469757, 0
u,0.6384091973304749, 0.8563645780086517, 0
u,0.7180826663970947, 0.8898221850395203, 0
u,0.6819595098495483, 0.7803230881690979, 0
u,0.6384091973304749, 0.8563645780086517, 0
u,0.7180826663970947, 0.8898221850395203, 0
u,0.6384091973304749, 0.8563645780086517, 0
u,0.6538830399513245, 0.9078646302223206, 0
u,0.7180826663970947, 0.8898221850395203, 0
u,0.6538830399513245, 0.9078646302223206, 0
u,0.6590580344200134, 0.9290901124477386, 0
u,0.7324308156967163, 0.9344892054796219, 0
u,0.7180826663970947, 0.8898221850395203, 0
u,0.6590580344200134, 0.9290901124477386, 0
u,0.5938608646392822, 0.9340810850262642, 0
u,0.5723718404769897, 0.9202310368418694, 0
u,0.5665802955627441, 0.9381993785500526, 0
u,0.5938608646392822, 0.9340810850262642, 0
u,0.5665802955627441, 0.9381993785500526, 0
u,0.6251506805419922, 0.9724377542734146, 0
u,0.6110970973968506, 0.9431676045060158, 0
u,0.5938608646392822, 0.9340810850262642, 0
u,0.6251506805419922, 0.9724377542734146, 0
u,0.7324308156967163, 0.9344892054796219, 0
u,0.6590580344200134, 0.9290901124477386, 0
u,0.6600461006164551, 0.9395472034811974, 0
u,0.7324308156967163, 0.9344892054796219, 0
u,0.6600461006164551, 0.9395472034811974, 0
u,0.6587555408477783, 0.945316169410944, 0
u,0.6266549229621887, 0.9500329568982124, 0
u,0.6110970973968506, 0.9431676045060158, 0
u,0.6251506805419922, 0.9724377542734146, 0
u,0.7324308156967163, 0.9344892054796219, 0
u,0.6587555408477783, 0.945316169410944, 0
u,0.6565777063369751, 0.9487372152507305, 0
u,0.6350244283676147, 0.9526681154966354, 0
u,0.6266549229621887, 0.9500329568982124, 0
u,0.6251506805419922, 0.9724377542734146, 0
u,0.7360502481460571, 0.9503370672464371, 0
u,0.7324308156967163, 0.9344892054796219, 0
u,0.6565777063369751, 0.9487372152507305, 0
u,0.7360502481460571, 0.9503370672464371, 0
u,0.6565777063369751, 0.9487372152507305, 0
u,0.65314781665802, 0.9516549408435822, 0
u,0.6433333158493042, 0.9538271129131317, 0
u,0.6350244283676147, 0.9526681154966354, 0
u,0.6251506805419922, 0.9724377542734146, 0
u,0.7360502481460571, 0.9503370672464371, 0
u,0.65314781665802, 0.9516549408435822, 0
u,0.6491051912307739, 0.9533574543893337, 0
u,0.7360502481460571, 0.9503370672464371, 0
u,0.6491051912307739, 0.9533574543893337, 0
u,0.6433333158493042, 0.9538271129131317, 0
u,0.7360502481460571, 0.9503370672464371, 0
u,0.6433333158493042, 0.9538271129131317, 0
u,0.6251506805419922, 0.9724377542734146, 0
u,0.7371628284454346, 0.9637315347790718, 0
u,0.7360502481460571, 0.9503370672464371, 0
u,0.6251506805419922, 0.9724377542734146, 0
u,0.7358389496803284, 0.9745215121656656, 0
u,0.7371628284454346, 0.9637315347790718, 0
u,0.6251506805419922, 0.9724377542734146, 0
u,0.7358389496803284, 0.9745215121656656, 0
u,0.6251506805419922, 0.9724377542734146, 0
u,0.6533631086349487, 0.9865514356642962, 0
u,0.7322764992713928, 0.9835412483662367, 0
u,0.7358389496803284, 0.9745215121656656, 0
u,0.6533631086349487, 0.9865514356642962, 0
u,0.7322764992713928, 0.9835412483662367, 0
u,0.6533631086349487, 0.9865514356642962, 0
u,0.6695260405540466, 0.993228655308485, 0
u,0.7273173332214355, 0.9901677314192057, 0
u,0.7322764992713928, 0.9835412483662367, 0
u,0.6695260405540466, 0.993228655308485, 0
u,0.7273173332214355, 0.9901677314192057, 0
u,0.6695260405540466, 0.993228655308485, 0
u,0.6825056076049805, 0.9971895501948893, 0
u,0.7211322784423828, 0.994979428127408, 0
u,0.7273173332214355, 0.9901677314192057, 0
u,0.6825056076049805, 0.9971895501948893, 0
u,0.7211322784423828, 0.994979428127408, 0
u,0.6825056076049805, 0.9971895501948893, 0
u,0.6936890482902527, 0.9993768533458933, 0
u,0.7126115560531616, 0.9985295846126974, 0
u,0.7211322784423828, 0.994979428127408, 0
u,0.6936890482902527, 0.9993768533458933, 0
u,0.7126115560531616, 0.9985295846126974, 0
u,0.6936890482902527, 0.9993768533458933, 0
u,0.7032472491264343, 0.9999121236905921, 0
u,0.6279765963554382, 0.20774990320205688, 0
u,0.6885907053947449, 0.20324426889419556, 0
u,0.6828448176383972, 0.19525718688964844, 0
u,0.6026028990745544, 0.2124183177947998, 0
u,0.6885907053947449, 0.20324426889419556, 0
u,0.6279765963554382, 0.20774990320205688, 0
u,0.598613440990448, 0.23528921604156494, 0
u,0.6885907053947449, 0.20324426889419556, 0
u,0.6026028990745544, 0.2124183177947998, 0
u,0.598613440990448, 0.23528921604156494, 0
u,0.6637995839118958, 0.2682986855506897, 0
u,0.6885907053947449, 0.20324426889419556, 0
u,0.5891600847244263, 0.2747575044631958, 0
u,0.6637995839118958, 0.2682986855506897, 0
u,0.598613440990448, 0.23528921604156494, 0
u,0.5891600847244263, 0.2747575044631958, 0
u,0.6489571332931519, 0.30979275703430176, 0
u,0.6637995839118958, 0.2682986855506897, 0
u,0.5827781558036804, 0.2980814576148987, 0
u,0.6489571332931519, 0.30979275703430176, 0
u,0.5891600847244263, 0.2747575044631958, 0
u,0.5486965179443359, 0.3054472804069519, 0
u,0.6489571332931519, 0.30979275703430176, 0
u,0.5827781558036804, 0.2980814576148987, 0
u,0.7008979320526123, 0.3144824504852295, 0
u,0.7372586727142334, 0.3183426856994629, 0
u,0.7350998520851135, 0.3156331777572632, 0
u,0.5486965179443359, 0.3054472804069519, 0
u,0.7008979320526123, 0.3144824504852295, 0
u,0.6489571332931519, 0.30979275703430176, 0
u,0.5486965179443359, 0.3054472804069519, 0
u,0.7372586727142334, 0.3183426856994629, 0
u,0.7008979320526123, 0.3144824504852295, 0
u,0.5486965179443359, 0.3054472804069519, 0
u,0.7280919551849365, 0.3433661460876465, 0
u,0.7372586727142334, 0.3183426856994629, 0
u,0.5077991485595703, 0.3123340606689453, 0
u,0.7280919551849365, 0.3433661460876465, 0
u,0.5486965179443359, 0.3054472804069519, 0
u,0.5018841028213501, 0.3288891911506653, 0
u,0.7280919551849365, 0.3433661460876465, 0
u,0.5077991485595703, 0.3123340606689453, 0
u,0.5018841028213501, 0.3288891911506653, 0
u,0.5704269409179688, 0.3355218172073364, 0
u,0.7280919551849365, 0.3433661460876465, 0
u,0.5704269409179688, 0.3355218172073364, 0
u,0.638641893863678, 0.34217721223831177, 0
u,0.7280919551849365, 0.3433661460876465, 0
u,0.638641893863678, 0.34217721223831177, 0
u,0.6883794069290161, 0.3472776412963867, 0
u,0.7280919551849365, 0.3433661460876465, 0
u,0.7254800796508789, 0.35304003953933716, 0
u,0.7280919551849365, 0.3433661460876465, 0
u,0.6883794069290161, 0.3472776412963867, 0
u,0.5563317537307739, 0.3805783987045288, 0
u,0.638641893863678, 0.34217721223831177, 0
u,0.5704269409179688, 0.3355218172073364, 0
u,0.5563317537307739, 0.3805783987045288, 0
u,0.6191015243530273, 0.3970768451690674, 0
u,0.638641893863678, 0.34217721223831177, 0
u,0.5199518203735352, 0.4908217191696167, 0
u,0.6191015243530273, 0.3970768451690674, 0
u,0.5563317537307739, 0.3805783987045288, 0
u,0.5199518203735352, 0.4908217191696167, 0
u,0.588945746421814, 0.4928112030029297, 0
u,0.6191015243530273, 0.3970768451690674, 0
u,0.5199518203735352, 0.4908217191696167, 0
u,0.5802967548370361, 0.5256831645965576, 0
u,0.588945746421814, 0.4928112030029297, 0
u,0.6482006311416626, 0.5299127101898193, 0
u,0.6725624799728394, 0.535833328962326, 0
u,0.6668155193328857, 0.5178343951702118, 0
u,0.5065547823905945, 0.5326735377311707, 0
u,0.5802967548370361, 0.5256831645965576, 0
u,0.5199518203735352, 0.4908217191696167, 0
u,0.6482006311416626, 0.5299127101898193, 0
u,0.6213557124137878, 0.5661758780479431, 0
u,0.6725624799728394, 0.535833328962326, 0
u,0.6267876625061035, 0.541401743888855, 0
u,0.6213557124137878, 0.5661758780479431, 0
u,0.6482006311416626, 0.5299127101898193, 0
u,0.5065547823905945, 0.5326735377311707, 0
u,0.5790703892707825, 0.5367788076400757, 0
u,0.5802967548370361, 0.5256831645965576, 0
u,0.5065547823905945, 0.5326735377311707, 0
u,0.5802682638168335, 0.5426777005195618, 0
u,0.5790703892707825, 0.5367788076400757, 0
u,0.611916184425354, 0.5478828549385071, 0
u,0.6213557124137878, 0.5661758780479431, 0
u,0.6267876625061035, 0.541401743888855, 0
u,0.5065547823905945, 0.5326735377311707, 0
u,0.5834817290306091, 0.5472144484519958, 0
u,0.5802682638168335, 0.5426777005195618, 0
u,0.6035569906234741, 0.550435870885849, 0
u,0.6213557124137878, 0.5661758780479431, 0
u,0.611916184425354, 0.5478828549385071, 0
u,0.5029828548431396, 0.5486570596694946, 0
u,0.5834817290306091, 0.5472144484519958, 0
u,0.5065547823905945, 0.5326735377311707, 0
u,0.5029828548431396, 0.5486570596694946, 0
u,0.5892406105995178, 0.5506731271743774, 0
u,0.5834817290306091, 0.5472144484519958, 0
u,0.5961980819702148, 0.551485002040863, 0
u,0.6213557124137878, 0.5661758780479431, 0
u,0.6035569906234741, 0.550435870885849, 0
u,0.5892406105995178, 0.5506731271743774, 0
u,0.6213557124137878, 0.5661758780479431, 0
u,0.5961980819702148, 0.551485002040863, 0
u,0.5029828548431396, 0.5486570596694946, 0
u,0.6213557124137878, 0.5661758780479431, 0
u,0.5892406105995178, 0.5506731271743774, 0
u,0.5019968152046204, 0.5621870756149292, 0
u,0.6213557124137878, 0.5661758780479431, 0
u,0.5029828548431396, 0.5486570596694946, 0
u,0.5019968152046204, 0.5621870756149292, 0
u,0.5970566272735596, 0.5788247585296631, 0
u,0.6213557124137878, 0.5661758780479431, 0
u,0.5034829378128052, 0.5728564262390137, 0
u,0.5970566272735596, 0.5788247585296631, 0
u,0.5019968152046204, 0.5621870756149292, 0
u,0.5034829378128052, 0.5728564262390137, 0
u,0.5781521201133728, 0.5875203013420105, 0
u,0.5970566272735596, 0.5788247585296631, 0
u,0.5072011947631836, 0.5817468166351318, 0
u,0.5781521201133728, 0.5875203013420105, 0
u,0.5034829378128052, 0.5728564262390137, 0
u,0.5072011947631836, 0.5817468166351318, 0
u,0.5611555576324463, 0.5935284495353699, 0
u,0.5781521201133728, 0.5875203013420105, 0
u,0.5131276249885559, 0.5889920592308044, 0
u,0.5611555576324463, 0.5935284495353699, 0
u,0.5072011947631836, 0.5817468166351318, 0
u,0.5195215344429016, 0.5935102701187134, 0
u,0.5611555576324463, 0.5935284495353699, 0
u,0.5131276249885559, 0.5889920592308044, 0
u,0.5195215344429016, 0.5935102701187134, 0
u,0.5461878776550293, 0.5969096422195435, 0
u,0.5611555576324463, 0.5935284495353699, 0
u,0.5271989107131958, 0.5963334441184998, 0
u,0.5461878776550293, 0.5969096422195435, 0
u,0.5195215344429016, 0.5935102701187134, 0
u,0.5271989107131958, 0.5963334441184998, 0
u,0.5365173816680908, 0.5975608229637146, 0
u,0.5461878776550293, 0.5969096422195435, 0
u,0.9082062840461731, 0.2867962121963501, 0
u,0.8227325081825256, 0.28682804107666016, 0
u,0.9082063436508179, 0.31951904296875, 0
u,0.1709475815296173, 0.13539111614227295, 0
u,0.08547380566596985, 0.15244877338409424, 0
u,0.1709475815296173, 0.16380053758621216, 0
u,0.672831654548645, 0.083354651927948, 0
u,0.5873578786849976, 0.0832897424697876, 0
u,0.672831654548645, 0.12205731868743896, 0
u,0.9082063436508179, 0.31951904296875, 0
u,0.8227325677871704, 0.34436678886413574, 0
u,0.9082063436508179, 0.40368032455444336, 0
u,0.1709475815296173, 0.16380053758621216, 0
u,0.08547380566596985, 0.17147445678710938, 0
u,0.1709475815296173, 0.1800563931465149, 0
u,0.9082063436508179, 0.40368032455444336, 0
u,0.8227325677871704, 0.44398999214172363, 0
u,0.9082062244415283, 0.4571361541748047, 0
u,0.1709475815296173, 0.1800563931465149, 0
u,0.08547380566596985, 0.18855440616607666, 0
u,0.1709475815296173, 0.19309067726135254, 0
u,0.1709475815296173, 0.2316821813583374, 0
u,0.08547380566596985, 0.23651331663131714, 0
u,0.1709475815296173, 0.2377985119819641, 0
u,0.672831654548645, 0.12205731868743896, 0
u,0.5873578786849976, 0.15176904201507568, 0
u,0.672831654548645, 0.19529110193252563, 0
u,0.9936801195144653, 0.8681318163871765, 0
u,0.9082063436508179, 0.8712721467018127, 0
u,0.9936801195144653, 0.891332782804966, 0
u,0.9332232475280762, 0.20131230354309082, 0
u,0.9496108293533325, 0.2867860794067383, 0
u,0.966558575630188, 0.20131230354309082, 0
u,0.9081936478614807, 0.20131230354309082, 0
u,0.9081536531448364, 0.28678613901138306, 0
u,0.9332232475280762, 0.20131230354309082, 0
u,0.9936801195144653, 0.8045415282249451, 0
u,0.9082063436508179, 0.8051259219646454, 0
u,0.9936801195144653, 0.80698162317276, 0
u,0.9936801195144653, 0.80698162317276, 0
u,0.9082063436508179, 0.8100040853023529, 0
u,0.9936801195144653, 0.8107493072748184, 0
u,0.9936801195144653, 0.8107493072748184, 0
u,0.9082063436508179, 0.8100040853023529, 0
u,0.9936801195144653, 0.8164003789424896, 0
u,0.8227324485778809, 0.7786173522472382, 0
u,0.9082062244415283, 0.7659193277359009, 0
u,0.8227324485778809, 0.7651120722293854, 0
u,0.5873578786849976, 0.0832897424697876, 0
u,0.672831654548645, 0.0765000581741333, 0
u,0.5873578786849976, 0.0765000581741333, 0
u,0.9082063436508179, 0.31951904296875, 0
u,0.8227325081825256, 0.28682804107666016, 0
u,0.8227325677871704, 0.34436678886413574, 0
u,0.1709475815296173, 0.13539111614227295, 0
u,0.08547380566596985, 0.12797307968139648, 0
u,0.08547380566596985, 0.15244877338409424, 0
u,0.8227324485778809, 0.7651120722293854, 0
u,0.9082062244415283, 0.7555003464221954, 0
u,0.8227324485778809, 0.7548390477895737, 0
u,0.9900516867637634, 0.49811094999313354, 0
u,0.9360010027885437, 0.41263723373413086, 0
u,0.9339817762374878, 0.49811089038848877, 0
u,0.8227324485778809, 0.7548390477895737, 0
u,0.9082062244415283, 0.7471995949745178, 0
u,0.8227324485778809, 0.7466917335987091, 0
u,0.1709475815296173, 0.16380053758621216, 0
u,0.08547380566596985, 0.15244877338409424, 0
u,0.08547380566596985, 0.17147445678710938, 0
u,0.8227324485778809, 0.9532322064042091, 0
u,0.9082062840461731, 0.8419737666845322, 0
u,0.8227325081825256, 0.8384706377983093, 0
u,0.9339817762374878, 0.49811089038848877, 0
u,0.9082003235816956, 0.4126371145248413, 0
u,0.9082023501396179, 0.49811094999313354, 0
u,0.1709475815296173, 0.11010050773620605, 0
u,0.2564213275909424, 0.08886271715164185, 0
u,0.1709475815296173, 0.08688324689865112, 0
u,0.9082063436508179, 0.40368032455444336, 0
u,0.8227325677871704, 0.34436678886413574, 0
u,0.8227325677871704, 0.44398999214172363, 0
u,0.8227324485778809, 0.7466917335987091, 0
u,0.9082062244415283, 0.7427065372467041, 0
u,0.8227324485778809, 0.7427065670490265, 0
u,0.1709475815296173, 0.1800563931465149, 0
u,0.08547380566596985, 0.17147445678710938, 0
u,0.08547380566596985, 0.18855440616607666, 0
u,1.0, 0.11583852767944336, 0
u,0.9833368062973022, 0.030364692211151123, 0
u,0.9833368062973022, 0.11583852767944336, 0
u,0.672831654548645, 0.12205731868743896, 0
u,0.5873578786849976, 0.0832897424697876, 0
u,0.5873578786849976, 0.15176904201507568, 0
u,0.1709475815296173, 0.2316821813583374, 0
u,0.08547381311655045, 0.23018401861190796, 0
u,0.08547380566596985, 0.23651331663131714, 0
u,0.1709475815296173, 0.08688324689865112, 0
u,0.25642135739326477, 0.048932671546936035, 0
u,0.1709475815296173, 0.046392083168029785, 0
u,0.8227325677871704, 0.4778868556022644, 0
u,0.9082062244415283, 0.4571361541748047, 0
u,0.8227325677871704, 0.44398999214172363, 0
u,0.08547380566596985, 0.2035684585571289, 0
u,0.1709475815296173, 0.19309067726135254, 0
u,0.08547380566596985, 0.18855440616607666, 0
u,0.8227325081825256, 0.8384706377983093, 0
u,0.9082062840461731, 0.7955413460731506, 0
u,0.8227324485778809, 0.7949725389480591, 0
u,0.9936801195144653, 0.891332782804966, 0
u,0.9082063436508179, 0.8712721467018127, 0
u,0.9082062840461731, 0.8913813084363937, 0
u,0.08547381311655045, 0.23018401861190796, 0
u,0.1709475815296173, 0.22321254014968872, 0
u,0.08547380566596985, 0.22254741191864014, 0
u,0.1709475815296173, 0.046392083168029785, 0
u,0.25642135739326477, 0.022331058979034424, 0
u,0.17094756662845612, 0.022331058979034424, 0
u,0.672831654548645, 0.19529110193252563, 0
u,0.5873578786849976, 0.15176904201507568, 0
u,0.5873578786849976, 0.19527113437652588, 0
u,0.08547380566596985, 0.2132471799850464, 0
u,0.1709475815296173, 0.20430392026901245, 0
u,0.08547380566596985, 0.2035684585571289, 0
u,0.984384298324585, 0.2867860794067383, 0
u,0.966558575630188, 0.20131230354309082, 0
u,0.9496108293533325, 0.2867860794067383, 0
u,0.08547380566596985, 0.12797307968139648, 0
u,0.17094756662845612, 0.07634198665618896, 0
u,0.08547379821538925, 0.07634198665618896, 0
u,0.6750897169113159, 0.10979413986206055, 0
u,0.672831654548645, 0.195267915725708, 0
u,0.6750897169113159, 0.195267915725708, 0
u,0.08547380566596985, 0.22254741191864014, 0
u,0.1709475815296173, 0.21386873722076416, 0
u,0.08547380566596985, 0.2132471799850464, 0
u,0.9936801195144653, 0.8681318163871765, 0
u,0.9082062244415283, 0.8484736680984497, 0
u,0.9082063436508179, 0.8712721467018127, 0
u,0.8227325081825256, 0.4890204668045044, 0
u,0.9082063436508179, 0.47894901037216187, 0
u,0.8227325677871704, 0.4778868556022644, 0
u,0.9927070140838623, 0.7175208032131195, 0
u,0.9603512287139893, 0.632047027349472, 0
u,0.9589945673942566, 0.7175207734107971, 0
u,0.9589945673942566, 0.7175207734107971, 0
u,0.9082062840461731, 0.632047027349472, 0
u,0.9082062840461731, 0.7175208032131195, 0
u,0.7013634443283081, 0.195267915725708, 0
u,0.6750897169113159, 0.10979413986206055, 0
u,0.6750897169113159, 0.195267915725708, 0
u,0.8227325081825256, 0.49460291862487793, 0
u,0.9082062244415283, 0.48941129446029663, 0
u,0.8227325081825256, 0.4890204668045044, 0
u,0.9082062244415283, 0.8484736680984497, 0
u,0.9936801195144653, 0.8334436267614365, 0
u,0.9082062244415283, 0.8328476250171661, 0
u,0.7113510370254517, 0.10979408025741577, 0
u,0.6940264701843262, 0.02432030439376831, 0
u,0.6940264701843262, 0.10979408025741577, 0
u,0.9332232475280762, 0.20131230354309082, 0
u,0.9081536531448364, 0.28678613901138306, 0
u,0.9496108293533325, 0.2867860794067383, 0
u,0.9082062840461731, 0.49763691425323486, 0
u,0.8227325081825256, 0.49460291862487793, 0
u,0.8227325081825256, 0.49751126766204834, 0
u,0.9082062244415283, 0.8328476250171661, 0
u,0.9936801195144653, 0.8247897177934647, 0
u,0.9082062244415283, 0.8242152631282806, 0
u,0.8227324485778809, 0.7949725389480591, 0
u,0.9082063436508179, 0.7793120741844177, 0
u,0.8227324485778809, 0.7786173522472382, 0
u,0.49580907821655273, 0.2392142415046692, 0
u,0.42736896872520447, 0.15374046564102173, 0
u,0.42736896872520447, 0.2392142415046692, 0
u,0.9082063436508179, 0.8041840493679047, 0
u,0.9936801195144653, 0.7557353377342224, 0
u,0.9082063436508179, 0.7545396685600281, 0
u,0.9082062244415283, 0.8242152631282806, 0
u,0.9936801195144653, 0.8164003789424896, 0
u,0.9082062244415283, 0.8167819082736969, 0
u,0.9936801195144653, 0.80698162317276, 0
u,0.9082063436508179, 0.8051259219646454, 0
u,0.9082063436508179, 0.8100040853023529, 0
u,0.9082063436508179, 0.7545396685600281, 0
u,0.9936800599098206, 0.7175332605838776, 0
u,0.9082062840461731, 0.7175242006778717, 0
u,0.7113510370254517, 0.195267915725708, 0
u,0.7017053365707397, 0.10979413986206055, 0
u,0.7013634443283081, 0.195267915725708, 0
u,0.9936801195144653, 0.8164003789424896, 0
u,0.9082063436508179, 0.8100040853023529, 0
u,0.9082062244415283, 0.8167819082736969, 0
u,0.8227325081825256, 1.0000066746320044, 0
u,0.9082062840461731, 1.0000114521253636, 0
u,0.9082062244415283, 0.9559587351977825, 0
u,0.8227324485778809, 0.7786173522472382, 0
u,0.9082063436508179, 0.7793120741844177, 0
u,0.9082062244415283, 0.7659193277359009, 0
u,0.5873578786849976, 0.0832897424697876, 0
u,0.672831654548645, 0.083354651927948, 0
u,0.672831654548645, 0.0765000581741333, 0
u,0.8227324485778809, 0.7651120722293854, 0
u,0.9082062244415283, 0.7659193277359009, 0
u,0.9082062244415283, 0.7555003464221954, 0
u,0.9900516867637634, 0.49811094999313354, 0
u,0.9900548458099365, 0.4126371741294861, 0
u,0.9360010027885437, 0.41263723373413086, 0
u,0.8227324485778809, 0.7548390477895737, 0
u,0.9082062244415283, 0.7555003464221954, 0
u,0.9082062244415283, 0.7471995949745178, 0
u,0.8227324485778809, 0.9532322064042091, 0
u,0.9082062244415283, 0.9559587351977825, 0
u,0.9082062840461731, 0.8419737666845322, 0
u,0.9339817762374878, 0.49811089038848877, 0
u,0.9360010027885437, 0.41263723373413086, 0
u,0.9082003235816956, 0.4126371145248413, 0
u,0.1709475815296173, 0.11010050773620605, 0
u,0.25642135739326477, 0.11009550094604492, 0
u,0.2564213275909424, 0.08886271715164185, 0
u,0.8227324485778809, 0.7466917335987091, 0
u,0.9082062244415283, 0.7471995949745178, 0
u,0.9082062244415283, 0.7427065372467041, 0
u,1.0, 0.11583852767944336, 0
u,1.0, 0.030364692211151123, 0
u,0.9833368062973022, 0.030364692211151123, 0
u,0.1709475815296173, 0.08688324689865112, 0
u,0.2564213275909424, 0.08886271715164185, 0
u,0.25642135739326477, 0.048932671546936035, 0
u,0.8227325677871704, 0.4778868556022644, 0
u,0.9082063436508179, 0.47894901037216187, 0
u,0.9082062244415283, 0.4571361541748047, 0
u,0.08547380566596985, 0.2035684585571289, 0
u,0.1709475815296173, 0.20430392026901245, 0
u,0.1709475815296173, 0.19309067726135254, 0
u,0.8227325081825256, 0.8384706377983093, 0
u,0.9082062840461731, 0.8419737666845322, 0
u,0.9082062840461731, 0.7955413460731506, 0
u,0.08547381311655045, 0.23018401861190796, 0
u,0.1709475815296173, 0.2316821813583374, 0
u,0.1709475815296173, 0.22321254014968872, 0
u,0.1709475815296173, 0.046392083168029785, 0
u,0.25642135739326477, 0.048932671546936035, 0
u,0.25642135739326477, 0.022331058979034424, 0
u,0.08547380566596985, 0.2132471799850464, 0
u,0.1709475815296173, 0.21386873722076416, 0
u,0.1709475815296173, 0.20430392026901245, 0
u,0.984384298324585, 0.2867860794067383, 0
u,0.984384298324585, 0.20131230354309082, 0
u,0.966558575630188, 0.20131230354309082, 0
u,0.08547380566596985, 0.12797307968139648, 0
u,0.1709475815296173, 0.13539111614227295, 0
u,0.17094756662845612, 0.07634198665618896, 0
u,0.6750897169113159, 0.10979413986206055, 0
u,0.672831654548645, 0.10979413986206055, 0
u,0.672831654548645, 0.195267915725708, 0
u,0.08547380566596985, 0.22254741191864014, 0
u,0.1709475815296173, 0.22321254014968872, 0
u,0.1709475815296173, 0.21386873722076416, 0
u,0.9936801195144653, 0.8681318163871765, 0
u,0.9936801195144653, 0.849802702665329, 0
u,0.9082062244415283, 0.8484736680984497, 0
u,0.8227325081825256, 0.4890204668045044, 0
u,0.9082062244415283, 0.48941129446029663, 0
u,0.9082063436508179, 0.47894901037216187, 0
u,0.9927070140838623, 0.7175208032131195, 0
u,0.9927311539649963, 0.632047027349472, 0
u,0.9603512287139893, 0.632047027349472, 0
u,0.9589945673942566, 0.7175207734107971, 0
u,0.9603512287139893, 0.632047027349472, 0
u,0.9082062840461731, 0.632047027349472, 0
u,0.7013634443283081, 0.195267915725708, 0
u,0.7017053365707397, 0.10979413986206055, 0
u,0.6750897169113159, 0.10979413986206055, 0
u,0.8227325081825256, 0.49460291862487793, 0
u,0.9082062840461731, 0.49484914541244507, 0
u,0.9082062244415283, 0.48941129446029663, 0
u,0.9082062244415283, 0.8484736680984497, 0
u,0.9936801195144653, 0.849802702665329, 0
u,0.9936801195144653, 0.8334436267614365, 0
u,0.7113510370254517, 0.10979408025741577, 0
u,0.7113510370254517, 0.02432030439376831, 0
u,0.6940264701843262, 0.02432030439376831, 0
u,0.9082062840461731, 0.49763691425323486, 0
u,0.9082062840461731, 0.49484914541244507, 0
u,0.8227325081825256, 0.49460291862487793, 0
u,0.9082062244415283, 0.8328476250171661, 0
u,0.9936801195144653, 0.8334436267614365, 0
u,0.9936801195144653, 0.8247897177934647, 0
u,0.8227324485778809, 0.7949725389480591, 0
u,0.9082062840461731, 0.7955413460731506, 0
u,0.9082063436508179, 0.7793120741844177, 0
u,0.49580907821655273, 0.2392142415046692, 0
u,0.49580907821655273, 0.15374046564102173, 0
u,0.42736896872520447, 0.15374046564102173, 0
u,0.9082063436508179, 0.8041840493679047, 0
u,0.9936800599098206, 0.8041840344667435, 0
u,0.9936801195144653, 0.7557353377342224, 0
u,0.9082062244415283, 0.8242152631282806, 0
u,0.9936801195144653, 0.8247897177934647, 0
u,0.9936801195144653, 0.8164003789424896, 0
u,0.9082063436508179, 0.7545396685600281, 0
u,0.9936801195144653, 0.7557353377342224, 0
u,0.9936800599098206, 0.7175332605838776, 0
u,0.7113510370254517, 0.195267915725708, 0
u,0.7113510370254517, 0.10979413986206055, 0
u,0.7017053365707397, 0.10979413986206055, 0
