v,0.0026578563265502453, -0.01164228655397892, 0.007292098831385374
v,0.0028467075899243355, -0.011793406680226326, 0.007016079034656286
v,0.002531021600589156, -0.0115407919511199, 0.005588795058429241
v,0.0011438506189733744, -0.01043076440691948, 0.0066463216207921505
v,0.0026578563265502453, -0.01164228655397892, 0.007292098831385374
v,0.002531021600589156, -0.0115407919511199, 0.005588795058429241
v,0.0003571479464881122, -0.009801237843930721, 0.006361208390444517
v,0.0011438506189733744, -0.01043076440691948, 0.0066463216207921505
v,0.002531021600589156, -0.0115407919511199, 0.005588795058429241
v,0.0003186555695720017, -0.009770435281097889, 0.005563417915254831
v,0.0003571479464881122, -0.009801237843930721, 0.006361208390444517
v,0.002531021600589156, -0.0115407919511199, 0.005588795058429241
v,0.00015401245036628097, -0.009638686664402485, 0.004070604220032692
v,0.0003186555695720017, -0.009770435281097889, 0.005563417915254831
v,0.002531021600589156, -0.0115407919511199, 0.005588795058429241
v,0.00015401245036628097, -0.009638686664402485, 0.004070604220032692
v,0.002531021600589156, -0.0115407919511199, 0.005588795058429241
v,0.001985903363674879, -0.0111045828089118, 0.0028801618609577417
v,1.8724491383181885e-05, -0.009530427865684032, 0.0030786623246967793
v,0.00015401245036628097, -0.009638686664402485, 0.004070604220032692
v,0.001985903363674879, -0.0111045828089118, 0.0028801618609577417
v,-0.00048003901611082256, -0.009131312370300293, 0.0028640436939895153
v,1.8724491383181885e-05, -0.009530427865684032, 0.0030786623246967793
v,0.001985903363674879, -0.0111045828089118, 0.0028801618609577417
v,0.0035638187546283007, -0.012367245741188526, 0.0028866964858025312
v,0.0045285653322935104, -0.013139245100319386, 0.0029681306332349777
v,0.004598232451826334, -0.013194994069635868, 0.002880039159208536
v,-0.00048003901611082256, -0.009131312370300293, 0.0028640436939895153
v,0.001985903363674879, -0.0111045828089118, 0.0028801618609577417
v,0.0035638187546283007, -0.012367245741188526, 0.0028866964858025312
v,-0.00048003901611082256, -0.009131312370300293, 0.0028640436939895153
v,0.0035638187546283007, -0.012367245741188526, 0.0028866964858025312
v,0.004598232451826334, -0.013194994069635868, 0.002880039159208536
v,-0.00048003901611082256, -0.009131312370300293, 0.0028640436939895153
v,0.004598232451826334, -0.013194994069635868, 0.002880039159208536
v,0.004390728194266558, -0.013028946705162525, 0.001898001180961728
v,-0.001419616979546845, -0.008379453793168068, 0.0024978567380458117
v,-0.00048003901611082256, -0.009131312370300293, 0.0028640436939895153
v,0.004390728194266558, -0.013028946705162525, 0.001898001180961728
v,-0.0021343762055039406, -0.007807496003806591, 0.00227137072943151
v,-0.001419616979546845, -0.008379453793168068, 0.0024978567380458117
v,0.004390728194266558, -0.013028946705162525, 0.001898001180961728
v,-0.002261907560750842, -0.007705444470047951, 0.0016298796981573105
v,-0.0021343762055039406, -0.007807496003806591, 0.00227137072943151
v,0.004390728194266558, -0.013028946705162525, 0.001898001180961728
v,-0.0022452950943261385, -0.011842140927910805, 0.0016294361557811499
v,-0.0005013714544475079, -0.009114242158830166, -9.664555363997351e-06
v,-0.0025304369628429413, -0.011613966897130013, -0.00011102457938250154
v,-0.002261907560750842, -0.007705444470047951, 0.0016298796981573105
v,0.004390728194266558, -0.013028946705162525, 0.001898001180961728
v,-0.00023406633408740163, -0.009328141808509827, 0.0016296994872391224
v,-0.00023406633408740163, -0.009328141808509827, 0.0016296994872391224
v,0.004390728194266558, -0.013028946705162525, 0.001898001180961728
v,0.0017783921211957932, -0.010938530787825584, 0.001629834994673729
v,0.0017783921211957932, -0.010938530787825584, 0.001629834994673729
v,0.004390728194266558, -0.013028946705162525, 0.001898001180961728
v,0.0032140801195055246, -0.012087381444871426, 0.0016253055073320866
v,0.004351847339421511, -0.012997834011912346, 0.0015410184860229492
v,0.0032140801195055246, -0.012087381444871426, 0.0016253055073320866
v,0.004390728194266558, -0.013028946705162525, 0.001898001180961728
v,-0.00023406633408740163, -0.009328141808509827, 0.0016296994872391224
v,0.0017783921211957932, -0.010938530787825584, 0.001629834994673729
v,0.0015265439869835973, -0.010736999101936817, 0.0004214562941342592
v,-0.0005013714544475079, -0.009114242158830166, -9.664555363997351e-06
v,-0.00023406633408740163, -0.009328141808509827, 0.0016296994872391224
v,0.0015265439869835973, -0.010736999101936817, 0.0004214562941342592
v,-0.0005013714544475079, -0.009114242158830166, -9.664555363997351e-06
v,0.0015265439869835973, -0.010736999101936817, 0.0004214562941342592
v,0.0009795851074159145, -0.01029931753873825, -0.0026998016983270645
v,-0.001252484624274075, -0.008513193577528, -0.004244903102517128
v,-0.0005013714544475079, -0.009114242158830166, -9.664555363997351e-06
v,0.0009795851074159145, -0.01029931753873825, -0.0026998016983270645
v,-0.001252484624274075, -0.008513193577528, -0.004244903102517128
v,0.0009795851074159145, -0.01029931753873825, -0.0026998016983270645
v,0.0006771112675778568, -0.01005727518349886, -0.004688104148954153
v,-0.001252484624274075, -0.008513193577528, -0.004244903102517128
v,0.0006771112675778568, -0.01005727518349886, -0.004688104148954153
v,0.000584165274631232, -0.009982898831367493, -0.005502657499164343
v,-0.0015481730224564672, -0.008276580832898617, -0.005971146747469902
v,-0.001252484624274075, -0.008513193577528, -0.004244903102517128
v,0.000584165274631232, -0.009982898831367493, -0.005502657499164343
v,0.0025127683766186237, -0.01152618508785963, -0.005457043647766113
v,0.0031037929002195597, -0.011999128386378288, -0.00486110569909215
v,0.0033210793044418097, -0.0121730025857687, -0.005508878268301487
v,0.0025127683766186237, -0.01152618508785963, -0.005457043647766113
v,0.0033210793044418097, -0.0121730025857687, -0.005508878268301487
v,0.0017065586289390922, -0.010881048627197742, -0.007010831963270903
v,0.002033739350736141, -0.011142861098051071, -0.005860411562025547
v,0.0025127683766186237, -0.01152618508785963, -0.005457043647766113
v,0.0017065586289390922, -0.010881048627197742, -0.007010831963270903
v,-0.0015481730224564672, -0.008276580832898617, -0.005971146747469902
v,0.000584165274631232, -0.009982898831367493, -0.005502657499164343
v,0.0005809617578051984, -0.009980334900319576, -0.005900413729250431
v,-0.0015481730224564672, -0.008276580832898617, -0.005971146747469902
v,0.0005809617578051984, -0.009980334900319576, -0.005900413729250431
v,0.0006406418979167938, -0.010028091259300709, -0.006112164352089167
v,0.001597058610059321, -0.010793425142765045, -0.006173199974000454
v,0.002033739350736141, -0.011142861098051071, -0.005860411562025547
v,0.0017065586289390922, -0.010881048627197742, -0.007010831963270903
v,-0.0015481730224564672, -0.008276580832898617, -0.005971146747469902
v,0.0006406418979167938, -0.010028091259300709, -0.006112164352089167
v,0.0007147047435864806, -0.01008735690265894, -0.00623314781114459
v,0.0013594881165772676, -0.01060331892222166, -0.006303301081061363
v,0.001597058610059321, -0.010793425142765045, -0.006173199974000454
v,0.0017065586289390922, -0.010881048627197742, -0.007010831963270903
v,-0.001610727165825665, -0.008226525038480759, -0.0065788994543254375
v,-0.0015481730224564672, -0.008276580832898617, -0.005971146747469902
v,0.0007147047435864806, -0.01008735690265894, -0.00623314781114459
v,-0.001610727165825665, -0.008226525038480759, -0.0065788994543254375
v,0.0007147047435864806, -0.01008735690265894, -0.00623314781114459
v,0.0008234695997089148, -0.01017439179122448, -0.006332270801067352
v,0.0011192627716809511, -0.010411088354885578, -0.006380496080964804
v,0.0013594881165772676, -0.01060331892222166, -0.006303301081061363
v,0.0017065586289390922, -0.010881048627197742, -0.007010831963270903
v,-0.001610727165825665, -0.008226525038480759, -0.0065788994543254375
v,0.0008234695997089148, -0.01017439179122448, -0.006332270801067352
v,0.0009479791624471545, -0.010274025611579418, -0.006379885133355856
v,-0.001610727165825665, -0.008226525038480759, -0.0065788994543254375
v,0.0009479791624471545, -0.010274025611579418, -0.006379885133355856
v,0.0011192627716809511, -0.010411088354885578, -0.006380496080964804
v,-0.001610727165825665, -0.008226525038480759, -0.0065788994543254375
v,0.0011192627716809511, -0.010411088354885578, -0.006380496080964804
v,0.0017065586289390922, -0.010881048627197742, -0.007010831963270903
v,-0.0016051956918090582, -0.008230950683355331, -0.007086336612701416
v,-0.001610727165825665, -0.008226525038480759, -0.0065788994543254375
v,0.0017065586289390922, -0.010881048627197742, -0.007010831963270903
v,-0.001536237308755517, -0.008286131545901299, -0.00748786423355341
v,-0.0016051956918090582, -0.008230950683355331, -0.007086336612701416
v,0.0017065586289390922, -0.010881048627197742, -0.007010831963270903
v,-0.001536237308755517, -0.008286131545901299, -0.00748786423355341
v,0.0017065586289390922, -0.010881048627197742, -0.007010831963270903
v,0.000919228361453861, -0.010251019150018692, -0.007639928255230188
v,-0.0014058924280107021, -0.008390435017645359, -0.007815242744982243
v,-0.001536237308755517, -0.008286131545901299, -0.00748786423355341
v,0.000919228361453861, -0.010251019150018692, -0.007639928255230188
v,-0.0014058924280107021, -0.008390435017645359, -0.007815242744982243
v,0.000919228361453861, -0.010251019150018692, -0.007639928255230188
v,0.00046510252286680043, -0.009887623600661755, -0.007949842140078545
v,-0.0012388406321406364, -0.008524111472070217, -0.008044200018048286
v,-0.0014058924280107021, -0.008390435017645359, -0.007815242744982243
v,0.00046510252286680043, -0.009887623600661755, -0.007949842140078545
v,-0.0012388406321406364, -0.008524111472070217, -0.008044200018048286
v,0.00046510252286680043, -0.009887623600661755, -0.007949842140078545
v,9.580897312844172e-05, -0.009592111222445965, -0.008144711144268513
v,-0.0010446424130350351, -0.008679511025547981, -0.008205927908420563
v,-0.0012388406321406364, -0.008524111472070217, -0.008044200018048286
v,9.580897312844172e-05, -0.009592111222445965, -0.008144711144268513
v,-0.0010446424130350351, -0.008679511025547981, -0.008205927908420563
v,9.580897312844172e-05, -0.009592111222445965, -0.008144711144268513
v,-0.00022554259339813143, -0.00933496281504631, -0.008268043398857117
v,-0.0007834733696654439, -0.00888850074261427, -0.00830821692943573
v,-0.0010446424130350351, -0.008679511025547981, -0.008205927908420563
v,-0.00022554259339813143, -0.00933496281504631, -0.008268043398857117
v,-0.0007834733696654439, -0.00888850074261427, -0.00830821692943573
v,-0.00022554259339813143, -0.00933496281504631, -0.008268043398857117
v,-0.0005042817210778594, -0.009111912921071053, -0.008323714137077332
v,-0.000924605003092438, -0.01289896946400404, 0.006624128203839064
v,0.0008326203096657991, -0.014305117540061474, 0.007019604090601206
v,0.0006464626640081406, -0.014156152494251728, 0.007291222922503948
v,-0.001653830287978053, -0.012315436266362667, 0.006361703854054213
v,0.0008326203096657991, -0.014305117540061474, 0.007019604090601206
v,-0.000924605003092438, -0.01289896946400404, 0.006624128203839064
v,-0.0016991572920233011, -0.012279164977371693, 0.0054892064072191715
v,0.0008326203096657991, -0.014305117540061474, 0.007019604090601206
v,-0.001653830287978053, -0.012315436266362667, 0.006361703854054213
v,-0.0016991572920233011, -0.012279164977371693, 0.0054892064072191715
v,0.00029150498448871076, -0.013872112147510052, 0.004490463063120842
v,0.0008326203096657991, -0.014305117540061474, 0.007019604090601206
v,-0.0018696783808991313, -0.012142712250351906, 0.003975763916969299
v,0.00029150498448871076, -0.013872112147510052, 0.004490463063120842
v,-0.0016991572920233011, -0.012279164977371693, 0.0054892064072191715
v,-0.0018696783808991313, -0.012142712250351906, 0.003975763916969299
v,-2.2770347641198896e-05, -0.01362062618136406, 0.002880045212805271
v,0.00029150498448871076, -0.013872112147510052, 0.004490463063120842
v,-0.00199280702508986, -0.012044183909893036, 0.0030786620918661356
v,-2.2770347641198896e-05, -0.01362062618136406, 0.002880045212805271
v,-0.0018696783808991313, -0.012142712250351906, 0.003975763916969299
v,-0.00296707428060472, -0.011264565400779247, 0.0026681888848543167
v,-2.2770347641198896e-05, -0.01362062618136406, 0.002880045212805271
v,-0.00199280702508986, -0.012044183909893036, 0.0030786620918661356
v,0.0015115240821614861, -0.014848383143544197, 0.0028854135889559984
v,0.00258670118637383, -0.01570875011384487, 0.0028800389263778925
v,0.0025163828395307064, -0.015652479603886604, 0.002967200707644224
v,-0.00296707428060472, -0.011264565400779247, 0.0026681888848543167
v,0.0015115240821614861, -0.014848383143544197, 0.0028854135889559984
v,-2.2770347641198896e-05, -0.01362062618136406, 0.002880045212805271
v,-0.00296707428060472, -0.011264565400779247, 0.0026681888848543167
v,0.00258670118637383, -0.01570875011384487, 0.0028800389263778925
v,0.0015115240821614861, -0.014848383143544197, 0.0028854135889559984
v,-0.00296707428060472, -0.011264565400779247, 0.0026681888848543167
v,0.0023814120795577765, -0.015544475056231022, 0.0019106508698314428
v,0.00258670118637383, -0.01570875011384487, 0.0028800389263778925
v,-0.004146434832364321, -0.010320830158889294, 0.002267698058858514
v,0.0023814120795577765, -0.015544475056231022, 0.0019106508698314428
v,-0.00296707428060472, -0.011264565400779247, 0.0026681888848543167
v,-0.0042734392918646336, -0.010219200514256954, 0.0016298794653266668
v,0.0023814120795577765, -0.015544475056231022, 0.0019106508698314428
v,-0.004146434832364321, -0.010320830158889294, 0.002267698058858514
v,-0.0042734392918646336, -0.010219200514256954, 0.0016298794653266668
v,-0.0022452950943261385, -0.011842140927910805, 0.0016294361557811499
v,0.0023814120795577765, -0.015544475056231022, 0.0019106508698314428
v,-0.0022452950943261385, -0.011842140927910805, 0.0016294361557811499
v,-0.00023617432452738285, -0.01344985794275999, 0.0016296361573040485
v,0.0023814120795577765, -0.015544475056231022, 0.0019106508698314428
v,-0.00023617432452738285, -0.01344985794275999, 0.0016296361573040485
v,0.0012380568077787757, -0.014629552140831947, 0.0016241339035332203
v,0.0023814120795577765, -0.015544475056231022, 0.0019106508698314428
v,0.0023405507672578096, -0.015511778183281422, 0.0015403584111481905
v,0.0023814120795577765, -0.015544475056231022, 0.0019106508698314428
v,0.0012380568077787757, -0.014629552140831947, 0.0016241339035332203
v,-0.0025304369628429413, -0.011613966897130013, -0.00011102457938250154
v,-0.00023617432452738285, -0.01344985794275999, 0.0016296361573040485
v,-0.0022452950943261385, -0.011842140927910805, 0.0016294361557811499
v,-0.0025304369628429413, -0.011613966897130013, -0.00011102457938250154
v,-0.0006567356758750975, -0.013113320805132389, -0.0004985659616068006
v,-0.00023617432452738285, -0.01344985794275999, 0.0016296361573040485
v,-0.0032869388815015554, -0.011008607223629951, -0.004375101067125797
v,-0.0006567356758750975, -0.013113320805132389, -0.0004985659616068006
v,-0.0025304369628429413, -0.011613966897130013, -0.00011102457938250154
v,-0.0032869388815015554, -0.011008607223629951, -0.004375101067125797
v,-0.0012681492371484637, -0.012624061666429043, -0.004197635687887669
v,-0.0006567356758750975, -0.013113320805132389, -0.0004985659616068006
v,-0.0032869388815015554, -0.011008607223629951, -0.004375101067125797
v,-0.0014241656754165888, -0.012499216012656689, -0.005462834145873785
v,-0.0012681492371484637, -0.012624061666429043, -0.004197635687887669
v,0.0005843774415552616, -0.014106471091508865, -0.005383580923080444
v,0.00130954768974334, -0.014686758629977703, -0.005508878268301487
v,0.001091009471565485, -0.014511882327497005, -0.004856014158576727
v,-0.0035627917386591434, -0.01078786700963974, -0.005992354359477758
v,-0.0014241656754165888, -0.012499216012656689, -0.005462834145873785
v,-0.0032869388815015554, -0.011008607223629951, -0.004375101067125797
v,0.0005843774415552616, -0.014106471091508865, -0.005383580923080444
v,-0.00010252057109028101, -0.013556808233261108, -0.006834041327238083
v,0.00130954768974334, -0.014686758629977703, -0.005508878268301487
v,-1.292416618525749e-05, -0.013628504239022732, -0.005887487903237343
v,-0.00010252057109028101, -0.013556808233261108, -0.006834041327238083
v,0.0005843774415552616, -0.014106471091508865, -0.005383580923080444
v,-0.0035627917386591434, -0.01078786700963974, -0.005992354359477758
v,-0.0014324631774798036, -0.01249257568269968, -0.005885280668735504
v,-0.0014241656754165888, -0.012499216012656689, -0.005462834145873785
v,-0.0035627917386591434, -0.01078786700963974, -0.005992354359477758
v,-0.001375163090415299, -0.012538427487015724, -0.006102347746491432
v,-0.0014324631774798036, -0.01249257568269968, -0.005885280668735504
v,-0.0004305899201426655, -0.013294284231960773, -0.00618340726941824
v,-0.00010252057109028101, -0.013556808233261108, -0.006834041327238083
v,-1.292416618525749e-05, -0.013628504239022732, -0.005887487903237343
v,-0.0035627917386591434, -0.01078786700963974, -0.005992354359477758
v,-0.001270956126973033, -0.01262181531637907, -0.006267334800213575
v,-0.001375163090415299, -0.012538427487015724, -0.006102347746491432
v,-0.0006681145168840885, -0.013104215264320374, -0.0063103544525802135
v,-0.00010252057109028101, -0.013556808233261108, -0.006834041327238083
v,-0.0004305899201426655, -0.013294284231960773, -0.00618340726941824
v,-0.003623626194894314, -0.010739185847342014, -0.006605044007301331
v,-0.001270956126973033, -0.01262181531637907, -0.006267334800213575
v,-0.0035627917386591434, -0.01078786700963974, -0.005992354359477758
v,-0.003623626194894314, -0.010739185847342014, -0.006605044007301331
v,-0.001088900724425912, -0.012767497450113297, -0.006377675570547581
v,-0.001270956126973033, -0.01262181531637907, -0.006267334800213575
v,-0.0008809837163425982, -0.012933874502778053, -0.006377252284437418
v,-0.00010252057109028101, -0.013556808233261108, -0.006834041327238083
v,-0.0006681145168840885, -0.013104215264320374, -0.0063103544525802135
v,-0.001088900724425912, -0.012767497450113297, -0.006377675570547581
v,-0.00010252057109028101, -0.013556808233261108, -0.006834041327238083
v,-0.0008809837163425982, -0.012933874502778053, -0.006377252284437418
v,-0.003623626194894314, -0.010739185847342014, -0.006605044007301331
v,-0.00010252057109028101, -0.013556808233261108, -0.006834041327238083
v,-0.001088900724425912, -0.012767497450113297, -0.006377675570547581
v,-0.003613888518884778, -0.010746978223323822, -0.007117129396647215
v,-0.00010252057109028101, -0.013556808233261108, -0.006834041327238083
v,-0.003623626194894314, -0.010739185847342014, -0.006605044007301331
v,-0.003613888518884778, -0.010746978223323822, -0.007117129396647215
v,-0.0007774859550409019, -0.013016695156693459, -0.007397613953799009
v,-0.00010252057109028101, -0.013556808233261108, -0.006834041327238083
v,-0.00354050868190825, -0.010805698111653328, -0.007513565476983786
v,-0.0007774859550409019, -0.013016695156693459, -0.007397613953799009
v,-0.003613888518884778, -0.010746978223323822, -0.007117129396647215
v,-0.00354050868190825, -0.010805698111653328, -0.007513565476983786
v,-0.0013060090132057667, -0.012593765743076801, -0.007793176919221878
v,-0.0007774859550409019, -0.013016695156693459, -0.007397613953799009
v,-0.0034059472382068634, -0.010913374833762646, -0.007835532538592815
v,-0.0013060090132057667, -0.012593765743076801, -0.007793176919221878
v,-0.00354050868190825, -0.010805698111653328, -0.007513565476983786
v,-0.0034059472382068634, -0.010913374833762646, -0.007835532538592815
v,-0.001785445143468678, -0.012210115790367126, -0.008084814995527267
v,-0.0013060090132057667, -0.012593765743076801, -0.007793176919221878
v,-0.0032104593701660633, -0.011069806292653084, -0.0080870371311903
v,-0.001785445143468678, -0.012210115790367126, -0.008084814995527267
v,-0.0034059472382068634, -0.010913374833762646, -0.007835532538592815
v,-0.003008110448718071, -0.01123172789812088, -0.008230895735323429
v,-0.001785445143468678, -0.012210115790367126, -0.008084814995527267
v,-0.0032104593701660633, -0.011069806292653084, -0.0080870371311903
v,-0.003008110448718071, -0.01123172789812088, -0.008230895735323429
v,-0.0022158531937748194, -0.011865699663758278, -0.008261587470769882
v,-0.001785445143468678, -0.012210115790367126, -0.008084814995527267
v,-0.002774921478703618, -0.011418327689170837, -0.008312180638313293
v,-0.0022158531937748194, -0.011865699663758278, -0.008261587470769882
v,-0.003008110448718071, -0.01123172789812088, -0.008230895735323429
v,-0.002774921478703618, -0.011418327689170837, -0.008312180638313293
v,-0.0024975379928946495, -0.011640292592346668, -0.008322015404701233
v,-0.0022158531937748194, -0.011865699663758278, -0.008261587470769882
v,0.0017783921211957932, -0.010938530787825584, 0.001629834994673729
v,-0.00023617432452738285, -0.01344985794275999, 0.0016296361573040485
v,0.0015265439869835973, -0.010736999101936817, 0.0004214562941342592
v,0.0017065586289390922, -0.010881048627197742, -0.007010831963270903
v,-0.0007774859550409019, -0.013016695156693459, -0.007397613953799009
v,0.000919228361453861, -0.010251019150018692, -0.007639928255230188
v,0.0028467075899243355, -0.011793406680226326, 0.007016079034656286
v,0.0008326203096657991, -0.014305117540061474, 0.007019604090601206
v,0.002531021600589156, -0.0115407919511199, 0.005588795058429241
v,0.0015265439869835973, -0.010736999101936817, 0.0004214562941342592
v,-0.0006567356758750975, -0.013113320805132389, -0.0004985659616068006
v,0.0009795851074159145, -0.01029931753873825, -0.0026998016983270645
v,0.000919228361453861, -0.010251019150018692, -0.007639928255230188
v,-0.0013060090132057667, -0.012593765743076801, -0.007793176919221878
v,0.00046510252286680043, -0.009887623600661755, -0.007949842140078545
v,0.0009795851074159145, -0.01029931753873825, -0.0026998016983270645
v,-0.0012681492371484637, -0.012624061666429043, -0.004197635687887669
v,0.0006771112675778568, -0.01005727518349886, -0.004688104148954153
v,0.00046510252286680043, -0.009887623600661755, -0.007949842140078545
v,-0.001785445143468678, -0.012210115790367126, -0.008084814995527267
v,9.580897312844172e-05, -0.009592111222445965, -0.008144711144268513
v,-0.0010446424130350351, -0.008679511025547981, -0.008205927908420563
v,-0.0032104593701660633, -0.011069806292653084, -0.0080870371311903
v,-0.0012388406321406364, -0.008524111472070217, -0.008044200018048286
v,0.002531021600589156, -0.0115407919511199, 0.005588795058429241
v,0.00029150498448871076, -0.013872112147510052, 0.004490463063120842
v,0.001985903363674879, -0.0111045828089118, 0.0028801618609577417
v,0.0025127683766186237, -0.01152618508785963, -0.005457043647766113
v,0.0005843774415552616, -0.014106471091508865, -0.005383580923080444
v,0.0031037929002195597, -0.011999128386378288, -0.00486110569909215
v,-0.001419616979546845, -0.008379453793168068, 0.0024978567380458117
v,-0.00296707428060472, -0.011264565400779247, 0.0026681888848543167
v,-0.00048003901611082256, -0.009131312370300293, 0.0028640436939895153
v,-0.0021343762055039406, -0.007807496003806591, 0.00227137072943151
v,-0.004146434832364321, -0.010320830158889294, 0.002267698058858514
v,-0.001419616979546845, -0.008379453793168068, 0.0024978567380458117
v,0.0007147047435864806, -0.01008735690265894, -0.00623314781114459
v,-0.001270956126973033, -0.01262181531637907, -0.006267334800213575
v,0.0008234695997089148, -0.01017439179122448, -0.006332270801067352
v,0.0008234695997089148, -0.01017439179122448, -0.006332270801067352
v,-0.001088900724425912, -0.012767497450113297, -0.006377675570547581
v,0.0009479791624471545, -0.010274025611579418, -0.006379885133355856
v,0.0009479791624471545, -0.010274025611579418, -0.006379885133355856
v,-0.001088900724425912, -0.012767497450113297, -0.006377675570547581
v,0.0011192627716809511, -0.010411088354885578, -0.006380496080964804
v,-0.003623626194894314, -0.010739185847342014, -0.006605044007301331
v,-0.0016051956918090582, -0.008230950683355331, -0.007086336612701416
v,-0.003613888518884778, -0.010746978223323822, -0.007117129396647215
v,0.0008326203096657991, -0.014305117540061474, 0.007019604090601206
v,0.0026578563265502453, -0.01164228655397892, 0.007292098831385374
v,0.0006464626640081406, -0.014156152494251728, 0.007291222922503948
v,0.0015265439869835973, -0.010736999101936817, 0.0004214562941342592
v,-0.00023617432452738285, -0.01344985794275999, 0.0016296361573040485
v,-0.0006567356758750975, -0.013113320805132389, -0.0004985659616068006
v,0.0017065586289390922, -0.010881048627197742, -0.007010831963270903
v,-0.00010252057109028101, -0.013556808233261108, -0.006834041327238083
v,-0.0007774859550409019, -0.013016695156693459, -0.007397613953799009
v,-0.003613888518884778, -0.010746978223323822, -0.007117129396647215
v,-0.001536237308755517, -0.008286131545901299, -0.00748786423355341
v,-0.00354050868190825, -0.010805698111653328, -0.007513565476983786
v,0.0006464626640081406, -0.014156152494251728, 0.007291222922503948
v,0.0011438506189733744, -0.01043076440691948, 0.0066463216207921505
v,-0.000924605003092438, -0.01289896946400404, 0.006624128203839064
v,-0.00354050868190825, -0.010805698111653328, -0.007513565476983786
v,-0.0014058924280107021, -0.008390435017645359, -0.007815242744982243
v,-0.0034059472382068634, -0.010913374833762646, -0.007835532538592815
v,0.000919228361453861, -0.010251019150018692, -0.007639928255230188
v,-0.0007774859550409019, -0.013016695156693459, -0.007397613953799009
v,-0.0013060090132057667, -0.012593765743076801, -0.007793176919221878
v,-0.0025304369628429413, -0.011613966897130013, -0.00011102457938250154
v,-0.001252484624274075, -0.008513193577528, -0.004244903102517128
v,-0.0032869388815015554, -0.011008607223629951, -0.004375101067125797
v,-0.000924605003092438, -0.01289896946400404, 0.006624128203839064
v,0.0003571479464881122, -0.009801237843930721, 0.006361208390444517
v,-0.001653830287978053, -0.012315436266362667, 0.006361703854054213
v,-0.001653830287978053, -0.012315436266362667, 0.006361703854054213
v,0.0003186555695720017, -0.009770435281097889, 0.005563417915254831
v,-0.0016991572920233011, -0.012279164977371693, 0.0054892064072191715
v,0.0009795851074159145, -0.01029931753873825, -0.0026998016983270645
v,-0.0006567356758750975, -0.013113320805132389, -0.0004985659616068006
v,-0.0012681492371484637, -0.012624061666429043, -0.004197635687887669
v,-0.0034059472382068634, -0.010913374833762646, -0.007835532538592815
v,-0.0012388406321406364, -0.008524111472070217, -0.008044200018048286
v,-0.0032104593701660633, -0.011069806292653084, -0.0080870371311903
v,0.00046510252286680043, -0.009887623600661755, -0.007949842140078545
v,-0.0013060090132057667, -0.012593765743076801, -0.007793176919221878
v,-0.001785445143468678, -0.012210115790367126, -0.008084814995527267
v,0.00130954768974334, -0.014686758629977703, -0.005508878268301487
v,0.0031037929002195597, -0.011999128386378288, -0.00486110569909215
v,0.001091009471565485, -0.014511882327497005, -0.004856014158576727
v,0.002531021600589156, -0.0115407919511199, 0.005588795058429241
v,0.0008326203096657991, -0.014305117540061474, 0.007019604090601206
v,0.00029150498448871076, -0.013872112147510052, 0.004490463063120842
v,-0.0010446424130350351, -0.008679511025547981, -0.008205927908420563
v,-0.003008110448718071, -0.01123172789812088, -0.008230895735323429
v,-0.0032104593701660633, -0.011069806292653084, -0.0080870371311903
v,-0.0016991572920233011, -0.012279164977371693, 0.0054892064072191715
v,0.00015401245036628097, -0.009638686664402485, 0.004070604220032692
v,-0.0018696783808991313, -0.012142712250351906, 0.003975763916969299
v,-0.0014241656754165888, -0.012499216012656689, -0.005462834145873785
v,0.0006771112675778568, -0.01005727518349886, -0.004688104148954153
v,-0.0012681492371484637, -0.012624061666429043, -0.004197635687887669
v,-0.0022158531937748194, -0.011865699663758278, -0.008261587470769882
v,9.580897312844172e-05, -0.009592111222445965, -0.008144711144268513
v,-0.001785445143468678, -0.012210115790367126, -0.008084814995527267
v,-0.0032869388815015554, -0.011008607223629951, -0.004375101067125797
v,-0.0015481730224564672, -0.008276580832898617, -0.005971146747469902
v,-0.0035627917386591434, -0.01078786700963974, -0.005992354359477758
v,0.0031037929002195597, -0.011999128386378288, -0.00486110569909215
v,0.0005843774415552616, -0.014106471091508865, -0.005383580923080444
v,0.001091009471565485, -0.014511882327497005, -0.004856014158576727
v,-0.003008110448718071, -0.01123172789812088, -0.008230895735323429
v,-0.0007834733696654439, -0.00888850074261427, -0.00830821692943573
v,-0.002774921478703618, -0.011418327689170837, -0.008312180638313293
v,-0.0018696783808991313, -0.012142712250351906, 0.003975763916969299
v,1.8724491383181885e-05, -0.009530427865684032, 0.0030786623246967793
v,-0.00199280702508986, -0.012044183909893036, 0.0030786620918661356
v,0.001985903363674879, -0.0111045828089118, 0.0028801618609577417
v,0.00029150498448871076, -0.013872112147510052, 0.004490463063120842
v,-2.2770347641198896e-05, -0.01362062618136406, 0.002880045212805271
v,-0.0024975379928946495, -0.011640292592346668, -0.008322015404701233
v,-0.00022554259339813143, -0.00933496281504631, -0.008268043398857117
v,-0.0022158531937748194, -0.011865699663758278, -0.008261587470769882
v,-0.00199280702508986, -0.012044183909893036, 0.0030786620918661356
v,-0.00048003901611082256, -0.009131312370300293, 0.0028640436939895153
v,-0.00296707428060472, -0.011264565400779247, 0.0026681888848543167
v,-0.00010252057109028101, -0.013556808233261108, -0.006834041327238083
v,0.0033210793044418097, -0.0121730025857687, -0.005508878268301487
v,0.00130954768974334, -0.014686758629977703, -0.005508878268301487
v,0.004598232451826334, -0.013194994069635868, 0.002880039159208536
v,0.0025163828395307064, -0.015652479603886604, 0.002967200707644224
v,0.00258670118637383, -0.01570875011384487, 0.0028800389263778925
v,-0.002774921478703618, -0.011418327689170837, -0.008312180638313293
v,-0.0005042817210778594, -0.009111912921071053, -0.008323714137077332
v,-0.0024975379928946495, -0.011640292592346668, -0.008322015404701233
v,0.0025127683766186237, -0.01152618508785963, -0.005457043647766113
v,-1.292416618525749e-05, -0.013628504239022732, -0.005887487903237343
v,0.0005843774415552616, -0.014106471091508865, -0.005383580923080444
v,-0.0014324631774798036, -0.01249257568269968, -0.005885280668735504
v,0.000584165274631232, -0.009982898831367493, -0.005502657499164343
v,-0.0014241656754165888, -0.012499216012656689, -0.005462834145873785
v,0.0025163828395307064, -0.015652479603886604, 0.002967200707644224
v,0.0035638187546283007, -0.012367245741188526, 0.0028866964858025312
v,0.0015115240821614861, -0.014848383143544197, 0.0028854135889559984
v,0.0015115240821614861, -0.014848383143544197, 0.0028854135889559984
v,0.001985903363674879, -0.0111045828089118, 0.0028801618609577417
v,-2.2770347641198896e-05, -0.01362062618136406, 0.002880045212805271
v,0.0023814120795577765, -0.015544475056231022, 0.0019106508698314428
v,0.004598232451826334, -0.013194994069635868, 0.002880039159208536
v,0.00258670118637383, -0.01570875011384487, 0.0028800389263778925
v,-0.001375163090415299, -0.012538427487015724, -0.006102347746491432
v,0.0005809617578051984, -0.009980334900319576, -0.005900413729250431
v,-0.0014324631774798036, -0.01249257568269968, -0.005885280668735504
v,-1.292416618525749e-05, -0.013628504239022732, -0.005887487903237343
v,0.001597058610059321, -0.010793425142765045, -0.006173199974000454
v,-0.0004305899201426655, -0.013294284231960773, -0.00618340726941824
v,-0.004146434832364321, -0.010320830158889294, 0.002267698058858514
v,-0.002261907560750842, -0.007705444470047951, 0.0016298796981573105
v,-0.0042734392918646336, -0.010219200514256954, 0.0016298794653266668
v,-0.001419616979546845, -0.008379453793168068, 0.0024978567380458117
v,-0.004146434832364321, -0.010320830158889294, 0.002267698058858514
v,-0.00296707428060472, -0.011264565400779247, 0.0026681888848543167
v,0.0007147047435864806, -0.01008735690265894, -0.00623314781114459
v,-0.001375163090415299, -0.012538427487015724, -0.006102347746491432
v,-0.001270956126973033, -0.01262181531637907, -0.006267334800213575
v,-0.0004305899201426655, -0.013294284231960773, -0.00618340726941824
v,0.0013594881165772676, -0.01060331892222166, -0.006303301081061363
v,-0.0006681145168840885, -0.013104215264320374, -0.0063103544525802135
v,-0.0035627917386591434, -0.01078786700963974, -0.005992354359477758
v,-0.001610727165825665, -0.008226525038480759, -0.0065788994543254375
v,-0.003623626194894314, -0.010739185847342014, -0.006605044007301331
v,-0.0042734392918646336, -0.010219200514256954, 0.0016298794653266668
v,-0.00023406633408740163, -0.009328141808509827, 0.0016296994872391224
v,-0.0022452950943261385, -0.011842140927910805, 0.0016294361557811499
v,-0.00023617432452738285, -0.01344985794275999, 0.0016296361573040485
v,0.0032140801195055246, -0.012087381444871426, 0.0016253055073320866
v,0.0012380568077787757, -0.014629552140831947, 0.0016241339035332203
v,-0.0006681145168840885, -0.013104215264320374, -0.0063103544525802135
v,0.0011192627716809511, -0.010411088354885578, -0.006380496080964804
v,-0.0008809837163425982, -0.012933874502778053, -0.006377252284437418
v,0.0008234695997089148, -0.01017439179122448, -0.006332270801067352
v,-0.001270956126973033, -0.01262181531637907, -0.006267334800213575
v,-0.001088900724425912, -0.012767497450113297, -0.006377675570547581
v,0.0012380568077787757, -0.014629552140831947, 0.0016241339035332203
v,0.004351847339421511, -0.012997834011912346, 0.0015410184860229492
v,0.0023405507672578096, -0.015511778183281422, 0.0015403584111481905
v,0.0023405507672578096, -0.015511778183281422, 0.0015403584111481905
v,0.004390728194266558, -0.013028946705162525, 0.001898001180961728
v,0.0023814120795577765, -0.015544475056231022, 0.0019106508698314428
v,0.0011192627716809511, -0.010411088354885578, -0.006380496080964804
v,-0.001088900724425912, -0.012767497450113297, -0.006377675570547581
v,-0.0008809837163425982, -0.012933874502778053, -0.006377252284437418
v,-0.0022452950943261385, -0.011842140927910805, 0.0016294361557811499
v,-0.00023406633408740163, -0.009328141808509827, 0.0016296994872391224
v,-0.0005013714544475079, -0.009114242158830166, -9.664555363997351e-06
v,-0.003623626194894314, -0.010739185847342014, -0.006605044007301331
v,-0.001610727165825665, -0.008226525038480759, -0.0065788994543254375
v,-0.0016051956918090582, -0.008230950683355331, -0.007086336612701416
v,0.0008326203096657991, -0.014305117540061474, 0.007019604090601206
v,0.0028467075899243355, -0.011793406680226326, 0.007016079034656286
v,0.0026578563265502453, -0.01164228655397892, 0.007292098831385374
v,-0.003613888518884778, -0.010746978223323822, -0.007117129396647215
v,-0.0016051956918090582, -0.008230950683355331, -0.007086336612701416
v,-0.001536237308755517, -0.008286131545901299, -0.00748786423355341
v,0.0006464626640081406, -0.014156152494251728, 0.007291222922503948
v,0.0026578563265502453, -0.01164228655397892, 0.007292098831385374
v,0.0011438506189733744, -0.01043076440691948, 0.0066463216207921505
v,-0.00354050868190825, -0.010805698111653328, -0.007513565476983786
v,-0.001536237308755517, -0.008286131545901299, -0.00748786423355341
v,-0.0014058924280107021, -0.008390435017645359, -0.007815242744982243
v,-0.0025304369628429413, -0.011613966897130013, -0.00011102457938250154
v,-0.0005013714544475079, -0.009114242158830166, -9.664555363997351e-06
v,-0.001252484624274075, -0.008513193577528, -0.004244903102517128
v,-0.000924605003092438, -0.01289896946400404, 0.006624128203839064
v,0.0011438506189733744, -0.01043076440691948, 0.0066463216207921505
v,0.0003571479464881122, -0.009801237843930721, 0.006361208390444517
v,-0.001653830287978053, -0.012315436266362667, 0.006361703854054213
v,0.0003571479464881122, -0.009801237843930721, 0.006361208390444517
v,0.0003186555695720017, -0.009770435281097889, 0.005563417915254831
v,-0.0034059472382068634, -0.010913374833762646, -0.007835532538592815
v,-0.0014058924280107021, -0.008390435017645359, -0.007815242744982243
v,-0.0012388406321406364, -0.008524111472070217, -0.008044200018048286
v,0.00130954768974334, -0.014686758629977703, -0.005508878268301487
v,0.0033210793044418097, -0.0121730025857687, -0.005508878268301487
v,0.0031037929002195597, -0.011999128386378288, -0.00486110569909215
v,-0.0016991572920233011, -0.012279164977371693, 0.0054892064072191715
v,0.0003186555695720017, -0.009770435281097889, 0.005563417915254831
v,0.00015401245036628097, -0.009638686664402485, 0.004070604220032692
v,-0.0014241656754165888, -0.012499216012656689, -0.005462834145873785
v,0.000584165274631232, -0.009982898831367493, -0.005502657499164343
v,0.0006771112675778568, -0.01005727518349886, -0.004688104148954153
v,-0.0022158531937748194, -0.011865699663758278, -0.008261587470769882
v,-0.00022554259339813143, -0.00933496281504631, -0.008268043398857117
v,9.580897312844172e-05, -0.009592111222445965, -0.008144711144268513
v,-0.0032869388815015554, -0.011008607223629951, -0.004375101067125797
v,-0.001252484624274075, -0.008513193577528, -0.004244903102517128
v,-0.0015481730224564672, -0.008276580832898617, -0.005971146747469902
v,-0.003008110448718071, -0.01123172789812088, -0.008230895735323429
v,-0.0010446424130350351, -0.008679511025547981, -0.008205927908420563
v,-0.0007834733696654439, -0.00888850074261427, -0.00830821692943573
v,-0.0018696783808991313, -0.012142712250351906, 0.003975763916969299
v,0.00015401245036628097, -0.009638686664402485, 0.004070604220032692
v,1.8724491383181885e-05, -0.009530427865684032, 0.0030786623246967793
v,-0.0024975379928946495, -0.011640292592346668, -0.008322015404701233
v,-0.0005042817210778594, -0.009111912921071053, -0.008323714137077332
v,-0.00022554259339813143, -0.00933496281504631, -0.008268043398857117
v,-0.00199280702508986, -0.012044183909893036, 0.0030786620918661356
v,1.8724491383181885e-05, -0.009530427865684032, 0.0030786623246967793
v,-0.00048003901611082256, -0.009131312370300293, 0.0028640436939895153
v,-0.00010252057109028101, -0.013556808233261108, -0.006834041327238083
v,0.0017065586289390922, -0.010881048627197742, -0.007010831963270903
v,0.0033210793044418097, -0.0121730025857687, -0.005508878268301487
v,0.004598232451826334, -0.013194994069635868, 0.002880039159208536
v,0.0045285653322935104, -0.013139245100319386, 0.0029681306332349777
v,0.0025163828395307064, -0.015652479603886604, 0.002967200707644224
v,-0.002774921478703618, -0.011418327689170837, -0.008312180638313293
v,-0.0007834733696654439, -0.00888850074261427, -0.00830821692943573
v,-0.0005042817210778594, -0.009111912921071053, -0.008323714137077332
v,0.0025127683766186237, -0.01152618508785963, -0.005457043647766113
v,0.002033739350736141, -0.011142861098051071, -0.005860411562025547
v,-1.292416618525749e-05, -0.013628504239022732, -0.005887487903237343
v,-0.0014324631774798036, -0.01249257568269968, -0.005885280668735504
v,0.0005809617578051984, -0.009980334900319576, -0.005900413729250431
v,0.000584165274631232, -0.009982898831367493, -0.005502657499164343
v,0.0025163828395307064, -0.015652479603886604, 0.002967200707644224
v,0.0045285653322935104, -0.013139245100319386, 0.0029681306332349777
v,0.0035638187546283007, -0.012367245741188526, 0.0028866964858025312
v,0.0015115240821614861, -0.014848383143544197, 0.0028854135889559984
v,0.0035638187546283007, -0.012367245741188526, 0.0028866964858025312
v,0.001985903363674879, -0.0111045828089118, 0.0028801618609577417
v,0.0023814120795577765, -0.015544475056231022, 0.0019106508698314428
v,0.004390728194266558, -0.013028946705162525, 0.001898001180961728
v,0.004598232451826334, -0.013194994069635868, 0.002880039159208536
v,-0.001375163090415299, -0.012538427487015724, -0.006102347746491432
v,0.0006406418979167938, -0.010028091259300709, -0.006112164352089167
v,0.0005809617578051984, -0.009980334900319576, -0.005900413729250431
v,-1.292416618525749e-05, -0.013628504239022732, -0.005887487903237343
v,0.002033739350736141, -0.011142861098051071, -0.005860411562025547
v,0.001597058610059321, -0.010793425142765045, -0.006173199974000454
v,-0.004146434832364321, -0.010320830158889294, 0.002267698058858514
v,-0.0021343762055039406, -0.007807496003806591, 0.00227137072943151
v,-0.002261907560750842, -0.007705444470047951, 0.0016298796981573105
v,0.0007147047435864806, -0.01008735690265894, -0.00623314781114459
v,0.0006406418979167938, -0.010028091259300709, -0.006112164352089167
v,-0.001375163090415299, -0.012538427487015724, -0.006102347746491432
v,-0.0004305899201426655, -0.013294284231960773, -0.00618340726941824
v,0.001597058610059321, -0.010793425142765045, -0.006173199974000454
v,0.0013594881165772676, -0.01060331892222166, -0.006303301081061363
v,-0.0035627917386591434, -0.01078786700963974, -0.005992354359477758
v,-0.0015481730224564672, -0.008276580832898617, -0.005971146747469902
v,-0.001610727165825665, -0.008226525038480759, -0.0065788994543254375
v,-0.0042734392918646336, -0.010219200514256954, 0.0016298794653266668
v,-0.002261907560750842, -0.007705444470047951, 0.0016298796981573105
v,-0.00023406633408740163, -0.009328141808509827, 0.0016296994872391224
v,-0.00023617432452738285, -0.01344985794275999, 0.0016296361573040485
v,0.0017783921211957932, -0.010938530787825584, 0.001629834994673729
v,0.0032140801195055246, -0.012087381444871426, 0.0016253055073320866
v,-0.0006681145168840885, -0.013104215264320374, -0.0063103544525802135
v,0.0013594881165772676, -0.01060331892222166, -0.006303301081061363
v,0.0011192627716809511, -0.010411088354885578, -0.006380496080964804
v,0.0012380568077787757, -0.014629552140831947, 0.0016241339035332203
v,0.0032140801195055246, -0.012087381444871426, 0.0016253055073320866
v,0.004351847339421511, -0.012997834011912346, 0.0015410184860229492
v,0.0023405507672578096, -0.015511778183281422, 0.0015403584111481905
v,0.004351847339421511, -0.012997834011912346, 0.0015410184860229492
v,0.004390728194266558, -0.013028946705162525, 0.001898001180961728
n,19.030473709106445, 23.781864166259766, 1.331394855696999e-06
n,19.030473709106445, 23.781864166259766, 1.331394855696999e-06
n,19.030473709106445, 23.781864166259766, 1.331394855696999e-06
n,19.030473709106445, 23.781864166259766, 1.331394855696999e-06
n,19.030473709106445, 23.781864166259766, 1.331394855696999e-06
n,19.030473709106445, 23.781864166259766, 1.331394855696999e-06
n,19.030473709106445, 23.781864166259766, 1.331394855696999e-06
n,19.030473709106445, 23.781864166259766, 1.331394855696999e-06
n,19.030473709106445, 23.781864166259766, 1.331394855696999e-06
n,19.030473709106445, 23.781864166259766, 1.331394855696999e-06
n,19.030473709106445, 23.781864166259766, 1.331394855696999e-06
n,19.030473709106445, 23.781864166259766, 1.331394855696999e-06
n,19.030473709106445, 23.781864166259766, 1.331394855696999e-06
n,19.030473709106445, 23.781864166259766, 1.331394855696999e-06
n,19.030473709106445, 23.781864166259766, 1.331394855696999e-06
n,-23.268131256103516, 18.633474349975586, 6.254886150360107
n,19.030473709106445, 23.781864166259766, 1.331394855696999e-06
n,19.030473709106445, 23.781864166259766, 1.331394855696999e-06
n,19.030473709106445, 23.781864166259766, 1.331394855696999e-06
n,19.030473709106445, 23.781864166259766, 1.331394855696999e-06
n,19.030473709106445, 23.781864166259766, 1.331394855696999e-06
n,19.030473709106445, 23.781864166259766, 1.331394855696999e-06
n,19.030473709106445, 23.781864166259766, 1.331394855696999e-06
n,19.030473709106445, 23.781864166259766, 1.331394855696999e-06
n,19.030473709106445, 23.781864166259766, 1.331394855696999e-06
n,19.030473709106445, 23.781864166259766, 1.331394855696999e-06
n,19.030473709106445, 23.781864166259766, 1.331394855696999e-06
n,19.030473709106445, 23.781864166259766, 1.331394855696999e-06
n,19.030473709106445, 23.781864166259766, 1.331394855696999e-06
n,19.030473709106445, 23.781864166259766, 1.331394855696999e-06
n,19.030473709106445, 23.781864166259766, 1.331394855696999e-06
n,19.030473709106445, 23.781864166259766, 1.331394855696999e-06
n,19.030473709106445, 23.781864166259766, 1.331394855696999e-06
n,19.030473709106445, 23.781864166259766, 1.331394855696999e-06
n,19.030473709106445, 23.781864166259766, 1.331394855696999e-06
n,19.030473709106445, 23.781864166259766, 1.331394855696999e-06
n,19.030473709106445, 23.781864166259766, 1.331394855696999e-06
n,19.030473709106445, 23.781864166259766, 1.331394855696999e-06
n,19.030473709106445, 23.781864166259766, 1.331394855696999e-06
n,19.030473709106445, 23.781864166259766, 1.331394855696999e-06
n,19.030473709106445, 23.781864166259766, 1.331394855696999e-06
n,19.030473709106445, 23.781864166259766, 1.331394855696999e-06
n,19.030473709106445, 23.781864166259766, 1.331394855696999e-06
n,19.030473709106445, 23.781864166259766, 1.331394855696999e-06
n,19.030473709106445, 23.781864166259766, 1.331394855696999e-06
n,19.030473709106445, 23.781864166259766, 1.331394855696999e-06
n,19.030473709106445, 23.781864166259766, 1.331394855696999e-06
n,19.030473709106445, 23.781864166259766, 1.331394855696999e-06
n,19.030473709106445, 23.781864166259766, 1.331394855696999e-06
n,19.030473709106445, 23.781864166259766, 1.331394855696999e-06
n,19.030473709106445, 23.781864166259766, 1.331394855696999e-06
n,19.030473709106445, 23.781864166259766, 1.331394855696999e-06
n,-19.030473709106445, -23.781864166259766, -1.331394855696999e-06
n,-19.030473709106445, -23.781864166259766, -1.331394855696999e-06
n,-19.030473709106445, -23.781864166259766, -1.331394855696999e-06
n,-19.030473709106445, -23.781864166259766, -1.331394855696999e-06
n,-19.030473709106445, -23.781864166259766, -1.331394855696999e-06
n,-19.030473709106445, -23.781864166259766, -1.331394855696999e-06
n,-19.030473709106445, -23.781864166259766, -1.331394855696999e-06
n,-19.030473709106445, -23.781864166259766, -1.331394855696999e-06
n,-19.030473709106445, -23.781864166259766, -1.331394855696999e-06
n,-19.030473709106445, -23.781864166259766, -1.331394855696999e-06
n,-19.030473709106445, -23.781864166259766, -1.331394855696999e-06
n,-19.030473709106445, -23.781864166259766, -1.331394855696999e-06
n,-19.030473709106445, -23.781864166259766, -1.331394855696999e-06
n,-19.030473709106445, -23.781864166259766, -1.331394855696999e-06
n,-19.030473709106445, -23.781864166259766, -1.331394855696999e-06
n,-19.030473709106445, -23.781864166259766, -1.331394855696999e-06
n,-19.030473709106445, -23.781864166259766, -1.331394855696999e-06
n,-19.030473709106445, -23.781864166259766, -1.331394855696999e-06
n,-19.030473709106445, -23.781864166259766, -1.331394855696999e-06
n,-19.030473709106445, -23.781864166259766, -1.331394855696999e-06
n,-19.030473709106445, -23.781864166259766, -1.331394855696999e-06
n,-19.030473709106445, -23.781864166259766, -1.331394855696999e-06
n,-19.030473709106445, -23.781864166259766, -1.331394855696999e-06
n,-19.030473709106445, -23.781864166259766, -1.331394855696999e-06
n,-19.030473709106445, -23.781864166259766, -1.331394855696999e-06
n,-19.030473709106445, -23.781864166259766, -1.331394855696999e-06
n,-19.030473709106445, -23.781864166259766, -1.331394855696999e-06
n,-19.030473709106445, -23.781864166259766, -1.331394855696999e-06
n,-19.030473709106445, -23.781864166259766, -1.331394855696999e-06
n,-19.030473709106445, -23.781864166259766, -1.331394855696999e-06
n,-19.030473709106445, -23.781864166259766, -1.331394855696999e-06
n,-19.030473709106445, -23.781864166259766, -1.331394855696999e-06
n,-19.030473709106445, -23.781864166259766, -1.331394855696999e-06
n,-19.030473709106445, -23.781864166259766, -1.331394855696999e-06
n,-19.030473709106445, -23.781864166259766, -1.331394855696999e-06
n,-19.030473709106445, -23.781864166259766, -1.331394855696999e-06
n,-19.030473709106445, -23.781864166259766, -1.331394855696999e-06
n,-19.030473709106445, -23.781864166259766, -1.331394855696999e-06
n,-19.030473709106445, -23.781864166259766, -1.331394855696999e-06
n,-19.030473709106445, -23.781864166259766, -1.331394855696999e-06
n,-19.030473709106445, -23.781864166259766, -1.331394855696999e-06
n,-19.030473709106445, -23.781864166259766, -1.331394855696999e-06
n,-19.030473709106445, -23.781864166259766, -1.331394855696999e-06
n,-19.030473709106445, -23.781864166259766, -1.331394855696999e-06
n,-19.030473709106445, -23.781864166259766, -1.331394855696999e-06
n,-19.030473709106445, -23.781864166259766, -1.331394855696999e-06
n,-19.030473709106445, -23.781864166259766, -1.331394855696999e-06
n,-19.030473709106445, -23.781864166259766, -1.331394855696999e-06
n,22.95543098449707, -18.414039611816406, -7.855395793914795
n,12.634221076965332, -10.015114784240723, -25.84202003479004
n,22.857192993164062, -18.340343475341797, -8.301596641540527
n,23.126670837402344, -18.665573120117188, -6.670041084289551
n,11.222049713134766, -8.900782585144043, -26.88080596923828
n,23.280811309814453, -18.7565975189209, -5.824934482574463
n,9.107823371887207, -7.189027309417725, -28.162057876586914
n,-12.916589736938477, 10.433473587036133, -25.53508186340332
n,22.978179931640625, -18.49169921875, -7.602384567260742
n,-14.75914192199707, 11.711682319641113, 23.93199348449707
n,-6.982933521270752, 5.465699195861816, 29.13933563232422
n,-5.731744766235352, 4.545363426208496, 29.5672607421875
n,13.736968994140625, -11.097198486328125, 24.81700897216797
n,6.761671543121338, -5.497650146484375, 29.185468673706055
n,0.07876576483249664, -0.03735647723078728, 30.458633422851562
n,-23.79185676574707, 19.003515243530273, -0.7416004538536072
n,17.8703670501709, -14.305435180664062, 20.09329605102539
n,23.12857437133789, -18.356351852416992, -7.473247528076172
n,12.949477195739746, -10.440960884094238, -25.515357971191406
n,-23.158924102783203, 18.49419403076172, -7.026012897491455
n,-7.472800254821777, 6.002542495727539, 28.91128921508789
n,-20.98708152770996, 16.753061294555664, -14.374053001403809
n,11.96463394165039, -9.644259452819824, -26.297754287719727
n,-23.19202995300293, 18.555814743041992, 6.748884201049805
n,-6.431427478790283, 5.1499457359313965, 29.323211669921875
n,-23.711057662963867, 19.01137924194336, 2.0221469402313232
n,23.35024070739746, -18.512435913085938, -6.308080196380615
n,-16.889678955078125, 13.442510604858398, -21.488924026489258
n,10.147212028503418, -8.233931541442871, -27.513134002685547
n,21.860980987548828, -17.486909866333008, 12.001733779907227
n,22.987401962280273, -18.289886474609375, -8.049555778503418
n,-11.589715003967285, 9.176706314086914, -26.630859375
n,-23.527008056640625, 18.84916877746582, 4.350261211395264
n,23.533931732177734, -18.743330001831055, -4.751596450805664
n,7.226062297821045, -5.856085777282715, -29.003902435302734
n,-23.23784065246582, 18.58710479736328, 6.500622749328613
n,-14.973464965820312, 12.042033195495605, 23.633045196533203
n,-6.262817859649658, 4.976059913635254, -29.389657974243164
n,-23.422727584838867, 18.74308967590332, 5.273362159729004
n,23.0932559967041, -18.436073303222656, -7.385696887969971
n,3.9175472259521484, -3.1576037406921387, -30.040279388427734
n,-7.406295299530029, 5.978174686431885, 28.93344497680664
n,14.056273460388184, -11.24796199798584, -24.569095611572266
n,16.539011001586914, -13.234674453735352, 21.886995315551758
n,-0.6719457507133484, 0.5092775821685791, -30.44708824157715
n,-13.065715789794922, 10.488920211791992, 25.43630599975586
n,23.792633056640625, -19.001575469970703, -0.7659810781478882
n,-1.4962823390960693, 1.221946120262146, 30.39743423461914
n,-0.0657196044921875, 0.05105575919151306, 30.45864486694336
n,22.952594757080078, -18.366884231567383, -7.973199844360352
n,22.544189453125, -18.009183883666992, 9.755250930786133
n,-11.505672454833984, 9.219796180725098, 26.652408599853516
n,-23.044279098510742, 18.440250396728516, 7.526921272277832
n,-6.022146701812744, 4.968195915222168, 29.44124412536621
n,18.514827728271484, -14.764127731323242, 19.15614128112793
n,-9.150339126586914, 7.339360237121582, 28.10944938659668
n,-23.601091384887695, 18.86690902709961, 3.8424131870269775
n,-0.0025032630655914545, 0.005190255586057901, -30.458759307861328
n,-0.06316190958023071, 0.06313280761241913, -30.458627700805664
n,-5.669096946716309, 4.532904624938965, 29.58124542236328
n,10.251049995422363, -8.04204273223877, 27.531391143798828
n,-1.4047117233276367, 1.131832242012024, -30.405290603637695
n,23.553993225097656, -18.835540771484375, -4.26238489151001
n,-0.018798092380166054, 0.05406956002116203, 30.45870590209961
n,-23.282217025756836, 18.625398635864258, 6.226458549499512
n,-23.767032623291016, 19.04425048828125, -0.42520084977149963
n,17.88545799255371, -14.31379508972168, 20.073902130126953
n,-23.208515167236328, 18.608802795410156, -6.543187141418457
n,-7.519656658172607, 6.0065507888793945, 28.898305892944336
n,-21.16626739501953, 16.978544235229492, -13.836695671081543
n,-23.19440460205078, 18.553693771362305, 6.7465596199035645
n,-6.484198093414307, 5.170486927032471, 29.307971954345703
n,-23.74058723449707, 18.98924446105957, 1.878612756729126
n,-17.35762596130371, 13.92746353149414, -20.796024322509766
n,21.850740432739258, -17.485170364379883, 12.022889137268066
n,-23.562360763549805, 18.82557487487793, 4.260165691375732
n,23.52182960510254, -18.8430233001709, -4.404539585113525
n,6.8361496925354, -5.450750350952148, -29.17691421508789
n,-23.2248477935791, 18.59415626525879, 6.526845932006836
n,-6.919925689697266, 5.608572006225586, -29.127212524414062
n,-23.432924270629883, 18.739391326904297, 5.241127967834473
n,3.6756691932678223, -2.9179415702819824, -30.09503173828125
n,-7.574049949645996, 6.060825347900391, 28.872758865356445
n,14.031381607055664, -11.114850997924805, -24.643789291381836
n,16.700937271118164, -13.37936782836914, 21.67504119873047
n,-1.0128676891326904, 0.8449958562850952, -30.43018341064453
n,-13.052582740783691, 10.470181465148926, 25.45076560974121
n,23.765335083007812, -19.048521041870117, -0.3141763210296631
n,-1.5691403150558472, 1.2450624704360962, 30.392820358276367
n,-0.08348526805639267, 0.05330678075551987, 30.45859718322754
n,22.952754974365234, -18.373870849609375, -7.956633567810059
n,22.358402252197266, -17.91339874267578, 10.341562271118164
n,-11.61819839477539, 9.276777267456055, 26.5837345123291
n,-23.048019409179688, 18.440187454223633, 7.515605449676514
n,18.72561264038086, -14.963211059570312, 18.793344497680664
n,-9.357394218444824, 7.472488880157471, 28.00602149963379
n,-23.57109260559082, 18.875728607177734, 3.9807634353637695
n,-0.001649955054745078, 0.001322014955803752, -30.458759307861328
n,-0.057350851595401764, 0.048417121171951294, -30.45866584777832
n,-5.798372268676758, 4.617707252502441, 29.543046951293945
n,-1.381895661354065, 1.0881582498550415, -30.407928466796875
n,23.556102752685547, -18.84510612487793, -4.2080864906311035
u,0.5562949180603027, 0.5976224839687347, 0
u,0.5505761504173279, 0.6056718230247498, 0
u,0.564781904220581, 0.6424028873443604, 0
u,0.6091834306716919, 0.60971400141716, 0
u,0.5562949180603027, 0.5976224839687347, 0
u,0.564781904220581, 0.6424028873443604, 0
u,0.6365424990653992, 0.6147896945476532, 0
u,0.6091834306716919, 0.60971400141716, 0
u,0.564781904220581, 0.6424028873443604, 0
u,0.6401242017745972, 0.6357163786888123, 0
u,0.6365424990653992, 0.6147896945476532, 0
u,0.564781904220581, 0.6424028873443604, 0
u,0.6493281722068787, 0.6746573448181152, 0
u,0.6401242017745972, 0.6357163786888123, 0
u,0.564781904220581, 0.6424028873443604, 0
u,0.6493281722068787, 0.6746573448181152, 0
u,0.564781904220581, 0.6424028873443604, 0
u,0.5901923775672913, 0.7121778130531311, 0
u,0.6563646197319031, 0.7004474997520447, 0
u,0.6493281722068787, 0.6746573448181152, 0
u,0.5901923775672913, 0.7121778130531311, 0
u,0.6738079786300659, 0.704420804977417, 0
u,0.6563646197319031, 0.7004474997520447, 0
u,0.5901923775672913, 0.7121778130531311, 0
u,0.5368618965148926, 0.7169422209262848, 0
u,0.5040186643600464, 0.7179989516735077, 0
u,0.5018841028213501, 0.7207086980342865, 0
u,0.6738079786300659, 0.704420804977417, 0
u,0.5901923775672913, 0.7121778130531311, 0
u,0.5368618965148926, 0.7169422209262848, 0
u,0.6738079786300659, 0.704420804977417, 0
u,0.5368618965148926, 0.7169422209262848, 0
u,0.5018841028213501, 0.7207086980342865, 0
u,0.6738079786300659, 0.704420804977417, 0
u,0.5018841028213501, 0.7207086980342865, 0
u,0.5111439824104309, 0.7460626363754272, 0
u,0.7065611481666565, 0.7109028100967407, 0
u,0.6738079786300659, 0.704420804977417, 0
u,0.5111439824104309, 0.7460626363754272, 0
u,0.7313039898872375, 0.7146946489810944, 0
u,0.7065611481666565, 0.7109028100967407, 0
u,0.5111439824104309, 0.7460626363754272, 0
u,0.7372586727142334, 0.7312552332878113, 0
u,0.7313039898872375, 0.7146946489810944, 0
u,0.5111439824104309, 0.7460626363754272, 0
u,0.8227325081825256, 1.0000066746320044, 0
u,0.9082062244415283, 0.9559587351977825, 0
u,0.8227324485778809, 0.9532322064042091, 0
u,0.7372586727142334, 0.7312552332878113, 0
u,0.5111439824104309, 0.7460626363754272, 0
u,0.6687144637107849, 0.7378831803798676, 0
u,0.6687144637107849, 0.7378831803798676, 0
u,0.5111439824104309, 0.7460626363754272, 0
u,0.6004893183708191, 0.7445129752159119, 0
u,0.6004893183708191, 0.7445129752159119, 0
u,0.5111439824104309, 0.7460626363754272, 0
u,0.5519614219665527, 0.7494922876358032, 0
u,0.5136718153953552, 0.7554044723510742, 0
u,0.5519614219665527, 0.7494922876358032, 0
u,0.5111439824104309, 0.7460626363754272, 0
u,0.6687144637107849, 0.7378831803798676, 0
u,0.6004893183708191, 0.7445129752159119, 0
u,0.6119617223739624, 0.7756684124469757, 0
u,0.6819595098495483, 0.7803230881690979, 0
u,0.6687144637107849, 0.7378831803798676, 0
u,0.6119617223739624, 0.7756684124469757, 0
u,0.6819595098495483, 0.7803230881690979, 0
u,0.6119617223739624, 0.7756684124469757, 0
u,0.6384091973304749, 0.8563645780086517, 0
u,0.7180826663970947, 0.8898221850395203, 0
u,0.6819595098495483, 0.7803230881690979, 0
u,0.6384091973304749, 0.8563645780086517, 0
u,0.7180826663970947, 0.8898221850395203, 0
u,0.6384091973304749, 0.8563645780086517, 0
u,0.6538830399513245, 0.9078646302223206, 0
u,0.7180826663970947, 0.8898221850395203, 0
u,0.6538830399513245, 0.9078646302223206, 0
u,0.6590580344200134, 0.9290901124477386, 0
u,0.7324308156967163, 0.9344892054796219, 0
u,0.7180826663970947, 0.8898221850395203, 0
u,0.6590580344200134, 0.9290901124477386, 0
u,0.5938608646392822, 0.9340810850262642, 0
u,0.5723718404769897, 0.9202310368418694, 0
u,0.5665802955627441, 0.9381993785500526, 0
u,0.5938608646392822, 0.9340810850262642, 0
u,0.5665802955627441, 0.9381993785500526, 0
u,0.6251506805419922, 0.9724377542734146, 0
u,0.6110970973968506, 0.9431676045060158, 0
u,0.5938608646392822, 0.9340810850262642, 0
u,0.6251506805419922, 0.9724377542734146, 0
u,0.7324308156967163, 0.9344892054796219, 0
u,0.6590580344200134, 0.9290901124477386, 0
u,0.6600461006164551, 0.9395472034811974, 0
u,0.7324308156967163, 0.9344892054796219, 0
u,0.6600461006164551, 0.9395472034811974, 0
u,0.6587555408477783, 0.945316169410944, 0
u,0.6266549229621887, 0.9500329568982124, 0
u,0.6110970973968506, 0.9431676045060158, 0
u,0.6251506805419922, 0.9724377542734146, 0
u,0.7324308156967163, 0.9344892054796219, 0
u,0.6587555408477783, 0.945316169410944, 0
u,0.6565777063369751, 0.9487372152507305, 0
u,0.6350244283676147, 0.9526681154966354, 0
u,0.6266549229621887, 0.9500329568982124, 0
u,0.6251506805419922, 0.9724377542734146, 0
u,0.7360502481460571, 0.9503370672464371, 0
u,0.7324308156967163, 0.9344892054796219, 0
u,0.6565777063369751, 0.9487372152507305, 0
u,0.7360502481460571, 0.9503370672464371, 0
u,0.6565777063369751, 0.9487372152507305, 0
u,0.65314781665802, 0.9516549408435822, 0
u,0.6433333158493042, 0.9538271129131317, 0
u,0.6350244283676147, 0.9526681154966354, 0
u,0.6251506805419922, 0.9724377542734146, 0
u,0.7360502481460571, 0.9503370672464371, 0
u,0.65314781665802, 0.9516549408435822, 0
u,0.6491051912307739, 0.9533574543893337, 0
u,0.7360502481460571, 0.9503370672464371, 0
u,0.6491051912307739, 0.9533574543893337, 0
u,0.6433333158493042, 0.9538271129131317, 0
u,0.7360502481460571, 0.9503370672464371, 0
u,0.6433333158493042, 0.9538271129131317, 0
u,0.6251506805419922, 0.9724377542734146, 0
u,0.7371628284454346, 0.9637315347790718, 0
u,0.7360502481460571, 0.9503370672464371, 0
u,0.6251506805419922, 0.9724377542734146, 0
u,0.7358389496803284, 0.9745215121656656, 0
u,0.7371628284454346, 0.9637315347790718, 0
u,0.6251506805419922, 0.9724377542734146, 0
u,0.7358389496803284, 0.9745215121656656, 0
u,0.6251506805419922, 0.9724377542734146, 0
u,0.6533631086349487, 0.9865514356642962, 0
u,0.7322764992713928, 0.9835412483662367, 0
u,0.7358389496803284, 0.9745215121656656, 0
u,0.6533631086349487, 0.9865514356642962, 0
u,0.7322764992713928, 0.9835412483662367, 0
u,0.6533631086349487, 0.9865514356642962, 0
u,0.6695260405540466, 0.993228655308485, 0
u,0.7273173332214355, 0.9901677314192057, 0
u,0.7322764992713928, 0.9835412483662367, 0
u,0.6695260405540466, 0.993228655308485, 0
u,0.7273173332214355, 0.9901677314192057, 0
u,0.6695260405540466, 0.993228655308485, 0
u,0.6825056076049805, 0.9971895501948893, 0
u,0.7211322784423828, 0.994979428127408, 0
u,0.7273173332214355, 0.9901677314192057, 0
u,0.6825056076049805, 0.9971895501948893, 0
u,0.7211322784423828, 0.994979428127408, 0
u,0.6825056076049805, 0.9971895501948893, 0
u,0.6936890482902527, 0.9993768533458933, 0
u,0.7126115560531616, 0.9985295846126974, 0
u,0.7211322784423828, 0.994979428127408, 0
u,0.6936890482902527, 0.9993768533458933, 0
u,0.7126115560531616, 0.9985295846126974, 0
u,0.6936890482902527, 0.9993768533458933, 0
u,0.7032472491264343, 0.9999121236905921, 0
u,0.6279765963554382, 0.20774990320205688, 0
u,0.6885907053947449, 0.20324426889419556, 0
u,0.6828448176383972, 0.19525718688964844, 0
u,0.6026028990745544, 0.2124183177947998, 0
u,0.6885907053947449, 0.20324426889419556, 0
u,0.6279765963554382, 0.20774990320205688, 0
u,0.598613440990448, 0.23528921604156494, 0
u,0.6885907053947449, 0.20324426889419556, 0
u,0.6026028990745544, 0.2124183177947998, 0
u,0.598613440990448, 0.23528921604156494, 0
u,0.6637995839118958, 0.2682986855506897, 0
u,0.6885907053947449, 0.20324426889419556, 0
u,0.5891600847244263, 0.2747575044631958, 0
u,0.6637995839118958, 0.2682986855506897, 0
u,0.598613440990448, 0.23528921604156494, 0
u,0.5891600847244263, 0.2747575044631958, 0
u,0.6489571332931519, 0.30979275703430176, 0
u,0.6637995839118958, 0.2682986855506897, 0
u,0.5827781558036804, 0.2980814576148987, 0
u,0.6489571332931519, 0.30979275703430176, 0
u,0.5891600847244263, 0.2747575044631958, 0
u,0.5486965179443359, 0.3054472804069519, 0
u,0.6489571332931519, 0.30979275703430176, 0
u,0.5827781558036804, 0.2980814576148987, 0
u,0.7008979320526123, 0.3144824504852295, 0
u,0.7372586727142334, 0.3183426856994629, 0
u,0.7350998520851135, 0.3156331777572632, 0
u,0.5486965179443359, 0.3054472804069519, 0
u,0.7008979320526123, 0.3144824504852295, 0
u,0.6489571332931519, 0.30979275703430176, 0
u,0.5486965179443359, 0.3054472804069519, 0
u,0.7372586727142334, 0.3183426856994629, 0
u,0.7008979320526123, 0.3144824504852295, 0
u,0.5486965179443359, 0.3054472804069519, 0
u,0.7280919551849365, 0.3433661460876465, 0
u,0.7372586727142334, 0.3183426856994629, 0
u,0.5077991485595703, 0.3123340606689453, 0
u,0.7280919551849365, 0.3433661460876465, 0
u,0.5486965179443359, 0.3054472804069519, 0
u,0.5018841028213501, 0.3288891911506653, 0
u,0.7280919551849365, 0.3433661460876465, 0
u,0.5077991485595703, 0.3123340606689453, 0
u,0.5018841028213501, 0.3288891911506653, 0
u,0.5704269409179688, 0.3355218172073364, 0
u,0.7280919551849365, 0.3433661460876465, 0
u,0.5704269409179688, 0.3355218172073364, 0
u,0.638641893863678, 0.34217721223831177, 0
u,0.7280919551849365, 0.3433661460876465, 0
u,0.638641893863678, 0.34217721223831177, 0
u,0.6883794069290161, 0.3472776412963867, 0
u,0.7280919551849365, 0.3433661460876465, 0
u,0.7254800796508789, 0.35304003953933716, 0
u,0.7280919551849365, 0.3433661460876465, 0
u,0.6883794069290161, 0.3472776412963867, 0
u,0.5563317537307739, 0.3805783987045288, 0
u,0.638641893863678, 0.34217721223831177, 0
u,0.5704269409179688, 0.3355218172073364, 0
u,0.5563317537307739, 0.3805783987045288, 0
u,0.6191015243530273, 0.3970768451690674, 0
u,0.638641893863678, 0.34217721223831177, 0
u,0.5199518203735352, 0.4908217191696167, 0
u,0.6191015243530273, 0.3970768451690674, 0
u,0.5563317537307739, 0.3805783987045288, 0
u,0.5199518203735352, 0.4908217191696167, 0
u,0.588945746421814, 0.4928112030029297, 0
u,0.6191015243530273, 0.3970768451690674, 0
u,0.5199518203735352, 0.4908217191696167, 0
u,0.5802967548370361, 0.5256831645965576, 0
u,0.588945746421814, 0.4928112030029297, 0
u,0.6482006311416626, 0.5299127101898193, 0
u,0.6725624799728394, 0.535833328962326, 0
u,0.6668155193328857, 0.5178343951702118, 0
u,0.5065547823905945, 0.5326735377311707, 0
u,0.5802967548370361, 0.5256831645965576, 0
u,0.5199518203735352, 0.4908217191696167, 0
u,0.6482006311416626, 0.5299127101898193, 0
u,0.6213557124137878, 0.5661758780479431, 0
u,0.6725624799728394, 0.535833328962326, 0
u,0.6267876625061035, 0.541401743888855, 0
u,0.6213557124137878, 0.5661758780479431, 0
u,0.6482006311416626, 0.5299127101898193, 0
u,0.5065547823905945, 0.5326735377311707, 0
u,0.5790703892707825, 0.5367788076400757, 0
u,0.5802967548370361, 0.5256831645965576, 0
u,0.5065547823905945, 0.5326735377311707, 0
u,0.5802682638168335, 0.5426777005195618, 0
u,0.5790703892707825, 0.5367788076400757, 0
u,0.611916184425354, 0.5478828549385071, 0
u,0.6213557124137878, 0.5661758780479431, 0
u,0.6267876625061035, 0.541401743888855, 0
u,0.5065547823905945, 0.5326735377311707, 0
u,0.5834817290306091, 0.5472144484519958, 0
u,0.5802682638168335, 0.5426777005195618, 0
u,0.6035569906234741, 0.550435870885849, 0
u,0.6213557124137878, 0.5661758780479431, 0
u,0.611916184425354, 0.5478828549385071, 0
u,0.5029828548431396, 0.5486570596694946, 0
u,0.5834817290306091, 0.5472144484519958, 0
u,0.5065547823905945, 0.5326735377311707, 0
u,0.5029828548431396, 0.5486570596694946, 0
u,0.5892406105995178, 0.5506731271743774, 0
u,0.5834817290306091, 0.5472144484519958, 0
u,0.5961980819702148, 0.551485002040863, 0
u,0.6213557124137878, 0.5661758780479431, 0
u,0.6035569906234741, 0.550435870885849, 0
u,0.5892406105995178, 0.5506731271743774, 0
u,0.6213557124137878, 0.5661758780479431, 0
u,0.5961980819702148, 0.551485002040863, 0
u,0.5029828548431396, 0.5486570596694946, 0
u,0.6213557124137878, 0.5661758780479431, 0
u,0.5892406105995178, 0.5506731271743774, 0
u,0.5019968152046204, 0.5621870756149292, 0
u,0.6213557124137878, 0.5661758780479431, 0
u,0.5029828548431396, 0.5486570596694946, 0
u,0.5019968152046204, 0.5621870756149292, 0
u,0.5970566272735596, 0.5788247585296631, 0
u,0.6213557124137878, 0.5661758780479431, 0
u,0.5034829378128052, 0.5728564262390137, 0
u,0.5970566272735596, 0.5788247585296631, 0
u,0.5019968152046204, 0.5621870756149292, 0
u,0.5034829378128052, 0.5728564262390137, 0
u,0.5781521201133728, 0.5875203013420105, 0
u,0.5970566272735596, 0.5788247585296631, 0
u,0.5072011947631836, 0.5817468166351318, 0
u,0.5781521201133728, 0.5875203013420105, 0
u,0.5034829378128052, 0.5728564262390137, 0
u,0.5072011947631836, 0.5817468166351318, 0
u,0.5611555576324463, 0.5935284495353699, 0
u,0.5781521201133728, 0.5875203013420105, 0
u,0.5131276249885559, 0.5889920592308044, 0
u,0.5611555576324463, 0.5935284495353699, 0
u,0.5072011947631836, 0.5817468166351318, 0
u,0.5195215344429016, 0.5935102701187134, 0
u,0.5611555576324463, 0.5935284495353699, 0
u,0.5131276249885559, 0.5889920592308044, 0
u,0.5195215344429016, 0.5935102701187134, 0
u,0.5461878776550293, 0.5969096422195435, 0
u,0.5611555576324463, 0.5935284495353699, 0
u,0.5271989107131958, 0.5963334441184998, 0
u,0.5461878776550293, 0.5969096422195435, 0
u,0.5195215344429016, 0.5935102701187134, 0
u,0.5271989107131958, 0.5963334441184998, 0
u,0.5365173816680908, 0.5975608229637146, 0
u,0.5461878776550293, 0.5969096422195435, 0
u,0.9082062840461731, 0.2867962121963501, 0
u,0.8227325081825256, 0.28682804107666016, 0
u,0.9082063436508179, 0.31951904296875, 0
u,0.1709475815296173, 0.13539111614227295, 0
u,0.08547380566596985, 0.15244877338409424, 0
u,0.1709475815296173, 0.16380053758621216, 0
u,0.672831654548645, 0.083354651927948, 0
u,0.5873578786849976, 0.0832897424697876, 0
u,0.672831654548645, 0.12205731868743896, 0
u,0.9082063436508179, 0.31951904296875, 0
u,0.8227325677871704, 0.34436678886413574, 0
u,0.9082063436508179, 0.40368032455444336, 0
u,0.1709475815296173, 0.16380053758621216, 0
u,0.08547380566596985, 0.17147445678710938, 0
u,0.1709475815296173, 0.1800563931465149, 0
u,0.9082063436508179, 0.40368032455444336, 0
u,0.8227325677871704, 0.44398999214172363, 0
u,0.9082062244415283, 0.4571361541748047, 0
u,0.1709475815296173, 0.1800563931465149, 0
u,0.08547380566596985, 0.18855440616607666, 0
u,0.1709475815296173, 0.19309067726135254, 0
u,0.1709475815296173, 0.2316821813583374, 0
u,0.08547380566596985, 0.23651331663131714, 0
u,0.1709475815296173, 0.2377985119819641, 0
u,0.672831654548645, 0.12205731868743896, 0
u,0.5873578786849976, 0.15176904201507568, 0
u,0.672831654548645, 0.19529110193252563, 0
u,0.9936801195144653, 0.8681318163871765, 0
u,0.9082063436508179, 0.8712721467018127, 0
u,0.9936801195144653, 0.891332782804966, 0
u,0.9332232475280762, 0.20131230354309082, 0
u,0.9496108293533325, 0.2867860794067383, 0
u,0.966558575630188, 0.20131230354309082, 0
u,0.9081936478614807, 0.20131230354309082, 0
u,0.9081536531448364, 0.28678613901138306, 0
u,0.9332232475280762, 0.20131230354309082, 0
u,0.9936801195144653, 0.8045415282249451, 0
u,0.9082063436508179, 0.8051259219646454, 0
u,0.9936801195144653, 0.80698162317276, 0
u,0.9936801195144653, 0.80698162317276, 0
u,0.9082063436508179, 0.8100040853023529, 0
u,0.9936801195144653, 0.8107493072748184, 0
u,0.9936801195144653, 0.8107493072748184, 0
u,0.9082063436508179, 0.8100040853023529, 0
u,0.9936801195144653, 0.8164003789424896, 0
u,0.8227324485778809, 0.7786173522472382, 0
u,0.9082062244415283, 0.7659193277359009, 0
u,0.8227324485778809, 0.7651120722293854, 0
u,0.5873578786849976, 0.0832897424697876, 0
u,0.672831654548645, 0.0765000581741333, 0
u,0.5873578786849976, 0.0765000581741333, 0
u,0.9082063436508179, 0.31951904296875, 0
u,0.8227325081825256, 0.28682804107666016, 0
u,0.8227325677871704, 0.34436678886413574, 0
u,0.1709475815296173, 0.13539111614227295, 0
u,0.08547380566596985, 0.12797307968139648, 0
u,0.08547380566596985, 0.15244877338409424, 0
u,0.8227324485778809, 0.7651120722293854, 0
u,0.9082062244415283, 0.7555003464221954, 0
u,0.8227324485778809, 0.7548390477895737, 0
u,0.9900516867637634, 0.49811094999313354, 0
u,0.9360010027885437, 0.41263723373413086, 0
u,0.9339817762374878, 0.49811089038848877, 0
u,0.8227324485778809, 0.7548390477895737, 0
u,0.9082062244415283, 0.7471995949745178, 0
u,0.8227324485778809, 0.7466917335987091, 0
u,0.1709475815296173, 0.16380053758621216, 0
u,0.08547380566596985, 0.15244877338409424, 0
u,0.08547380566596985, 0.17147445678710938, 0
u,0.8227324485778809, 0.9532322064042091, 0
u,0.9082062840461731, 0.8419737666845322, 0
u,0.8227325081825256, 0.8384706377983093, 0
u,0.9339817762374878, 0.49811089038848877, 0
u,0.9082003235816956, 0.4126371145248413, 0
u,0.9082023501396179, 0.49811094999313354, 0
u,0.1709475815296173, 0.11010050773620605, 0
u,0.2564213275909424, 0.08886271715164185, 0
u,0.1709475815296173, 0.08688324689865112, 0
u,0.9082063436508179, 0.40368032455444336, 0
u,0.8227325677871704, 0.34436678886413574, 0
u,0.8227325677871704, 0.44398999214172363, 0
u,0.8227324485778809, 0.7466917335987091, 0
u,0.9082062244415283, 0.7427065372467041, 0
u,0.8227324485778809, 0.7427065670490265, 0
u,0.1709475815296173, 0.1800563931465149, 0
u,0.08547380566596985, 0.17147445678710938, 0
u,0.08547380566596985, 0.18855440616607666, 0
u,1.0, 0.11583852767944336, 0
u,0.9833368062973022, 0.030364692211151123, 0
u,0.9833368062973022, 0.11583852767944336, 0
u,0.672831654548645, 0.12205731868743896, 0
u,0.5873578786849976, 0.0832897424697876, 0
u,0.5873578786849976, 0.15176904201507568, 0
u,0.1709475815296173, 0.2316821813583374, 0
u,0.08547381311655045, 0.23018401861190796, 0
u,0.08547380566596985, 0.23651331663131714, 0
u,0.1709475815296173, 0.08688324689865112, 0
u,0.25642135739326477, 0.048932671546936035, 0
u,0.1709475815296173, 0.046392083168029785, 0
u,0.8227325677871704, 0.4778868556022644, 0
u,0.9082062244415283, 0.4571361541748047, 0
u,0.8227325677871704, 0.44398999214172363, 0
u,0.08547380566596985, 0.2035684585571289, 0
u,0.1709475815296173, 0.19309067726135254, 0
u,0.08547380566596985, 0.18855440616607666, 0
u,0.8227325081825256, 0.8384706377983093, 0
u,0.9082062840461731, 0.7955413460731506, 0
u,0.8227324485778809, 0.7949725389480591, 0
u,0.9936801195144653, 0.891332782804966, 0
u,0.9082063436508179, 0.8712721467018127, 0
u,0.9082062840461731, 0.8913813084363937, 0
u,0.08547381311655045, 0.23018401861190796, 0
u,0.1709475815296173, 0.22321254014968872, 0
u,0.08547380566596985, 0.22254741191864014, 0
u,0.1709475815296173, 0.046392083168029785, 0
u,0.25642135739326477, 0.022331058979034424, 0
u,0.17094756662845612, 0.022331058979034424, 0
u,0.672831654548645, 0.19529110193252563, 0
u,0.5873578786849976, 0.15176904201507568, 0
u,0.5873578786849976, 0.19527113437652588, 0
u,0.08547380566596985, 0.2132471799850464, 0
u,0.1709475815296173, 0.20430392026901245, 0
u,0.08547380566596985, 0.2035684585571289, 0
u,0.984384298324585, 0.2867860794067383, 0
u,0.966558575630188, 0.20131230354309082, 0
u,0.9496108293533325, 0.2867860794067383, 0
u,0.08547380566596985, 0.12797307968139648, 0
u,0.17094756662845612, 0.07634198665618896, 0
u,0.08547379821538925, 0.07634198665618896, 0
u,0.6750897169113159, 0.10979413986206055, 0
u,0.672831654548645, 0.195267915725708, 0
u,0.6750897169113159, 0.195267915725708, 0
u,0.08547380566596985, 0.22254741191864014, 0
u,0.1709475815296173, 0.21386873722076416, 0
u,0.08547380566596985, 0.2132471799850464, 0
u,0.9936801195144653, 0.8681318163871765, 0
u,0.9082062244415283, 0.8484736680984497, 0
u,0.9082063436508179, 0.8712721467018127, 0
u,0.8227325081825256, 0.4890204668045044, 0
u,0.9082063436508179, 0.47894901037216187, 0
u,0.8227325677871704, 0.4778868556022644, 0
u,0.9927070140838623, 0.7175208032131195, 0
u,0.9603512287139893, 0.632047027349472, 0
u,0.9589945673942566, 0.7175207734107971, 0
u,0.9589945673942566, 0.7175207734107971, 0
u,0.9082062840461731, 0.632047027349472, 0
u,0.9082062840461731, 0.7175208032131195, 0
u,0.7013634443283081, 0.195267915725708, 0
u,0.6750897169113159, 0.10979413986206055, 0
u,0.6750897169113159, 0.195267915725708, 0
u,0.8227325081825256, 0.49460291862487793, 0
u,0.9082062244415283, 0.48941129446029663, 0
u,0.8227325081825256, 0.4890204668045044, 0
u,0.9082062244415283, 0.8484736680984497, 0
u,0.9936801195144653, 0.8334436267614365, 0
u,0.9082062244415283, 0.8328476250171661, 0
u,0.7113510370254517, 0.10979408025741577, 0
u,0.6940264701843262, 0.02432030439376831, 0
u,0.6940264701843262, 0.10979408025741577, 0
u,0.9332232475280762, 0.20131230354309082, 0
u,0.9081536531448364, 0.28678613901138306, 0
u,0.9496108293533325, 0.2867860794067383, 0
u,0.9082062840461731, 0.49763691425323486, 0
u,0.8227325081825256, 0.49460291862487793, 0
u,0.8227325081825256, 0.49751126766204834, 0
u,0.9082062244415283, 0.8328476250171661, 0
u,0.9936801195144653, 0.8247897177934647, 0
u,0.9082062244415283, 0.8242152631282806, 0
u,0.8227324485778809, 0.7949725389480591, 0
u,0.9082063436508179, 0.7793120741844177, 0
u,0.8227324485778809, 0.7786173522472382, 0
u,0.49580907821655273, 0.2392142415046692, 0
u,0.42736896872520447, 0.15374046564102173, 0
u,0.42736896872520447, 0.2392142415046692, 0
u,0.9082063436508179, 0.8041840493679047, 0
u,0.9936801195144653, 0.7557353377342224, 0
u,0.9082063436508179, 0.7545396685600281, 0
u,0.9082062244415283, 0.8242152631282806, 0
u,0.9936801195144653, 0.8164003789424896, 0
u,0.9082062244415283, 0.8167819082736969, 0
u,0.9936801195144653, 0.80698162317276, 0
u,0.9082063436508179, 0.8051259219646454, 0
u,0.9082063436508179, 0.8100040853023529, 0
u,0.9082063436508179, 0.7545396685600281, 0
u,0.9936800599098206, 0.7175332605838776, 0
u,0.9082062840461731, 0.7175242006778717, 0
u,0.7113510370254517, 0.195267915725708, 0
u,0.7017053365707397, 0.10979413986206055, 0
u,0.7013634443283081, 0.195267915725708, 0
u,0.9936801195144653, 0.8164003789424896, 0
u,0.9082063436508179, 0.8100040853023529, 0
u,0.9082062244415283, 0.8167819082736969, 0
u,0.8227325081825256, 1.0000066746320044, 0
u,0.9082062840461731, 1.0000114521253636, 0
u,0.9082062244415283, 0.9559587351977825, 0
u,0.8227324485778809, 0.7786173522472382, 0
u,0.9082063436508179, 0.7793120741844177, 0
u,0.9082062244415283, 0.7659193277359009, 0
u,0.5873578786849976, 0.0832897424697876, 0
u,0.672831654548645, 0.083354651927948, 0
u,0.672831654548645, 0.0765000581741333, 0
u,0.8227324485778809, 0.7651120722293854, 0
u,0.9082062244415283, 0.7659193277359009, 0
u,0.9082062244415283, 0.7555003464221954, 0
u,0.9900516867637634, 0.49811094999313354, 0
u,0.9900548458099365, 0.4126371741294861, 0
u,0.9360010027885437, 0.41263723373413086, 0
u,0.8227324485778809, 0.7548390477895737, 0
u,0.9082062244415283, 0.7555003464221954, 0
u,0.9082062244415283, 0.7471995949745178, 0
u,0.8227324485778809, 0.9532322064042091, 0
u,0.9082062244415283, 0.9559587351977825, 0
u,0.9082062840461731, 0.8419737666845322, 0
u,0.9339817762374878, 0.49811089038848877, 0
u,0.9360010027885437, 0.41263723373413086, 0
u,0.9082003235816956, 0.4126371145248413, 0
u,0.1709475815296173, 0.11010050773620605, 0
u,0.25642135739326477, 0.11009550094604492, 0
u,0.2564213275909424, 0.08886271715164185, 0
u,0.8227324485778809, 0.7466917335987091, 0
u,0.9082062244415283, 0.7471995949745178, 0
u,0.9082062244415283, 0.7427065372467041, 0
u,1.0, 0.11583852767944336, 0
u,1.0, 0.030364692211151123, 0
u,0.9833368062973022, 0.030364692211151123, 0
u,0.1709475815296173, 0.08688324689865112, 0
u,0.2564213275909424, 0.08886271715164185, 0
u,0.25642135739326477, 0.048932671546936035, 0
u,0.8227325677871704, 0.4778868556022644, 0
u,0.9082063436508179, 0.47894901037216187, 0
u,0.9082062244415283, 0.4571361541748047, 0
u,0.08547380566596985, 0.2035684585571289, 0
u,0.1709475815296173, 0.20430392026901245, 0
u,0.1709475815296173, 0.19309067726135254, 0
u,0.8227325081825256, 0.8384706377983093, 0
u,0.9082062840461731, 0.8419737666845322, 0
u,0.9082062840461731, 0.7955413460731506, 0
u,0.08547381311655045, 0.23018401861190796, 0
u,0.1709475815296173, 0.2316821813583374, 0
u,0.1709475815296173, 0.22321254014968872, 0
u,0.1709475815296173, 0.046392083168029785, 0
u,0.25642135739326477, 0.048932671546936035, 0
u,0.25642135739326477, 0.022331058979034424, 0
u,0.08547380566596985, 0.2132471799850464, 0
u,0.1709475815296173, 0.21386873722076416, 0
u,0.1709475815296173, 0.20430392026901245, 0
u,0.984384298324585, 0.2867860794067383, 0
u,0.984384298324585, 0.20131230354309082, 0
u,0.966558575630188, 0.20131230354309082, 0
u,0.08547380566596985, 0.12797307968139648, 0
u,0.1709475815296173, 0.13539111614227295, 0
u,0.17094756662845612, 0.07634198665618896, 0
u,0.6750897169113159, 0.10979413986206055, 0
u,0.672831654548645, 0.10979413986206055, 0
u,0.672831654548645, 0.195267915725708, 0
u,0.08547380566596985, 0.22254741191864014, 0
u,0.1709475815296173, 0.22321254014968872, 0
u,0.1709475815296173, 0.21386873722076416, 0
u,0.9936801195144653, 0.8681318163871765, 0
u,0.9936801195144653, 0.849802702665329, 0
u,0.9082062244415283, 0.8484736680984497, 0
u,0.8227325081825256, 0.4890204668045044, 0
u,0.9082062244415283, 0.48941129446029663, 0
u,0.9082063436508179, 0.47894901037216187, 0
u,0.9927070140838623, 0.7175208032131195, 0
u,0.9927311539649963, 0.632047027349472, 0
u,0.9603512287139893, 0.632047027349472, 0
u,0.9589945673942566, 0.7175207734107971, 0
u,0.9603512287139893, 0.632047027349472, 0
u,0.9082062840461731, 0.632047027349472, 0
u,0.7013634443283081, 0.195267915725708, 0
u,0.7017053365707397, 0.10979413986206055, 0
u,0.6750897169113159, 0.10979413986206055, 0
u,0.8227325081825256, 0.49460291862487793, 0
u,0.9082062840461731, 0.49484914541244507, 0
u,0.9082062244415283, 0.48941129446029663, 0
u,0.9082062244415283, 0.8484736680984497, 0
u,0.9936801195144653, 0.849802702665329, 0
u,0.9936801195144653, 0.8334436267614365, 0
u,0.7113510370254517, 0.10979408025741577, 0
u,0.7113510370254517, 0.02432030439376831, 0
u,0.6940264701843262, 0.02432030439376831, 0
u,0.9082062840461731, 0.49763691425323486, 0
u,0.9082062840461731, 0.49484914541244507, 0
u,0.8227325081825256, 0.49460291862487793, 0
u,0.9082062244415283, 0.8328476250171661, 0
u,0.9936801195144653, 0.8334436267614365, 0
u,0.9936801195144653, 0.8247897177934647, 0
u,0.8227324485778809, 0.7949725389480591, 0
u,0.9082062840461731, 0.7955413460731506, 0
u,0.9082063436508179, 0.7793120741844177, 0
u,0.49580907821655273, 0.2392142415046692, 0
u,0.49580907821655273, 0.15374046564102173, 0
u,0.42736896872520447, 0.15374046564102173, 0
u,0.9082063436508179, 0.8041840493679047, 0
u,0.9936800599098206, 0.8041840344667435, 0
u,0.9936801195144653, 0.7557353377342224, 0
u,0.9082062244415283, 0.8242152631282806, 0
u,0.9936801195144653, 0.8247897177934647, 0
u,0.9936801195144653, 0.8164003789424896, 0
u,0.9082063436508179, 0.7545396685600281, 0
u,0.9936801195144653, 0.7557353377342224, 0
u,0.9936800599098206, 0.7175332605838776, 0
u,0.7113510370254517, 0.195267915725708, 0
u,0.7113510370254517, 0.10979413986206055, 0
u,0.7017053365707397, 0.10979413986206055, 0
