v,0.001678170170634985, 0.013113001361489296, 0.0025421821046620607
v,0.001678170170634985, 0.01375846192240715, 0.002595736412331462
v,0.001678170170634985, 0.013529103249311447, 0.002635729731991887
v,0.0016781700542196631, 0.01689087599515915, 0.0025556229520589113
v,0.0016781700542196631, 0.017676301300525665, 0.0026258656289428473
v,0.0016781700542196631, 0.017258290201425552, 0.002622522646561265
v,0.0016781700542196631, 0.01689087599515915, 0.0025556229520589113
v,0.0016781699378043413, 0.018078777939081192, 0.0025403278414160013
v,0.0016781700542196631, 0.017676301300525665, 0.0026258656289428473
v,0.001678170170634985, 0.013113001361489296, 0.0025421821046620607
v,0.001678170170634985, 0.013948553241789341, 0.002471516141667962
v,0.001678170170634985, 0.01375846192240715, 0.002595736412331462
v,0.0016781700542196631, 0.016507098451256752, 0.0024019728880375624
v,0.0016781699378043413, 0.018078777939081192, 0.0025403278414160013
v,0.0016781700542196631, 0.01689087599515915, 0.0025556229520589113
v,0.001678170170634985, 0.012370084412395954, 0.0021938171703368425
v,0.001678170170634985, 0.013948553241789341, 0.002471516141667962
v,0.001678170170634985, 0.013113001361489296, 0.0025421821046620607
v,0.001678170170634985, 0.012370084412395954, 0.0021938171703368425
v,0.001678170170634985, 0.014076726511120796, 0.002286709612235427
v,0.001678170170634985, 0.013948553241789341, 0.002471516141667962
v,0.0016781700542196631, 0.016507098451256752, 0.0024019728880375624
v,0.0016781699378043413, 0.0177935678511858, 0.0014415361220017076
v,0.0016781699378043413, 0.018078777939081192, 0.0025403278414160013
v,0.0016781700542196631, 0.015996597707271576, 0.002004565903916955
v,0.0016781699378043413, 0.0177935678511858, 0.0014415361220017076
v,0.0016781700542196631, 0.016507098451256752, 0.0024019728880375624
v,0.001678170170634985, 0.012370084412395954, 0.0021938171703368425
v,0.001678170170634985, 0.014156465418636799, 0.0020153590012341738
v,0.001678170170634985, 0.014076726511120796, 0.002286709612235427
v,0.001678170170634985, 0.012370084412395954, 0.0021938171703368425
v,0.0016781700542196631, 0.014137865044176579, 0.0015476677799597383
v,0.001678170170634985, 0.014156465418636799, 0.0020153590012341738
v,0.0016781702870503068, 0.010873541235923767, 0.0012005126336589456
v,0.0016781700542196631, 0.014137865044176579, 0.0015476677799597383
v,0.001678170170634985, 0.012370084412395954, 0.0021938171703368425
v,0.0016781700542196631, 0.015369587577879429, 0.0012562229530885816
v,0.0016781699378043413, 0.0177935678511858, 0.0014415361220017076
v,0.0016781700542196631, 0.015996597707271576, 0.002004565903916955
v,0.0016781702870503068, 0.010873541235923767, 0.0012005126336589456
v,0.0016781700542196631, 0.013855361379683018, 0.00012385511945467442
v,0.0016781700542196631, 0.014137865044176579, 0.0015476677799597383
v,0.0016781700542196631, 0.014749303460121155, 0.00034377904376015067
v,0.0016781699378043413, 0.0177935678511858, 0.0014415361220017076
v,0.0016781700542196631, 0.015369587577879429, 0.0012562229530885816
v,0.0016781700542196631, 0.014749303460121155, 0.00034377904376015067
v,0.0016781699378043413, 0.01762540079653263, 0.00020710557873826474
v,0.0016781699378043413, 0.0177935678511858, 0.0014415361220017076
v,0.0016781702870503068, 0.010873541235923767, 0.0012005126336589456
v,0.001678170170634985, 0.011394058354198933, 0.0005927096935920417
v,0.0016781700542196631, 0.013855361379683018, 0.00012385511945467442
v,0.001678170170634985, 0.011551866307854652, 0.0005519168335013092
v,0.0016781700542196631, 0.013855361379683018, 0.00012385511945467442
v,0.001678170170634985, 0.011394058354198933, 0.0005927096935920417
v,0.0016781702870503068, 0.009552612900733948, 0.00018405744049232453
v,0.001678170170634985, 0.011394058354198933, 0.0005927096935920417
v,0.0016781702870503068, 0.010873541235923767, 0.0012005126336589456
v,0.0016781702870503068, 0.009552612900733948, 0.00018405744049232453
v,0.001678170170634985, 0.010953289456665516, 0.0004125397535972297
v,0.001678170170634985, 0.011394058354198933, 0.0005927096935920417
v,0.001678170170634985, 0.011638117954134941, 0.00042136170668527484
v,0.0016781700542196631, 0.013855361379683018, 0.00012385511945467442
v,0.001678170170634985, 0.011551866307854652, 0.0005519168335013092
v,0.001678170170634985, 0.011676598340272903, 6.254313484532759e-05
v,0.0016781700542196631, 0.013855361379683018, 0.00012385511945467442
v,0.001678170170634985, 0.011638117954134941, 0.00042136170668527484
v,0.0016781702870503068, 0.009552612900733948, 0.00018405744049232453
v,0.001678170170634985, 0.010432301089167595, 8.45898684929125e-05
v,0.001678170170634985, 0.010953289456665516, 0.0004125397535972297
v,0.001678170170634985, 0.00980505533516407, -0.0003928968799300492
v,0.001678170170634985, 0.010432301089167595, 8.45898684929125e-05
v,0.0016781702870503068, 0.009552612900733948, 0.00018405744049232453
v,0.0016781699378043413, 0.016134919598698616, -8.226006320910528e-05
v,0.0016781699378043413, 0.01762540079653263, 0.00020710557873826474
v,0.0016781700542196631, 0.014749303460121155, 0.00034377904376015067
v,0.0016781699378043413, 0.016700079664587975, -0.00015906112093944103
v,0.0016781699378043413, 0.01762540079653263, 0.00020710557873826474
v,0.0016781699378043413, 0.016134919598698616, -8.226006320910528e-05
v,0.0016781700542196631, 0.014749303460121155, 0.00034377904376015067
v,0.0016781699378043413, 0.015513747930526733, -0.0002681727637536824
v,0.0016781699378043413, 0.016134919598698616, -8.226006320910528e-05
v,0.0016781699378043413, 0.016700079664587975, -0.00015906112093944103
v,0.0016781698213890195, 0.01759287342429161, -0.000398570264223963
v,0.0016781699378043413, 0.01762540079653263, 0.00020710557873826474
v,0.0016781700542196631, 0.013946042396128178, -0.0011014193296432495
v,0.0016781699378043413, 0.015513747930526733, -0.0002681727637536824
v,0.0016781700542196631, 0.014749303460121155, 0.00034377904376015067
v,0.0016781699378043413, 0.017114300280809402, -0.00036257837200537324
v,0.0016781698213890195, 0.01759287342429161, -0.000398570264223963
v,0.0016781699378043413, 0.016700079664587975, -0.00015906112093944103
v,0.001678170170634985, 0.011601310223340988, -0.0008467499283142388
v,0.0016781700542196631, 0.013855361379683018, 0.00012385511945467442
v,0.001678170170634985, 0.011676598340272903, 6.254313484532759e-05
v,0.0016781699378043413, 0.017114300280809402, -0.00036257837200537324
v,0.0016781698213890195, 0.017349228262901306, -0.0005468757008202374
v,0.0016781698213890195, 0.01759287342429161, -0.000398570264223963
v,0.0016781700542196631, 0.013946042396128178, -0.0011014193296432495
v,0.0016781699378043413, 0.014940955676138401, -0.0007330037769861519
v,0.0016781699378043413, 0.015513747930526733, -0.0002681727637536824
v,0.0016781700542196631, 0.013946042396128178, -0.0011014193296432495
v,0.0016781699378043413, 0.014424754306674004, -0.0014504229184240103
v,0.0016781699378043413, 0.014940955676138401, -0.0007330037769861519
v,0.001678170170634985, 0.011601310223340988, -0.0008467499283142388
v,0.0016781699378043413, 0.013248555362224579, -0.0023265257477760315
v,0.0016781700542196631, 0.013855361379683018, 0.00012385511945467442
v,0.0016781700542196631, 0.011372530832886696, -0.002331244759261608
v,0.0016781699378043413, 0.013248555362224579, -0.0023265257477760315
v,0.001678170170634985, 0.011601310223340988, -0.0008467499283142388
v,0.0016781700542196631, 0.013946042396128178, -0.0011014193296432495
v,0.0016781699378043413, 0.01393294520676136, -0.0023904722183942795
v,0.0016781699378043413, 0.014424754306674004, -0.0014504229184240103
v,0.0016781699378043413, 0.013387360610067844, -0.0023265378549695015
v,0.0016781699378043413, 0.01393294520676136, -0.0023904722183942795
v,0.0016781700542196631, 0.013946042396128178, -0.0011014193296432495
v,0.0016781700542196631, 0.011372530832886696, -0.002331244759261608
v,0.0016781699378043413, 0.013387360610067844, -0.0023265378549695015
v,0.0016781699378043413, 0.013248555362224579, -0.0023265257477760315
v,0.0016781700542196631, 0.011372530832886696, -0.002331244759261608
v,0.0016781699378043413, 0.01393294520676136, -0.0023904722183942795
v,0.0016781699378043413, 0.013387360610067844, -0.0023265378549695015
v,0.0016781700542196631, 0.011372530832886696, -0.002331244759261608
v,0.0016781699378043413, 0.013381389901041985, -0.0037832933012396097
v,0.0016781699378043413, 0.01393294520676136, -0.0023904722183942795
v,0.0016781700542196631, 0.011053004302084446, -0.0038686280604451895
v,0.0016781699378043413, 0.013381389901041985, -0.0037832933012396097
v,0.0016781700542196631, 0.011372530832886696, -0.002331244759261608
v,0.0016781700542196631, 0.011053004302084446, -0.0038686280604451895
v,0.0016781698213890195, 0.012811972759664059, -0.0059923748485744
v,0.0016781699378043413, 0.013381389901041985, -0.0037832933012396097
v,0.0016781699378043413, 0.0104358596727252, -0.0062301321886479855
v,0.0016781698213890195, 0.012811972759664059, -0.0059923748485744
v,0.0016781700542196631, 0.011053004302084446, -0.0038686280604451895
v,0.0016781699378043413, 0.0104358596727252, -0.0062301321886479855
v,0.0016781698213890195, 0.012561088427901268, -0.0075278133153915405
v,0.0016781698213890195, 0.012811972759664059, -0.0059923748485744
v,0.0016781699378043413, 0.009998122230172157, -0.00770849734544754
v,0.0016781698213890195, 0.012561088427901268, -0.0075278133153915405
v,0.0016781699378043413, 0.0104358596727252, -0.0062301321886479855
v,0.0016781699378043413, 0.009998122230172157, -0.00770849734544754
v,0.0016781698213890195, 0.011528692208230495, -0.007667184341698885
v,0.0016781698213890195, 0.012561088427901268, -0.0075278133153915405
v,0.0016781698213890195, 0.010227296501398087, -0.007947542704641819
v,0.0016781698213890195, 0.011528692208230495, -0.007667184341698885
v,0.0016781699378043413, 0.009998122230172157, -0.00770849734544754
v,-0.001413010060787201, 0.01307517010718584, 0.0025286406744271517
v,-0.001413010060787201, 0.013504636473953724, 0.0026360133197158575
v,-0.001413010060787201, 0.013747148215770721, 0.00260002794675529
v,-0.0014130101772025228, 0.016866257414221764, 0.0025485658552497625
v,-0.0014130101772025228, 0.01723102480173111, 0.0026197817642241716
v,-0.0014130101772025228, 0.01765965111553669, 0.0026274581905454397
v,-0.0014130101772025228, 0.016866257414221764, 0.0025485658552497625
v,-0.0014130101772025228, 0.01765965111553669, 0.0026274581905454397
v,-0.0014130102936178446, 0.018079593777656555, 0.0025407837238162756
v,-0.001413010060787201, 0.01307517010718584, 0.0025286406744271517
v,-0.001413010060787201, 0.013747148215770721, 0.00260002794675529
v,-0.001413010060787201, 0.013938242569565773, 0.0024814552161842585
v,-0.0014130101772025228, 0.016438612714409828, 0.002365345833823085
v,-0.0014130101772025228, 0.016866257414221764, 0.0025485658552497625
v,-0.0014130102936178446, 0.018079593777656555, 0.0025407837238162756
v,-0.001413010060787201, 0.012284313328564167, 0.0021442740689963102
v,-0.001413010060787201, 0.01307517010718584, 0.0025286406744271517
v,-0.001413010060787201, 0.013938242569565773, 0.0024814552161842585
v,-0.001413010060787201, 0.012284313328564167, 0.0021442740689963102
v,-0.001413010060787201, 0.013938242569565773, 0.0024814552161842585
v,-0.001413010060787201, 0.014111032709479332, 0.002219738671556115
v,-0.0014130101772025228, 0.016438612714409828, 0.002365345833823085
v,-0.0014130102936178446, 0.018079593777656555, 0.0025407837238162756
v,-0.0014130102936178446, 0.017808618023991585, 0.0015161865158006549
v,-0.0014130101772025228, 0.015950048342347145, 0.0019502456998452544
v,-0.0014130101772025228, 0.016438612714409828, 0.002365345833823085
v,-0.0014130102936178446, 0.017808618023991585, 0.0015161865158006549
v,-0.001413010060787201, 0.012284313328564167, 0.0021442740689963102
v,-0.001413010060787201, 0.014111032709479332, 0.002219738671556115
v,-0.001413010060787201, 0.014164579100906849, 0.0018271970329806209
v,-0.001413009944371879, 0.010752269998192787, 0.0011116581736132503
v,-0.001413010060787201, 0.012284313328564167, 0.0021442740689963102
v,-0.001413010060787201, 0.014164579100906849, 0.0018271970329806209
v,-0.0014130101772025228, 0.01546263787895441, 0.0013794064288958907
v,-0.0014130101772025228, 0.015950048342347145, 0.0019502456998452544
v,-0.0014130102936178446, 0.017808618023991585, 0.0015161865158006549
v,-0.001413009944371879, 0.010752269998192787, 0.0011116581736132503
v,-0.001413010060787201, 0.014164579100906849, 0.0018271970329806209
v,-0.0014130101772025228, 0.014074320904910564, 0.0011702025076374412
v,-0.0014130101772025228, 0.014773641712963581, 0.0003867487539537251
v,-0.0014130101772025228, 0.01546263787895441, 0.0013794064288958907
v,-0.0014130102936178446, 0.017808618023991585, 0.0015161865158006549
v,-0.0014130101772025228, 0.014773641712963581, 0.0003867487539537251
v,-0.0014130102936178446, 0.017808618023991585, 0.0015161865158006549
v,-0.0014130102936178446, 0.017631663009524345, 0.00027847575256600976
v,-0.001413009944371879, 0.010752269998192787, 0.0011116581736132503
v,-0.0014130101772025228, 0.014074320904910564, 0.0011702025076374412
v,-0.001413010060787201, 0.011478055268526077, 0.0005903556593693793
v,-0.001413010060787201, 0.011478055268526077, 0.0005903556593693793
v,-0.0014130101772025228, 0.014074320904910564, 0.0011702025076374412
v,-0.0014130101772025228, 0.013767432421445847, -0.00023914936173241585
v,-0.001413009944371879, 0.010752269998192787, 0.0011116581736132503
v,-0.001413010060787201, 0.011478055268526077, 0.0005903556593693793
v,-0.001413010060787201, 0.011114745400846004, 0.0004995249328203499
v,-0.001413009944371879, 0.009552611969411373, 0.00018405758601147681
v,-0.001413009944371879, 0.010752269998192787, 0.0011116581736132503
v,-0.001413010060787201, 0.011114745400846004, 0.0004995249328203499
v,-0.001413010060787201, 0.011623318307101727, 0.000466810364741832
v,-0.001413010060787201, 0.011478055268526077, 0.0005903556593693793
v,-0.0014130101772025228, 0.013767432421445847, -0.00023914936173241585
v,-0.0014130101772025228, 0.011594627052545547, -0.0009011449874378741
v,0.0016781700542196631, 0.011372530832886696, -0.002331244759261608
v,0.001678170170634985, 0.011601310223340988, -0.0008467499283142388
v,-0.001413010060787201, 0.011677704751491547, 7.75766748120077e-05
v,-0.001413010060787201, 0.011623318307101727, 0.000466810364741832
v,-0.0014130101772025228, 0.013767432421445847, -0.00023914936173241585
v,-0.001413009944371879, 0.009552611969411373, 0.00018405758601147681
v,-0.001413010060787201, 0.011114745400846004, 0.0004995249328203499
v,-0.001413010060787201, 0.010277767665684223, -2.1146543076611124e-05
v,-0.001413010060787201, 0.009806849993765354, -0.0003985701478086412
v,-0.001413009944371879, 0.009552611969411373, 0.00018405758601147681
v,-0.001413010060787201, 0.010277767665684223, -2.1146543076611124e-05
v,-0.0014130102936178446, 0.016071075573563576, -9.476782724959776e-05
v,-0.0014130101772025228, 0.014773641712963581, 0.0003867487539537251
v,-0.0014130102936178446, 0.016438258811831474, -0.00010368337825639173
v,-0.0014130102936178446, 0.016438258811831474, -0.00010368337825639173
v,-0.0014130101772025228, 0.014773641712963581, 0.0003867487539537251
v,-0.0014130102936178446, 0.017631663009524345, 0.00027847575256600976
v,-0.0014130102936178446, 0.016774602234363556, -0.00018764303240459412
v,-0.0014130102936178446, 0.016438258811831474, -0.00010368337825639173
v,-0.0014130102936178446, 0.017631663009524345, 0.00027847575256600976
v,-0.0014130101772025228, 0.014773641712963581, 0.0003867487539537251
v,-0.0014130102936178446, 0.016071075573563576, -9.476782724959776e-05
v,-0.0014130102936178446, 0.015555907972157001, -0.0002458898234181106
v,-0.0014130102936178446, 0.016774602234363556, -0.00018764303240459412
v,-0.0014130102936178446, 0.017631663009524345, 0.00027847575256600976
v,-0.0014130104100331664, 0.01759287342429161, -0.0003985701478086412
v,-0.0014130101772025228, 0.014169073663651943, -0.0006805834709666669
v,-0.0014130101772025228, 0.014773641712963581, 0.0003867487539537251
v,-0.0014130102936178446, 0.015555907972157001, -0.0002458898234181106
v,-0.0014130102936178446, 0.01713959313929081, -0.00037949084071442485
v,-0.0014130102936178446, 0.016774602234363556, -0.00018764303240459412
v,-0.0014130104100331664, 0.01759287342429161, -0.0003985701478086412
v,-0.0014130101772025228, 0.011594627052545547, -0.0009011449874378741
v,-0.001413010060787201, 0.011677704751491547, 7.75766748120077e-05
v,-0.0014130101772025228, 0.013767432421445847, -0.00023914936173241585
v,-0.0014130102936178446, 0.01713959313929081, -0.00037949084071442485
v,-0.0014130104100331664, 0.01759287342429161, -0.0003985701478086412
v,-0.0014130104100331664, 0.017349228262901306, -0.0005468755844049156
v,-0.0014130101772025228, 0.014169073663651943, -0.0006805834709666669
v,-0.0014130102936178446, 0.015555907972157001, -0.0002458898234181106
v,-0.0014130102936178446, 0.014980226755142212, -0.0006909127696417272
v,-0.0014130102936178446, 0.0133744478225708, -0.00232518813572824
v,-0.0014130101772025228, 0.014169073663651943, -0.0006805834709666669
v,-0.0014130102936178446, 0.014980226755142212, -0.0006909127696417272
v,-0.0014130102936178446, 0.0133744478225708, -0.00232518813572824
v,-0.0014130102936178446, 0.014980226755142212, -0.0006909127696417272
v,-0.0014130102936178446, 0.014472411945462227, -0.0013731956714764237
v,-0.0014130101772025228, 0.011594627052545547, -0.0009011449874378741
v,-0.0014130101772025228, 0.013767432421445847, -0.00023914936173241585
v,-0.0014130102936178446, 0.013247902505099773, -0.0023264987394213676
v,-0.0014130101772025228, 0.011282376013696194, -0.0028387655038386583
v,-0.0014130101772025228, 0.011594627052545547, -0.0009011449874378741
v,-0.0014130102936178446, 0.013247902505099773, -0.0023264987394213676
v,-0.0014130102936178446, 0.0133744478225708, -0.00232518813572824
v,-0.0014130102936178446, 0.014472411945462227, -0.0013731956714764237
v,-0.0014130102936178446, 0.013967981562018394, -0.002315385267138481
v,-0.0014130101772025228, 0.011282376013696194, -0.0028387655038386583
v,-0.0014130102936178446, 0.013247902505099773, -0.0023264987394213676
v,-0.0014130102936178446, 0.0133744478225708, -0.00232518813572824
v,-0.0014130101772025228, 0.011282376013696194, -0.0028387655038386583
v,-0.0014130102936178446, 0.0133744478225708, -0.00232518813572824
v,-0.0014130102936178446, 0.013967981562018394, -0.002315385267138481
v,-0.0014130101772025228, 0.011282376013696194, -0.0028387655038386583
v,-0.0014130102936178446, 0.013967981562018394, -0.002315385267138481
v,-0.0014130102936178446, 0.013428237289190292, -0.003642466152086854
v,-0.0014130102936178446, 0.010676108300685883, -0.005358456633985043
v,-0.0014130101772025228, 0.011282376013696194, -0.0028387655038386583
v,-0.0014130102936178446, 0.013428237289190292, -0.003642466152086854
v,-0.0014130102936178446, 0.010676108300685883, -0.005358456633985043
v,-0.0014130102936178446, 0.013428237289190292, -0.003642466152086854
v,-0.0014130104100331664, 0.012846370227634907, -0.0058237165212631226
v,-0.0014130102936178446, 0.010000201873481274, -0.007710542529821396
v,-0.0014130102936178446, 0.010676108300685883, -0.005358456633985043
v,-0.0014130104100331664, 0.012846370227634907, -0.0058237165212631226
v,-0.0014130102936178446, 0.010000201873481274, -0.007710542529821396
v,-0.0014130104100331664, 0.012846370227634907, -0.0058237165212631226
v,-0.0014130104100331664, 0.012561578303575516, -0.007520789746195078
v,-0.0014130102936178446, 0.010000201873481274, -0.007710542529821396
v,-0.0014130104100331664, 0.012561578303575516, -0.007520789746195078
v,-0.0014130104100331664, 0.011022785678505898, -0.007762617897242308
v,-0.0014130104100331664, 0.010229794308543205, -0.007950636558234692
v,-0.0014130102936178446, 0.010000201873481274, -0.007710542529821396
v,-0.0014130104100331664, 0.011022785678505898, -0.007762617897242308
v,0.0016781700542196631, 0.015369587577879429, 0.0012562229530885816
v,0.0016781700542196631, 0.015996597707271576, 0.002004565903916955
v,-0.0014130101772025228, 0.01546263787895441, 0.0013794064288958907
v,0.001678170170634985, 0.010432301089167595, 8.45898684929125e-05
v,0.001678170170634985, 0.00980505533516407, -0.0003928968799300492
v,-0.001413010060787201, 0.010277767665684223, -2.1146543076611124e-05
v,0.0016781699378043413, 0.013387360610067844, -0.0023265378549695015
v,0.0016781700542196631, 0.013946042396128178, -0.0011014193296432495
v,-0.0014130102936178446, 0.0133744478225708, -0.00232518813572824
v,0.0016781700542196631, 0.011053004302084446, -0.0038686280604451895
v,0.0016781700542196631, 0.011372530832886696, -0.002331244759261608
v,-0.0014130101772025228, 0.011282376013696194, -0.0028387655038386583
v,0.0016781699378043413, 0.0104358596727252, -0.0062301321886479855
v,0.0016781700542196631, 0.011053004302084446, -0.0038686280604451895
v,-0.0014130102936178446, 0.010676108300685883, -0.005358456633985043
v,0.0016781700542196631, 0.015996597707271576, 0.002004565903916955
v,0.0016781700542196631, 0.016507098451256752, 0.0024019728880375624
v,-0.0014130101772025228, 0.016438612714409828, 0.002365345833823085
v,0.0016781700542196631, 0.014137865044176579, 0.0015476677799597383
v,0.0016781700542196631, 0.013855361379683018, 0.00012385511945467442
v,-0.0014130101772025228, 0.014074320904910564, 0.0011702025076374412
v,0.0016781699378043413, 0.016700079664587975, -0.00015906112093944103
v,0.0016781699378043413, 0.016134919598698616, -8.226006320910528e-05
v,-0.0014130102936178446, 0.016438258811831474, -0.00010368337825639173
v,0.001678170170634985, 0.014076726511120796, 0.002286709612235427
v,0.001678170170634985, 0.014156465418636799, 0.0020153590012341738
v,-0.001413010060787201, 0.014111032709479332, 0.002219738671556115
v,0.001678170170634985, 0.014156465418636799, 0.0020153590012341738
v,0.0016781700542196631, 0.014137865044176579, 0.0015476677799597383
v,-0.001413010060787201, 0.014164579100906849, 0.0018271970329806209
v,0.0016781699378043413, 0.009998122230172157, -0.00770849734544754
v,0.0016781699378043413, 0.0104358596727252, -0.0062301321886479855
v,-0.0014130102936178446, 0.010000201873481274, -0.007710542529821396
v,0.0016781698213890195, 0.011528692208230495, -0.007667184341698885
v,0.0016781698213890195, 0.010227296501398087, -0.007947542704641819
v,-0.0014130104100331664, 0.011022785678505898, -0.007762617897242308
v,0.001678170170634985, 0.011551866307854652, 0.0005519168335013092
v,0.001678170170634985, 0.011394058354198933, 0.0005927096935920417
v,-0.001413010060787201, 0.011478055268526077, 0.0005903556593693793
v,0.001678170170634985, 0.011638117954134941, 0.00042136170668527484
v,0.001678170170634985, 0.011551866307854652, 0.0005519168335013092
v,-0.001413010060787201, 0.011623318307101727, 0.000466810364741832
v,0.001678170170634985, 0.011676598340272903, 6.254313484532759e-05
v,0.001678170170634985, 0.011638117954134941, 0.00042136170668527484
v,-0.001413010060787201, 0.011677704751491547, 7.75766748120077e-05
v,0.0016781698213890195, 0.012561088427901268, -0.0075278133153915405
v,0.0016781698213890195, 0.011528692208230495, -0.007667184341698885
v,-0.0014130104100331664, 0.012561578303575516, -0.007520789746195078
v,0.0016781700542196631, 0.014749303460121155, 0.00034377904376015067
v,0.0016781700542196631, 0.015369587577879429, 0.0012562229530885816
v,-0.0014130101772025228, 0.014773641712963581, 0.0003867487539537251
v,0.001678170170634985, 0.011394058354198933, 0.0005927096935920417
v,0.001678170170634985, 0.010953289456665516, 0.0004125397535972297
v,-0.001413010060787201, 0.011114745400846004, 0.0004995249328203499
v,0.0016781700542196631, 0.013855361379683018, 0.00012385511945467442
v,-0.0014130101772025228, 0.013767432421445847, -0.00023914936173241585
v,-0.0014130101772025228, 0.014074320904910564, 0.0011702025076374412
v,0.001678170170634985, 0.011394058354198933, 0.0005927096935920417
v,-0.001413010060787201, 0.011114745400846004, 0.0004995249328203499
v,-0.001413010060787201, 0.011478055268526077, 0.0005903556593693793
v,0.0016781699378043413, 0.016134919598698616, -8.226006320910528e-05
v,-0.0014130102936178446, 0.016071075573563576, -9.476782724959776e-05
v,-0.0014130102936178446, 0.016438258811831474, -0.00010368337825639173
v,-0.0014130102936178446, 0.013428237289190292, -0.003642466152086854
v,0.0016781699378043413, 0.01393294520676136, -0.0023904722183942795
v,0.0016781699378043413, 0.013381389901041985, -0.0037832933012396097
v,-0.001413010060787201, 0.01307517010718584, 0.0025286406744271517
v,0.001678170170634985, 0.012370084412395954, 0.0021938171703368425
v,0.001678170170634985, 0.013113001361489296, 0.0025421821046620607
v,-0.0014130104100331664, 0.012561578303575516, -0.007520789746195078
v,0.0016781698213890195, 0.012811972759664059, -0.0059923748485744
v,0.0016781698213890195, 0.012561088427901268, -0.0075278133153915405
v,-0.0014130102936178446, 0.010000201873481274, -0.007710542529821396
v,0.0016781698213890195, 0.010227296501398087, -0.007947542704641819
v,0.0016781699378043413, 0.009998122230172157, -0.00770849734544754
v,-0.001413009944371879, 0.010752269998192787, 0.0011116581736132503
v,0.0016781702870503068, 0.009552612900733948, 0.00018405744049232453
v,0.0016781702870503068, 0.010873541235923767, 0.0012005126336589456
v,-0.0014130102936178446, 0.013967981562018394, -0.002315385267138481
v,0.0016781699378043413, 0.014424754306674004, -0.0014504229184240103
v,0.0016781699378043413, 0.01393294520676136, -0.0023904722183942795
v,-0.0014130101772025228, 0.01723102480173111, 0.0026197817642241716
v,0.0016781700542196631, 0.01689087599515915, 0.0025556229520589113
v,0.0016781700542196631, 0.017258290201425552, 0.002622522646561265
v,-0.001413010060787201, 0.013938242569565773, 0.0024814552161842585
v,0.001678170170634985, 0.014076726511120796, 0.002286709612235427
v,-0.001413010060787201, 0.014111032709479332, 0.002219738671556115
v,-0.0014130102936178446, 0.017631663009524345, 0.00027847575256600976
v,0.0016781699378043413, 0.0177935678511858, 0.0014415361220017076
v,0.0016781699378043413, 0.01762540079653263, 0.00020710557873826474
v,0.001678170170634985, 0.014156465418636799, 0.0020153590012341738
v,-0.001413010060787201, 0.014164579100906849, 0.0018271970329806209
v,-0.001413010060787201, 0.014111032709479332, 0.002219738671556115
v,-0.0014130101772025228, 0.014169073663651943, -0.0006805834709666669
v,0.0016781700542196631, 0.014749303460121155, 0.00034377904376015067
v,-0.0014130101772025228, 0.014773641712963581, 0.0003867487539537251
v,-0.001413010060787201, 0.011677704751491547, 7.75766748120077e-05
v,0.001678170170634985, 0.011601310223340988, -0.0008467499283142388
v,0.001678170170634985, 0.011676598340272903, 6.254313484532759e-05
v,-0.0014130102936178446, 0.014980226755142212, -0.0006909127696417272
v,0.0016781699378043413, 0.015513747930526733, -0.0002681727637536824
v,0.0016781699378043413, 0.014940955676138401, -0.0007330037769861519
v,-0.0014130102936178446, 0.0133744478225708, -0.00232518813572824
v,0.0016781699378043413, 0.013248555362224579, -0.0023265257477760315
v,0.0016781699378043413, 0.013387360610067844, -0.0023265378549695015
v,-0.0014130101772025228, 0.01765965111553669, 0.0026274581905454397
v,0.0016781700542196631, 0.017258290201425552, 0.002622522646561265
v,0.0016781700542196631, 0.017676301300525665, 0.0026258656289428473
v,-0.0014130102936178446, 0.018079593777656555, 0.0025407837238162756
v,0.0016781700542196631, 0.017676301300525665, 0.0026258656289428473
v,0.0016781699378043413, 0.018078777939081192, 0.0025403278414160013
v,0.0016781700542196631, 0.015996597707271576, 0.002004565903916955
v,-0.0014130101772025228, 0.016438612714409828, 0.002365345833823085
v,-0.0014130101772025228, 0.015950048342347145, 0.0019502456998452544
v,-0.0014130101772025228, 0.016866257414221764, 0.0025485658552497625
v,0.0016781700542196631, 0.016507098451256752, 0.0024019728880375624
v,0.0016781700542196631, 0.01689087599515915, 0.0025556229520589113
v,-0.001413009944371879, 0.009552611969411373, 0.00018405758601147681
v,0.001678170170634985, 0.00980505533516407, -0.0003928968799300492
v,0.0016781702870503068, 0.009552612900733948, 0.00018405744049232453
v,0.0016781700542196631, 0.015369587577879429, 0.0012562229530885816
v,-0.0014130101772025228, 0.01546263787895441, 0.0013794064288958907
v,-0.0014130101772025228, 0.014773641712963581, 0.0003867487539537251
v,0.001678170170634985, 0.011551866307854652, 0.0005519168335013092
v,-0.001413010060787201, 0.011478055268526077, 0.0005903556593693793
v,-0.001413010060787201, 0.011623318307101727, 0.000466810364741832
v,-0.0014130102936178446, 0.01713959313929081, -0.00037949084071442485
v,0.0016781698213890195, 0.017349228262901306, -0.0005468757008202374
v,0.0016781699378043413, 0.017114300280809402, -0.00036257837200537324
v,0.0016781699378043413, 0.016700079664587975, -0.00015906112093944103
v,-0.0014130102936178446, 0.016438258811831474, -0.00010368337825639173
v,-0.0014130102936178446, 0.016774602234363556, -0.00018764303240459412
v,-0.0014130101772025228, 0.013767432421445847, -0.00023914936173241585
v,0.0016781699378043413, 0.013248555362224579, -0.0023265257477760315
v,-0.0014130102936178446, 0.013247902505099773, -0.0023264987394213676
v,-0.0014130102936178446, 0.016071075573563576, -9.476782724959776e-05
v,0.0016781699378043413, 0.015513747930526733, -0.0002681727637536824
v,-0.0014130102936178446, 0.015555907972157001, -0.0002458898234181106
v,-0.0014130104100331664, 0.01759287342429161, -0.0003985701478086412
v,0.0016781699378043413, 0.01762540079653263, 0.00020710557873826474
v,0.0016781698213890195, 0.01759287342429161, -0.000398570264223963
v,-0.0014130102936178446, 0.014472411945462227, -0.0013731956714764237
v,0.0016781699378043413, 0.014940955676138401, -0.0007330037769861519
v,0.0016781699378043413, 0.014424754306674004, -0.0014504229184240103
v,0.0016781698213890195, 0.011528692208230495, -0.007667184341698885
v,-0.0014130104100331664, 0.011022785678505898, -0.007762617897242308
v,-0.0014130104100331664, 0.012561578303575516, -0.007520789746195078
v,-0.001413010060787201, 0.012284313328564167, 0.0021442740689963102
v,0.0016781702870503068, 0.010873541235923767, 0.0012005126336589456
v,0.001678170170634985, 0.012370084412395954, 0.0021938171703368425
v,0.0016781698213890195, 0.010227296501398087, -0.007947542704641819
v,-0.0014130104100331664, 0.010229794308543205, -0.007950636558234692
v,-0.0014130104100331664, 0.011022785678505898, -0.007762617897242308
v,-0.001413010060787201, 0.013938242569565773, 0.0024814552161842585
v,0.001678170170634985, 0.01375846192240715, 0.002595736412331462
v,0.001678170170634985, 0.013948553241789341, 0.002471516141667962
v,0.001678170170634985, 0.011638117954134941, 0.00042136170668527484
v,-0.001413010060787201, 0.011623318307101727, 0.000466810364741832
v,-0.001413010060787201, 0.011677704751491547, 7.75766748120077e-05
v,-0.0014130102936178446, 0.017808618023991585, 0.0015161865158006549
v,0.0016781699378043413, 0.018078777939081192, 0.0025403278414160013
v,0.0016781699378043413, 0.0177935678511858, 0.0014415361220017076
v,-0.0014130102936178446, 0.016774602234363556, -0.00018764303240459412
v,0.0016781699378043413, 0.017114300280809402, -0.00036257837200537324
v,0.0016781699378043413, 0.016700079664587975, -0.00015906112093944103
v,0.0016781700542196631, 0.015996597707271576, 0.002004565903916955
v,-0.0014130101772025228, 0.015950048342347145, 0.0019502456998452544
v,-0.0014130101772025228, 0.01546263787895441, 0.0013794064288958907
v,-0.001413010060787201, 0.013747148215770721, 0.00260002794675529
v,0.001678170170634985, 0.013529103249311447, 0.002635729731991887
v,0.001678170170634985, 0.01375846192240715, 0.002595736412331462
v,-0.001413010060787201, 0.011114745400846004, 0.0004995249328203499
v,0.001678170170634985, 0.010432301089167595, 8.45898684929125e-05
v,-0.001413010060787201, 0.010277767665684223, -2.1146543076611124e-05
v,0.0016781700542196631, 0.014137865044176579, 0.0015476677799597383
v,-0.0014130101772025228, 0.014074320904910564, 0.0011702025076374412
v,-0.001413010060787201, 0.014164579100906849, 0.0018271970329806209
v,-0.0014130104100331664, 0.01759287342429161, -0.0003985701478086412
v,0.0016781698213890195, 0.017349228262901306, -0.0005468757008202374
v,-0.0014130104100331664, 0.017349228262901306, -0.0005468755844049156
v,0.001678170170634985, 0.00980505533516407, -0.0003928968799300492
v,-0.001413010060787201, 0.009806849993765354, -0.0003985701478086412
v,-0.001413010060787201, 0.010277767665684223, -2.1146543076611124e-05
v,-0.001413010060787201, 0.013504636473953724, 0.0026360133197158575
v,0.001678170170634985, 0.013113001361489296, 0.0025421821046620607
v,0.001678170170634985, 0.013529103249311447, 0.002635729731991887
v,0.0016781700542196631, 0.013946042396128178, -0.0011014193296432495
v,-0.0014130101772025228, 0.014169073663651943, -0.0006805834709666669
v,-0.0014130102936178446, 0.0133744478225708, -0.00232518813572824
v,-0.0014130104100331664, 0.012846370227634907, -0.0058237165212631226
v,0.0016781699378043413, 0.013381389901041985, -0.0037832933012396097
v,0.0016781698213890195, 0.012811972759664059, -0.0059923748485744
v,0.0016781700542196631, 0.011053004302084446, -0.0038686280604451895
v,-0.0014130101772025228, 0.011282376013696194, -0.0028387655038386583
v,-0.0014130102936178446, 0.010676108300685883, -0.005358456633985043
v,0.0016781699378043413, 0.0104358596727252, -0.0062301321886479855
v,-0.0014130102936178446, 0.010676108300685883, -0.005358456633985043
v,-0.0014130102936178446, 0.010000201873481274, -0.007710542529821396
v,-0.0014130101772025228, 0.011594627052545547, -0.0009011449874378741
v,-0.0014130101772025228, 0.011282376013696194, -0.0028387655038386583
v,0.0016781700542196631, 0.011372530832886696, -0.002331244759261608
v,-0.0014130102936178446, 0.013428237289190292, -0.003642466152086854
v,-0.0014130102936178446, 0.013967981562018394, -0.002315385267138481
v,0.0016781699378043413, 0.01393294520676136, -0.0023904722183942795
v,-0.001413010060787201, 0.01307517010718584, 0.0025286406744271517
v,-0.001413010060787201, 0.012284313328564167, 0.0021442740689963102
v,0.001678170170634985, 0.012370084412395954, 0.0021938171703368425
v,-0.0014130104100331664, 0.012561578303575516, -0.007520789746195078
v,-0.0014130104100331664, 0.012846370227634907, -0.0058237165212631226
v,0.0016781698213890195, 0.012811972759664059, -0.0059923748485744
v,-0.0014130102936178446, 0.010000201873481274, -0.007710542529821396
v,-0.0014130104100331664, 0.010229794308543205, -0.007950636558234692
v,0.0016781698213890195, 0.010227296501398087, -0.007947542704641819
v,-0.001413009944371879, 0.010752269998192787, 0.0011116581736132503
v,-0.001413009944371879, 0.009552611969411373, 0.00018405758601147681
v,0.0016781702870503068, 0.009552612900733948, 0.00018405744049232453
v,-0.0014130102936178446, 0.013967981562018394, -0.002315385267138481
v,-0.0014130102936178446, 0.014472411945462227, -0.0013731956714764237
v,0.0016781699378043413, 0.014424754306674004, -0.0014504229184240103
v,-0.0014130101772025228, 0.01723102480173111, 0.0026197817642241716
v,-0.0014130101772025228, 0.016866257414221764, 0.0025485658552497625
v,0.0016781700542196631, 0.01689087599515915, 0.0025556229520589113
v,-0.001413010060787201, 0.013938242569565773, 0.0024814552161842585
v,0.001678170170634985, 0.013948553241789341, 0.002471516141667962
v,0.001678170170634985, 0.014076726511120796, 0.002286709612235427
v,-0.0014130102936178446, 0.017631663009524345, 0.00027847575256600976
v,-0.0014130102936178446, 0.017808618023991585, 0.0015161865158006549
v,0.0016781699378043413, 0.0177935678511858, 0.0014415361220017076
v,-0.0014130101772025228, 0.014169073663651943, -0.0006805834709666669
v,0.0016781700542196631, 0.013946042396128178, -0.0011014193296432495
v,0.0016781700542196631, 0.014749303460121155, 0.00034377904376015067
v,-0.001413010060787201, 0.011677704751491547, 7.75766748120077e-05
v,-0.0014130101772025228, 0.011594627052545547, -0.0009011449874378741
v,0.001678170170634985, 0.011601310223340988, -0.0008467499283142388
v,-0.0014130102936178446, 0.014980226755142212, -0.0006909127696417272
v,-0.0014130102936178446, 0.015555907972157001, -0.0002458898234181106
v,0.0016781699378043413, 0.015513747930526733, -0.0002681727637536824
v,-0.0014130102936178446, 0.0133744478225708, -0.00232518813572824
v,-0.0014130102936178446, 0.013247902505099773, -0.0023264987394213676
v,0.0016781699378043413, 0.013248555362224579, -0.0023265257477760315
v,-0.0014130101772025228, 0.01765965111553669, 0.0026274581905454397
v,-0.0014130101772025228, 0.01723102480173111, 0.0026197817642241716
v,0.0016781700542196631, 0.017258290201425552, 0.002622522646561265
v,-0.0014130102936178446, 0.018079593777656555, 0.0025407837238162756
v,-0.0014130101772025228, 0.01765965111553669, 0.0026274581905454397
v,0.0016781700542196631, 0.017676301300525665, 0.0026258656289428473
v,-0.0014130101772025228, 0.016866257414221764, 0.0025485658552497625
v,-0.0014130101772025228, 0.016438612714409828, 0.002365345833823085
v,0.0016781700542196631, 0.016507098451256752, 0.0024019728880375624
v,-0.001413009944371879, 0.009552611969411373, 0.00018405758601147681
v,-0.001413010060787201, 0.009806849993765354, -0.0003985701478086412
v,0.001678170170634985, 0.00980505533516407, -0.0003928968799300492
v,-0.0014130102936178446, 0.01713959313929081, -0.00037949084071442485
v,-0.0014130104100331664, 0.017349228262901306, -0.0005468755844049156
v,0.0016781698213890195, 0.017349228262901306, -0.0005468757008202374
v,-0.0014130101772025228, 0.013767432421445847, -0.00023914936173241585
v,0.0016781700542196631, 0.013855361379683018, 0.00012385511945467442
v,0.0016781699378043413, 0.013248555362224579, -0.0023265257477760315
v,-0.0014130102936178446, 0.016071075573563576, -9.476782724959776e-05
v,0.0016781699378043413, 0.016134919598698616, -8.226006320910528e-05
v,0.0016781699378043413, 0.015513747930526733, -0.0002681727637536824
v,-0.0014130104100331664, 0.01759287342429161, -0.0003985701478086412
v,-0.0014130102936178446, 0.017631663009524345, 0.00027847575256600976
v,0.0016781699378043413, 0.01762540079653263, 0.00020710557873826474
v,-0.0014130102936178446, 0.014472411945462227, -0.0013731956714764237
v,-0.0014130102936178446, 0.014980226755142212, -0.0006909127696417272
v,0.0016781699378043413, 0.014940955676138401, -0.0007330037769861519
v,-0.001413010060787201, 0.012284313328564167, 0.0021442740689963102
v,-0.001413009944371879, 0.010752269998192787, 0.0011116581736132503
v,0.0016781702870503068, 0.010873541235923767, 0.0012005126336589456
v,-0.001413010060787201, 0.013938242569565773, 0.0024814552161842585
v,-0.001413010060787201, 0.013747148215770721, 0.00260002794675529
v,0.001678170170634985, 0.01375846192240715, 0.002595736412331462
v,-0.0014130102936178446, 0.017808618023991585, 0.0015161865158006549
v,-0.0014130102936178446, 0.018079593777656555, 0.0025407837238162756
v,0.0016781699378043413, 0.018078777939081192, 0.0025403278414160013
v,-0.0014130102936178446, 0.016774602234363556, -0.00018764303240459412
v,-0.0014130102936178446, 0.01713959313929081, -0.00037949084071442485
v,0.0016781699378043413, 0.017114300280809402, -0.00036257837200537324
v,-0.001413010060787201, 0.013747148215770721, 0.00260002794675529
v,-0.001413010060787201, 0.013504636473953724, 0.0026360133197158575
v,0.001678170170634985, 0.013529103249311447, 0.002635729731991887
v,-0.001413010060787201, 0.011114745400846004, 0.0004995249328203499
v,0.001678170170634985, 0.010953289456665516, 0.0004125397535972297
v,0.001678170170634985, 0.010432301089167595, 8.45898684929125e-05
v,-0.0014130104100331664, 0.01759287342429161, -0.0003985701478086412
v,0.0016781698213890195, 0.01759287342429161, -0.000398570264223963
v,0.0016781698213890195, 0.017349228262901306, -0.0005468757008202374
v,-0.001413010060787201, 0.013504636473953724, 0.0026360133197158575
v,-0.001413010060787201, 0.01307517010718584, 0.0025286406744271517
v,0.001678170170634985, 0.013113001361489296, 0.0025421821046620607
v,-0.0014130104100331664, 0.012846370227634907, -0.0058237165212631226
v,-0.0014130102936178446, 0.013428237289190292, -0.003642466152086854
v,0.0016781699378043413, 0.013381389901041985, -0.0037832933012396097
n,33.59428024291992, 1.4684526377095608e-06, -1.4684526377095608e-06
n,33.59428024291992, 1.4684526377095608e-06, -1.4684526377095608e-06
n,33.59428024291992, 1.4684526377095608e-06, -1.4684526377095608e-06
n,33.59428024291992, 1.4684526377095608e-06, -1.4684526377095608e-06
n,33.59428024291992, 1.4684526377095608e-06, -1.4684526377095608e-06
n,33.59428024291992, 1.4684526377095608e-06, -1.4684526377095608e-06
n,33.59428024291992, 1.4684526377095608e-06, -1.4684526377095608e-06
n,33.59428024291992, 1.4684526377095608e-06, -1.4684526377095608e-06
n,33.59428024291992, 1.4684526377095608e-06, -1.4684526377095608e-06
n,33.59428024291992, 1.4684526377095608e-06, -1.4684526377095608e-06
n,33.59428024291992, 1.4684526377095608e-06, -1.4684526377095608e-06
n,33.59428024291992, 1.4684526377095608e-06, -1.4684526377095608e-06
n,33.59428024291992, 1.4684526377095608e-06, -1.4684526377095608e-06
n,33.59428024291992, 1.4684526377095608e-06, -1.4684526377095608e-06
n,33.59428024291992, 1.4684526377095608e-06, -1.4684526377095608e-06
n,33.59428024291992, 1.4684526377095608e-06, -1.4684526377095608e-06
n,33.59428024291992, 1.4684526377095608e-06, -1.4684526377095608e-06
n,33.59428024291992, 1.4684526377095608e-06, -1.4684526377095608e-06
n,33.59428024291992, 1.4684526377095608e-06, -1.4684526377095608e-06
n,33.59428024291992, 1.4684526377095608e-06, -1.4684526377095608e-06
n,33.59428024291992, 1.4684526377095608e-06, -1.4684526377095608e-06
n,33.59428024291992, 1.4684526377095608e-06, -1.4684526377095608e-06
n,33.59428024291992, 1.4684526377095608e-06, -1.4684526377095608e-06
n,33.59428024291992, 1.4684526377095608e-06, -1.4684526377095608e-06
n,33.59428024291992, 1.4684526377095608e-06, -1.4684526377095608e-06
n,33.59428024291992, 1.4684526377095608e-06, -1.4684526377095608e-06
n,33.59428024291992, 1.4684526377095608e-06, -1.4684526377095608e-06
n,33.59428024291992, 1.4684526377095608e-06, -1.4684526377095608e-06
n,33.59428024291992, 1.4684526377095608e-06, -1.4684526377095608e-06
n,33.59428024291992, 1.4684526377095608e-06, -1.4684526377095608e-06
n,33.59428024291992, 1.4684526377095608e-06, -1.4684526377095608e-06
n,33.59428024291992, 1.4684526377095608e-06, -1.4684526377095608e-06
n,33.59428024291992, 1.4684526377095608e-06, -1.4684526377095608e-06
n,33.59428024291992, 1.4684526377095608e-06, -1.4684526377095608e-06
n,33.59428024291992, 1.4684526377095608e-06, -1.4684526377095608e-06
n,33.59428024291992, 1.4684526377095608e-06, -1.4684526377095608e-06
n,33.59428024291992, 1.4684526377095608e-06, -1.4684526377095608e-06
n,33.59428024291992, 1.4684526377095608e-06, -1.4684526377095608e-06
n,33.59428024291992, 1.4684526377095608e-06, -1.4684526377095608e-06
n,33.59428024291992, 1.4684526377095608e-06, -1.4684526377095608e-06
n,33.59428024291992, 1.4684526377095608e-06, -1.4684526377095608e-06
n,33.59428024291992, 1.4684526377095608e-06, -1.4684526377095608e-06
n,33.59428024291992, 1.4684526377095608e-06, -1.4684526377095608e-06
n,33.59428024291992, 1.4684526377095608e-06, -1.4684526377095608e-06
n,33.59428024291992, 1.4684526377095608e-06, -1.4684526377095608e-06
n,33.59428024291992, 1.4684526377095608e-06, -1.4684526377095608e-06
n,33.59428024291992, 1.4684526377095608e-06, -1.4684526377095608e-06
n,33.59428024291992, 1.4684526377095608e-06, -1.4684526377095608e-06
n,-33.59428024291992, -1.4684526377095608e-06, 1.4684526377095608e-06
n,-33.59428024291992, -1.4684526377095608e-06, 1.4684526377095608e-06
n,-33.59428024291992, -1.4684526377095608e-06, 1.4684526377095608e-06
n,-33.59428024291992, -1.4684526377095608e-06, 1.4684526377095608e-06
n,-33.59428024291992, -1.4684526377095608e-06, 1.4684526377095608e-06
n,-33.59428024291992, -1.4684526377095608e-06, 1.4684526377095608e-06
n,-33.59428024291992, -1.4684526377095608e-06, 1.4684526377095608e-06
n,-33.59428024291992, -1.4684526377095608e-06, 1.4684526377095608e-06
n,-33.59428024291992, -1.4684526377095608e-06, 1.4684526377095608e-06
n,-33.59428024291992, -1.4684526377095608e-06, 1.4684526377095608e-06
n,-33.59428024291992, -1.4684526377095608e-06, 1.4684526377095608e-06
n,-33.59428024291992, -1.4684526377095608e-06, 1.4684526377095608e-06
n,-33.59428024291992, -1.4684526377095608e-06, 1.4684526377095608e-06
n,-33.59428024291992, -1.4684526377095608e-06, 1.4684526377095608e-06
n,-33.59428024291992, -1.4684526377095608e-06, 1.4684526377095608e-06
n,-33.59428024291992, -1.4684526377095608e-06, 1.4684526377095608e-06
n,-33.59428024291992, -1.4684526377095608e-06, 1.4684526377095608e-06
n,-33.59428024291992, -1.4684526377095608e-06, 1.4684526377095608e-06
n,-33.59428024291992, -1.4684526377095608e-06, 1.4684526377095608e-06
n,-33.59428024291992, -1.4684526377095608e-06, 1.4684526377095608e-06
n,-0.01825394667685032, -33.202301025390625, 5.116901397705078
n,-33.59428024291992, -1.4684526377095608e-06, 1.4684526377095608e-06
n,-33.59428024291992, -1.4684526377095608e-06, 1.4684526377095608e-06
n,-33.59428024291992, -1.4684526377095608e-06, 1.4684526377095608e-06
n,-33.59428024291992, -1.4684526377095608e-06, 1.4684526377095608e-06
n,-33.59428024291992, -1.4684526377095608e-06, 1.4684526377095608e-06
n,-33.59428024291992, -1.4684526377095608e-06, 1.4684526377095608e-06
n,-33.59428024291992, -1.4684526377095608e-06, 1.4684526377095608e-06
n,-33.59428024291992, -1.4684526377095608e-06, 1.4684526377095608e-06
n,-33.59428024291992, -1.4684526377095608e-06, 1.4684526377095608e-06
n,-33.59428024291992, -1.4684526377095608e-06, 1.4684526377095608e-06
n,-33.59428024291992, -1.4684526377095608e-06, 1.4684526377095608e-06
n,-33.59428024291992, -1.4684526377095608e-06, 1.4684526377095608e-06
n,-33.59428024291992, -1.4684526377095608e-06, 1.4684526377095608e-06
n,-33.59428024291992, -1.4684526377095608e-06, 1.4684526377095608e-06
n,-33.59428024291992, -1.4684526377095608e-06, 1.4684526377095608e-06
n,-33.59428024291992, -1.4684526377095608e-06, 1.4684526377095608e-06
n,-33.59428024291992, -1.4684526377095608e-06, 1.4684526377095608e-06
n,-33.59428024291992, -1.4684526377095608e-06, 1.4684526377095608e-06
n,-33.59428024291992, -1.4684526377095608e-06, 1.4684526377095608e-06
n,-33.59428024291992, -1.4684526377095608e-06, 1.4684526377095608e-06
n,-33.59428024291992, -1.4684526377095608e-06, 1.4684526377095608e-06
n,-33.59428024291992, -1.4684526377095608e-06, 1.4684526377095608e-06
n,-33.59428024291992, -1.4684526377095608e-06, 1.4684526377095608e-06
n,-33.59428024291992, -1.4684526377095608e-06, 1.4684526377095608e-06
n,-33.59428024291992, -1.4684526377095608e-06, 1.4684526377095608e-06
n,-33.59428024291992, -1.4684526377095608e-06, 1.4684526377095608e-06
n,-33.59428024291992, -1.4684526377095608e-06, 1.4684526377095608e-06
n,0.08464296162128448, -25.750267028808594, 21.575265884399414
n,-0.10291074961423874, 20.348302841186523, -26.730350494384766
n,0.13377156853675842, -30.56583023071289, 13.938714981079102
n,-0.16309358179569244, -32.8910026550293, 6.836005210876465
n,-0.13089729845523834, -32.50246047973633, 8.49404239654541
n,0.143098384141922, -20.636062622070312, 26.508644104003906
n,0.12098456174135208, 32.95170211791992, -6.5380754470825195
n,-0.2131982147693634, -4.5235419273376465, -33.28765106201172
n,0.152507945895195, 32.2310905456543, 9.47149658203125
n,0.16936621069908142, 33.567317962646484, -1.3349751234054565
n,-0.027983592823147774, -32.21188735961914, 9.537781715393066
n,-0.14398851990699768, 7.074801921844482, -32.84055709838867
n,-0.20369021594524384, -8.407450675964355, -32.52458953857422
n,-0.13806740939617157, -28.029483795166016, -18.517684936523438
n,-0.029373902827501297, -33.40273666381836, -3.5821726322174072
n,-0.07492686808109283, 4.494375705718994, -33.292198181152344
n,0.043796345591545105, -27.78249168395996, 18.886686325073242
n,-0.2111319899559021, 12.710908889770508, -31.096044540405273
n,-0.09434127062559128, 32.824951171875, -7.147679805755615
n,0.2462196946144104, 8.147866249084473, -32.590293884277344
n,0.15273311734199524, -0.8154392838478088, -33.58403396606445
n,-0.09012934565544128, 31.23430633544922, -12.368736267089844
n,0.04130932316184044, -14.262664794921875, 30.416282653808594
n,-0.00705735245719552, 33.15460968017578, -5.417325496673584
n,-0.000930685899220407, -24.250144958496094, -23.248788833618164
n,0.03844268247485161, -20.48729133605957, 26.624143600463867
n,-0.04089698940515518, 29.76662826538086, -15.573110580444336
n,0.023777637630701065, -6.017963409423828, 33.05085754394531
n,-0.08986496180295944, 28.035186767578125, 18.509342193603516
n,-0.03726125508546829, 33.28679656982422, -4.534684658050537
n,-0.18901479244232178, 33.28549575805664, 4.540455341339111
n,1.1397416528780013e-05, -29.230751037597656, 16.557144165039062
n,0.001501629245467484, -33.479713439941406, 2.7720606327056885
n,-0.08625797927379608, 21.168790817260742, -26.085445404052734
n,0.014656863175332546, 0.002945507178083062, 33.594276428222656
n,0.018753761425614357, -0.26866933703422546, 33.593204498291016
n,0.006692316848784685, 6.983759880065918, 32.860355377197266
n,-0.12232232093811035, -21.75165557861328, 25.601293563842773
n,0.028249690309166908, -12.48633098602295, 31.187602996826172
n,7.566800377389882e-07, -30.777158737182617, -13.466338157653809
n,-0.0674017071723938, -27.597827911376953, 19.155447006225586
n,0.20147238671779633, -21.764211654663086, -25.590118408203125
n,-0.02503855526447296, -20.735193252563477, -26.431547164916992
n,0.10522250086069107, -8.136229515075684, -32.593963623046875
n,-0.006957906298339367, 32.599700927734375, -8.113883972167969
n,-0.10340270400047302, 9.456195831298828, -32.235774993896484
n,-1.5450900718860794e-06, 33.545936584472656, -1.8016057014465332
n,-0.06977210193872452, 27.26897621154785, -19.620746612548828
n,0.1710032820701599, 5.215409755706787, -33.18653106689453
n,0.06687701493501663, -18.577817916870117, 27.98992347717285
n,0.03897734731435776, 7.750326633453369, -32.688018798828125
n,0.029124511405825615, 18.377113342285156, 28.122169494628906
n,0.09093647450208664, -33.27095413208008, -4.648781776428223
n,-0.04551464691758156, 32.51669692993164, -8.440254211425781
n,-0.0783555880188942, -14.814179420471191, -30.151445388793945
n,0.0013980858493596315, -25.548221588134766, 21.814311981201172
n,0.024831624701619148, 5.770788192749023, 33.09490966796875
n,0.08862154930830002, 17.745038986206055, -28.525100708007812
n,-0.12584328651428223, 33.28144454956055, -4.57223653793335
n,-2.017867700487841e-06, 17.46726417541504, -28.696170806884766
n,0.060310184955596924, 21.009538650512695, -26.213951110839844
n,0.06133529916405678, -7.368671417236328, 32.77613067626953
n,-0.19272233545780182, -30.247997283935547, 14.614967346191406
n,-0.09551890194416046, 32.53083038330078, -8.385207176208496
n,0.1946779191493988, -32.66156005859375, 7.858770370483398
n,0.10695332288742065, -32.28742980957031, 9.2782564163208
n,0.08976666629314423, -33.166259765625, 5.34479284286499
n,0.0452759712934494, 31.118900299072266, -12.656527519226074
n,-0.07680065929889679, -14.684747695922852, 30.214696884155273
n,0.06531518697738647, 33.130950927734375, -5.559820175170898
n,0.0036179323215037584, -24.279767990112305, -23.217849731445312
n,2.0599275103450054e-06, -20.549348831176758, 26.57630157470703
n,0.060473114252090454, 29.616748809814453, -15.85623550415039
n,-0.024001922458410263, -6.437251091003418, 32.97175598144531
n,-0.030517445877194405, 27.60487937927246, 19.14537239074707
n,0.0470917783677578, 33.25608444213867, -4.754602909088135
n,0.10330438613891602, -29.36332893371582, 16.320537567138672
n,0.022375233471393585, -33.47389602661133, 2.841386079788208
n,0.08863164484500885, 20.54622459411621, -26.578569412231445
n,0.0003662996459752321, -0.34792959690093994, 33.59247970581055
n,-0.02447403036057949, -0.6015463471412659, 33.58888626098633
n,-0.019625399261713028, 6.790574550628662, 32.90081024169922
n,-0.07277281582355499, -13.230010986328125, 30.8794002532959
n,0.006779670715332031, -30.79047966003418, -13.435848236083984
n,-2.3127995518734679e-07, -20.96143341064453, -26.25250244140625
n,0.020722951740026474, 32.60927963256836, -8.075273513793945
n,-0.06871607154607773, 9.632370948791504, -32.18367004394531
n,0.023581672459840775, 33.539268493652344, -1.9216091632843018
n,0.0692509189248085, 26.949066162109375, -20.057884216308594
n,-0.06413386762142181, -18.77614402770996, 27.857276916503906
n,-0.025189070031046867, 17.712356567382812, 28.545534133911133
n,0.007306154817342758, 32.477657318115234, -8.589383125305176
n,0.03481088951230049, -15.63034725189209, -29.736621856689453
n,-0.03597557544708252, 4.930922031402588, 33.230411529541016
n,0.13471487164497375, 17.896198272705078, -28.430328369140625
n,-2.017867700487841e-06, 17.46726417541504, -28.696170806884766
n,-0.043048568069934845, -8.148242950439453, 32.591102600097656
n,0.0974516049027443, 32.45908737182617, -8.658740997314453
u,0.6060535311698914, 0.3439842462539673, 0
u,0.5947977304458618, 0.34368711709976196, 0
u,0.5987395644187927, 0.34276825189590454, 0
u,0.5404673218727112, 0.34745240211486816, 0
u,0.5267658233642578, 0.34700268507003784, 0
u,0.5340245366096497, 0.34665119647979736, 0
u,0.5404673218727112, 0.34745240211486816, 0
u,0.5198637843132019, 0.34888172149658203, 0
u,0.5267658233642578, 0.34700268507003784, 0
u,0.6060535311698914, 0.3439842462539673, 0
u,0.5916199684143066, 0.34602946043014526, 0
u,0.5947977304458618, 0.34368711709976196, 0
u,0.5472791194915771, 0.3497433066368103, 0
u,0.5198637843132019, 0.34888172149658203, 0
u,0.5404673218727112, 0.34745240211486816, 0
u,0.619289755821228, 0.3493030071258545, 0
u,0.5916199684143066, 0.34602946043014526, 0
u,0.6060535311698914, 0.3439842462539673, 0
u,0.619289755821228, 0.3493030071258545, 0
u,0.5895763635635376, 0.3493627905845642, 0
u,0.5916199684143066, 0.34602946043014526, 0
u,0.5472791194915771, 0.3497433066368103, 0
u,0.5258907675743103, 0.3676741123199463, 0
u,0.5198637843132019, 0.34888172149658203, 0
u,0.5565293431282043, 0.35614097118377686, 0
u,0.5258907675743103, 0.3676741123199463, 0
u,0.5472791194915771, 0.3497433066368103, 0
u,0.619289755821228, 0.3493030071258545, 0
u,0.5884581804275513, 0.35415077209472656, 0
u,0.5895763635635376, 0.3493627905845642, 0
u,0.619289755821228, 0.3493030071258545, 0
u,0.589239239692688, 0.36225026845932007, 0
u,0.5884581804275513, 0.35415077209472656, 0
u,0.6462386250495911, 0.3650776743888855, 0
u,0.589239239692688, 0.36225026845932007, 0
u,0.619289755821228, 0.3493030071258545, 0
u,0.5681456327438354, 0.3685157299041748, 0
u,0.5258907675743103, 0.3676741123199463, 0
u,0.5565293431282043, 0.35614097118377686, 0
u,0.6462386250495911, 0.3650776743888855, 0
u,0.5955376625061035, 0.3866868019104004, 0
u,0.589239239692688, 0.36225026845932007, 0
u,0.5798059701919556, 0.38374537229537964, 0
u,0.5258907675743103, 0.3676741123199463, 0
u,0.5681456327438354, 0.3685157299041748, 0
u,0.5798059701919556, 0.38374537229537964, 0
u,0.5300191044807434, 0.38893550634384155, 0
u,0.5258907675743103, 0.3676741123199463, 0
u,0.6462386250495911, 0.3650776743888855, 0
u,0.6377994418144226, 0.376137375831604, 0
u,0.5955376625061035, 0.3866868019104004, 0
u,0.6351003050804138, 0.37700003385543823, 0
u,0.5955376625061035, 0.3866868019104004, 0
u,0.6377994418144226, 0.376137375831604, 0
u,0.6701620221138, 0.38142621517181396, 0
u,0.6377994418144226, 0.376137375831604, 0
u,0.6462386250495911, 0.3650776743888855, 0
u,0.6701620221138, 0.38142621517181396, 0
u,0.645626425743103, 0.37883275747299194, 0
u,0.6377994418144226, 0.376137375831604, 0
u,0.6337311267852783, 0.37935060262680054, 0
u,0.5955376625061035, 0.3866868019104004, 0
u,0.6351003050804138, 0.37700003385543823, 0
u,0.6334148049354553, 0.38561636209487915, 0
u,0.5955376625061035, 0.3866868019104004, 0
u,0.6337311267852783, 0.37935060262680054, 0
u,0.6701620221138, 0.38142621517181396, 0
u,0.6549906134605408, 0.3840145468711853, 0
u,0.645626425743103, 0.37883275747299194, 0
u,0.6663455963134766, 0.39168781042099, 0
u,0.6549906134605408, 0.3840145468711853, 0
u,0.6701620221138, 0.38142621517181396, 0
u,0.5561730265617371, 0.3924977779388428, 0
u,0.5300191044807434, 0.38893550634384155, 0
u,0.5798059701919556, 0.38374537229537964, 0
u,0.5464387536048889, 0.39438456296920776, 0
u,0.5300191044807434, 0.38893550634384155, 0
u,0.5561730265617371, 0.3924977779388428, 0
u,0.5798059701919556, 0.38374537229537964, 0
u,0.5671369433403015, 0.39511609077453613, 0
u,0.5561730265617371, 0.3924977779388428, 0
u,0.5464387536048889, 0.39438456296920776, 0
u,0.5311771035194397, 0.399416446685791, 0
u,0.5300191044807434, 0.38893550634384155, 0
u,0.5951641798019409, 0.408042848110199, 0
u,0.5671369433403015, 0.39511609077453613, 0
u,0.5798059701919556, 0.38374537229537964, 0
u,0.5394484400749207, 0.39832282066345215, 0
u,0.5311771035194397, 0.399416446685791, 0
u,0.5464387536048889, 0.39438456296920776, 0
u,0.635612428188324, 0.4013252854347229, 0
u,0.5955376625061035, 0.3866868019104004, 0
u,0.6334148049354553, 0.38561636209487915, 0
u,0.5394484400749207, 0.39832282066345215, 0
u,0.5355513691902161, 0.40175187587738037, 0
u,0.5311771035194397, 0.399416446685791, 0
u,0.5951641798019409, 0.408042848110199, 0
u,0.5775343775749207, 0.4026229977607727, 0
u,0.5671369433403015, 0.39511609077453613, 0
u,0.5951641798019409, 0.408042848110199, 0
u,0.5871970653533936, 0.414569616317749, 0
u,0.5775343775749207, 0.4026229977607727, 0
u,0.635612428188324, 0.4013252854347229, 0
u,0.6084708571434021, 0.4286237955093384, 0
u,0.5955376625061035, 0.3866868019104004, 0
u,0.6410378813743591, 0.42686766386032104, 0
u,0.6084708571434021, 0.4286237955093384, 0
u,0.635612428188324, 0.4013252854347229, 0
u,0.5951641798019409, 0.408042848110199, 0
u,0.59665447473526, 0.43040430545806885, 0
u,0.5871970653533936, 0.414569616317749, 0
u,0.606061577796936, 0.4287600517272949, 0
u,0.59665447473526, 0.43040430545806885, 0
u,0.5951641798019409, 0.408042848110199, 0
u,0.6410378813743591, 0.42686766386032104, 0
u,0.606061577796936, 0.4287600517272949, 0
u,0.6084708571434021, 0.4286237955093384, 0
u,0.6410378813743591, 0.42686766386032104, 0
u,0.59665447473526, 0.43040430545806885, 0
u,0.606061577796936, 0.4287600517272949, 0
u,0.6410378813743591, 0.42686766386032104, 0
u,0.6075925230979919, 0.4540392756462097, 0
u,0.59665447473526, 0.43040430545806885, 0
u,0.6480901837348938, 0.45323920249938965, 0
u,0.6075925230979919, 0.4540392756462097, 0
u,0.6410378813743591, 0.42686766386032104, 0
u,0.6480901837348938, 0.45323920249938965, 0
u,0.6196402907371521, 0.4918246865272522, 0
u,0.6075925230979919, 0.4540392756462097, 0
u,0.6611157059669495, 0.49362343549728394, 0
u,0.6196402907371521, 0.4918246865272522, 0
u,0.6480901837348938, 0.45323920249938965, 0
u,0.6611157059669495, 0.49362343549728394, 0
u,0.6254992485046387, 0.5182296335697174, 0
u,0.6196402907371521, 0.4918246865272522, 0
u,0.6701620221138, 0.5188547074794769, 0
u,0.6254992485046387, 0.5182296335697174, 0
u,0.6611157059669495, 0.49362343549728394, 0
u,0.6701620221138, 0.5188547074794769, 0
u,0.643555223941803, 0.5196372270584106, 0
u,0.6254992485046387, 0.5182296335697174, 0
u,0.6664184331893921, 0.5232283771038055, 0
u,0.643555223941803, 0.5196372270584106, 0
u,0.6701620221138, 0.5188547074794769, 0
u,0.4329906702041626, 0.3441409468650818, 0
u,0.4405505359172821, 0.34269988536834717, 0
u,0.4447243809700012, 0.34356313943862915, 0
u,0.4988116919994354, 0.3475257158279419, 0
u,0.5052130222320557, 0.346648633480072, 0
u,0.5126602053642273, 0.3469371795654297, 0
u,0.4988116919994354, 0.3475257158279419, 0
u,0.5126602053642273, 0.3469371795654297, 0
u,0.5198637843132019, 0.34885483980178833, 0
u,0.4329906702041626, 0.3441409468650818, 0
u,0.4447243809700012, 0.34356313943862915, 0
u,0.44792449474334717, 0.3458092212677002, 0
u,0.49120885133743286, 0.35028505325317383, 0
u,0.4988116919994354, 0.3475257158279419, 0
u,0.5198637843132019, 0.34885483980178833, 0
u,0.41888564825057983, 0.35003405809402466, 0
u,0.4329906702041626, 0.3441409468650818, 0
u,0.44792449474334717, 0.3458092212677002, 0
u,0.41888564825057983, 0.35003405809402466, 0
u,0.44792449474334717, 0.3458092212677002, 0
u,0.45066604018211365, 0.35052186250686646, 0
u,0.49120885133743286, 0.35028505325317383, 0
u,0.5198637843132019, 0.34885483980178833, 0
u,0.5141522288322449, 0.3663719892501831, 0
u,0.4823203980922699, 0.3570091128349304, 0
u,0.49120885133743286, 0.35028505325317383, 0
u,0.5141522288322449, 0.3663719892501831, 0
u,0.41888564825057983, 0.35003405809402466, 0
u,0.45066604018211365, 0.35052186250686646, 0
u,0.451209157705307, 0.35738784074783325, 0
u,0.3912779986858368, 0.36644941568374634, 0
u,0.41888564825057983, 0.35003405809402466, 0
u,0.451209157705307, 0.35738784074783325, 0
u,0.47329872846603394, 0.3664374351501465, 0
u,0.4823203980922699, 0.3570091128349304, 0
u,0.5141522288322449, 0.3663719892501831, 0
u,0.3912779986858368, 0.36644941568374634, 0
u,0.451209157705307, 0.35738784074783325, 0
u,0.44899603724479675, 0.36870241165161133, 0
u,0.46036309003829956, 0.3829888701438904, 0
u,0.47329872846603394, 0.3664374351501465, 0
u,0.5141522288322449, 0.3663719892501831, 0
u,0.46036309003829956, 0.3829888701438904, 0
u,0.5141522288322449, 0.3663719892501831, 0
u,0.5098628997802734, 0.38768064975738525, 0
u,0.3912779986858368, 0.36644941568374634, 0
u,0.44899603724479675, 0.36870241165161133, 0
u,0.40336236357688904, 0.37621182203292847, 0
u,0.40336236357688904, 0.37621182203292847, 0
u,0.44899603724479675, 0.36870241165161133, 0
u,0.4422825276851654, 0.39286231994628906, 0
u,0.3912779986858368, 0.36644941568374634, 0
u,0.40336236357688904, 0.37621182203292847, 0
u,0.3969670534133911, 0.37743085622787476, 0
u,0.3695428669452667, 0.3813691735267639, 0
u,0.3912779986858368, 0.36644941568374634, 0
u,0.3969670534133911, 0.37743085622787476, 0
u,0.40576210618019104, 0.3784991502761841, 0
u,0.40336236357688904, 0.37621182203292847, 0
u,0.4422825276851654, 0.39286231994628906, 0
u,0.8313809633255005, 0.20978772640228271, 0
u,0.777641236782074, 0.23456567525863647, 0
u,0.7776415944099426, 0.20885741710662842, 0
u,0.40632304549217224, 0.38530856370925903, 0
u,0.40576210618019104, 0.3784991502761841, 0
u,0.4422825276851654, 0.39286231994628906, 0
u,0.3695428669452667, 0.3813691735267639, 0
u,0.3969670534133911, 0.37743085622787476, 0
u,0.38192737102508545, 0.38564443588256836, 0
u,0.3733823001384735, 0.3917319178581238, 0
u,0.3695428669452667, 0.3813691735267639, 0
u,0.38192737102508545, 0.38564443588256836, 0
u,0.48240867257118225, 0.39262324571609497, 0
u,0.46036309003829956, 0.3829888701438904, 0
u,0.48877301812171936, 0.3931393027305603, 0
u,0.48877301812171936, 0.3931393027305603, 0
u,0.46036309003829956, 0.3829888701438904, 0
u,0.5098628997802734, 0.38768064975738525, 0
u,0.49452829360961914, 0.3949275612831116, 0
u,0.48877301812171936, 0.3931393027305603, 0
u,0.5098628997802734, 0.38768064975738525, 0
u,0.46036309003829956, 0.3829888701438904, 0
u,0.48240867257118225, 0.39262324571609497, 0
u,0.4733182191848755, 0.3947393298149109, 0
u,0.49452829360961914, 0.3949275612831116, 0
u,0.5098628997802734, 0.38768064975738525, 0
u,0.5085233449935913, 0.39939385652542114, 0
u,0.4488193392753601, 0.40091949701309204, 0
u,0.46036309003829956, 0.3829888701438904, 0
u,0.4733182191848755, 0.3947393298149109, 0
u,0.5006745457649231, 0.39861661195755005, 0
u,0.49452829360961914, 0.3949275612831116, 0
u,0.5085233449935913, 0.39939385652542114, 0
u,0.40391796827316284, 0.4022143483161926, 0
u,0.40632304549217224, 0.38530856370925903, 0
u,0.4422825276851654, 0.39286231994628906, 0
u,0.5006745457649231, 0.39861661195755005, 0
u,0.5085233449935913, 0.39939385652542114, 0
u,0.5041484832763672, 0.40172821283340454, 0
u,0.4488193392753601, 0.40091949701309204, 0
u,0.4733182191848755, 0.3947393298149109, 0
u,0.46288827061653137, 0.40189701318740845, 0
u,0.4334087371826172, 0.42868274450302124, 0
u,0.4488193392753601, 0.40091949701309204, 0
u,0.46288827061653137, 0.40189701318740845, 0
u,0.4334087371826172, 0.42868274450302124, 0
u,0.46288827061653137, 0.40189701318740845, 0
u,0.4534027874469757, 0.41323959827423096, 0
u,0.40391796827316284, 0.4022143483161926, 0
u,0.4422825276851654, 0.39286231994628906, 0
u,0.43121102452278137, 0.4285809397697449, 0
u,0.39659154415130615, 0.435538113117218, 0
u,0.40391796827316284, 0.4022143483161926, 0
u,0.43121102452278137, 0.4285809397697449, 0
u,0.4334087371826172, 0.42868274450302124, 0
u,0.4534027874469757, 0.41323959827423096, 0
u,0.443720281124115, 0.42909663915634155, 0
u,0.39659154415130615, 0.435538113117218, 0
u,0.43121102452278137, 0.4285809397697449, 0
u,0.4334087371826172, 0.42868274450302124, 0
u,0.39659154415130615, 0.435538113117218, 0
u,0.4334087371826172, 0.42868274450302124, 0
u,0.443720281124115, 0.42909663915634155, 0
u,0.39659154415130615, 0.435538113117218, 0
u,0.443720281124115, 0.42909663915634155, 0
u,0.4330460727214813, 0.45159947872161865, 0
u,0.38358908891677856, 0.4786754846572876, 0
u,0.39659154415130615, 0.435538113117218, 0
u,0.4330460727214813, 0.45159947872161865, 0
u,0.38358908891677856, 0.4786754846572876, 0
u,0.4330460727214813, 0.45159947872161865, 0
u,0.42080020904541016, 0.48888659477233887, 0
u,0.3695428669452667, 0.5188352167606354, 0
u,0.38358908891677856, 0.4786754846572876, 0
u,0.42080020904541016, 0.48888659477233887, 0
u,0.3695428669452667, 0.5188352167606354, 0
u,0.42080020904541016, 0.48888659477233887, 0
u,0.41418707370758057, 0.5180622339248657, 0
u,0.3695428669452667, 0.5188352167606354, 0
u,0.41418707370758057, 0.5180622339248657, 0
u,0.387240469455719, 0.5207453668117523, 0
u,0.37329161167144775, 0.5232284069061279, 0
u,0.3695428669452667, 0.5188352167606354, 0
u,0.387240469455719, 0.5207453668117523, 0
u,0.47593212127685547, 0.7874611914157867, 0
u,0.4759327173233032, 0.8032953888177872, 0
u,0.42219278216362, 0.7900062799453735, 0
u,0.18174323439598083, 0.06792217493057251, 0
u,0.17157338559627533, 0.0679059624671936, 0
u,0.1795322299003601, 0.014179229736328125, 0
u,0.47593387961387634, 0.7173816859722137, 0
u,0.4759327173233032, 0.7406759560108185, 0
u,0.42219439148902893, 0.7173270881175995, 0
u,0.7776412963867188, 0.2616538405418396, 0
u,0.777641236782074, 0.23456567525863647, 0
u,0.8313806056976318, 0.24341970682144165, 0
u,0.7776420712471008, 0.30397236347198486, 0
u,0.7776412963867188, 0.2616538405418396, 0
u,0.8313811421394348, 0.28827965259552, 0
u,0.4759327173233032, 0.8032953888177872, 0
u,0.47593387961387634, 0.8127014338970184, 0
u,0.4221942722797394, 0.8117098361253738, 0
u,0.10748054087162018, 0.17108964920043945, 0
u,0.10748039186000824, 0.1458558440208435, 0
u,0.16121990978717804, 0.16443610191345215, 0
u,0.9678067564964294, 0.6197396218776703, 0
u,0.9578914642333984, 0.6197396218776703, 0
u,0.9631648063659668, 0.5660003423690796, 0
u,0.10748021304607391, 0.18352121114730835, 0
u,0.10748044401407242, 0.17914044857025146, 0
u,0.16121970117092133, 0.1824866533279419, 0
u,0.10748044401407242, 0.17914044857025146, 0
u,0.10748054087162018, 0.17108964920043945, 0
u,0.16121990978717804, 0.17595124244689941, 0
u,0.7776428461074829, 0.3307536244392395, 0
u,0.7776420712471008, 0.30397236347198486, 0
u,0.8313822150230408, 0.33077341318130493, 0
u,0.9542906880378723, 0.8426007628440857, 0
u,0.9325780868530273, 0.842599555850029, 0
u,0.9458127617835999, 0.7888609915971756, 0
u,0.18138019740581512, 0.3368672728538513, 0
u,0.17856428027153015, 0.33684825897216797, 0
u,0.18038170039653778, 0.2831200361251831, 0
u,0.18318429589271545, 0.33687883615493774, 0
u,0.18138019740581512, 0.3368672728538513, 0
u,0.18318429589271545, 0.2831384539604187, 0
u,0.7776421308517456, 0.19347476959228516, 0
u,0.7776427268981934, 0.18778765201568604, 0
u,0.8313815593719482, 0.19321900606155396, 0
u,0.9717186093330383, 0.8426011949777603, 0
u,0.9542906880378723, 0.8426007628440857, 0
u,0.9717056751251221, 0.7888618409633636, 0
u,0.4759320318698883, 0.7689649909734726, 0
u,0.47593212127685547, 0.7874611914157867, 0
u,0.42219260334968567, 0.7698043882846832, 0
u,0.17856428027153015, 0.33684825897216797, 0
u,0.17141923308372498, 0.3367980718612671, 0
u,0.17435109615325928, 0.28307807445526123, 0
u,0.10748039186000824, 0.1458558440208435, 0
u,0.16121971607208252, 0.13937115669250488, 0
u,0.16121990978717804, 0.16443610191345215, 0
u,0.17856428027153015, 0.33684825897216797, 0
u,0.17435109615325928, 0.28307807445526123, 0
u,0.18038170039653778, 0.2831200361251831, 0
u,0.9578914642333984, 0.6197396218776703, 0
u,0.9568232297897339, 0.5660000741481781, 0
u,0.9631648063659668, 0.5660003423690796, 0
u,0.8541001081466675, 0.4540597200393677, 0
u,0.9078395366668701, 0.4310504198074341, 0
u,0.9078394770622253, 0.45661741495132446, 0
u,0.9867436289787292, 0.788808137178421, 0
u,0.998762309551239, 0.8425052762031555, 0
u,0.9862943887710571, 0.8425494581460953, 0
u,0.8540987968444824, 0.5231055617332458, 0
u,0.9078388810157776, 0.4961887001991272, 0
u,0.9078381657600403, 0.5232283771038055, 0
u,0.9280850291252136, 0.7888617813587189, 0
u,0.9325780868530273, 0.842599555850029, 0
u,0.9280484318733215, 0.8426011949777603, 0
u,0.47703564167022705, 0.058989524841308594, 0
u,0.4233068525791168, 0.08100491762161255, 0
u,0.42329519987106323, 0.05686146020889282, 0
u,0.8541001081466675, 0.4296538233757019, 0
u,0.9078393578529358, 0.4134112596511841, 0
u,0.9078395366668701, 0.4310504198074341, 0
u,0.9865469336509705, 0.8925194069743156, 0
u,0.9923695921897888, 0.9462588056921959, 0
u,0.9860773682594299, 0.9462587982416153, 0
u,0.1612192839384079, 0.18640440702438354, 0
u,0.10748021304607391, 0.18352121114730835, 0
u,0.16121970117092133, 0.1824866533279419, 0
u,0.8450078964233398, 0.0799398422241211, 0
u,0.8653997778892517, 0.13367927074432373, 0
u,0.8437684774398804, 0.13367921113967896, 0
u,0.10748044401407242, 0.17914044857025146, 0
u,0.16121990978717804, 0.17595124244689941, 0
u,0.16121970117092133, 0.1824866533279419, 0
u,0.42219308018684387, 0.7488482594490051, 0
u,0.4759320318698883, 0.7689649909734726, 0
u,0.42219260334968567, 0.7698043882846832, 0
u,0.8313815593719482, 0.19321900606155396, 0
u,0.7776415944099426, 0.20885741710662842, 0
u,0.7776421308517456, 0.19347476959228516, 0
u,0.8540995121002197, 0.3986515402793884, 0
u,0.9078382253646851, 0.38971883058547974, 0
u,0.9078389406204224, 0.3994978666305542, 0
u,0.3672848045825958, 0.28219032287597656, 0
u,0.3694779574871063, 0.3359292149543762, 0
u,0.36707058548927307, 0.3359297513961792, 0
u,0.9791222214698792, 0.8925194069743156, 0
u,0.9860773682594299, 0.9462587982416153, 0
u,0.9788316488265991, 0.9462588019669056, 0
u,0.9717352390289307, 0.8925194293260574, 0
u,0.9788316488265991, 0.9462588019669056, 0
u,0.9717488884925842, 0.9462588205933571, 0
u,0.4759327173233032, 0.8032953888177872, 0
u,0.4221942722797394, 0.8117098361253738, 0
u,0.4221932888031006, 0.8021359145641327, 0
u,0.9927880764007568, 0.8925194069743156, 0
u,0.9988418221473694, 0.9462588205933571, 0
u,0.9923695921897888, 0.9462588056921959, 0
u,0.47704625129699707, 0.08098989725112915, 0
u,0.42330682277679443, 0.08907884359359741, 0
u,0.4233068525791168, 0.08100491762161255, 0
u,0.47593212127685547, 0.7874611914157867, 0
u,0.42219278216362, 0.7900062799453735, 0
u,0.42219260334968567, 0.7698043882846832, 0
u,0.18138019740581512, 0.3368672728538513, 0
u,0.18038170039653778, 0.2831200361251831, 0
u,0.18318429589271545, 0.2831384539604187, 0
u,0.9759110808372498, 0.5659992694854736, 0
u,0.9799289703369141, 0.6197378039360046, 0
u,0.9754343628883362, 0.6197387278079987, 0
u,0.9678067564964294, 0.6197396218776703, 0
u,0.9631648063659668, 0.5660003423690796, 0
u,0.9691593647003174, 0.5660001337528229, 0
u,0.16121971607208252, 0.13937115669250488, 0
u,0.10747991502285004, 0.10204172134399414, 0
u,0.1612192988395691, 0.10203981399536133, 0
u,0.9568232297897339, 0.5660000741481781, 0
u,0.9476553201675415, 0.6197378933429718, 0
u,0.9483264088630676, 0.5659986734390259, 0
u,0.8333151936531067, 0.07993966341018677, 0
u,0.8437684774398804, 0.13367921113967896, 0
u,0.8333153128623962, 0.1336790919303894, 0
u,0.8540999293327332, 0.4119376540184021, 0
u,0.9078389406204224, 0.3994978666305542, 0
u,0.9078393578529358, 0.4134112596511841, 0
u,0.9542906880378723, 0.8426007628440857, 0
u,0.9458127617835999, 0.7888609915971756, 0
u,0.9717056751251221, 0.7888618409633636, 0
u,0.47702255845069885, 0.03339415788650513, 0
u,0.42329519987106323, 0.05686146020889282, 0
u,0.4232824444770813, 0.032112300395965576, 0
u,0.9325780868530273, 0.842599555850029, 0
u,0.9326244592666626, 0.7888601422309875, 0
u,0.9458127617835999, 0.7888609915971756, 0
u,0.9717184901237488, 0.7888614535331726, 0
u,0.975163996219635, 0.842588946223259, 0
u,0.9717184901237488, 0.8426011949777603, 0
u,0.7776427268981934, 0.18778765201568604, 0
u,0.8313822150230408, 0.18712085485458374, 0
u,0.8313815593719482, 0.19321900606155396, 0
u,0.8667234182357788, 0.07993990182876587, 0
u,0.8850888013839722, 0.1336790919303894, 0
u,0.8653997778892517, 0.13367927074432373, 0
u,0.9691593647003174, 0.5660001337528229, 0
u,0.9754343628883362, 0.6197387278079987, 0
u,0.9678067564964294, 0.6197396218776703, 0
u,0.4759327173233032, 0.8032953888177872, 0
u,0.4221932888031006, 0.8021359145641327, 0
u,0.42219278216362, 0.7900062799453735, 0
u,0.975174605846405, 0.7888491749763489, 0
u,0.9791896939277649, 0.8425746560096741, 0
u,0.975163996219635, 0.842588946223259, 0
u,0.17435109615325928, 0.28307807445526123, 0
u,0.16325527429580688, 0.3367399573326111, 0
u,0.16122041642665863, 0.2829846739768982, 0
u,0.10748054087162018, 0.17108964920043945, 0
u,0.16121990978717804, 0.16443610191345215, 0
u,0.16121990978717804, 0.17595124244689941, 0
u,0.9837594032287598, 0.5659995377063751, 0
u,0.9799289703369141, 0.6197378039360046, 0
u,0.9799289703369141, 0.5659984052181244, 0
u,0.17157338559627533, 0.0679059624671936, 0
u,0.17157338559627533, 0.014166474342346191, 0
u,0.1795322299003601, 0.014179229736328125, 0
u,0.9794236421585083, 0.7888340950012207, 0
u,0.9862943887710571, 0.8425494581460953, 0
u,0.9791896939277649, 0.8425746560096741, 0
u,0.4759327173233032, 0.7406759560108185, 0
u,0.42219308018684387, 0.7488482594490051, 0
u,0.42219439148902893, 0.7173270881175995, 0
u,0.8540995121002197, 0.4931953549385071, 0
u,0.9078394770622253, 0.45661741495132446, 0
u,0.9078388810157776, 0.4961887001991272, 0
u,0.7776412963867188, 0.2616538405418396, 0
u,0.8313806056976318, 0.24341970682144165, 0
u,0.8313811421394348, 0.28827965259552, 0
u,0.7776420712471008, 0.30397236347198486, 0
u,0.8313811421394348, 0.28827965259552, 0
u,0.8313822150230408, 0.33077341318130493, 0
u,0.8313809633255005, 0.20978772640228271, 0
u,0.8313806056976318, 0.24341970682144165, 0
u,0.777641236782074, 0.23456567525863647, 0
u,0.8541001081466675, 0.4540597200393677, 0
u,0.8541001081466675, 0.4296538233757019, 0
u,0.9078395366668701, 0.4310504198074341, 0
u,0.9867436289787292, 0.788808137178421, 0
u,0.9999998807907104, 0.7887611538171768, 0
u,0.998762309551239, 0.8425052762031555, 0
u,0.8540987968444824, 0.5231055617332458, 0
u,0.8540995121002197, 0.4931953549385071, 0
u,0.9078388810157776, 0.4961887001991272, 0
u,0.9280850291252136, 0.7888617813587189, 0
u,0.9326244592666626, 0.7888601422309875, 0
u,0.9325780868530273, 0.842599555850029, 0
u,0.47703564167022705, 0.058989524841308594, 0
u,0.47704625129699707, 0.08098989725112915, 0
u,0.4233068525791168, 0.08100491762161255, 0
u,0.8541001081466675, 0.4296538233757019, 0
u,0.8540999293327332, 0.4119376540184021, 0
u,0.9078393578529358, 0.4134112596511841, 0
u,0.9865469336509705, 0.8925194069743156, 0
u,0.9927880764007568, 0.8925194069743156, 0
u,0.9923695921897888, 0.9462588056921959, 0
u,0.1612192839384079, 0.18640440702438354, 0
u,0.10747991502285004, 0.1862679123878479, 0
u,0.10748021304607391, 0.18352121114730835, 0
u,0.8450078964233398, 0.0799398422241211, 0
u,0.8667234182357788, 0.07993990182876587, 0
u,0.8653997778892517, 0.13367927074432373, 0
u,0.42219308018684387, 0.7488482594490051, 0
u,0.4759327173233032, 0.7406759560108185, 0
u,0.4759320318698883, 0.7689649909734726, 0
u,0.8313815593719482, 0.19321900606155396, 0
u,0.8313809633255005, 0.20978772640228271, 0
u,0.7776415944099426, 0.20885741710662842, 0
u,0.8540995121002197, 0.3986515402793884, 0
u,0.8540987968444824, 0.38920170068740845, 0
u,0.9078382253646851, 0.38971883058547974, 0
u,0.3672848045825958, 0.28219032287597656, 0
u,0.3694779574871063, 0.28218984603881836, 0
u,0.3694779574871063, 0.3359292149543762, 0
u,0.9791222214698792, 0.8925194069743156, 0
u,0.9865469336509705, 0.8925194069743156, 0
u,0.9860773682594299, 0.9462587982416153, 0
u,0.9717352390289307, 0.8925194293260574, 0
u,0.9791222214698792, 0.8925194069743156, 0
u,0.9788316488265991, 0.9462588019669056, 0
u,0.9927880764007568, 0.8925194069743156, 0
u,0.9999857544898987, 0.8925194293260574, 0
u,0.9988418221473694, 0.9462588205933571, 0
u,0.47704625129699707, 0.08098989725112915, 0
u,0.47704625129699707, 0.08914703130722046, 0
u,0.42330682277679443, 0.08907884359359741, 0
u,0.9759110808372498, 0.5659992694854736, 0
u,0.9799289703369141, 0.5659984052181244, 0
u,0.9799289703369141, 0.6197378039360046, 0
u,0.16121971607208252, 0.13937115669250488, 0
u,0.10748039186000824, 0.1458558440208435, 0
u,0.10747991502285004, 0.10204172134399414, 0
u,0.9568232297897339, 0.5660000741481781, 0
u,0.9578914642333984, 0.6197396218776703, 0
u,0.9476553201675415, 0.6197378933429718, 0
u,0.8333151936531067, 0.07993966341018677, 0
u,0.8450078964233398, 0.0799398422241211, 0
u,0.8437684774398804, 0.13367921113967896, 0
u,0.8540999293327332, 0.4119376540184021, 0
u,0.8540995121002197, 0.3986515402793884, 0
u,0.9078389406204224, 0.3994978666305542, 0
u,0.47702255845069885, 0.03339415788650513, 0
u,0.47703564167022705, 0.058989524841308594, 0
u,0.42329519987106323, 0.05686146020889282, 0
u,0.9717184901237488, 0.7888614535331726, 0
u,0.975174605846405, 0.7888491749763489, 0
u,0.975163996219635, 0.842588946223259, 0
u,0.8667234182357788, 0.07993990182876587, 0
u,0.8850991129875183, 0.07993966341018677, 0
u,0.8850888013839722, 0.1336790919303894, 0
u,0.9691593647003174, 0.5660001337528229, 0
u,0.9759110808372498, 0.5659992694854736, 0
u,0.9754343628883362, 0.6197387278079987, 0
u,0.975174605846405, 0.7888491749763489, 0
u,0.9794236421585083, 0.7888340950012207, 0
u,0.9791896939277649, 0.8425746560096741, 0
u,0.17435109615325928, 0.28307807445526123, 0
u,0.17141923308372498, 0.3367980718612671, 0
u,0.16325527429580688, 0.3367399573326111, 0
u,0.9837594032287598, 0.5659995377063751, 0
u,0.9837594032287598, 0.6197389364242554, 0
u,0.9799289703369141, 0.6197378039360046, 0
u,0.9794236421585083, 0.7888340950012207, 0
u,0.9867436289787292, 0.788808137178421, 0
u,0.9862943887710571, 0.8425494581460953, 0
u,0.8540995121002197, 0.4931953549385071, 0
u,0.8541001081466675, 0.4540597200393677, 0
u,0.9078394770622253, 0.45661741495132446, 0
