v,0.001063094474375248, -0.0016272282227873802, 0.009035623632371426
v,0.00034263895940966904, -0.0010588482255116105, -0.010412565432488918
v,0.000342638319125399, -0.0010588476434350014, 0.009035623632371426
v,-0.0005903705605305731, -0.00372309354133904, 0.009228152222931385
v,0.00022284577426034957, -0.001210691872984171, 0.009228152222931385
v,-0.0013108266284689307, -0.003154712961986661, 0.009228152222931385
v,0.0012428847840055823, -0.0018087350763380527, -0.010389355011284351
v,-0.0004917954793199897, -0.004007544368505478, 0.009012413211166859
v,-0.000487929442897439, -0.004002645146101713, -0.010390248149633408
v,0.0012428847840055823, -0.0018087350763380527, -0.010389355011284351
v,0.0012390186311677098, -0.0018136342987418175, 0.009013306349515915
v,-0.0004917954793199897, -0.004007544368505478, 0.009012413211166859
v,0.00012427168258000165, -0.0009262413368560374, -0.010389355011284351
v,-0.0016104086535051465, -0.003125050337985158, 0.009012413211166859
v,0.00012040550063829869, -0.000931140617467463, 0.009013306349515915
v,0.0009433025843463838, -0.001779073034413159, -0.010605094023048878
v,-0.0013108260463923216, -0.0031547134276479483, -0.010605094023048878
v,0.00022284644364845008, -0.00121069245506078, -0.010605094023048878
v,0.00012427168258000165, -0.0009262413368560374, -0.010389355011284351
v,-0.001606542500667274, -0.003120151348412037, -0.010390248149633408
v,-0.0016104086535051465, -0.003125050337985158, 0.009012413211166859
v,-0.0007101622759364545, -0.003874938003718853, -0.010412565432488918
v,-0.001430619042366743, -0.003306556958705187, 0.009035623632371426
v,-0.001430618460290134, -0.003306557424366474, -0.010412565432488918
v,-0.001430619042366743, -0.003306556958705187, 0.009035623632371426
v,-0.0013108266284689307, -0.003154712961986661, 0.009228152222931385
v,-0.0016104086535051465, -0.003125050337985158, 0.009012413211166859
v,0.000342638319125399, -0.0010588476434350014, 0.009035623632371426
v,0.00012040550063829869, -0.000931140617467463, 0.009013306349515915
v,0.00022284577426034957, -0.001210691872984171, 0.009228152222931385
v,0.00034263895940966904, -0.0010588482255116105, -0.010412565432488918
v,0.00022284644364845008, -0.00121069245506078, -0.010605094023048878
v,0.00012427168258000165, -0.0009262413368560374, -0.010389355011284351
v,-0.001430618460290134, -0.003306557424366474, -0.010412565432488918
v,-0.001606542500667274, -0.003120151348412037, -0.010390248149633408
v,-0.0013108260463923216, -0.0031547134276479483, -0.010605094023048878
v,-0.0007101629744283855, -0.0038749375380575657, 0.009035623632371426
v,-0.0004917954793199897, -0.004007544368505478, 0.009012413211166859
v,-0.0005903705605305731, -0.00372309354133904, 0.009228152222931385
v,0.001063094474375248, -0.0016272282227873802, 0.009035623632371426
v,0.0009433018858544528, -0.0017790724523365498, 0.009228152222931385
v,0.0012390186311677098, -0.0018136342987418175, 0.009013306349515915
v,0.001063095056451857, -0.0016272288048639894, -0.010412565432488918
v,0.0012428847840055823, -0.0018087350763380527, -0.010389355011284351
v,0.0009433025843463838, -0.001779073034413159, -0.010605094023048878
v,-0.0007101622759364545, -0.003874938003718853, -0.010412565432488918
v,-0.0005903698620386422, -0.003723094007000327, -0.010605094023048878
v,-0.000487929442897439, -0.004002645146101713, -0.010390248149633408
v,0.000342638319125399, -0.0010588476434350014, 0.009035623632371426
v,0.00012427168258000165, -0.0009262413368560374, -0.010389355011284351
v,0.00012040550063829869, -0.000931140617467463, 0.009013306349515915
v,-0.0016104086535051465, -0.003125050337985158, 0.009012413211166859
v,-0.001430618460290134, -0.003306557424366474, -0.010412565432488918
v,-0.001430619042366743, -0.003306556958705187, 0.009035623632371426
v,0.00022284644364845008, -0.00121069245506078, -0.010605094023048878
v,-0.001606542500667274, -0.003120151348412037, -0.010390248149633408
v,0.00012427168258000165, -0.0009262413368560374, -0.010389355011284351
v,-0.0013108266284689307, -0.003154712961986661, 0.009228152222931385
v,0.00012040550063829869, -0.000931140617467463, 0.009013306349515915
v,-0.0016104086535051465, -0.003125050337985158, 0.009012413211166859
v,0.001063094474375248, -0.0016272282227873802, 0.009035623632371426
v,0.0012428847840055823, -0.0018087350763380527, -0.010389355011284351
v,0.001063095056451857, -0.0016272288048639894, -0.010412565432488918
v,-0.0004917954793199897, -0.004007544368505478, 0.009012413211166859
v,-0.0007101622759364545, -0.003874938003718853, -0.010412565432488918
v,-0.000487929442897439, -0.004002645146101713, -0.010390248149633408
v,0.0009433025843463838, -0.001779073034413159, -0.010605094023048878
v,-0.000487929442897439, -0.004002645146101713, -0.010390248149633408
v,-0.0005903698620386422, -0.003723094007000327, -0.010605094023048878
v,-0.0005903705605305731, -0.00372309354133904, 0.009228152222931385
v,0.0012390186311677098, -0.0018136342987418175, 0.009013306349515915
v,0.0009433018858544528, -0.0017790724523365498, 0.009228152222931385
v,-0.001430619042366743, -0.003306556958705187, 0.009035623632371426
v,-0.0005903705605305731, -0.00372309354133904, 0.009228152222931385
v,-0.0013108266284689307, -0.003154712961986661, 0.009228152222931385
v,-0.0007101622759364545, -0.003874938003718853, -0.010412565432488918
v,-0.0013108260463923216, -0.0031547134276479483, -0.010605094023048878
v,-0.0005903698620386422, -0.003723094007000327, -0.010605094023048878
v,0.0009433025843463838, -0.001779073034413159, -0.010605094023048878
v,0.00034263895940966904, -0.0010588482255116105, -0.010412565432488918
v,0.001063095056451857, -0.0016272288048639894, -0.010412565432488918
v,0.001063094474375248, -0.0016272282227873802, 0.009035623632371426
v,0.00022284577426034957, -0.001210691872984171, 0.009228152222931385
v,0.0009433018858544528, -0.0017790724523365498, 0.009228152222931385
v,0.001063094474375248, -0.0016272282227873802, 0.009035623632371426
v,0.001063095056451857, -0.0016272288048639894, -0.010412565432488918
v,0.00034263895940966904, -0.0010588482255116105, -0.010412565432488918
v,-0.0005903705605305731, -0.00372309354133904, 0.009228152222931385
v,0.0009433018858544528, -0.0017790724523365498, 0.009228152222931385
v,0.00022284577426034957, -0.001210691872984171, 0.009228152222931385
v,0.0009433025843463838, -0.001779073034413159, -0.010605094023048878
v,-0.0005903698620386422, -0.003723094007000327, -0.010605094023048878
v,-0.0013108260463923216, -0.0031547134276479483, -0.010605094023048878
v,-0.0007101622759364545, -0.003874938003718853, -0.010412565432488918
v,-0.0007101629744283855, -0.0038749375380575657, 0.009035623632371426
v,-0.001430619042366743, -0.003306556958705187, 0.009035623632371426
v,0.000342638319125399, -0.0010588476434350014, 0.009035623632371426
v,0.00034263895940966904, -0.0010588482255116105, -0.010412565432488918
v,0.00012427168258000165, -0.0009262413368560374, -0.010389355011284351
v,-0.0016104086535051465, -0.003125050337985158, 0.009012413211166859
v,-0.001606542500667274, -0.003120151348412037, -0.010390248149633408
v,-0.001430618460290134, -0.003306557424366474, -0.010412565432488918
v,0.00022284644364845008, -0.00121069245506078, -0.010605094023048878
v,-0.0013108260463923216, -0.0031547134276479483, -0.010605094023048878
v,-0.001606542500667274, -0.003120151348412037, -0.010390248149633408
v,-0.0013108266284689307, -0.003154712961986661, 0.009228152222931385
v,0.00022284577426034957, -0.001210691872984171, 0.009228152222931385
v,0.00012040550063829869, -0.000931140617467463, 0.009013306349515915
v,0.001063094474375248, -0.0016272282227873802, 0.009035623632371426
v,0.0012390186311677098, -0.0018136342987418175, 0.009013306349515915
v,0.0012428847840055823, -0.0018087350763380527, -0.010389355011284351
v,-0.0004917954793199897, -0.004007544368505478, 0.009012413211166859
v,-0.0007101629744283855, -0.0038749375380575657, 0.009035623632371426
v,-0.0007101622759364545, -0.003874938003718853, -0.010412565432488918
v,0.0009433025843463838, -0.001779073034413159, -0.010605094023048878
v,0.0012428847840055823, -0.0018087350763380527, -0.010389355011284351
v,-0.000487929442897439, -0.004002645146101713, -0.010390248149633408
v,-0.0005903705605305731, -0.00372309354133904, 0.009228152222931385
v,-0.0004917954793199897, -0.004007544368505478, 0.009012413211166859
v,0.0012390186311677098, -0.0018136342987418175, 0.009013306349515915
v,-0.001430619042366743, -0.003306556958705187, 0.009035623632371426
v,-0.0007101629744283855, -0.0038749375380575657, 0.009035623632371426
v,-0.0005903705605305731, -0.00372309354133904, 0.009228152222931385
v,-0.0007101622759364545, -0.003874938003718853, -0.010412565432488918
v,-0.001430618460290134, -0.003306557424366474, -0.010412565432488918
v,-0.0013108260463923216, -0.0031547134276479483, -0.010605094023048878
v,0.0009433025843463838, -0.001779073034413159, -0.010605094023048878
v,0.00022284644364845008, -0.00121069245506078, -0.010605094023048878
v,0.00034263895940966904, -0.0010588482255116105, -0.010412565432488918
v,0.001063094474375248, -0.0016272282227873802, 0.009035623632371426
v,0.000342638319125399, -0.0010588476434350014, 0.009035623632371426
v,0.00022284577426034957, -0.001210691872984171, 0.009228152222931385
n,21.2012882232666, 26.87388801574707, 5.331030891253877e-14
n,-1.1800692618635367e-06, 9.309773645327368e-07, 34.386714935302734
n,20.49765968322754, -16.17096519470215, 1.1412392950660433e-06
n,20.49765968322754, -16.17096519470215, 1.1412392950660433e-06
n,-20.49765968322754, 16.17096519470215, -1.1412392950660433e-06
n,1.1800692618635367e-06, -9.309773645327368e-07, -34.386714935302734
n,-20.49765968322754, 16.17096519470215, -1.1412392950660433e-06
n,-21.2012882232666, -26.87388801574707, -5.331030891253877e-14
n,-18.705608367919922, -15.479177474975586, 23.846969604492188
n,10.267369270324707, 22.018238067626953, 23.75391960144043
n,10.700383186340332, 21.794626235961914, -23.84698486328125
n,-19.023849487304688, -15.110116958618164, -23.753908157348633
n,-10.700374603271484, -21.794645309448242, 23.846965789794922
n,19.023839950561523, 15.11010456085205, 23.75391960144043
n,18.705585479736328, 15.479181289672852, -23.846981048583984
n,-10.267376899719238, -22.018253326416016, -23.753908157348633
n,16.925214767456055, 29.454748153686523, 0.010809997096657753
n,-24.19022560119629, -23.96140480041504, -1.8142507940410724e-07
n,-15.287193298339844, 12.06965446472168, -22.898805618286133
n,-15.296257019042969, 12.058170318603516, 22.898805618286133
n,24.19020652770996, 23.96142578125, 1.814238288488923e-07
n,-16.925214767456055, -29.454748153686523, -0.010809618048369884
n,15.265204429626465, -12.042989730834961, -22.948556900024414
n,15.265201568603516, -12.042986869812012, 22.948556900024414
n,-14.991593360900879, -19.002731323242188, 24.315052032470703
n,-14.991591453552246, -19.002731323242188, -24.315052032470703
n,14.991583824157715, 19.00271987915039, -24.315065383911133
n,14.991581916809082, 19.00271987915039, 24.315065383911133
n,21.2012882232666, 26.87388801574707, 5.331030891253877e-14
n,-1.1800692618635367e-06, 9.309773645327368e-07, 34.386714935302734
n,1.1800692618635367e-06, -9.309773645327368e-07, -34.386714935302734
n,-21.2012882232666, -26.87388801574707, -5.331030891253877e-14
n,17.673147201538086, 29.10285186767578, -1.8142371516205458e-07
n,-24.70652198791504, -23.31593894958496, -0.01081005483865738
n,-15.265202522277832, 12.042987823486328, -22.948556900024414
n,-15.265204429626465, 12.042989730834961, 22.948556900024414
n,24.70652198791504, 23.31593894958496, 0.010810431092977524
n,-17.673120498657227, -29.10286521911621, 1.8142496571726952e-07
n,15.296257019042969, -12.058170318603516, -22.898805618286133
n,15.287193298339844, -12.06965446472168, 22.898805618286133
n,-14.991593360900879, -19.002731323242188, 24.315052032470703
n,-14.991591453552246, -19.002731323242188, -24.315052032470703
n,14.991583824157715, 19.00271987915039, -24.315065383911133
n,14.991581916809082, 19.00271987915039, 24.315065383911133
u,0.9239996075630188, 0.2287154197692871, 0
u,0.9397380352020264, 0.5393491685390472, 0
u,0.9397380352020264, 0.2287154197692871, 0
u,0.9239996075630188, 0.18319517374038696, 0
u,0.9397380352020264, 0.2225651741027832, 0
u,0.9397380352020264, 0.18319517374038696, 0
u,0.7306206822395325, 0.5223711729049683, 0
u,0.6676458120346069, 0.08411753177642822, 0
u,0.6677861213684082, 0.5223913490772247, 0
u,0.7306206822395325, 0.5223711729049683, 0
u,0.7304803133010864, 0.08409738540649414, 0
u,0.6676458120346069, 0.08411753177642822, 0
u,0.7306206226348877, 0.5223711729049683, 0
u,0.7935954928398132, 0.08411753177642822, 0
u,0.7307609915733337, 0.08409738540649414, 0
u,0.8223806023597717, 0.05654424428939819, 0
u,0.8381190299987793, 0.11222183704376221, 0
u,0.8381190299987793, 0.05654424428939819, 0
u,0.7306206226348877, 0.5223711729049683, 0
u,0.793455183506012, 0.5223913490772247, 0
u,0.7935954928398132, 0.08411753177642822, 0
u,0.9641742706298828, 0.5393491685390472, 0
u,0.94843590259552, 0.22871524095535278, 0
u,0.9484358429908752, 0.5393491685390472, 0
u,0.94843590259552, 0.22871524095535278, 0
u,0.94843590259552, 0.22256499528884888, 0
u,0.944087028503418, 0.22859078645706177, 0
u,0.9397380352020264, 0.2287154197692871, 0
u,0.9440869092941284, 0.22847747802734375, 0
u,0.9397380352020264, 0.2225651741027832, 0
u,0.8381190299987793, 0.05219537019729614, 0
u,0.8381190299987793, 0.05654424428939819, 0
u,0.8424679040908813, 0.05289560556411743, 0
u,0.8381190299987793, 0.11657071113586426, 0
u,0.8424679040908813, 0.1157301664352417, 0
u,0.8381190299987793, 0.11222183704376221, 0
u,0.9641743302345276, 0.22871524095535278, 0
u,0.9685232043266296, 0.22859078645706177, 0
u,0.9641743302345276, 0.22256499528884888, 0
u,0.9239996075630188, 0.2287154197692871, 0
u,0.9239996075630188, 0.2225651741027832, 0
u,0.9196507334709167, 0.22847747802734375, 0
u,0.8223806023597717, 0.05219537019729614, 0
u,0.8180317282676697, 0.05289560556411743, 0
u,0.8223806023597717, 0.05654424428939819, 0
u,0.8223806023597717, 0.11657071113586426, 0
u,0.8223806023597717, 0.11222183704376221, 0
u,0.8180317282676697, 0.1157301664352417, 0
u,0.9397380352020264, 0.2287154197692871, 0
u,0.9440869688987732, 0.5384832918643951, 0
u,0.9440869092941284, 0.22847747802734375, 0
u,0.944087028503418, 0.22859078645706177, 0
u,0.9484358429908752, 0.5393491685390472, 0
u,0.94843590259552, 0.22871524095535278, 0
u,0.7342692613601685, 0.527244359254837, 0
u,0.793455183506012, 0.5223913490772247, 0
u,0.7306206226348877, 0.5223711729049683, 0
u,0.7899469137191772, 0.07924431562423706, 0
u,0.7307609915733337, 0.08409738540649414, 0
u,0.7935954928398132, 0.08411753177642822, 0
u,0.9239996075630188, 0.2287154197692871, 0
u,0.9196507334709167, 0.5384832918643951, 0
u,0.9239996671676636, 0.5393491685390472, 0
u,0.9685232043266296, 0.22859078645706177, 0
u,0.9641742706298828, 0.5393491685390472, 0
u,0.9685231447219849, 0.5383983254432678, 0
u,0.7269720435142517, 0.527244359254837, 0
u,0.6677861213684082, 0.5223913490772247, 0
u,0.6712944507598877, 0.527244359254837, 0
u,0.6712944507598877, 0.07924431562423706, 0
u,0.7304803133010864, 0.08409738540649414, 0
u,0.7269720435142517, 0.07924431562423706, 0
u,0.94843590259552, 0.22871524095535278, 0
u,0.9641743302345276, 0.22256499528884888, 0
u,0.94843590259552, 0.22256499528884888, 0
u,0.8223806023597717, 0.11657071113586426, 0
u,0.8381190299987793, 0.11222183704376221, 0
u,0.8223806023597717, 0.11222183704376221, 0
u,0.8223806023597717, 0.05654424428939819, 0
u,0.8381190299987793, 0.05219537019729614, 0
u,0.8223806023597717, 0.05219537019729614, 0
u,0.9239996075630188, 0.2287154197692871, 0
u,0.9397380352020264, 0.2225651741027832, 0
u,0.9239996075630188, 0.2225651741027832, 0
u,0.9239996075630188, 0.2287154197692871, 0
u,0.9239996671676636, 0.5393491685390472, 0
u,0.9397380352020264, 0.5393491685390472, 0
u,0.9239996075630188, 0.18319517374038696, 0
u,0.9239996075630188, 0.2225651741027832, 0
u,0.9397380352020264, 0.2225651741027832, 0
u,0.8223806023597717, 0.05654424428939819, 0
u,0.8223806023597717, 0.11222183704376221, 0
u,0.8381190299987793, 0.11222183704376221, 0
u,0.9641742706298828, 0.5393491685390472, 0
u,0.9641743302345276, 0.22871524095535278, 0
u,0.94843590259552, 0.22871524095535278, 0
u,0.9397380352020264, 0.2287154197692871, 0
u,0.9397380352020264, 0.5393491685390472, 0
u,0.9440869688987732, 0.5384832918643951, 0
u,0.944087028503418, 0.22859078645706177, 0
u,0.9440869688987732, 0.5383983254432678, 0
u,0.9484358429908752, 0.5393491685390472, 0
u,0.7342692613601685, 0.527244359254837, 0
u,0.7899469137191772, 0.527244359254837, 0
u,0.793455183506012, 0.5223913490772247, 0
u,0.7899469137191772, 0.07924431562423706, 0
u,0.7342692613601685, 0.07924431562423706, 0
u,0.7307609915733337, 0.08409738540649414, 0
u,0.9239996075630188, 0.2287154197692871, 0
u,0.9196507334709167, 0.22847747802734375, 0
u,0.9196507334709167, 0.5384832918643951, 0
u,0.9685232043266296, 0.22859078645706177, 0
u,0.9641743302345276, 0.22871524095535278, 0
u,0.9641742706298828, 0.5393491685390472, 0
u,0.7269720435142517, 0.527244359254837, 0
u,0.7306206822395325, 0.5223711729049683, 0
u,0.6677861213684082, 0.5223913490772247, 0
u,0.6712944507598877, 0.07924431562423706, 0
u,0.6676458120346069, 0.08411753177642822, 0
u,0.7304803133010864, 0.08409738540649414, 0
u,0.94843590259552, 0.22871524095535278, 0
u,0.9641743302345276, 0.22871524095535278, 0
u,0.9641743302345276, 0.22256499528884888, 0
u,0.8223806023597717, 0.11657071113586426, 0
u,0.8381190299987793, 0.11657071113586426, 0
u,0.8381190299987793, 0.11222183704376221, 0
u,0.8223806023597717, 0.05654424428939819, 0
u,0.8381190299987793, 0.05654424428939819, 0
u,0.8381190299987793, 0.05219537019729614, 0
u,0.9239996075630188, 0.2287154197692871, 0
u,0.9397380352020264, 0.2287154197692871, 0
u,0.9397380352020264, 0.2225651741027832, 0
