v,0.0012980557512491941, -0.0028530822601169348, 0.009035623632371426
v,0.0012488637585192919, -0.0019367352360859513, -0.010412565432488918
v,0.0012488637585192919, -0.0019367344211786985, 0.009035623632371426
v,-0.0013676747912541032, -0.0029961857944726944, 0.009228152222931385
v,0.0010557331843301654, -0.0019471021369099617, 0.009228152222931385
v,-0.0014168667839840055, -0.0020798377227038145, 0.009228152222931385
v,0.001280551077798009, -0.003107960568740964, -0.010389355011284351
v,-0.0015161145711317658, -0.0032580920960754156, 0.009012413211166859
v,-0.0015098826261237264, -0.003257758216932416, -0.010390248149633408
v,0.001280551077798009, -0.003107960568740964, -0.010389355011284351
v,0.0012743188999593258, -0.00310829421505332, 0.009013306349515915
v,-0.0015161145711317658, -0.0032580920960754156, 0.009012413211166859
v,0.0012041733134537935, -0.0016851966502144933, -0.010389355011284351
v,-0.0015924922190606594, -0.001835328177548945, 0.009012413211166859
v,0.0011979412520304322, -0.001685530412942171, 0.009013306349515915
v,0.0011049251770600677, -0.0028634509071707726, -0.010605094023048878
v,-0.0014168667839840055, -0.002079838654026389, -0.010605094023048878
v,0.0010557331843301654, -0.0019471029518172145, -0.010605094023048878
v,0.0012041733134537935, -0.0016851966502144933, -0.010389355011284351
v,-0.0015862603904679418, -0.001834994531236589, -0.010390248149633408
v,-0.0015924922190606594, -0.001835328177548945, 0.009012413211166859
v,-0.001560805132612586, -0.003006554441526532, -0.010412565432488918
v,-0.0016099971253424883, -0.0020902054384350777, 0.009035623632371426
v,-0.0016099971253424883, -0.0020902063697576523, -0.010412565432488918
v,-0.0016099971253424883, -0.0020902054384350777, 0.009035623632371426
v,-0.0014168667839840055, -0.0020798377227038145, 0.009228152222931385
v,-0.0015924922190606594, -0.001835328177548945, 0.009012413211166859
v,0.0012488637585192919, -0.0019367344211786985, 0.009035623632371426
v,0.0011979412520304322, -0.001685530412942171, 0.009013306349515915
v,0.0010557331843301654, -0.0019471021369099617, 0.009228152222931385
v,0.0012488637585192919, -0.0019367352360859513, -0.010412565432488918
v,0.0010557331843301654, -0.0019471029518172145, -0.010605094023048878
v,0.0012041733134537935, -0.0016851966502144933, -0.010389355011284351
v,-0.0016099971253424883, -0.0020902063697576523, -0.010412565432488918
v,-0.0015862603904679418, -0.001834994531236589, -0.010390248149633408
v,-0.0014168667839840055, -0.002079838654026389, -0.010605094023048878
v,-0.001560805132612586, -0.0030065535102039576, 0.009035623632371426
v,-0.0015161145711317658, -0.0032580920960754156, 0.009012413211166859
v,-0.0013676747912541032, -0.0029961857944726944, 0.009228152222931385
v,0.0012980557512491941, -0.0028530822601169348, 0.009035623632371426
v,0.0011049251770600677, -0.0028634502086788416, 0.009228152222931385
v,0.0012743188999593258, -0.00310829421505332, 0.009013306349515915
v,0.0012980557512491941, -0.0028530831914395094, -0.010412565432488918
v,0.001280551077798009, -0.003107960568740964, -0.010389355011284351
v,0.0011049251770600677, -0.0028634509071707726, -0.010605094023048878
v,-0.001560805132612586, -0.003006554441526532, -0.010412565432488918
v,-0.0013676747912541032, -0.002996186725795269, -0.010605094023048878
v,-0.0015098826261237264, -0.003257758216932416, -0.010390248149633408
v,0.0012488637585192919, -0.0019367344211786985, 0.009035623632371426
v,0.0012041733134537935, -0.0016851966502144933, -0.010389355011284351
v,0.0011979412520304322, -0.001685530412942171, 0.009013306349515915
v,-0.0015924922190606594, -0.001835328177548945, 0.009012413211166859
v,-0.0016099971253424883, -0.0020902063697576523, -0.010412565432488918
v,-0.0016099971253424883, -0.0020902054384350777, 0.009035623632371426
v,0.0010557331843301654, -0.0019471029518172145, -0.010605094023048878
v,-0.0015862603904679418, -0.001834994531236589, -0.010390248149633408
v,0.0012041733134537935, -0.0016851966502144933, -0.010389355011284351
v,-0.0014168667839840055, -0.0020798377227038145, 0.009228152222931385
v,0.0011979412520304322, -0.001685530412942171, 0.009013306349515915
v,-0.0015924922190606594, -0.001835328177548945, 0.009012413211166859
v,0.0012980557512491941, -0.0028530822601169348, 0.009035623632371426
v,0.001280551077798009, -0.003107960568740964, -0.010389355011284351
v,0.0012980557512491941, -0.0028530831914395094, -0.010412565432488918
v,-0.0015161145711317658, -0.0032580920960754156, 0.009012413211166859
v,-0.001560805132612586, -0.003006554441526532, -0.010412565432488918
v,-0.0015098826261237264, -0.003257758216932416, -0.010390248149633408
v,0.0011049251770600677, -0.0028634509071707726, -0.010605094023048878
v,-0.0015098826261237264, -0.003257758216932416, -0.010390248149633408
v,-0.0013676747912541032, -0.002996186725795269, -0.010605094023048878
v,-0.0013676747912541032, -0.0029961857944726944, 0.009228152222931385
v,0.0012743188999593258, -0.00310829421505332, 0.009013306349515915
v,0.0011049251770600677, -0.0028634502086788416, 0.009228152222931385
v,-0.0016099971253424883, -0.0020902054384350777, 0.009035623632371426
v,-0.0013676747912541032, -0.0029961857944726944, 0.009228152222931385
v,-0.0014168667839840055, -0.0020798377227038145, 0.009228152222931385
v,-0.001560805132612586, -0.003006554441526532, -0.010412565432488918
v,-0.0014168667839840055, -0.002079838654026389, -0.010605094023048878
v,-0.0013676747912541032, -0.002996186725795269, -0.010605094023048878
v,0.0011049251770600677, -0.0028634509071707726, -0.010605094023048878
v,0.0012488637585192919, -0.0019367352360859513, -0.010412565432488918
v,0.0012980557512491941, -0.0028530831914395094, -0.010412565432488918
v,0.0012980557512491941, -0.0028530822601169348, 0.009035623632371426
v,0.0010557331843301654, -0.0019471021369099617, 0.009228152222931385
v,0.0011049251770600677, -0.0028634502086788416, 0.009228152222931385
v,0.0012980557512491941, -0.0028530822601169348, 0.009035623632371426
v,0.0012980557512491941, -0.0028530831914395094, -0.010412565432488918
v,0.0012488637585192919, -0.0019367352360859513, -0.010412565432488918
v,-0.0013676747912541032, -0.0029961857944726944, 0.009228152222931385
v,0.0011049251770600677, -0.0028634502086788416, 0.009228152222931385
v,0.0010557331843301654, -0.0019471021369099617, 0.009228152222931385
v,0.0011049251770600677, -0.0028634509071707726, -0.010605094023048878
v,-0.0013676747912541032, -0.002996186725795269, -0.010605094023048878
v,-0.0014168667839840055, -0.002079838654026389, -0.010605094023048878
v,-0.001560805132612586, -0.003006554441526532, -0.010412565432488918
v,-0.001560805132612586, -0.0030065535102039576, 0.009035623632371426
v,-0.0016099971253424883, -0.0020902054384350777, 0.009035623632371426
v,0.0012488637585192919, -0.0019367344211786985, 0.009035623632371426
v,0.0012488637585192919, -0.0019367352360859513, -0.010412565432488918
v,0.0012041733134537935, -0.0016851966502144933, -0.010389355011284351
v,-0.0015924922190606594, -0.001835328177548945, 0.009012413211166859
v,-0.0015862603904679418, -0.001834994531236589, -0.010390248149633408
v,-0.0016099971253424883, -0.0020902063697576523, -0.010412565432488918
v,0.0010557331843301654, -0.0019471029518172145, -0.010605094023048878
v,-0.0014168667839840055, -0.002079838654026389, -0.010605094023048878
v,-0.0015862603904679418, -0.001834994531236589, -0.010390248149633408
v,-0.0014168667839840055, -0.0020798377227038145, 0.009228152222931385
v,0.0010557331843301654, -0.0019471021369099617, 0.009228152222931385
v,0.0011979412520304322, -0.001685530412942171, 0.009013306349515915
v,0.0012980557512491941, -0.0028530822601169348, 0.009035623632371426
v,0.0012743188999593258, -0.00310829421505332, 0.009013306349515915
v,0.001280551077798009, -0.003107960568740964, -0.010389355011284351
v,-0.0015161145711317658, -0.0032580920960754156, 0.009012413211166859
v,-0.001560805132612586, -0.0030065535102039576, 0.009035623632371426
v,-0.001560805132612586, -0.003006554441526532, -0.010412565432488918
v,0.0011049251770600677, -0.0028634509071707726, -0.010605094023048878
v,0.001280551077798009, -0.003107960568740964, -0.010389355011284351
v,-0.0015098826261237264, -0.003257758216932416, -0.010390248149633408
v,-0.0013676747912541032, -0.0029961857944726944, 0.009228152222931385
v,-0.0015161145711317658, -0.0032580920960754156, 0.009012413211166859
v,0.0012743188999593258, -0.00310829421505332, 0.009013306349515915
v,-0.0016099971253424883, -0.0020902054384350777, 0.009035623632371426
v,-0.001560805132612586, -0.0030065535102039576, 0.009035623632371426
v,-0.0013676747912541032, -0.0029961857944726944, 0.009228152222931385
v,-0.001560805132612586, -0.003006554441526532, -0.010412565432488918
v,-0.0016099971253424883, -0.0020902063697576523, -0.010412565432488918
v,-0.0014168667839840055, -0.002079838654026389, -0.010605094023048878
v,0.0011049251770600677, -0.0028634509071707726, -0.010605094023048878
v,0.0010557331843301654, -0.0019471029518172145, -0.010605094023048878
v,0.0012488637585192919, -0.0019367352360859513, -0.010412565432488918
v,0.0012980557512491941, -0.0028530822601169348, 0.009035623632371426
v,0.0012488637585192919, -0.0019367344211786985, 0.009035623632371426
v,0.0010557331843301654, -0.0019471021369099617, 0.009228152222931385
n,34.18088912963867, 1.8349201679229736, 6.663788190550872e-15
n,-8.05738480380569e-08, 1.5009295566414949e-06, 34.38671112060547
n,1.3995580673217773, -26.070968627929688, 1.1412391813792055e-06
n,1.3995580673217773, -26.070968627929688, 1.1412391813792055e-06
n,-1.3995580673217773, 26.070968627929688, -1.1412391813792055e-06
n,8.05738480380569e-08, -1.5009295566414949e-06, -34.38671112060547
n,-1.3995580673217773, 26.070968627929688, -1.1412391813792055e-06
n,-34.18088912963867, -1.8349201679229736, -6.663788190550872e-15
n,-23.977577209472656, 3.818420171737671, 23.846965789794922
n,23.312822341918945, 6.836219310760498, 23.753915786743164
n,23.430978775024414, 6.3634138107299805, -23.846982955932617
n,-23.910720825195312, 4.3011345863342285, -23.75390625
n,-23.430986404418945, -6.363433837890625, 23.846961975097656
n,23.910703659057617, -4.301133155822754, 23.753915786743164
n,23.977563858032227, -3.8183999061584473, -23.84697914123535
n,-23.31283950805664, -6.836221694946289, -23.75390625
n,33.293861389160156, 6.750084400177002, 0.010809995234012604
n,-33.96870803833008, 2.3329665660858154, -1.8142500834983366e-07
n,-1.0367980003356934, 19.449934005737305, -22.8988037109375
n,-1.0514070987701416, 19.44915199279785, 22.8988037109375
n,33.96870803833008, -2.3329381942749023, 1.8142375779461872e-07
n,-33.293861389160156, -6.750084400177002, -0.01080961711704731
n,1.0422916412353516, -19.41581153869629, -22.94855308532715
n,1.042291522026062, -19.41580581665039, 22.94855308532715
n,-24.169567108154297, -1.2974848747253418, 24.31505012512207
n,-24.169567108154297, -1.2974870204925537, -24.31505012512207
n,24.169551849365234, 1.2974841594696045, -24.315061569213867
n,24.169551849365234, 1.2974863052368164, 24.315061569213867
n,34.18088912963867, 1.8349201679229736, 6.663788190550872e-15
n,-8.05738480380569e-08, 1.5009295566414949e-06, 34.38671112060547
n,8.05738480380569e-08, -1.5009295566414949e-06, -34.38671112060547
n,-34.18088912963867, -1.8349201679229736, -6.663788190550872e-15
n,33.52373123168945, 5.956110000610352, -1.8142375779461872e-07
n,-33.825157165527344, 3.146958589553833, -0.01081005297601223
n,-1.0422916412353516, 19.415807723999023, -22.94855308532715
n,-1.0422916412353516, 19.41581153869629, 22.94855308532715
n,33.825157165527344, -3.146958589553833, 0.010810429230332375
n,-33.52372360229492, -5.956137657165527, 1.8142500834983366e-07
n,1.0514070987701416, -19.44915199279785, -22.8988037109375
n,1.0367980003356934, -19.449934005737305, 22.8988037109375
n,-24.169567108154297, -1.2974848747253418, 24.31505012512207
n,-24.169567108154297, -1.2974870204925537, -24.31505012512207
n,24.169551849365234, 1.2974841594696045, -24.315061569213867
n,24.169551849365234, 1.2974863052368164, 24.315061569213867
u,0.9239996075630188, 0.2287154197692871, 0
u,0.9397380352020264, 0.5393491685390472, 0
u,0.9397380352020264, 0.2287154197692871, 0
u,0.9239996075630188, 0.18319517374038696, 0
u,0.9397380352020264, 0.2225651741027832, 0
u,0.9397380352020264, 0.18319517374038696, 0
u,0.7306206822395325, 0.5223711729049683, 0
u,0.6676458120346069, 0.08411753177642822, 0
u,0.6677861213684082, 0.5223913490772247, 0
u,0.7306206822395325, 0.5223711729049683, 0
u,0.7304803133010864, 0.08409738540649414, 0
u,0.6676458120346069, 0.08411753177642822, 0
u,0.7306206226348877, 0.5223711729049683, 0
u,0.7935954928398132, 0.08411753177642822, 0
u,0.7307609915733337, 0.08409738540649414, 0
u,0.8223806023597717, 0.05654424428939819, 0
u,0.8381190299987793, 0.11222183704376221, 0
u,0.8381190299987793, 0.05654424428939819, 0
u,0.7306206226348877, 0.5223711729049683, 0
u,0.793455183506012, 0.5223913490772247, 0
u,0.7935954928398132, 0.08411753177642822, 0
u,0.9641742706298828, 0.5393491685390472, 0
u,0.94843590259552, 0.22871524095535278, 0
u,0.9484358429908752, 0.5393491685390472, 0
u,0.94843590259552, 0.22871524095535278, 0
u,0.94843590259552, 0.22256499528884888, 0
u,0.944087028503418, 0.22859078645706177, 0
u,0.9397380352020264, 0.2287154197692871, 0
u,0.9440869092941284, 0.22847747802734375, 0
u,0.9397380352020264, 0.2225651741027832, 0
u,0.8381190299987793, 0.05219537019729614, 0
u,0.8381190299987793, 0.05654424428939819, 0
u,0.8424679040908813, 0.05289560556411743, 0
u,0.8381190299987793, 0.11657071113586426, 0
u,0.8424679040908813, 0.1157301664352417, 0
u,0.8381190299987793, 0.11222183704376221, 0
u,0.9641743302345276, 0.22871524095535278, 0
u,0.9685232043266296, 0.22859078645706177, 0
u,0.9641743302345276, 0.22256499528884888, 0
u,0.9239996075630188, 0.2287154197692871, 0
u,0.9239996075630188, 0.2225651741027832, 0
u,0.9196507334709167, 0.22847747802734375, 0
u,0.8223806023597717, 0.05219537019729614, 0
u,0.8180317282676697, 0.05289560556411743, 0
u,0.8223806023597717, 0.05654424428939819, 0
u,0.8223806023597717, 0.11657071113586426, 0
u,0.8223806023597717, 0.11222183704376221, 0
u,0.8180317282676697, 0.1157301664352417, 0
u,0.9397380352020264, 0.2287154197692871, 0
u,0.9440869688987732, 0.5384832918643951, 0
u,0.9440869092941284, 0.22847747802734375, 0
u,0.944087028503418, 0.22859078645706177, 0
u,0.9484358429908752, 0.5393491685390472, 0
u,0.94843590259552, 0.22871524095535278, 0
u,0.7342692613601685, 0.527244359254837, 0
u,0.793455183506012, 0.5223913490772247, 0
u,0.7306206226348877, 0.5223711729049683, 0
u,0.7899469137191772, 0.07924431562423706, 0
u,0.7307609915733337, 0.08409738540649414, 0
u,0.7935954928398132, 0.08411753177642822, 0
u,0.9239996075630188, 0.2287154197692871, 0
u,0.9196507334709167, 0.5384832918643951, 0
u,0.9239996671676636, 0.5393491685390472, 0
u,0.9685232043266296, 0.22859078645706177, 0
u,0.9641742706298828, 0.5393491685390472, 0
u,0.9685231447219849, 0.5383983254432678, 0
u,0.7269720435142517, 0.527244359254837, 0
u,0.6677861213684082, 0.5223913490772247, 0
u,0.6712944507598877, 0.527244359254837, 0
u,0.6712944507598877, 0.07924431562423706, 0
u,0.7304803133010864, 0.08409738540649414, 0
u,0.7269720435142517, 0.07924431562423706, 0
u,0.94843590259552, 0.22871524095535278, 0
u,0.9641743302345276, 0.22256499528884888, 0
u,0.94843590259552, 0.22256499528884888, 0
u,0.8223806023597717, 0.11657071113586426, 0
u,0.8381190299987793, 0.11222183704376221, 0
u,0.8223806023597717, 0.11222183704376221, 0
u,0.8223806023597717, 0.05654424428939819, 0
u,0.8381190299987793, 0.05219537019729614, 0
u,0.8223806023597717, 0.05219537019729614, 0
u,0.9239996075630188, 0.2287154197692871, 0
u,0.9397380352020264, 0.2225651741027832, 0
u,0.9239996075630188, 0.2225651741027832, 0
u,0.9239996075630188, 0.2287154197692871, 0
u,0.9239996671676636, 0.5393491685390472, 0
u,0.9397380352020264, 0.5393491685390472, 0
u,0.9239996075630188, 0.18319517374038696, 0
u,0.9239996075630188, 0.2225651741027832, 0
u,0.9397380352020264, 0.2225651741027832, 0
u,0.8223806023597717, 0.05654424428939819, 0
u,0.8223806023597717, 0.11222183704376221, 0
u,0.8381190299987793, 0.11222183704376221, 0
u,0.9641742706298828, 0.5393491685390472, 0
u,0.9641743302345276, 0.22871524095535278, 0
u,0.94843590259552, 0.22871524095535278, 0
u,0.9397380352020264, 0.2287154197692871, 0
u,0.9397380352020264, 0.5393491685390472, 0
u,0.9440869688987732, 0.5384832918643951, 0
u,0.944087028503418, 0.22859078645706177, 0
u,0.9440869688987732, 0.5383983254432678, 0
u,0.9484358429908752, 0.5393491685390472, 0
u,0.7342692613601685, 0.527244359254837, 0
u,0.7899469137191772, 0.527244359254837, 0
u,0.793455183506012, 0.5223913490772247, 0
u,0.7899469137191772, 0.07924431562423706, 0
u,0.7342692613601685, 0.07924431562423706, 0
u,0.7307609915733337, 0.08409738540649414, 0
u,0.9239996075630188, 0.2287154197692871, 0
u,0.9196507334709167, 0.22847747802734375, 0
u,0.9196507334709167, 0.5384832918643951, 0
u,0.9685232043266296, 0.22859078645706177, 0
u,0.9641743302345276, 0.22871524095535278, 0
u,0.9641742706298828, 0.5393491685390472, 0
u,0.7269720435142517, 0.527244359254837, 0
u,0.7306206822395325, 0.5223711729049683, 0
u,0.6677861213684082, 0.5223913490772247, 0
u,0.6712944507598877, 0.07924431562423706, 0
u,0.6676458120346069, 0.08411753177642822, 0
u,0.7304803133010864, 0.08409738540649414, 0
u,0.94843590259552, 0.22871524095535278, 0
u,0.9641743302345276, 0.22871524095535278, 0
u,0.9641743302345276, 0.22256499528884888, 0
u,0.8223806023597717, 0.11657071113586426, 0
u,0.8381190299987793, 0.11657071113586426, 0
u,0.8381190299987793, 0.11222183704376221, 0
u,0.8223806023597717, 0.05654424428939819, 0
u,0.8381190299987793, 0.05654424428939819, 0
u,0.8381190299987793, 0.05219537019729614, 0
u,0.9239996075630188, 0.2287154197692871, 0
u,0.9397380352020264, 0.2287154197692871, 0
u,0.9397380352020264, 0.2225651741027832, 0
