v,0.0004588332085404545, 0.00023060360399540514, 0.012213923037052155
v,-0.0004588334995787591, -0.0023903646506369114, -0.007056846749037504
v,-0.0004588342271745205, 0.0002306036330992356, 0.012213923037052155
v,0.0004588330921251327, -0.002388665219768882, 0.0127644632011652
v,-0.00045883425627835095, 6.490563100669533e-05, 0.012430760078132153
v,-0.0004588343435898423, -0.002388664986938238, 0.0127644632011652
v,0.0007124064723029733, -0.002418095013126731, -0.00702965073287487
v,0.0007124055991880596, -0.0025785251054912806, 0.012572561390697956
v,0.0007124063558876514, -0.005187173839658499, -0.006653936579823494
v,0.0007124064723029733, -0.002418095013126731, -0.00702965073287487
v,0.0007124057156033814, 0.000190553575521335, 0.01219684723764658
v,0.0007124055991880596, -0.0025785251054912806, 0.012572561390697956
v,-0.000712405948434025, -0.0024180947802960873, -0.00702965073287487
v,-0.0007124068215489388, -0.0025785251054912806, 0.012572561390697956
v,-0.0007124067051336169, 0.00019055363372899592, 0.01219684723764658
v,0.0004588339361362159, -0.002607955364510417, -0.007221553009003401
v,-0.00045883358689025044, -0.005061525851488113, -0.0068878489546477795
v,-0.0004588334995787591, -0.0026079551316797733, -0.007221553009003401
v,-0.000712405948434025, -0.0024180947802960873, -0.00702965073287487
v,-0.0007124060648493469, -0.005187173839658499, -0.006653936579823494
v,-0.0007124068215489388, -0.0025785251054912806, 0.012572561390697956
v,0.0004588338197208941, -0.0052272239699959755, -0.006671012844890356
v,-0.0004588343435898423, -0.0026062554679811, 0.012599756941199303
v,-0.0004588336159940809, -0.005227223504334688, -0.006671012844890356
v,-0.0004588343435898423, -0.0026062554679811, 0.012599756941199303
v,-0.0004588343435898423, -0.002388664986938238, 0.0127644632011652
v,-0.0007124068215489388, -0.0025785251054912806, 0.012572561390697956
v,-0.0004588342271745205, 0.0002306036330992356, 0.012213923037052155
v,-0.0007124067051336169, 0.00019055363372899592, 0.01219684723764658
v,-0.00045883425627835095, 6.490563100669533e-05, 0.012430760078132153
v,-0.0004588334995787591, -0.0023903646506369114, -0.007056846749037504
v,-0.0004588334995787591, -0.0026079551316797733, -0.007221553009003401
v,-0.000712405948434025, -0.0024180947802960873, -0.00702965073287487
v,-0.0004588336159940809, -0.005227223504334688, -0.006671012844890356
v,-0.0007124060648493469, -0.005187173839658499, -0.006653936579823494
v,-0.00045883358689025044, -0.005061525851488113, -0.0068878489546477795
v,0.0004588330921251327, -0.0026062554679811, 0.012599757872521877
v,0.0007124055991880596, -0.0025785251054912806, 0.012572561390697956
v,0.0004588330921251327, -0.002388665219768882, 0.0127644632011652
v,0.0004588332085404545, 0.00023060360399540514, 0.012213923037052155
v,0.00045883317943662405, 6.490560190286487e-05, 0.012430760078132153
v,0.0007124057156033814, 0.000190553575521335, 0.01219684723764658
v,0.0004588339361362159, -0.0023903646506369114, -0.007056846749037504
v,0.0007124064723029733, -0.002418095013126731, -0.00702965073287487
v,0.0004588339361362159, -0.002607955364510417, -0.007221553009003401
v,0.0004588338197208941, -0.0052272239699959755, -0.006671012844890356
v,0.00045883384882472456, -0.005061525851488113, -0.0068878489546477795
v,0.0007124063558876514, -0.005187173839658499, -0.006653936579823494
v,-0.0004588342271745205, 0.0002306036330992356, 0.012213923037052155
v,-0.000712405948434025, -0.0024180947802960873, -0.00702965073287487
v,-0.0007124067051336169, 0.00019055363372899592, 0.01219684723764658
v,-0.0007124068215489388, -0.0025785251054912806, 0.012572561390697956
v,-0.0004588336159940809, -0.005227223504334688, -0.006671012844890356
v,-0.0004588343435898423, -0.0026062554679811, 0.012599756941199303
v,-0.0004588334995787591, -0.0026079551316797733, -0.007221553009003401
v,-0.0007124060648493469, -0.005187173839658499, -0.006653936579823494
v,-0.000712405948434025, -0.0024180947802960873, -0.00702965073287487
v,-0.0004588343435898423, -0.002388664986938238, 0.0127644632011652
v,-0.0007124067051336169, 0.00019055363372899592, 0.01219684723764658
v,-0.0007124068215489388, -0.0025785251054912806, 0.012572561390697956
v,0.0004588332085404545, 0.00023060360399540514, 0.012213923037052155
v,0.0007124064723029733, -0.002418095013126731, -0.00702965073287487
v,0.0004588339361362159, -0.0023903646506369114, -0.007056846749037504
v,0.0007124055991880596, -0.0025785251054912806, 0.012572561390697956
v,0.0004588338197208941, -0.0052272239699959755, -0.006671012844890356
v,0.0007124063558876514, -0.005187173839658499, -0.006653936579823494
v,0.0004588339361362159, -0.002607955364510417, -0.007221553009003401
v,0.0007124063558876514, -0.005187173839658499, -0.006653936579823494
v,0.00045883384882472456, -0.005061525851488113, -0.0068878489546477795
v,0.0004588330921251327, -0.002388665219768882, 0.0127644632011652
v,0.0007124057156033814, 0.000190553575521335, 0.01219684723764658
v,0.00045883317943662405, 6.490560190286487e-05, 0.012430760078132153
v,-0.0004588343435898423, -0.0026062554679811, 0.012599756941199303
v,0.0004588330921251327, -0.002388665219768882, 0.0127644632011652
v,-0.0004588343435898423, -0.002388664986938238, 0.0127644632011652
v,0.0004588338197208941, -0.0052272239699959755, -0.006671012844890356
v,-0.00045883358689025044, -0.005061525851488113, -0.0068878489546477795
v,0.00045883384882472456, -0.005061525851488113, -0.0068878489546477795
v,0.0004588339361362159, -0.002607955364510417, -0.007221553009003401
v,-0.0004588334995787591, -0.0023903646506369114, -0.007056846749037504
v,0.0004588339361362159, -0.0023903646506369114, -0.007056846749037504
v,0.0004588332085404545, 0.00023060360399540514, 0.012213923037052155
v,-0.00045883425627835095, 6.490563100669533e-05, 0.012430760078132153
v,0.00045883317943662405, 6.490560190286487e-05, 0.012430760078132153
v,0.0004588332085404545, 0.00023060360399540514, 0.012213923037052155
v,0.0004588339361362159, -0.0023903646506369114, -0.007056846749037504
v,-0.0004588334995787591, -0.0023903646506369114, -0.007056846749037504
v,0.0004588330921251327, -0.002388665219768882, 0.0127644632011652
v,0.00045883317943662405, 6.490560190286487e-05, 0.012430760078132153
v,-0.00045883425627835095, 6.490563100669533e-05, 0.012430760078132153
v,0.0004588339361362159, -0.002607955364510417, -0.007221553009003401
v,0.00045883384882472456, -0.005061525851488113, -0.0068878489546477795
v,-0.00045883358689025044, -0.005061525851488113, -0.0068878489546477795
v,0.0004588338197208941, -0.0052272239699959755, -0.006671012844890356
v,0.0004588330921251327, -0.0026062554679811, 0.012599757872521877
v,-0.0004588343435898423, -0.0026062554679811, 0.012599756941199303
v,-0.0004588342271745205, 0.0002306036330992356, 0.012213923037052155
v,-0.0004588334995787591, -0.0023903646506369114, -0.007056846749037504
v,-0.000712405948434025, -0.0024180947802960873, -0.00702965073287487
v,-0.0007124068215489388, -0.0025785251054912806, 0.012572561390697956
v,-0.0007124060648493469, -0.005187173839658499, -0.006653936579823494
v,-0.0004588336159940809, -0.005227223504334688, -0.006671012844890356
v,-0.0004588334995787591, -0.0026079551316797733, -0.007221553009003401
v,-0.00045883358689025044, -0.005061525851488113, -0.0068878489546477795
v,-0.0007124060648493469, -0.005187173839658499, -0.006653936579823494
v,-0.0004588343435898423, -0.002388664986938238, 0.0127644632011652
v,-0.00045883425627835095, 6.490563100669533e-05, 0.012430760078132153
v,-0.0007124067051336169, 0.00019055363372899592, 0.01219684723764658
v,0.0004588332085404545, 0.00023060360399540514, 0.012213923037052155
v,0.0007124057156033814, 0.000190553575521335, 0.01219684723764658
v,0.0007124064723029733, -0.002418095013126731, -0.00702965073287487
v,0.0007124055991880596, -0.0025785251054912806, 0.012572561390697956
v,0.0004588330921251327, -0.0026062554679811, 0.012599757872521877
v,0.0004588338197208941, -0.0052272239699959755, -0.006671012844890356
v,0.0004588339361362159, -0.002607955364510417, -0.007221553009003401
v,0.0007124064723029733, -0.002418095013126731, -0.00702965073287487
v,0.0007124063558876514, -0.005187173839658499, -0.006653936579823494
v,0.0004588330921251327, -0.002388665219768882, 0.0127644632011652
v,0.0007124055991880596, -0.0025785251054912806, 0.012572561390697956
v,0.0007124057156033814, 0.000190553575521335, 0.01219684723764658
v,-0.0004588343435898423, -0.0026062554679811, 0.012599756941199303
v,0.0004588330921251327, -0.0026062554679811, 0.012599757872521877
v,0.0004588330921251327, -0.002388665219768882, 0.0127644632011652
v,0.0004588338197208941, -0.0052272239699959755, -0.006671012844890356
v,-0.0004588336159940809, -0.005227223504334688, -0.006671012844890356
v,-0.00045883358689025044, -0.005061525851488113, -0.0068878489546477795
v,0.0004588339361362159, -0.002607955364510417, -0.007221553009003401
v,-0.0004588334995787591, -0.0026079551316797733, -0.007221553009003401
v,-0.0004588334995787591, -0.0023903646506369114, -0.007056846749037504
v,0.0004588332085404545, 0.00023060360399540514, 0.012213923037052155
v,-0.0004588342271745205, 0.0002306036330992356, 0.012213923037052155
v,-0.00045883425627835095, 6.490563100669533e-05, 0.012430760078132153
n,1.4825959624431562e-06, 33.917842864990234, -4.613079071044922
n,-1.3005242180952337e-06, 4.634182929992676, 34.07301330566406
n,26.10850715637207, -9.874381703411927e-07, 1.1308279681543354e-06
n,26.10850715637207, -9.874381703411927e-07, 1.1308279681543354e-06
n,-26.10850715637207, 9.874381703411927e-07, -1.1308279681543354e-06
n,1.3005242180952337e-06, -4.634182929992676, -34.07301330566406
n,-26.10850715637207, 9.874381703411927e-07, -1.1308279681543354e-06
n,-1.4825959624431562e-06, -33.917842864990234, 4.613079071044922
n,-5.098259449005127, -20.30808448791504, 26.828567504882812
n,-5.576694488525391, 26.631290435791016, 20.350555419921875
n,-5.098235607147217, 20.308069229125977, -26.828580856323242
n,-5.576695919036865, -26.631305694580078, -20.350543975830078
n,5.098255157470703, -20.30808448791504, 26.828563690185547
n,5.576694011688232, 26.631290435791016, 20.350557327270508
n,5.098238468170166, 20.30807113647461, -26.828577041625977
n,5.576696395874023, -26.631305694580078, -20.350542068481445
n,-4.9556450843811035, 33.302703857421875, -4.518506050109863
n,-4.150521278381348, -33.486515045166016, 4.554415225982666
n,-19.47754669189453, -3.078746795654297, -22.69089126586914
n,-19.47754669189453, 3.0787482261657715, 22.690889358520508
n,4.150493144989014, 33.48651885986328, -4.554415702819824
n,4.9556450843811035, -33.302703857421875, 4.518506050109863
n,19.44376564025879, -3.0927011966705322, -22.73920249938965
n,19.443763732910156, 3.0926997661590576, 22.73920249938965
n,-1.9679632714542095e-06, -20.70670509338379, 27.355175018310547
n,-1.2874642152382876e-07, -27.26042366027832, -20.831287384033203
n,1.9679632714542095e-06, 20.70669174194336, -27.355186462402344
n,1.2874539834228926e-07, 27.26041030883789, 20.831302642822266
n,1.4825959624431562e-06, 33.917842864990234, -4.613079071044922
n,-1.3005242180952337e-06, 4.634182929992676, 34.07301330566406
n,1.3005242180952337e-06, -4.634182929992676, -34.07301330566406
n,-1.4825959624431562e-06, -33.917842864990234, 4.613079071044922
n,-4.1504902839660645, 33.48651885986328, -4.554415702819824
n,-4.955647945404053, -33.302703857421875, 4.518505573272705
n,-19.44376564025879, -3.0926997661590576, -22.73920249938965
n,-19.44376564025879, 3.0927011966705322, 22.73920249938965
n,4.955647945404053, 33.302703857421875, -4.518505573272705
n,4.150518417358398, -33.486515045166016, 4.554415225982666
n,19.47754669189453, -3.0787482261657715, -22.690889358520508
n,19.47754669189453, 3.078746795654297, 22.69089126586914
n,-1.9679632714542095e-06, -20.70670509338379, 27.355175018310547
n,-1.2874642152382876e-07, -27.26042366027832, -20.831287384033203
n,1.9679632714542095e-06, 20.70669174194336, -27.355186462402344
n,1.2874539834228926e-07, 27.26041030883789, 20.831302642822266
u,0.9239996075630188, 0.2287154197692871, 0
u,0.9397380352020264, 0.5393491685390472, 0
u,0.9397380352020264, 0.2287154197692871, 0
u,0.9239996075630188, 0.18319517374038696, 0
u,0.9397380352020264, 0.2225651741027832, 0
u,0.9397380352020264, 0.18319517374038696, 0
u,0.7306206822395325, 0.5223711729049683, 0
u,0.6676458120346069, 0.08411753177642822, 0
u,0.6677861213684082, 0.5223913490772247, 0
u,0.7306206822395325, 0.5223711729049683, 0
u,0.7304803133010864, 0.08409738540649414, 0
u,0.6676458120346069, 0.08411753177642822, 0
u,0.7306206226348877, 0.5223711729049683, 0
u,0.7935954928398132, 0.08411753177642822, 0
u,0.7307609915733337, 0.08409738540649414, 0
u,0.8223806023597717, 0.05654424428939819, 0
u,0.8381190299987793, 0.11222183704376221, 0
u,0.8381190299987793, 0.05654424428939819, 0
u,0.7306206226348877, 0.5223711729049683, 0
u,0.793455183506012, 0.5223913490772247, 0
u,0.7935954928398132, 0.08411753177642822, 0
u,0.9641742706298828, 0.5393491685390472, 0
u,0.94843590259552, 0.22871524095535278, 0
u,0.9484358429908752, 0.5393491685390472, 0
u,0.94843590259552, 0.22871524095535278, 0
u,0.94843590259552, 0.22256499528884888, 0
u,0.944087028503418, 0.22859078645706177, 0
u,0.9397380352020264, 0.2287154197692871, 0
u,0.9440869092941284, 0.22847747802734375, 0
u,0.9397380352020264, 0.2225651741027832, 0
u,0.8381190299987793, 0.05219537019729614, 0
u,0.8381190299987793, 0.05654424428939819, 0
u,0.8424679040908813, 0.05289560556411743, 0
u,0.8381190299987793, 0.11657071113586426, 0
u,0.8424679040908813, 0.1157301664352417, 0
u,0.8381190299987793, 0.11222183704376221, 0
u,0.9641743302345276, 0.22871524095535278, 0
u,0.9685232043266296, 0.22859078645706177, 0
u,0.9641743302345276, 0.22256499528884888, 0
u,0.9239996075630188, 0.2287154197692871, 0
u,0.9239996075630188, 0.2225651741027832, 0
u,0.9196507334709167, 0.22847747802734375, 0
u,0.8223806023597717, 0.05219537019729614, 0
u,0.8180317282676697, 0.05289560556411743, 0
u,0.8223806023597717, 0.05654424428939819, 0
u,0.8223806023597717, 0.11657071113586426, 0
u,0.8223806023597717, 0.11222183704376221, 0
u,0.8180317282676697, 0.1157301664352417, 0
u,0.9397380352020264, 0.2287154197692871, 0
u,0.9440869688987732, 0.5384832918643951, 0
u,0.9440869092941284, 0.22847747802734375, 0
u,0.944087028503418, 0.22859078645706177, 0
u,0.9484358429908752, 0.5393491685390472, 0
u,0.94843590259552, 0.22871524095535278, 0
u,0.7342692613601685, 0.527244359254837, 0
u,0.793455183506012, 0.5223913490772247, 0
u,0.7306206226348877, 0.5223711729049683, 0
u,0.7899469137191772, 0.07924431562423706, 0
u,0.7307609915733337, 0.08409738540649414, 0
u,0.7935954928398132, 0.08411753177642822, 0
u,0.9239996075630188, 0.2287154197692871, 0
u,0.9196507334709167, 0.5384832918643951, 0
u,0.9239996671676636, 0.5393491685390472, 0
u,0.9685232043266296, 0.22859078645706177, 0
u,0.9641742706298828, 0.5393491685390472, 0
u,0.9685231447219849, 0.5383983254432678, 0
u,0.7269720435142517, 0.527244359254837, 0
u,0.6677861213684082, 0.5223913490772247, 0
u,0.6712944507598877, 0.527244359254837, 0
u,0.6712944507598877, 0.07924431562423706, 0
u,0.7304803133010864, 0.08409738540649414, 0
u,0.7269720435142517, 0.07924431562423706, 0
u,0.94843590259552, 0.22871524095535278, 0
u,0.9641743302345276, 0.22256499528884888, 0
u,0.94843590259552, 0.22256499528884888, 0
u,0.8223806023597717, 0.11657071113586426, 0
u,0.8381190299987793, 0.11222183704376221, 0
u,0.8223806023597717, 0.11222183704376221, 0
u,0.8223806023597717, 0.05654424428939819, 0
u,0.8381190299987793, 0.05219537019729614, 0
u,0.8223806023597717, 0.05219537019729614, 0
u,0.9239996075630188, 0.2287154197692871, 0
u,0.9397380352020264, 0.2225651741027832, 0
u,0.9239996075630188, 0.2225651741027832, 0
u,0.9239996075630188, 0.2287154197692871, 0
u,0.9239996671676636, 0.5393491685390472, 0
u,0.9397380352020264, 0.5393491685390472, 0
u,0.9239996075630188, 0.18319517374038696, 0
u,0.9239996075630188, 0.2225651741027832, 0
u,0.9397380352020264, 0.2225651741027832, 0
u,0.8223806023597717, 0.05654424428939819, 0
u,0.8223806023597717, 0.11222183704376221, 0
u,0.8381190299987793, 0.11222183704376221, 0
u,0.9641742706298828, 0.5393491685390472, 0
u,0.9641743302345276, 0.22871524095535278, 0
u,0.94843590259552, 0.22871524095535278, 0
u,0.9397380352020264, 0.2287154197692871, 0
u,0.9397380352020264, 0.5393491685390472, 0
u,0.9440869688987732, 0.5384832918643951, 0
u,0.944087028503418, 0.22859078645706177, 0
u,0.9440869688987732, 0.5383983254432678, 0
u,0.9484358429908752, 0.5393491685390472, 0
u,0.7342692613601685, 0.527244359254837, 0
u,0.7899469137191772, 0.527244359254837, 0
u,0.793455183506012, 0.5223913490772247, 0
u,0.7899469137191772, 0.07924431562423706, 0
u,0.7342692613601685, 0.07924431562423706, 0
u,0.7307609915733337, 0.08409738540649414, 0
u,0.9239996075630188, 0.2287154197692871, 0
u,0.9196507334709167, 0.22847747802734375, 0
u,0.9196507334709167, 0.5384832918643951, 0
u,0.9685232043266296, 0.22859078645706177, 0
u,0.9641743302345276, 0.22871524095535278, 0
u,0.9641742706298828, 0.5393491685390472, 0
u,0.7269720435142517, 0.527244359254837, 0
u,0.7306206822395325, 0.5223711729049683, 0
u,0.6677861213684082, 0.5223913490772247, 0
u,0.6712944507598877, 0.07924431562423706, 0
u,0.6676458120346069, 0.08411753177642822, 0
u,0.7304803133010864, 0.08409738540649414, 0
u,0.94843590259552, 0.22871524095535278, 0
u,0.9641743302345276, 0.22871524095535278, 0
u,0.9641743302345276, 0.22256499528884888, 0
u,0.8223806023597717, 0.11657071113586426, 0
u,0.8381190299987793, 0.11657071113586426, 0
u,0.8381190299987793, 0.11222183704376221, 0
u,0.8223806023597717, 0.05654424428939819, 0
u,0.8381190299987793, 0.05654424428939819, 0
u,0.8381190299987793, 0.05219537019729614, 0
u,0.9239996075630188, 0.2287154197692871, 0
u,0.9397380352020264, 0.2287154197692871, 0
u,0.9397380352020264, 0.2225651741027832, 0
