v,0.00045883312122896314, -0.0017823927337303758, 0.011459377594292164
v,-0.0004588334122672677, -0.00035892907180823386, -0.007936648093163967
v,-0.00045883431448601186, -0.001782392617315054, 0.011459377594292164
v,0.0004588330048136413, -0.0044588930904865265, 0.011455995962023735
v,-0.0004588343435898423, -0.0019893741700798273, 0.011637233197689056
v,-0.0004588344309013337, -0.0044588930904865265, 0.011455995962023735
v,0.0007124065305106342, -0.0003916868881788105, -0.007915779948234558
v,0.0007124054827727377, -0.004604933317750692, 0.011228960007429123
v,0.0007124064140953124, -0.003178577870130539, -0.008121203631162643
v,0.0007124065305106342, -0.0003916868881788105, -0.007915779948234558
v,0.0007124055991880596, -0.0018180423649027944, 0.011434383690357208
v,0.0007124054827727377, -0.004604933317750692, 0.011228960007429123
v,-0.0007124058902263641, -0.00039168682997114956, -0.007915779948234558
v,-0.0007124069379642606, -0.004604933317750692, 0.011228960007429123
v,-0.0007124068215489388, -0.0018180422484874725, 0.011434383690357208
v,0.0004588340234477073, -0.0005377274355851114, -0.00814281590282917
v,-0.0004588334995787591, -0.003007246181368828, -0.008324053138494492
v,-0.0004588334122672677, -0.0005377274355851114, -0.00814281590282917
v,-0.0007124058902263641, -0.00039168682997114956, -0.007915779948234558
v,-0.000712406006641686, -0.003178577870130539, -0.008121203631162643
v,-0.0007124069379642606, -0.004604933317750692, 0.011228960007429123
v,0.00045883390703238547, -0.0032142275013029575, -0.008146197535097599
v,-0.0004588344309013337, -0.00463769119232893, 0.011249828152358532
v,-0.00045883352868258953, -0.0032142275013029575, -0.008146197535097599
v,-0.0004588344309013337, -0.00463769119232893, 0.011249828152358532
v,-0.0004588344309013337, -0.0044588930904865265, 0.011455995962023735
v,-0.0007124069379642606, -0.004604933317750692, 0.011228960007429123
v,-0.00045883431448601186, -0.001782392617315054, 0.011459377594292164
v,-0.0007124068215489388, -0.0018180422484874725, 0.011434383690357208
v,-0.0004588343435898423, -0.0019893741700798273, 0.011637233197689056
v,-0.0004588334122672677, -0.00035892907180823386, -0.007936648093163967
v,-0.0004588334122672677, -0.0005377274355851114, -0.00814281590282917
v,-0.0007124058902263641, -0.00039168682997114956, -0.007915779948234558
v,-0.00045883352868258953, -0.0032142275013029575, -0.008146197535097599
v,-0.000712406006641686, -0.003178577870130539, -0.008121203631162643
v,-0.0004588334995787591, -0.003007246181368828, -0.008324053138494492
v,0.0004588330048136413, -0.00463769119232893, 0.011249828152358532
v,0.0007124054827727377, -0.004604933317750692, 0.011228960007429123
v,0.0004588330048136413, -0.0044588930904865265, 0.011455995962023735
v,0.00045883312122896314, -0.0017823927337303758, 0.011459377594292164
v,0.0004588330921251327, -0.0019893741700798273, 0.011637233197689056
v,0.0007124055991880596, -0.0018180423649027944, 0.011434383690357208
v,0.0004588340234477073, -0.00035892913001589477, -0.007936648093163967
v,0.0007124065305106342, -0.0003916868881788105, -0.007915779948234558
v,0.0004588340234477073, -0.0005377274355851114, -0.00814281590282917
v,0.00045883390703238547, -0.0032142275013029575, -0.008146197535097599
v,0.0004588339361362159, -0.003007246181368828, -0.008324053138494492
v,0.0007124064140953124, -0.003178577870130539, -0.008121203631162643
v,-0.00045883431448601186, -0.001782392617315054, 0.011459377594292164
v,-0.0007124058902263641, -0.00039168682997114956, -0.007915779948234558
v,-0.0007124068215489388, -0.0018180422484874725, 0.011434383690357208
v,-0.0007124069379642606, -0.004604933317750692, 0.011228960007429123
v,-0.00045883352868258953, -0.0032142275013029575, -0.008146197535097599
v,-0.0004588344309013337, -0.00463769119232893, 0.011249828152358532
v,-0.0004588334122672677, -0.0005377274355851114, -0.00814281590282917
v,-0.000712406006641686, -0.003178577870130539, -0.008121203631162643
v,-0.0007124058902263641, -0.00039168682997114956, -0.007915779948234558
v,-0.0004588344309013337, -0.0044588930904865265, 0.011455995962023735
v,-0.0007124068215489388, -0.0018180422484874725, 0.011434383690357208
v,-0.0007124069379642606, -0.004604933317750692, 0.011228960007429123
v,0.00045883312122896314, -0.0017823927337303758, 0.011459377594292164
v,0.0007124065305106342, -0.0003916868881788105, -0.007915779948234558
v,0.0004588340234477073, -0.00035892913001589477, -0.007936648093163967
v,0.0007124054827727377, -0.004604933317750692, 0.011228960007429123
v,0.00045883390703238547, -0.0032142275013029575, -0.008146197535097599
v,0.0007124064140953124, -0.003178577870130539, -0.008121203631162643
v,0.0004588340234477073, -0.0005377274355851114, -0.00814281590282917
v,0.0007124064140953124, -0.003178577870130539, -0.008121203631162643
v,0.0004588339361362159, -0.003007246181368828, -0.008324053138494492
v,0.0004588330048136413, -0.0044588930904865265, 0.011455995962023735
v,0.0007124055991880596, -0.0018180423649027944, 0.011434383690357208
v,0.0004588330921251327, -0.0019893741700798273, 0.011637233197689056
v,-0.0004588344309013337, -0.00463769119232893, 0.011249828152358532
v,0.0004588330048136413, -0.0044588930904865265, 0.011455995962023735
v,-0.0004588344309013337, -0.0044588930904865265, 0.011455995962023735
v,0.00045883390703238547, -0.0032142275013029575, -0.008146197535097599
v,-0.0004588334995787591, -0.003007246181368828, -0.008324053138494492
v,0.0004588339361362159, -0.003007246181368828, -0.008324053138494492
v,0.0004588340234477073, -0.0005377274355851114, -0.00814281590282917
v,-0.0004588334122672677, -0.00035892907180823386, -0.007936648093163967
v,0.0004588340234477073, -0.00035892913001589477, -0.007936648093163967
v,0.00045883312122896314, -0.0017823927337303758, 0.011459377594292164
v,-0.0004588343435898423, -0.0019893741700798273, 0.011637233197689056
v,0.0004588330921251327, -0.0019893741700798273, 0.011637233197689056
v,0.00045883312122896314, -0.0017823927337303758, 0.011459377594292164
v,0.0004588340234477073, -0.00035892913001589477, -0.007936648093163967
v,-0.0004588334122672677, -0.00035892907180823386, -0.007936648093163967
v,0.0004588330048136413, -0.0044588930904865265, 0.011455995962023735
v,0.0004588330921251327, -0.0019893741700798273, 0.011637233197689056
v,-0.0004588343435898423, -0.0019893741700798273, 0.011637233197689056
v,0.0004588340234477073, -0.0005377274355851114, -0.00814281590282917
v,0.0004588339361362159, -0.003007246181368828, -0.008324053138494492
v,-0.0004588334995787591, -0.003007246181368828, -0.008324053138494492
v,0.00045883390703238547, -0.0032142275013029575, -0.008146197535097599
v,0.0004588330048136413, -0.00463769119232893, 0.011249828152358532
v,-0.0004588344309013337, -0.00463769119232893, 0.011249828152358532
v,-0.00045883431448601186, -0.001782392617315054, 0.011459377594292164
v,-0.0004588334122672677, -0.00035892907180823386, -0.007936648093163967
v,-0.0007124058902263641, -0.00039168682997114956, -0.007915779948234558
v,-0.0007124069379642606, -0.004604933317750692, 0.011228960007429123
v,-0.000712406006641686, -0.003178577870130539, -0.008121203631162643
v,-0.00045883352868258953, -0.0032142275013029575, -0.008146197535097599
v,-0.0004588334122672677, -0.0005377274355851114, -0.00814281590282917
v,-0.0004588334995787591, -0.003007246181368828, -0.008324053138494492
v,-0.000712406006641686, -0.003178577870130539, -0.008121203631162643
v,-0.0004588344309013337, -0.0044588930904865265, 0.011455995962023735
v,-0.0004588343435898423, -0.0019893741700798273, 0.011637233197689056
v,-0.0007124068215489388, -0.0018180422484874725, 0.011434383690357208
v,0.00045883312122896314, -0.0017823927337303758, 0.011459377594292164
v,0.0007124055991880596, -0.0018180423649027944, 0.011434383690357208
v,0.0007124065305106342, -0.0003916868881788105, -0.007915779948234558
v,0.0007124054827727377, -0.004604933317750692, 0.011228960007429123
v,0.0004588330048136413, -0.00463769119232893, 0.011249828152358532
v,0.00045883390703238547, -0.0032142275013029575, -0.008146197535097599
v,0.0004588340234477073, -0.0005377274355851114, -0.00814281590282917
v,0.0007124065305106342, -0.0003916868881788105, -0.007915779948234558
v,0.0007124064140953124, -0.003178577870130539, -0.008121203631162643
v,0.0004588330048136413, -0.0044588930904865265, 0.011455995962023735
v,0.0007124054827727377, -0.004604933317750692, 0.011228960007429123
v,0.0007124055991880596, -0.0018180423649027944, 0.011434383690357208
v,-0.0004588344309013337, -0.00463769119232893, 0.011249828152358532
v,0.0004588330048136413, -0.00463769119232893, 0.011249828152358532
v,0.0004588330048136413, -0.0044588930904865265, 0.011455995962023735
v,0.00045883390703238547, -0.0032142275013029575, -0.008146197535097599
v,-0.00045883352868258953, -0.0032142275013029575, -0.008146197535097599
v,-0.0004588334995787591, -0.003007246181368828, -0.008324053138494492
v,0.0004588340234477073, -0.0005377274355851114, -0.00814281590282917
v,-0.0004588334122672677, -0.0005377274355851114, -0.00814281590282917
v,-0.0004588334122672677, -0.00035892907180823386, -0.007936648093163967
v,0.00045883312122896314, -0.0017823927337303758, 0.011459377594292164
v,-0.00045883431448601186, -0.001782392617315054, 0.011459377594292164
v,-0.0004588343435898423, -0.0019893741700798273, 0.011637233197689056
n,1.4922322861821158e-06, 34.1382942199707, 2.5053904056549072
n,-1.6131058373503038e-06, -2.516852378845215, 34.29447555541992
n,26.10850715637207, -1.224769334839948e-06, 1.138178163273551e-06
n,26.10850715637207, -1.224769334839948e-06, 1.138178163273551e-06
n,-26.10850715637207, 1.224769334839948e-06, -1.138178163273551e-06
n,1.6131058373503038e-06, 2.516852378845215, -34.29447555541992
n,-26.10850715637207, 1.224769334839948e-06, -1.138178163273551e-06
n,-1.4922322861821158e-06, -34.1382942199707, -2.5053904056549072
n,-5.098259925842285, -25.420164108276367, 22.04552459716797
n,-5.576694488525391, 21.843727111816406, 25.420894622802734
n,-5.098235130310059, 25.420154571533203, -22.045543670654297
n,-5.576695919036865, -21.843746185302734, -25.420886993408203
n,5.098254680633545, -25.420162200927734, 22.045520782470703
n,5.576694011688232, 21.843727111816406, 25.420896530151367
n,5.098238945007324, 25.420154571533203, -22.0455379486084
n,5.576696395874023, -21.843746185302734, -25.420886993408203
n,-4.9556450843811035, 33.51689910888672, 2.470625638961792
n,-4.150521278381348, -33.70416259765625, -2.473529815673828
n,-19.4775447845459, 1.6833189725875854, -22.83684730529785
n,-19.477548599243164, -1.6833170652389526, 22.83684539794922
n,4.150493144989014, 33.704166412353516, 2.4735300540924072
n,4.9556450843811035, -33.51689910888672, -2.470625162124634
n,19.443767547607422, 1.679663062095642, -22.886999130249023
n,19.443761825561523, -1.679664969444275, 22.886999130249023
n,-2.19580556404253e-06, -25.919130325317383, 22.478248596191406
n,8.546794560970739e-08, -22.359766006469727, -26.021408081054688
n,2.19580556404253e-06, 25.91911506652832, -22.478261947631836
n,-8.546930985176004e-08, 22.359750747680664, 26.021421432495117
n,1.4922322861821158e-06, 34.1382942199707, 2.5053904056549072
n,-1.6131058373503038e-06, -2.516852378845215, 34.29447555541992
n,1.6131058373503038e-06, 2.516852378845215, -34.29447555541992
n,-1.4922322861821158e-06, -34.1382942199707, -2.5053904056549072
n,-4.1504902839660645, 33.704166412353516, 2.473529577255249
n,-4.955647945404053, -33.51689910888672, -2.470625638961792
n,-19.443763732910156, 1.679664969444275, -22.886999130249023
n,-19.443767547607422, -1.679663062095642, 22.886999130249023
n,4.955647945404053, 33.51689910888672, 2.47062611579895
n,4.150518417358398, -33.70416259765625, -2.47352933883667
n,19.477548599243164, 1.6833170652389526, -22.83684539794922
n,19.4775447845459, -1.6833189725875854, 22.83684730529785
n,-2.19580556404253e-06, -25.919130325317383, 22.478248596191406
n,8.546794560970739e-08, -22.359766006469727, -26.021408081054688
n,2.19580556404253e-06, 25.91911506652832, -22.478261947631836
n,-8.546930985176004e-08, 22.359750747680664, 26.021421432495117
u,0.9239996075630188, 0.2287154197692871, 0
u,0.9397380352020264, 0.5393491685390472, 0
u,0.9397380352020264, 0.2287154197692871, 0
u,0.9239996075630188, 0.18319517374038696, 0
u,0.9397380352020264, 0.2225651741027832, 0
u,0.9397380352020264, 0.18319517374038696, 0
u,0.7306206822395325, 0.5223711729049683, 0
u,0.6676458120346069, 0.08411753177642822, 0
u,0.6677861213684082, 0.5223913490772247, 0
u,0.7306206822395325, 0.5223711729049683, 0
u,0.7304803133010864, 0.08409738540649414, 0
u,0.6676458120346069, 0.08411753177642822, 0
u,0.7306206226348877, 0.5223711729049683, 0
u,0.7935954928398132, 0.08411753177642822, 0
u,0.7307609915733337, 0.08409738540649414, 0
u,0.8223806023597717, 0.05654424428939819, 0
u,0.8381190299987793, 0.11222183704376221, 0
u,0.8381190299987793, 0.05654424428939819, 0
u,0.7306206226348877, 0.5223711729049683, 0
u,0.793455183506012, 0.5223913490772247, 0
u,0.7935954928398132, 0.08411753177642822, 0
u,0.9641742706298828, 0.5393491685390472, 0
u,0.94843590259552, 0.22871524095535278, 0
u,0.9484358429908752, 0.5393491685390472, 0
u,0.94843590259552, 0.22871524095535278, 0
u,0.94843590259552, 0.22256499528884888, 0
u,0.944087028503418, 0.22859078645706177, 0
u,0.9397380352020264, 0.2287154197692871, 0
u,0.9440869092941284, 0.22847747802734375, 0
u,0.9397380352020264, 0.2225651741027832, 0
u,0.8381190299987793, 0.05219537019729614, 0
u,0.8381190299987793, 0.05654424428939819, 0
u,0.8424679040908813, 0.05289560556411743, 0
u,0.8381190299987793, 0.11657071113586426, 0
u,0.8424679040908813, 0.1157301664352417, 0
u,0.8381190299987793, 0.11222183704376221, 0
u,0.9641743302345276, 0.22871524095535278, 0
u,0.9685232043266296, 0.22859078645706177, 0
u,0.9641743302345276, 0.22256499528884888, 0
u,0.9239996075630188, 0.2287154197692871, 0
u,0.9239996075630188, 0.2225651741027832, 0
u,0.9196507334709167, 0.22847747802734375, 0
u,0.8223806023597717, 0.05219537019729614, 0
u,0.8180317282676697, 0.05289560556411743, 0
u,0.8223806023597717, 0.05654424428939819, 0
u,0.8223806023597717, 0.11657071113586426, 0
u,0.8223806023597717, 0.11222183704376221, 0
u,0.8180317282676697, 0.1157301664352417, 0
u,0.9397380352020264, 0.2287154197692871, 0
u,0.9440869688987732, 0.5384832918643951, 0
u,0.9440869092941284, 0.22847747802734375, 0
u,0.944087028503418, 0.22859078645706177, 0
u,0.9484358429908752, 0.5393491685390472, 0
u,0.94843590259552, 0.22871524095535278, 0
u,0.7342692613601685, 0.527244359254837, 0
u,0.793455183506012, 0.5223913490772247, 0
u,0.7306206226348877, 0.5223711729049683, 0
u,0.7899469137191772, 0.07924431562423706, 0
u,0.7307609915733337, 0.08409738540649414, 0
u,0.7935954928398132, 0.08411753177642822, 0
u,0.9239996075630188, 0.2287154197692871, 0
u,0.9196507334709167, 0.5384832918643951, 0
u,0.9239996671676636, 0.5393491685390472, 0
u,0.9685232043266296, 0.22859078645706177, 0
u,0.9641742706298828, 0.5393491685390472, 0
u,0.9685231447219849, 0.5383983254432678, 0
u,0.7269720435142517, 0.527244359254837, 0
u,0.6677861213684082, 0.5223913490772247, 0
u,0.6712944507598877, 0.527244359254837, 0
u,0.6712944507598877, 0.07924431562423706, 0
u,0.7304803133010864, 0.08409738540649414, 0
u,0.7269720435142517, 0.07924431562423706, 0
u,0.94843590259552, 0.22871524095535278, 0
u,0.9641743302345276, 0.22256499528884888, 0
u,0.94843590259552, 0.22256499528884888, 0
u,0.8223806023597717, 0.11657071113586426, 0
u,0.8381190299987793, 0.11222183704376221, 0
u,0.8223806023597717, 0.11222183704376221, 0
u,0.8223806023597717, 0.05654424428939819, 0
u,0.8381190299987793, 0.05219537019729614, 0
u,0.8223806023597717, 0.05219537019729614, 0
u,0.9239996075630188, 0.2287154197692871, 0
u,0.9397380352020264, 0.2225651741027832, 0
u,0.9239996075630188, 0.2225651741027832, 0
u,0.9239996075630188, 0.2287154197692871, 0
u,0.9239996671676636, 0.5393491685390472, 0
u,0.9397380352020264, 0.5393491685390472, 0
u,0.9239996075630188, 0.18319517374038696, 0
u,0.9239996075630188, 0.2225651741027832, 0
u,0.9397380352020264, 0.2225651741027832, 0
u,0.8223806023597717, 0.05654424428939819, 0
u,0.8223806023597717, 0.11222183704376221, 0
u,0.8381190299987793, 0.11222183704376221, 0
u,0.9641742706298828, 0.5393491685390472, 0
u,0.9641743302345276, 0.22871524095535278, 0
u,0.94843590259552, 0.22871524095535278, 0
u,0.9397380352020264, 0.2287154197692871, 0
u,0.9397380352020264, 0.5393491685390472, 0
u,0.9440869688987732, 0.5384832918643951, 0
u,0.944087028503418, 0.22859078645706177, 0
u,0.9440869688987732, 0.5383983254432678, 0
u,0.9484358429908752, 0.5393491685390472, 0
u,0.7342692613601685, 0.527244359254837, 0
u,0.7899469137191772, 0.527244359254837, 0
u,0.793455183506012, 0.5223913490772247, 0
u,0.7899469137191772, 0.07924431562423706, 0
u,0.7342692613601685, 0.07924431562423706, 0
u,0.7307609915733337, 0.08409738540649414, 0
u,0.9239996075630188, 0.2287154197692871, 0
u,0.9196507334709167, 0.22847747802734375, 0
u,0.9196507334709167, 0.5384832918643951, 0
u,0.9685232043266296, 0.22859078645706177, 0
u,0.9641743302345276, 0.22871524095535278, 0
u,0.9641742706298828, 0.5393491685390472, 0
u,0.7269720435142517, 0.527244359254837, 0
u,0.7306206822395325, 0.5223711729049683, 0
u,0.6677861213684082, 0.5223913490772247, 0
u,0.6712944507598877, 0.07924431562423706, 0
u,0.6676458120346069, 0.08411753177642822, 0
u,0.7304803133010864, 0.08409738540649414, 0
u,0.94843590259552, 0.22871524095535278, 0
u,0.9641743302345276, 0.22871524095535278, 0
u,0.9641743302345276, 0.22256499528884888, 0
u,0.8223806023597717, 0.11657071113586426, 0
u,0.8381190299987793, 0.11657071113586426, 0
u,0.8381190299987793, 0.11222183704376221, 0
u,0.8223806023597717, 0.05654424428939819, 0
u,0.8381190299987793, 0.05654424428939819, 0
u,0.8381190299987793, 0.05219537019729614, 0
u,0.9239996075630188, 0.2287154197692871, 0
u,0.9397380352020264, 0.2287154197692871, 0
u,0.9397380352020264, 0.2225651741027832, 0
