v,0.00011122907017124817, -0.003963790833950043, 0.009035623632371426
v,0.0009321774705313146, -0.003553723217919469, -0.010412565432488918
v,0.0009321782272309065, -0.0035537227522581816, 0.009035623632371426
v,-0.00108169240411371, -0.0015755834756419063, 0.009228152222931385
v,0.0008457517833448946, -0.0033806986175477505, 0.009228152222931385
v,-0.0002607432543300092, -0.0011655152775347233, 0.009228152222931385
v,-0.0001295349356951192, -0.004049242474138737, -0.010389355011284351
v,-0.001381049514748156, -0.0015437309630215168, 0.009012413211166859
v,-0.0013782614842057228, -0.0015493143582716584, -0.010390248149633408
v,-0.0001295349356951192, -0.004049242474138737, -0.010389355011284351
v,-0.00013232300989329815, -0.00404365872964263, 0.009013306349515915
v,-0.001381049514748156, -0.0015437309630215168, 0.009012413211166859
v,0.0011451082536950707, -0.003412551712244749, -0.010389355011284351
v,-0.00010640623077051714, -0.0009070402593351901, 0.009012413211166859
v,0.0011423202231526375, -0.0034069682005792856, 0.009013306349515915
v,2.4801860490697436e-05, -0.003790767164900899, -0.010605094023048878
v,-0.00026074404013343155, -0.0011655156267806888, -0.010605094023048878
v,0.0008457510266453028, -0.0033806990832090378, -0.010605094023048878
v,0.0011451082536950707, -0.003412551712244749, -0.010389355011284351
v,-0.00010361820022808388, -0.0009126237127929926, -0.010390248149633408
v,-0.00010640623077051714, -0.0009070402593351901, 0.009012413211166859
v,-0.0011681196046993136, -0.0014025598065927625, -0.010412565432488918
v,-0.00034716964000836015, -0.000992491259239614, 0.009035623632371426
v,-0.000347170396707952, -0.0009924916084855795, -0.010412565432488918
v,-0.00034716964000836015, -0.000992491259239614, 0.009035623632371426
v,-0.0002607432543300092, -0.0011655152775347233, 0.009228152222931385
v,-0.00010640623077051714, -0.0009070402593351901, 0.009012413211166859
v,0.0009321782272309065, -0.0035537227522581816, 0.009035623632371426
v,0.0011423202231526375, -0.0034069682005792856, 0.009013306349515915
v,0.0008457517833448946, -0.0033806986175477505, 0.009228152222931385
v,0.0009321774705313146, -0.003553723217919469, -0.010412565432488918
v,0.0008457510266453028, -0.0033806990832090378, -0.010605094023048878
v,0.0011451082536950707, -0.003412551712244749, -0.010389355011284351
v,-0.000347170396707952, -0.0009924916084855795, -0.010412565432488918
v,-0.00010361820022808388, -0.0009126237127929926, -0.010390248149633408
v,-0.00026074404013343155, -0.0011655156267806888, -0.010605094023048878
v,-0.0011681187897920609, -0.001402559457346797, 0.009035623632371426
v,-0.001381049514748156, -0.0015437309630215168, 0.009012413211166859
v,-0.00108169240411371, -0.0015755834756419063, 0.009228152222931385
v,0.00011122907017124817, -0.003963790833950043, 0.009035623632371426
v,2.4802635380183347e-05, -0.0037907666992396116, 0.009228152222931385
v,-0.00013232300989329815, -0.00404365872964263, 0.009013306349515915
v,0.00011122831347165629, -0.00396379129961133, -0.010412565432488918
v,-0.0001295349356951192, -0.004049242474138737, -0.010389355011284351
v,2.4801860490697436e-05, -0.003790767164900899, -0.010605094023048878
v,-0.0011681196046993136, -0.0014025598065927625, -0.010412565432488918
v,-0.0010816932190209627, -0.0015755838248878717, -0.010605094023048878
v,-0.0013782614842057228, -0.0015493143582716584, -0.010390248149633408
v,0.0009321782272309065, -0.0035537227522581816, 0.009035623632371426
v,0.0011451082536950707, -0.003412551712244749, -0.010389355011284351
v,0.0011423202231526375, -0.0034069682005792856, 0.009013306349515915
v,-0.00010640623077051714, -0.0009070402593351901, 0.009012413211166859
v,-0.000347170396707952, -0.0009924916084855795, -0.010412565432488918
v,-0.00034716964000836015, -0.000992491259239614, 0.009035623632371426
v,0.0008457510266453028, -0.0033806990832090378, -0.010605094023048878
v,-0.00010361820022808388, -0.0009126237127929926, -0.010390248149633408
v,0.0011451082536950707, -0.003412551712244749, -0.010389355011284351
v,-0.0002607432543300092, -0.0011655152775347233, 0.009228152222931385
v,0.0011423202231526375, -0.0034069682005792856, 0.009013306349515915
v,-0.00010640623077051714, -0.0009070402593351901, 0.009012413211166859
v,0.00011122907017124817, -0.003963790833950043, 0.009035623632371426
v,-0.0001295349356951192, -0.004049242474138737, -0.010389355011284351
v,0.00011122831347165629, -0.00396379129961133, -0.010412565432488918
v,-0.001381049514748156, -0.0015437309630215168, 0.009012413211166859
v,-0.0011681196046993136, -0.0014025598065927625, -0.010412565432488918
v,-0.0013782614842057228, -0.0015493143582716584, -0.010390248149633408
v,2.4801860490697436e-05, -0.003790767164900899, -0.010605094023048878
v,-0.0013782614842057228, -0.0015493143582716584, -0.010390248149633408
v,-0.0010816932190209627, -0.0015755838248878717, -0.010605094023048878
v,-0.00108169240411371, -0.0015755834756419063, 0.009228152222931385
v,-0.00013232300989329815, -0.00404365872964263, 0.009013306349515915
v,2.4802635380183347e-05, -0.0037907666992396116, 0.009228152222931385
v,-0.00034716964000836015, -0.000992491259239614, 0.009035623632371426
v,-0.00108169240411371, -0.0015755834756419063, 0.009228152222931385
v,-0.0002607432543300092, -0.0011655152775347233, 0.009228152222931385
v,-0.0011681196046993136, -0.0014025598065927625, -0.010412565432488918
v,-0.00026074404013343155, -0.0011655156267806888, -0.010605094023048878
v,-0.0010816932190209627, -0.0015755838248878717, -0.010605094023048878
v,2.4801860490697436e-05, -0.003790767164900899, -0.010605094023048878
v,0.0009321774705313146, -0.003553723217919469, -0.010412565432488918
v,0.00011122831347165629, -0.00396379129961133, -0.010412565432488918
v,0.00011122907017124817, -0.003963790833950043, 0.009035623632371426
v,0.0008457517833448946, -0.0033806986175477505, 0.009228152222931385
v,2.4802635380183347e-05, -0.0037907666992396116, 0.009228152222931385
v,0.00011122907017124817, -0.003963790833950043, 0.009035623632371426
v,0.00011122831347165629, -0.00396379129961133, -0.010412565432488918
v,0.0009321774705313146, -0.003553723217919469, -0.010412565432488918
v,-0.00108169240411371, -0.0015755834756419063, 0.009228152222931385
v,2.4802635380183347e-05, -0.0037907666992396116, 0.009228152222931385
v,0.0008457517833448946, -0.0033806986175477505, 0.009228152222931385
v,2.4801860490697436e-05, -0.003790767164900899, -0.010605094023048878
v,-0.0010816932190209627, -0.0015755838248878717, -0.010605094023048878
v,-0.00026074404013343155, -0.0011655156267806888, -0.010605094023048878
v,-0.0011681196046993136, -0.0014025598065927625, -0.010412565432488918
v,-0.0011681187897920609, -0.001402559457346797, 0.009035623632371426
v,-0.00034716964000836015, -0.000992491259239614, 0.009035623632371426
v,0.0009321782272309065, -0.0035537227522581816, 0.009035623632371426
v,0.0009321774705313146, -0.003553723217919469, -0.010412565432488918
v,0.0011451082536950707, -0.003412551712244749, -0.010389355011284351
v,-0.00010640623077051714, -0.0009070402593351901, 0.009012413211166859
v,-0.00010361820022808388, -0.0009126237127929926, -0.010390248149633408
v,-0.000347170396707952, -0.0009924916084855795, -0.010412565432488918
v,0.0008457510266453028, -0.0033806990832090378, -0.010605094023048878
v,-0.00026074404013343155, -0.0011655156267806888, -0.010605094023048878
v,-0.00010361820022808388, -0.0009126237127929926, -0.010390248149633408
v,-0.0002607432543300092, -0.0011655152775347233, 0.009228152222931385
v,0.0008457517833448946, -0.0033806986175477505, 0.009228152222931385
v,0.0011423202231526375, -0.0034069682005792856, 0.009013306349515915
v,0.00011122907017124817, -0.003963790833950043, 0.009035623632371426
v,-0.00013232300989329815, -0.00404365872964263, 0.009013306349515915
v,-0.0001295349356951192, -0.004049242474138737, -0.010389355011284351
v,-0.001381049514748156, -0.0015437309630215168, 0.009012413211166859
v,-0.0011681187897920609, -0.001402559457346797, 0.009035623632371426
v,-0.0011681196046993136, -0.0014025598065927625, -0.010412565432488918
v,2.4801860490697436e-05, -0.003790767164900899, -0.010605094023048878
v,-0.0001295349356951192, -0.004049242474138737, -0.010389355011284351
v,-0.0013782614842057228, -0.0015493143582716584, -0.010390248149633408
v,-0.00108169240411371, -0.0015755834756419063, 0.009228152222931385
v,-0.001381049514748156, -0.0015437309630215168, 0.009012413211166859
v,-0.00013232300989329815, -0.00404365872964263, 0.009013306349515915
v,-0.00034716964000836015, -0.000992491259239614, 0.009035623632371426
v,-0.0011681187897920609, -0.001402559457346797, 0.009035623632371426
v,-0.00108169240411371, -0.0015755834756419063, 0.009228152222931385
v,-0.0011681196046993136, -0.0014025598065927625, -0.010412565432488918
v,-0.000347170396707952, -0.0009924916084855795, -0.010412565432488918
v,-0.00026074404013343155, -0.0011655156267806888, -0.010605094023048878
v,2.4801860490697436e-05, -0.003790767164900899, -0.010605094023048878
v,0.0008457510266453028, -0.0033806990832090378, -0.010605094023048878
v,0.0009321774705313146, -0.003553723217919469, -0.010412565432488918
v,0.00011122907017124817, -0.003963790833950043, 0.009035623632371426
v,0.0009321782272309065, -0.0035537227522581816, 0.009035623632371426
v,0.0008457517833448946, -0.0033806986175477505, 0.009228152222931385
n,15.296042442321777, -30.622400283813477, -5.331030891253877e-14
n,1.3446714319798048e-06, 6.716700227116235e-07, 34.38671112060547
n,-23.356782913208008, -11.666828155517578, 1.1412392950660433e-06
n,-23.356782913208008, -11.666828155517578, 1.1412392950660433e-06
n,23.356782913208008, 11.666828155517578, -1.1412392950660433e-06
n,-1.3446714319798048e-06, -6.716700227116235e-07, -34.38671112060547
n,23.356782913208008, 11.666828155517578, -1.1412392950660433e-06
n,-15.296042442321777, 30.622400283813477, 5.331030891253877e-14
n,-6.046807765960693, 23.514692306518555, 23.846965789794922
n,15.555264472961426, -18.661602020263672, 23.753915786743164
n,15.168631553649902, -18.958282470703125, -23.846982955932617
n,-5.577401161193848, 23.645612716674805, -23.75390625
n,-15.168652534484863, 18.958284378051758, 23.846961975097656
n,5.577395439147949, -23.645597457885742, 23.753915786743164
n,6.046821594238281, -23.514671325683594, -23.84697914123535
n,-15.55527400970459, 18.6616153717041, -23.75390625
n,19.451316833496094, -27.851234436035156, 0.010809995234012604
n,-11.38845157623291, 32.087677001953125, -1.8142496571726952e-07
n,17.42796516418457, 8.69717788696289, -22.8988037109375
n,17.421430587768555, 8.71026611328125, 22.8988037109375
n,11.388479232788086, -32.087669372558594, 1.8142371516205458e-07
n,-19.451316833496094, 27.851234436035156, -0.01080961711704731
n,-17.39447593688965, -8.688626289367676, -22.94855308532715
n,-17.394474029541016, -8.68862533569336, 22.94855308532715
n,-10.815946578979492, 21.653331756591797, 24.31505012512207
n,-10.815948486328125, 21.653331756591797, -24.31505012512207
n,10.815940856933594, -21.653318405151367, -24.315061569213867
n,10.815942764282227, -21.653318405151367, 24.315061569213867
n,15.296042442321777, -30.622400283813477, -5.331030891253877e-14
n,1.3446714319798048e-06, 6.716700227116235e-07, 34.38671112060547
n,-1.3446714319798048e-06, -6.716700227116235e-07, -34.38671112060547
n,-15.296042442321777, 30.622400283813477, 5.331030891253877e-14
n,18.814573287963867, -28.378297805786133, -1.814238288488923e-07
n,-10.584630966186523, 32.280189514160156, -0.01081005297601223
n,17.39447593688965, 8.688626289367676, -22.94855308532715
n,17.39447593688965, 8.688626289367676, 22.94855308532715
n,10.584630966186523, -32.280189514160156, 0.010810429230332375
n,-18.814598083496094, 28.378280639648438, 1.8142507940410724e-07
n,-17.421430587768555, -8.71026611328125, -22.8988037109375
n,-17.42796516418457, -8.69717788696289, 22.8988037109375
n,-10.815946578979492, 21.653331756591797, 24.31505012512207
n,-10.815948486328125, 21.653331756591797, -24.31505012512207
n,10.815940856933594, -21.653318405151367, -24.315061569213867
n,10.815942764282227, -21.653318405151367, 24.315061569213867
u,0.9239996075630188, 0.2287154197692871, 0
u,0.9397380352020264, 0.5393491685390472, 0
u,0.9397380352020264, 0.2287154197692871, 0
u,0.9239996075630188, 0.18319517374038696, 0
u,0.9397380352020264, 0.2225651741027832, 0
u,0.9397380352020264, 0.18319517374038696, 0
u,0.7306206822395325, 0.5223711729049683, 0
u,0.6676458120346069, 0.08411753177642822, 0
u,0.6677861213684082, 0.5223913490772247, 0
u,0.7306206822395325, 0.5223711729049683, 0
u,0.7304803133010864, 0.08409738540649414, 0
u,0.6676458120346069, 0.08411753177642822, 0
u,0.7306206226348877, 0.5223711729049683, 0
u,0.7935954928398132, 0.08411753177642822, 0
u,0.7307609915733337, 0.08409738540649414, 0
u,0.8223806023597717, 0.05654424428939819, 0
u,0.8381190299987793, 0.11222183704376221, 0
u,0.8381190299987793, 0.05654424428939819, 0
u,0.7306206226348877, 0.5223711729049683, 0
u,0.793455183506012, 0.5223913490772247, 0
u,0.7935954928398132, 0.08411753177642822, 0
u,0.9641742706298828, 0.5393491685390472, 0
u,0.94843590259552, 0.22871524095535278, 0
u,0.9484358429908752, 0.5393491685390472, 0
u,0.94843590259552, 0.22871524095535278, 0
u,0.94843590259552, 0.22256499528884888, 0
u,0.944087028503418, 0.22859078645706177, 0
u,0.9397380352020264, 0.2287154197692871, 0
u,0.9440869092941284, 0.22847747802734375, 0
u,0.9397380352020264, 0.2225651741027832, 0
u,0.8381190299987793, 0.05219537019729614, 0
u,0.8381190299987793, 0.05654424428939819, 0
u,0.8424679040908813, 0.05289560556411743, 0
u,0.8381190299987793, 0.11657071113586426, 0
u,0.8424679040908813, 0.1157301664352417, 0
u,0.8381190299987793, 0.11222183704376221, 0
u,0.9641743302345276, 0.22871524095535278, 0
u,0.9685232043266296, 0.22859078645706177, 0
u,0.9641743302345276, 0.22256499528884888, 0
u,0.9239996075630188, 0.2287154197692871, 0
u,0.9239996075630188, 0.2225651741027832, 0
u,0.9196507334709167, 0.22847747802734375, 0
u,0.8223806023597717, 0.05219537019729614, 0
u,0.8180317282676697, 0.05289560556411743, 0
u,0.8223806023597717, 0.05654424428939819, 0
u,0.8223806023597717, 0.11657071113586426, 0
u,0.8223806023597717, 0.11222183704376221, 0
u,0.8180317282676697, 0.1157301664352417, 0
u,0.9397380352020264, 0.2287154197692871, 0
u,0.9440869688987732, 0.5384832918643951, 0
u,0.9440869092941284, 0.22847747802734375, 0
u,0.944087028503418, 0.22859078645706177, 0
u,0.9484358429908752, 0.5393491685390472, 0
u,0.94843590259552, 0.22871524095535278, 0
u,0.7342692613601685, 0.527244359254837, 0
u,0.793455183506012, 0.5223913490772247, 0
u,0.7306206226348877, 0.5223711729049683, 0
u,0.7899469137191772, 0.07924431562423706, 0
u,0.7307609915733337, 0.08409738540649414, 0
u,0.7935954928398132, 0.08411753177642822, 0
u,0.9239996075630188, 0.2287154197692871, 0
u,0.9196507334709167, 0.5384832918643951, 0
u,0.9239996671676636, 0.5393491685390472, 0
u,0.9685232043266296, 0.22859078645706177, 0
u,0.9641742706298828, 0.5393491685390472, 0
u,0.9685231447219849, 0.5383983254432678, 0
u,0.7269720435142517, 0.527244359254837, 0
u,0.6677861213684082, 0.5223913490772247, 0
u,0.6712944507598877, 0.527244359254837, 0
u,0.6712944507598877, 0.07924431562423706, 0
u,0.7304803133010864, 0.08409738540649414, 0
u,0.7269720435142517, 0.07924431562423706, 0
u,0.94843590259552, 0.22871524095535278, 0
u,0.9641743302345276, 0.22256499528884888, 0
u,0.94843590259552, 0.22256499528884888, 0
u,0.8223806023597717, 0.11657071113586426, 0
u,0.8381190299987793, 0.11222183704376221, 0
u,0.8223806023597717, 0.11222183704376221, 0
u,0.8223806023597717, 0.05654424428939819, 0
u,0.8381190299987793, 0.05219537019729614, 0
u,0.8223806023597717, 0.05219537019729614, 0
u,0.9239996075630188, 0.2287154197692871, 0
u,0.9397380352020264, 0.2225651741027832, 0
u,0.9239996075630188, 0.2225651741027832, 0
u,0.9239996075630188, 0.2287154197692871, 0
u,0.9239996671676636, 0.5393491685390472, 0
u,0.9397380352020264, 0.5393491685390472, 0
u,0.9239996075630188, 0.18319517374038696, 0
u,0.9239996075630188, 0.2225651741027832, 0
u,0.9397380352020264, 0.2225651741027832, 0
u,0.8223806023597717, 0.05654424428939819, 0
u,0.8223806023597717, 0.11222183704376221, 0
u,0.8381190299987793, 0.11222183704376221, 0
u,0.9641742706298828, 0.5393491685390472, 0
u,0.9641743302345276, 0.22871524095535278, 0
u,0.94843590259552, 0.22871524095535278, 0
u,0.9397380352020264, 0.2287154197692871, 0
u,0.9397380352020264, 0.5393491685390472, 0
u,0.9440869688987732, 0.5384832918643951, 0
u,0.944087028503418, 0.22859078645706177, 0
u,0.9440869688987732, 0.5383983254432678, 0
u,0.9484358429908752, 0.5393491685390472, 0
u,0.7342692613601685, 0.527244359254837, 0
u,0.7899469137191772, 0.527244359254837, 0
u,0.793455183506012, 0.5223913490772247, 0
u,0.7899469137191772, 0.07924431562423706, 0
u,0.7342692613601685, 0.07924431562423706, 0
u,0.7307609915733337, 0.08409738540649414, 0
u,0.9239996075630188, 0.2287154197692871, 0
u,0.9196507334709167, 0.22847747802734375, 0
u,0.9196507334709167, 0.5384832918643951, 0
u,0.9685232043266296, 0.22859078645706177, 0
u,0.9641743302345276, 0.22871524095535278, 0
u,0.9641742706298828, 0.5393491685390472, 0
u,0.7269720435142517, 0.527244359254837, 0
u,0.7306206822395325, 0.5223711729049683, 0
u,0.6677861213684082, 0.5223913490772247, 0
u,0.6712944507598877, 0.07924431562423706, 0
u,0.6676458120346069, 0.08411753177642822, 0
u,0.7304803133010864, 0.08409738540649414, 0
u,0.94843590259552, 0.22871524095535278, 0
u,0.9641743302345276, 0.22871524095535278, 0
u,0.9641743302345276, 0.22256499528884888, 0
u,0.8223806023597717, 0.11657071113586426, 0
u,0.8381190299987793, 0.11657071113586426, 0
u,0.8381190299987793, 0.11222183704376221, 0
u,0.8223806023597717, 0.05654424428939819, 0
u,0.8381190299987793, 0.05654424428939819, 0
u,0.8381190299987793, 0.05219537019729614, 0
u,0.9239996075630188, 0.2287154197692871, 0
u,0.9397380352020264, 0.2287154197692871, 0
u,0.9397380352020264, 0.2225651741027832, 0
