v,-0.0005968734622001648, -0.0011050222674384713, 0.009035623632371426
v,-0.0012976161669939756, -0.0016975352773442864, -0.010412565432488918
v,-0.0012976168654859066, -0.0016975358594208956, 0.009035623632371426
v,0.0011267962399870157, -0.0031435415148735046, 0.009228152222931385
v,-0.00117273791693151, -0.0018452253425493836, 0.009228152222931385
v,0.00042605295311659575, -0.003736054990440607, 0.009228152222931385
v,-0.00038313353434205055, -0.0009650774882175028, -0.010389355011284351
v,0.0014251985121518373, -0.0031037249136716127, 0.009012413211166859
v,0.0014211696106940508, -0.0030989586375653744, -0.010390248149633408
v,-0.00038313353434205055, -0.0009650774882175028, -0.010389355011284351
v,-0.00037910451646894217, -0.0009698437061160803, 0.009013306349515915
v,0.0014251985121518373, -0.0031037249136716127, 0.009012413211166859
v,-0.0014711397234350443, -0.001885041012428701, -0.010389355011284351
v,0.0003371922648511827, -0.00402368837967515, 0.009012413211166859
v,-0.0014671108219772577, -0.0018898072885349393, 0.009013306349515915
v,-0.00047199393156915903, -0.001252711284905672, -0.010605094023048878
v,0.0004260535934008658, -0.0037360545247793198, -0.010605094023048878
v,-0.001172737218439579, -0.0018452247604727745, -0.010605094023048878
v,-0.0014711397234350443, -0.001885041012428701, -0.010389355011284351
v,0.00033316336339339614, -0.004018922336399555, -0.010390248149633408
v,0.0003371922648511827, -0.00402368837967515, 0.009012413211166859
v,0.0012516756542026997, -0.00329123018309474, -0.010412565432488918
v,0.0005509316688403487, -0.0038837443571537733, 0.009035623632371426
v,0.0005509323091246188, -0.003883743891492486, -0.010412565432488918
v,0.0005509316688403487, -0.0038837443571537733, 0.009035623632371426
v,0.00042605295311659575, -0.003736054990440607, 0.009228152222931385
v,0.0003371922648511827, -0.00402368837967515, 0.009012413211166859
v,-0.0012976168654859066, -0.0016975358594208956, 0.009035623632371426
v,-0.0014671108219772577, -0.0018898072885349393, 0.009013306349515915
v,-0.00117273791693151, -0.0018452253425493836, 0.009228152222931385
v,-0.0012976161669939756, -0.0016975352773442864, -0.010412565432488918
v,-0.001172737218439579, -0.0018452247604727745, -0.010605094023048878
v,-0.0014711397234350443, -0.001885041012428701, -0.010389355011284351
v,0.0005509323091246188, -0.003883743891492486, -0.010412565432488918
v,0.00033316336339339614, -0.004018922336399555, -0.010390248149633408
v,0.0004260535934008658, -0.0037360545247793198, -0.010605094023048878
v,0.0012516749557107687, -0.003291230881586671, 0.009035623632371426
v,0.0014251985121518373, -0.0031037249136716127, 0.009012413211166859
v,0.0011267962399870157, -0.0031435415148735046, 0.009228152222931385
v,-0.0005968734622001648, -0.0011050222674384713, 0.009035623632371426
v,-0.0004719945718534291, -0.0012527117505669594, 0.009228152222931385
v,-0.00037910451646894217, -0.0009698437061160803, 0.009013306349515915
v,-0.0005968728219158947, -0.001105021801777184, -0.010412565432488918
v,-0.00038313353434205055, -0.0009650774882175028, -0.010389355011284351
v,-0.00047199393156915903, -0.001252711284905672, -0.010605094023048878
v,0.0012516756542026997, -0.00329123018309474, -0.010412565432488918
v,0.0011267969384789467, -0.0031435408163815737, -0.010605094023048878
v,0.0014211696106940508, -0.0030989586375653744, -0.010390248149633408
v,-0.0012976168654859066, -0.0016975358594208956, 0.009035623632371426
v,-0.0014711397234350443, -0.001885041012428701, -0.010389355011284351
v,-0.0014671108219772577, -0.0018898072885349393, 0.009013306349515915
v,0.0003371922648511827, -0.00402368837967515, 0.009012413211166859
v,0.0005509323091246188, -0.003883743891492486, -0.010412565432488918
v,0.0005509316688403487, -0.0038837443571537733, 0.009035623632371426
v,-0.001172737218439579, -0.0018452247604727745, -0.010605094023048878
v,0.00033316336339339614, -0.004018922336399555, -0.010390248149633408
v,-0.0014711397234350443, -0.001885041012428701, -0.010389355011284351
v,0.00042605295311659575, -0.003736054990440607, 0.009228152222931385
v,-0.0014671108219772577, -0.0018898072885349393, 0.009013306349515915
v,0.0003371922648511827, -0.00402368837967515, 0.009012413211166859
v,-0.0005968734622001648, -0.0011050222674384713, 0.009035623632371426
v,-0.00038313353434205055, -0.0009650774882175028, -0.010389355011284351
v,-0.0005968728219158947, -0.001105021801777184, -0.010412565432488918
v,0.0014251985121518373, -0.0031037249136716127, 0.009012413211166859
v,0.0012516756542026997, -0.00329123018309474, -0.010412565432488918
v,0.0014211696106940508, -0.0030989586375653744, -0.010390248149633408
v,-0.00047199393156915903, -0.001252711284905672, -0.010605094023048878
v,0.0014211696106940508, -0.0030989586375653744, -0.010390248149633408
v,0.0011267969384789467, -0.0031435408163815737, -0.010605094023048878
v,0.0011267962399870157, -0.0031435415148735046, 0.009228152222931385
v,-0.00037910451646894217, -0.0009698437061160803, 0.009013306349515915
v,-0.0004719945718534291, -0.0012527117505669594, 0.009228152222931385
v,0.0005509316688403487, -0.0038837443571537733, 0.009035623632371426
v,0.0011267962399870157, -0.0031435415148735046, 0.009228152222931385
v,0.00042605295311659575, -0.003736054990440607, 0.009228152222931385
v,0.0012516756542026997, -0.00329123018309474, -0.010412565432488918
v,0.0004260535934008658, -0.0037360545247793198, -0.010605094023048878
v,0.0011267969384789467, -0.0031435408163815737, -0.010605094023048878
v,-0.00047199393156915903, -0.001252711284905672, -0.010605094023048878
v,-0.0012976161669939756, -0.0016975352773442864, -0.010412565432488918
v,-0.0005968728219158947, -0.001105021801777184, -0.010412565432488918
v,-0.0005968734622001648, -0.0011050222674384713, 0.009035623632371426
v,-0.00117273791693151, -0.0018452253425493836, 0.009228152222931385
v,-0.0004719945718534291, -0.0012527117505669594, 0.009228152222931385
v,-0.0005968734622001648, -0.0011050222674384713, 0.009035623632371426
v,-0.0005968728219158947, -0.001105021801777184, -0.010412565432488918
v,-0.0012976161669939756, -0.0016975352773442864, -0.010412565432488918
v,0.0011267962399870157, -0.0031435415148735046, 0.009228152222931385
v,-0.0004719945718534291, -0.0012527117505669594, 0.009228152222931385
v,-0.00117273791693151, -0.0018452253425493836, 0.009228152222931385
v,-0.00047199393156915903, -0.001252711284905672, -0.010605094023048878
v,0.0011267969384789467, -0.0031435408163815737, -0.010605094023048878
v,0.0004260535934008658, -0.0037360545247793198, -0.010605094023048878
v,0.0012516756542026997, -0.00329123018309474, -0.010412565432488918
v,0.0012516749557107687, -0.003291230881586671, 0.009035623632371426
v,0.0005509316688403487, -0.0038837443571537733, 0.009035623632371426
v,-0.0012976168654859066, -0.0016975358594208956, 0.009035623632371426
v,-0.0012976161669939756, -0.0016975352773442864, -0.010412565432488918
v,-0.0014711397234350443, -0.001885041012428701, -0.010389355011284351
v,0.0003371922648511827, -0.00402368837967515, 0.009012413211166859
v,0.00033316336339339614, -0.004018922336399555, -0.010390248149633408
v,0.0005509323091246188, -0.003883743891492486, -0.010412565432488918
v,-0.001172737218439579, -0.0018452247604727745, -0.010605094023048878
v,0.0004260535934008658, -0.0037360545247793198, -0.010605094023048878
v,0.00033316336339339614, -0.004018922336399555, -0.010390248149633408
v,0.00042605295311659575, -0.003736054990440607, 0.009228152222931385
v,-0.00117273791693151, -0.0018452253425493836, 0.009228152222931385
v,-0.0014671108219772577, -0.0018898072885349393, 0.009013306349515915
v,-0.0005968734622001648, -0.0011050222674384713, 0.009035623632371426
v,-0.00037910451646894217, -0.0009698437061160803, 0.009013306349515915
v,-0.00038313353434205055, -0.0009650774882175028, -0.010389355011284351
v,0.0014251985121518373, -0.0031037249136716127, 0.009012413211166859
v,0.0012516749557107687, -0.003291230881586671, 0.009035623632371426
v,0.0012516756542026997, -0.00329123018309474, -0.010412565432488918
v,-0.00047199393156915903, -0.001252711284905672, -0.010605094023048878
v,-0.00038313353434205055, -0.0009650774882175028, -0.010389355011284351
v,0.0014211696106940508, -0.0030989586375653744, -0.010390248149633408
v,0.0011267962399870157, -0.0031435415148735046, 0.009228152222931385
v,0.0014251985121518373, -0.0031037249136716127, 0.009012413211166859
v,-0.00037910451646894217, -0.0009698437061160803, 0.009013306349515915
v,0.0005509316688403487, -0.0038837443571537733, 0.009035623632371426
v,0.0012516749557107687, -0.003291230881586671, 0.009035623632371426
v,0.0011267962399870157, -0.0031435415148735046, 0.009228152222931385
v,0.0012516756542026997, -0.00329123018309474, -0.010412565432488918
v,0.0005509323091246188, -0.003883743891492486, -0.010412565432488918
v,0.0004260535934008658, -0.0037360545247793198, -0.010605094023048878
v,-0.00047199393156915903, -0.001252711284905672, -0.010605094023048878
v,-0.001172737218439579, -0.0018452247604727745, -0.010605094023048878
v,-0.0012976161669939756, -0.0016975352773442864, -0.010412565432488918
v,-0.0005968734622001648, -0.0011050222674384713, 0.009035623632371426
v,-0.0012976168654859066, -0.0016975358594208956, 0.009035623632371426
v,-0.00117273791693151, -0.0018452253425493836, 0.009228152222931385
n,-22.101472854614258, 26.13857650756836, -1.0662061104881396e-13
n,-1.1477804946480319e-06, -9.70505766417773e-07, 34.38671112060547
n,19.936811447143555, 16.85757064819336, 1.1412391813792055e-06
n,19.936811447143555, 16.85757064819336, 1.1412391813792055e-06
n,-19.936811447143555, -16.85757064819336, -1.1412391813792055e-06
n,1.1477804946480319e-06, 9.70505766417773e-07, -34.38671112060547
n,-19.936811447143555, -16.85757064819336, -1.1412391813792055e-06
n,22.101472854614258, -26.13857650756836, 1.0662061104881396e-13
n,11.434165954589844, -21.41878890991211, 23.846965789794922
n,-19.525882720947266, 14.4555025100708, 23.753915786743164
n,-19.220340728759766, 14.835172653198242, -23.846982955932617
n,11.009012222290039, -21.656963348388672, -23.75390625
n,19.220361709594727, -14.835166931152344, 23.846961975097656
n,-11.009002685546875, 21.656949996948242, 23.753915786743164
n,-11.434174537658691, 21.418766021728516, -23.84697914123535
n,19.525894165039062, -14.455514907836914, -23.75390625
n,-25.48388671875, 22.46367073059082, 0.010809995234012604
n,18.651018142700195, -28.486055374145508, -1.8142490887385065e-07
n,-14.878042221069336, -12.570549011230469, -22.8988037109375
n,-14.868597030639648, -12.581722259521484, 22.8988037109375
n,-18.65104103088379, 28.486042022705078, 1.8142365831863572e-07
n,25.48388671875, -22.46367073059082, -0.01080961711704731
n,14.847524642944336, 12.55432415008545, -22.94855308532715
n,14.847521781921387, 12.5543212890625, 22.94855308532715
n,15.628118515014648, -18.482786178588867, 24.31505012512207
n,15.628120422363281, -18.482786178588867, -24.31505012512207
n,-15.628108978271484, 18.48277473449707, -24.315061569213867
n,-15.628110885620117, 18.48277473449707, 24.315061569213867
n,-22.101472854614258, 26.13857650756836, -1.0662061104881396e-13
n,-1.1477804946480319e-06, -9.70505766417773e-07, 34.38671112060547
n,1.1477804946480319e-06, 9.70505766417773e-07, -34.38671112060547
n,22.101472854614258, -26.13857650756836, 1.0662061104881396e-13
n,-24.98978614807129, 23.12631607055664, -1.8142385727060173e-07
n,17.915489196777344, -28.863130569458008, -0.01081005297601223
n,-14.847522735595703, -12.554322242736816, -22.94855308532715
n,-14.847524642944336, -12.55432415008545, 22.94855308532715
n,-17.915489196777344, 28.863130569458008, 0.010810429230332375
n,24.989805221557617, -23.12629508972168, 1.8142510782581667e-07
n,14.868597030639648, 12.581722259521484, -22.8988037109375
n,14.878042221069336, 12.570549011230469, 22.8988037109375
n,15.628118515014648, -18.482786178588867, 24.31505012512207
n,15.628120422363281, -18.482786178588867, -24.31505012512207
n,-15.628108978271484, 18.48277473449707, -24.315061569213867
n,-15.628110885620117, 18.48277473449707, 24.315061569213867
u,0.9239996075630188, 0.2287154197692871, 0
u,0.9397380352020264, 0.5393491685390472, 0
u,0.9397380352020264, 0.2287154197692871, 0
u,0.9239996075630188, 0.18319517374038696, 0
u,0.9397380352020264, 0.2225651741027832, 0
u,0.9397380352020264, 0.18319517374038696, 0
u,0.7306206822395325, 0.5223711729049683, 0
u,0.6676458120346069, 0.08411753177642822, 0
u,0.6677861213684082, 0.5223913490772247, 0
u,0.7306206822395325, 0.5223711729049683, 0
u,0.7304803133010864, 0.08409738540649414, 0
u,0.6676458120346069, 0.08411753177642822, 0
u,0.7306206226348877, 0.5223711729049683, 0
u,0.7935954928398132, 0.08411753177642822, 0
u,0.7307609915733337, 0.08409738540649414, 0
u,0.8223806023597717, 0.05654424428939819, 0
u,0.8381190299987793, 0.11222183704376221, 0
u,0.8381190299987793, 0.05654424428939819, 0
u,0.7306206226348877, 0.5223711729049683, 0
u,0.793455183506012, 0.5223913490772247, 0
u,0.7935954928398132, 0.08411753177642822, 0
u,0.9641742706298828, 0.5393491685390472, 0
u,0.94843590259552, 0.22871524095535278, 0
u,0.9484358429908752, 0.5393491685390472, 0
u,0.94843590259552, 0.22871524095535278, 0
u,0.94843590259552, 0.22256499528884888, 0
u,0.944087028503418, 0.22859078645706177, 0
u,0.9397380352020264, 0.2287154197692871, 0
u,0.9440869092941284, 0.22847747802734375, 0
u,0.9397380352020264, 0.2225651741027832, 0
u,0.8381190299987793, 0.05219537019729614, 0
u,0.8381190299987793, 0.05654424428939819, 0
u,0.8424679040908813, 0.05289560556411743, 0
u,0.8381190299987793, 0.11657071113586426, 0
u,0.8424679040908813, 0.1157301664352417, 0
u,0.8381190299987793, 0.11222183704376221, 0
u,0.9641743302345276, 0.22871524095535278, 0
u,0.9685232043266296, 0.22859078645706177, 0
u,0.9641743302345276, 0.22256499528884888, 0
u,0.9239996075630188, 0.2287154197692871, 0
u,0.9239996075630188, 0.2225651741027832, 0
u,0.9196507334709167, 0.22847747802734375, 0
u,0.8223806023597717, 0.05219537019729614, 0
u,0.8180317282676697, 0.05289560556411743, 0
u,0.8223806023597717, 0.05654424428939819, 0
u,0.8223806023597717, 0.11657071113586426, 0
u,0.8223806023597717, 0.11222183704376221, 0
u,0.8180317282676697, 0.1157301664352417, 0
u,0.9397380352020264, 0.2287154197692871, 0
u,0.9440869688987732, 0.5384832918643951, 0
u,0.9440869092941284, 0.22847747802734375, 0
u,0.944087028503418, 0.22859078645706177, 0
u,0.9484358429908752, 0.5393491685390472, 0
u,0.94843590259552, 0.22871524095535278, 0
u,0.7342692613601685, 0.527244359254837, 0
u,0.793455183506012, 0.5223913490772247, 0
u,0.7306206226348877, 0.5223711729049683, 0
u,0.7899469137191772, 0.07924431562423706, 0
u,0.7307609915733337, 0.08409738540649414, 0
u,0.7935954928398132, 0.08411753177642822, 0
u,0.9239996075630188, 0.2287154197692871, 0
u,0.9196507334709167, 0.5384832918643951, 0
u,0.9239996671676636, 0.5393491685390472, 0
u,0.9685232043266296, 0.22859078645706177, 0
u,0.9641742706298828, 0.5393491685390472, 0
u,0.9685231447219849, 0.5383983254432678, 0
u,0.7269720435142517, 0.527244359254837, 0
u,0.6677861213684082, 0.5223913490772247, 0
u,0.6712944507598877, 0.527244359254837, 0
u,0.6712944507598877, 0.07924431562423706, 0
u,0.7304803133010864, 0.08409738540649414, 0
u,0.7269720435142517, 0.07924431562423706, 0
u,0.94843590259552, 0.22871524095535278, 0
u,0.9641743302345276, 0.22256499528884888, 0
u,0.94843590259552, 0.22256499528884888, 0
u,0.8223806023597717, 0.11657071113586426, 0
u,0.8381190299987793, 0.11222183704376221, 0
u,0.8223806023597717, 0.11222183704376221, 0
u,0.8223806023597717, 0.05654424428939819, 0
u,0.8381190299987793, 0.05219537019729614, 0
u,0.8223806023597717, 0.05219537019729614, 0
u,0.9239996075630188, 0.2287154197692871, 0
u,0.9397380352020264, 0.2225651741027832, 0
u,0.9239996075630188, 0.2225651741027832, 0
u,0.9239996075630188, 0.2287154197692871, 0
u,0.9239996671676636, 0.5393491685390472, 0
u,0.9397380352020264, 0.5393491685390472, 0
u,0.9239996075630188, 0.18319517374038696, 0
u,0.9239996075630188, 0.2225651741027832, 0
u,0.9397380352020264, 0.2225651741027832, 0
u,0.8223806023597717, 0.05654424428939819, 0
u,0.8223806023597717, 0.11222183704376221, 0
u,0.8381190299987793, 0.11222183704376221, 0
u,0.9641742706298828, 0.5393491685390472, 0
u,0.9641743302345276, 0.22871524095535278, 0
u,0.94843590259552, 0.22871524095535278, 0
u,0.9397380352020264, 0.2287154197692871, 0
u,0.9397380352020264, 0.5393491685390472, 0
u,0.9440869688987732, 0.5384832918643951, 0
u,0.944087028503418, 0.22859078645706177, 0
u,0.9440869688987732, 0.5383983254432678, 0
u,0.9484358429908752, 0.5393491685390472, 0
u,0.7342692613601685, 0.527244359254837, 0
u,0.7899469137191772, 0.527244359254837, 0
u,0.793455183506012, 0.5223913490772247, 0
u,0.7899469137191772, 0.07924431562423706, 0
u,0.7342692613601685, 0.07924431562423706, 0
u,0.7307609915733337, 0.08409738540649414, 0
u,0.9239996075630188, 0.2287154197692871, 0
u,0.9196507334709167, 0.22847747802734375, 0
u,0.9196507334709167, 0.5384832918643951, 0
u,0.9685232043266296, 0.22859078645706177, 0
u,0.9641743302345276, 0.22871524095535278, 0
u,0.9641742706298828, 0.5393491685390472, 0
u,0.7269720435142517, 0.527244359254837, 0
u,0.7306206822395325, 0.5223711729049683, 0
u,0.6677861213684082, 0.5223913490772247, 0
u,0.6712944507598877, 0.07924431562423706, 0
u,0.6676458120346069, 0.08411753177642822, 0
u,0.7304803133010864, 0.08409738540649414, 0
u,0.94843590259552, 0.22871524095535278, 0
u,0.9641743302345276, 0.22871524095535278, 0
u,0.9641743302345276, 0.22256499528884888, 0
u,0.8223806023597717, 0.11657071113586426, 0
u,0.8381190299987793, 0.11657071113586426, 0
u,0.8381190299987793, 0.11222183704376221, 0
u,0.8223806023597717, 0.05654424428939819, 0
u,0.8381190299987793, 0.05654424428939819, 0
u,0.8381190299987793, 0.05219537019729614, 0
u,0.9239996075630188, 0.2287154197692871, 0
u,0.9397380352020264, 0.2287154197692871, 0
u,0.9397380352020264, 0.2225651741027832, 0
