v,0.0007138058426789939, -0.0012673030141741037, 0.009035623632371426
v,-0.0001517384371254593, -0.0009624340455047786, -0.010412565432488918
v,-0.0001517392520327121, -0.000962433812674135, 0.009035623632371426
v,-0.00017308347742073238, -0.003785243723541498, 0.009228152222931385
v,-0.00021599384490400553, -0.00114485714584589, 0.009228152222931385
v,-0.0010386285139247775, -0.0034803745802491903, 0.009228152222931385
v,0.0009426303440704942, -0.0013809192460030317, -0.010389355011284351
v,1.2178184988442808e-05, -0.004022535402327776, 0.009012413211166859
v,1.4252313121687621e-05, -0.004016649443656206, -0.010390248149633408
v,0.0009426303440704942, -0.0013809192460030317, -0.010389355011284351
v,0.0009405561722815037, -0.0013868054375052452, 0.009013306349515915
v,1.2178184988442808e-05, -0.004022535402327776, 0.009012413211166859
v,-0.00040125453961081803, -0.0009075652924366295, -0.010389355011284351
v,-0.001331706764176488, -0.0035491816233843565, 0.009012413211166859
v,-0.00040332876960746944, -0.0009134515421465039, 0.009013306349515915
v,0.0006495520356111228, -0.0014497266383841634, -0.010605094023048878
v,-0.0010386276990175247, -0.003480374813079834, -0.010605094023048878
v,-0.00021599302999675274, -0.0011448574950918555, -0.010605094023048878
v,-0.00040125453961081803, -0.0009075652924366295, -0.010389355011284351
v,-0.0013296325923874974, -0.003543295431882143, -0.010390248149633408
v,-0.001331706764176488, -0.0035491816233843565, 0.009012413211166859
v,-0.0002373371971771121, -0.003967666998505592, -0.010412565432488918
v,-0.0011028830194845796, -0.003662797622382641, 0.009035623632371426
v,-0.0011028823209926486, -0.0036627978552132845, -0.010412565432488918
v,-0.0011028830194845796, -0.003662797622382641, 0.009035623632371426
v,-0.0010386285139247775, -0.0034803745802491903, 0.009228152222931385
v,-0.001331706764176488, -0.0035491816233843565, 0.009012413211166859
v,-0.0001517392520327121, -0.000962433812674135, 0.009035623632371426
v,-0.00040332876960746944, -0.0009134515421465039, 0.009013306349515915
v,-0.00021599384490400553, -0.00114485714584589, 0.009228152222931385
v,-0.0001517384371254593, -0.0009624340455047786, -0.010412565432488918
v,-0.00021599302999675274, -0.0011448574950918555, -0.010605094023048878
v,-0.00040125453961081803, -0.0009075652924366295, -0.010389355011284351
v,-0.0011028823209926486, -0.0036627978552132845, -0.010412565432488918
v,-0.0013296325923874974, -0.003543295431882143, -0.010390248149633408
v,-0.0010386276990175247, -0.003480374813079834, -0.010605094023048878
v,-0.0002373380120843649, -0.003967666998505592, 0.009035623632371426
v,1.2178184988442808e-05, -0.004022535402327776, 0.009012413211166859
v,-0.00017308347742073238, -0.003785243723541498, 0.009228152222931385
v,0.0007138058426789939, -0.0012673030141741037, 0.009035623632371426
v,0.0006495512207038701, -0.0014497264055535197, 0.009228152222931385
v,0.0009405561722815037, -0.0013868054375052452, 0.009013306349515915
v,0.0007138065993785858, -0.0012673032470047474, -0.010412565432488918
v,0.0009426303440704942, -0.0013809192460030317, -0.010389355011284351
v,0.0006495520356111228, -0.0014497266383841634, -0.010605094023048878
v,-0.0002373371971771121, -0.003967666998505592, -0.010412565432488918
v,-0.0001730826625134796, -0.003785243956372142, -0.010605094023048878
v,1.4252313121687621e-05, -0.004016649443656206, -0.010390248149633408
v,-0.0001517392520327121, -0.000962433812674135, 0.009035623632371426
v,-0.00040125453961081803, -0.0009075652924366295, -0.010389355011284351
v,-0.00040332876960746944, -0.0009134515421465039, 0.009013306349515915
v,-0.001331706764176488, -0.0035491816233843565, 0.009012413211166859
v,-0.0011028823209926486, -0.0036627978552132845, -0.010412565432488918
v,-0.0011028830194845796, -0.003662797622382641, 0.009035623632371426
v,-0.00021599302999675274, -0.0011448574950918555, -0.010605094023048878
v,-0.0013296325923874974, -0.003543295431882143, -0.010390248149633408
v,-0.00040125453961081803, -0.0009075652924366295, -0.010389355011284351
v,-0.0010386285139247775, -0.0034803745802491903, 0.009228152222931385
v,-0.00040332876960746944, -0.0009134515421465039, 0.009013306349515915
v,-0.001331706764176488, -0.0035491816233843565, 0.009012413211166859
v,0.0007138058426789939, -0.0012673030141741037, 0.009035623632371426
v,0.0009426303440704942, -0.0013809192460030317, -0.010389355011284351
v,0.0007138065993785858, -0.0012673032470047474, -0.010412565432488918
v,1.2178184988442808e-05, -0.004022535402327776, 0.009012413211166859
v,-0.0002373371971771121, -0.003967666998505592, -0.010412565432488918
v,1.4252313121687621e-05, -0.004016649443656206, -0.010390248149633408
v,0.0006495520356111228, -0.0014497266383841634, -0.010605094023048878
v,1.4252313121687621e-05, -0.004016649443656206, -0.010390248149633408
v,-0.0001730826625134796, -0.003785243956372142, -0.010605094023048878
v,-0.00017308347742073238, -0.003785243723541498, 0.009228152222931385
v,0.0009405561722815037, -0.0013868054375052452, 0.009013306349515915
v,0.0006495512207038701, -0.0014497264055535197, 0.009228152222931385
v,-0.0011028830194845796, -0.003662797622382641, 0.009035623632371426
v,-0.00017308347742073238, -0.003785243723541498, 0.009228152222931385
v,-0.0010386285139247775, -0.0034803745802491903, 0.009228152222931385
v,-0.0002373371971771121, -0.003967666998505592, -0.010412565432488918
v,-0.0010386276990175247, -0.003480374813079834, -0.010605094023048878
v,-0.0001730826625134796, -0.003785243956372142, -0.010605094023048878
v,0.0006495520356111228, -0.0014497266383841634, -0.010605094023048878
v,-0.0001517384371254593, -0.0009624340455047786, -0.010412565432488918
v,0.0007138065993785858, -0.0012673032470047474, -0.010412565432488918
v,0.0007138058426789939, -0.0012673030141741037, 0.009035623632371426
v,-0.00021599384490400553, -0.00114485714584589, 0.009228152222931385
v,0.0006495512207038701, -0.0014497264055535197, 0.009228152222931385
v,0.0007138058426789939, -0.0012673030141741037, 0.009035623632371426
v,0.0007138065993785858, -0.0012673032470047474, -0.010412565432488918
v,-0.0001517384371254593, -0.0009624340455047786, -0.010412565432488918
v,-0.00017308347742073238, -0.003785243723541498, 0.009228152222931385
v,0.0006495512207038701, -0.0014497264055535197, 0.009228152222931385
v,-0.00021599384490400553, -0.00114485714584589, 0.009228152222931385
v,0.0006495520356111228, -0.0014497266383841634, -0.010605094023048878
v,-0.0001730826625134796, -0.003785243956372142, -0.010605094023048878
v,-0.0010386276990175247, -0.003480374813079834, -0.010605094023048878
v,-0.0002373371971771121, -0.003967666998505592, -0.010412565432488918
v,-0.0002373380120843649, -0.003967666998505592, 0.009035623632371426
v,-0.0011028830194845796, -0.003662797622382641, 0.009035623632371426
v,-0.0001517392520327121, -0.000962433812674135, 0.009035623632371426
v,-0.0001517384371254593, -0.0009624340455047786, -0.010412565432488918
v,-0.00040125453961081803, -0.0009075652924366295, -0.010389355011284351
v,-0.001331706764176488, -0.0035491816233843565, 0.009012413211166859
v,-0.0013296325923874974, -0.003543295431882143, -0.010390248149633408
v,-0.0011028823209926486, -0.0036627978552132845, -0.010412565432488918
v,-0.00021599302999675274, -0.0011448574950918555, -0.010605094023048878
v,-0.0010386276990175247, -0.003480374813079834, -0.010605094023048878
v,-0.0013296325923874974, -0.003543295431882143, -0.010390248149633408
v,-0.0010386285139247775, -0.0034803745802491903, 0.009228152222931385
v,-0.00021599384490400553, -0.00114485714584589, 0.009228152222931385
v,-0.00040332876960746944, -0.0009134515421465039, 0.009013306349515915
v,0.0007138058426789939, -0.0012673030141741037, 0.009035623632371426
v,0.0009405561722815037, -0.0013868054375052452, 0.009013306349515915
v,0.0009426303440704942, -0.0013809192460030317, -0.010389355011284351
v,1.2178184988442808e-05, -0.004022535402327776, 0.009012413211166859
v,-0.0002373380120843649, -0.003967666998505592, 0.009035623632371426
v,-0.0002373371971771121, -0.003967666998505592, -0.010412565432488918
v,0.0006495520356111228, -0.0014497266383841634, -0.010605094023048878
v,0.0009426303440704942, -0.0013809192460030317, -0.010389355011284351
v,1.4252313121687621e-05, -0.004016649443656206, -0.010390248149633408
v,-0.00017308347742073238, -0.003785243723541498, 0.009228152222931385
v,1.2178184988442808e-05, -0.004022535402327776, 0.009012413211166859
v,0.0009405561722815037, -0.0013868054375052452, 0.009013306349515915
v,-0.0011028830194845796, -0.003662797622382641, 0.009035623632371426
v,-0.0002373380120843649, -0.003967666998505592, 0.009035623632371426
v,-0.00017308347742073238, -0.003785243723541498, 0.009228152222931385
v,-0.0002373371971771121, -0.003967666998505592, -0.010412565432488918
v,-0.0011028823209926486, -0.0036627978552132845, -0.010412565432488918
v,-0.0010386276990175247, -0.003480374813079834, -0.010605094023048878
v,0.0006495520356111228, -0.0014497266383841634, -0.010605094023048878
v,-0.00021599302999675274, -0.0011448574950918555, -0.010605094023048878
v,-0.0001517384371254593, -0.0009624340455047786, -0.010412565432488918
v,0.0007138058426789939, -0.0012673030141741037, 0.009035623632371426
v,-0.0001517392520327121, -0.000962433812674135, 0.009035623632371426
v,-0.00021599384490400553, -0.00114485714584589, 0.009228152222931385
n,11.371993064880371, 32.28588104248047, 0.0
n,-1.4177171578921843e-06, 4.993597713109921e-07, 34.38671112060547
n,24.625577926635742, -8.673819541931152, 1.1412392950660433e-06
n,24.625577926635742, -8.673819541931152, 1.1412392950660433e-06
n,-24.625577926635742, 8.673819541931152, -1.1412392950660433e-06
n,1.4177171578921843e-06, -4.993597713109921e-07, -34.38671112060547
n,-24.625577926635742, 8.673819541931152, -1.1412392950660433e-06
n,-11.371993064880371, -32.28588104248047, 0.0
n,-12.695107460021973, -20.69635009765625, 23.846965789794922
n,2.5956950187683105, 24.155414581298828, 23.753915786743164
n,3.0777554512023926, 24.083839416503906, -23.846982955932617
n,-13.115592956542969, -20.450027465820312, -23.75390625
n,-3.0777406692504883, -24.08385467529297, 23.846961975097656
n,13.115585327148438, 20.450014114379883, 23.753915786743164
n,12.695083618164062, 20.696346282958984, -23.84697914123535
n,-2.595698833465576, -24.15542984008789, -23.75390625
n,6.491087913513184, 33.3453254699707, 0.010809995234012604
n,-15.142152786254883, -30.496410369873047, -1.8142502256068838e-07
n,-18.368816375732422, 6.477768421173096, -22.8988037109375
n,-18.373680114746094, 6.463969707489014, 22.8988037109375
n,15.14212703704834, 30.496423721313477, 1.8142377200547344e-07
n,-6.491087913513184, -33.3453254699707, -0.01080961711704731
n,18.339384078979492, -6.459646224975586, -22.94855308532715
n,18.33938217163086, -6.459644794464111, 22.94855308532715
n,-8.041223526000977, -22.829591751098633, 24.31505012512207
n,-8.041221618652344, -22.829591751098633, -24.31505012512207
n,8.041218757629395, 22.829578399658203, -24.315061569213867
n,8.041216850280762, 22.829578399658203, 24.315061569213867
n,11.371993064880371, 32.28588104248047, 0.0
n,-1.4177171578921843e-06, 4.993597713109921e-07, 34.38671112060547
n,1.4177171578921843e-06, -4.993597713109921e-07, -34.38671112060547
n,-11.371993064880371, -32.28588104248047, 0.0
n,7.312628746032715, 33.25419235229492, -1.8142377200547344e-07
n,-15.839432716369629, -30.05257797241211, -0.01081005297601223
n,-18.339384078979492, 6.4596452713012695, -22.94855308532715
n,-18.339384078979492, 6.459646224975586, 22.94855308532715
n,15.839432716369629, 30.05257797241211, 0.010810429230332375
n,-7.312601089477539, -33.25419998168945, 1.8142502256068838e-07
n,18.373680114746094, -6.463969707489014, -22.8988037109375
n,18.368816375732422, -6.477768421173096, 22.8988037109375
n,-8.041223526000977, -22.829591751098633, 24.31505012512207
n,-8.041221618652344, -22.829591751098633, -24.31505012512207
n,8.041218757629395, 22.829578399658203, -24.315061569213867
n,8.041216850280762, 22.829578399658203, 24.315061569213867
u,0.9239996075630188, 0.2287154197692871, 0
u,0.9397380352020264, 0.5393491685390472, 0
u,0.9397380352020264, 0.2287154197692871, 0
u,0.9239996075630188, 0.18319517374038696, 0
u,0.9397380352020264, 0.2225651741027832, 0
u,0.9397380352020264, 0.18319517374038696, 0
u,0.7306206822395325, 0.5223711729049683, 0
u,0.6676458120346069, 0.08411753177642822, 0
u,0.6677861213684082, 0.5223913490772247, 0
u,0.7306206822395325, 0.5223711729049683, 0
u,0.7304803133010864, 0.08409738540649414, 0
u,0.6676458120346069, 0.08411753177642822, 0
u,0.7306206226348877, 0.5223711729049683, 0
u,0.7935954928398132, 0.08411753177642822, 0
u,0.7307609915733337, 0.08409738540649414, 0
u,0.8223806023597717, 0.05654424428939819, 0
u,0.8381190299987793, 0.11222183704376221, 0
u,0.8381190299987793, 0.05654424428939819, 0
u,0.7306206226348877, 0.5223711729049683, 0
u,0.793455183506012, 0.5223913490772247, 0
u,0.7935954928398132, 0.08411753177642822, 0
u,0.9641742706298828, 0.5393491685390472, 0
u,0.94843590259552, 0.22871524095535278, 0
u,0.9484358429908752, 0.5393491685390472, 0
u,0.94843590259552, 0.22871524095535278, 0
u,0.94843590259552, 0.22256499528884888, 0
u,0.944087028503418, 0.22859078645706177, 0
u,0.9397380352020264, 0.2287154197692871, 0
u,0.9440869092941284, 0.22847747802734375, 0
u,0.9397380352020264, 0.2225651741027832, 0
u,0.8381190299987793, 0.05219537019729614, 0
u,0.8381190299987793, 0.05654424428939819, 0
u,0.8424679040908813, 0.05289560556411743, 0
u,0.8381190299987793, 0.11657071113586426, 0
u,0.8424679040908813, 0.1157301664352417, 0
u,0.8381190299987793, 0.11222183704376221, 0
u,0.9641743302345276, 0.22871524095535278, 0
u,0.9685232043266296, 0.22859078645706177, 0
u,0.9641743302345276, 0.22256499528884888, 0
u,0.9239996075630188, 0.2287154197692871, 0
u,0.9239996075630188, 0.2225651741027832, 0
u,0.9196507334709167, 0.22847747802734375, 0
u,0.8223806023597717, 0.05219537019729614, 0
u,0.8180317282676697, 0.05289560556411743, 0
u,0.8223806023597717, 0.05654424428939819, 0
u,0.8223806023597717, 0.11657071113586426, 0
u,0.8223806023597717, 0.11222183704376221, 0
u,0.8180317282676697, 0.1157301664352417, 0
u,0.9397380352020264, 0.2287154197692871, 0
u,0.9440869688987732, 0.5384832918643951, 0
u,0.9440869092941284, 0.22847747802734375, 0
u,0.944087028503418, 0.22859078645706177, 0
u,0.9484358429908752, 0.5393491685390472, 0
u,0.94843590259552, 0.22871524095535278, 0
u,0.7342692613601685, 0.527244359254837, 0
u,0.793455183506012, 0.5223913490772247, 0
u,0.7306206226348877, 0.5223711729049683, 0
u,0.7899469137191772, 0.07924431562423706, 0
u,0.7307609915733337, 0.08409738540649414, 0
u,0.7935954928398132, 0.08411753177642822, 0
u,0.9239996075630188, 0.2287154197692871, 0
u,0.9196507334709167, 0.5384832918643951, 0
u,0.9239996671676636, 0.5393491685390472, 0
u,0.9685232043266296, 0.22859078645706177, 0
u,0.9641742706298828, 0.5393491685390472, 0
u,0.9685231447219849, 0.5383983254432678, 0
u,0.7269720435142517, 0.527244359254837, 0
u,0.6677861213684082, 0.5223913490772247, 0
u,0.6712944507598877, 0.527244359254837, 0
u,0.6712944507598877, 0.07924431562423706, 0
u,0.7304803133010864, 0.08409738540649414, 0
u,0.7269720435142517, 0.07924431562423706, 0
u,0.94843590259552, 0.22871524095535278, 0
u,0.9641743302345276, 0.22256499528884888, 0
u,0.94843590259552, 0.22256499528884888, 0
u,0.8223806023597717, 0.11657071113586426, 0
u,0.8381190299987793, 0.11222183704376221, 0
u,0.8223806023597717, 0.11222183704376221, 0
u,0.8223806023597717, 0.05654424428939819, 0
u,0.8381190299987793, 0.05219537019729614, 0
u,0.8223806023597717, 0.05219537019729614, 0
u,0.9239996075630188, 0.2287154197692871, 0
u,0.9397380352020264, 0.2225651741027832, 0
u,0.9239996075630188, 0.2225651741027832, 0
u,0.9239996075630188, 0.2287154197692871, 0
u,0.9239996671676636, 0.5393491685390472, 0
u,0.9397380352020264, 0.5393491685390472, 0
u,0.9239996075630188, 0.18319517374038696, 0
u,0.9239996075630188, 0.2225651741027832, 0
u,0.9397380352020264, 0.2225651741027832, 0
u,0.8223806023597717, 0.05654424428939819, 0
u,0.8223806023597717, 0.11222183704376221, 0
u,0.8381190299987793, 0.11222183704376221, 0
u,0.9641742706298828, 0.5393491685390472, 0
u,0.9641743302345276, 0.22871524095535278, 0
u,0.94843590259552, 0.22871524095535278, 0
u,0.9397380352020264, 0.2287154197692871, 0
u,0.9397380352020264, 0.5393491685390472, 0
u,0.9440869688987732, 0.5384832918643951, 0
u,0.944087028503418, 0.22859078645706177, 0
u,0.9440869688987732, 0.5383983254432678, 0
u,0.9484358429908752, 0.5393491685390472, 0
u,0.7342692613601685, 0.527244359254837, 0
u,0.7899469137191772, 0.527244359254837, 0
u,0.793455183506012, 0.5223913490772247, 0
u,0.7899469137191772, 0.07924431562423706, 0
u,0.7342692613601685, 0.07924431562423706, 0
u,0.7307609915733337, 0.08409738540649414, 0
u,0.9239996075630188, 0.2287154197692871, 0
u,0.9196507334709167, 0.22847747802734375, 0
u,0.9196507334709167, 0.5384832918643951, 0
u,0.9685232043266296, 0.22859078645706177, 0
u,0.9641743302345276, 0.22871524095535278, 0
u,0.9641742706298828, 0.5393491685390472, 0
u,0.7269720435142517, 0.527244359254837, 0
u,0.7306206822395325, 0.5223711729049683, 0
u,0.6677861213684082, 0.5223913490772247, 0
u,0.6712944507598877, 0.07924431562423706, 0
u,0.6676458120346069, 0.08411753177642822, 0
u,0.7304803133010864, 0.08409738540649414, 0
u,0.94843590259552, 0.22871524095535278, 0
u,0.9641743302345276, 0.22871524095535278, 0
u,0.9641743302345276, 0.22256499528884888, 0
u,0.8223806023597717, 0.11657071113586426, 0
u,0.8381190299987793, 0.11657071113586426, 0
u,0.8381190299987793, 0.11222183704376221, 0
u,0.8223806023597717, 0.05654424428939819, 0
u,0.8381190299987793, 0.05654424428939819, 0
u,0.8381190299987793, 0.05219537019729614, 0
u,0.9239996075630188, 0.2287154197692871, 0
u,0.9397380352020264, 0.2287154197692871, 0
u,0.9397380352020264, 0.2225651741027832, 0
