v,0.0004588331503327936, -0.0008164662285707891, 0.011638462543487549
v,-0.00045883344137109816, -0.0013181293616071343, -0.007803255692124367
v,-0.0004588342853821814, -0.0008164661703631282, 0.011638462543487549
v,0.00045883303391747177, -0.003480180399492383, 0.011899787932634354
v,-0.0004588342853821814, -0.0010048443218693137, 0.011835915967822075
v,-0.00045883440179750323, -0.003480180399492383, 0.011899787932634354
v,0.0007124064723029733, -0.001348662655800581, -0.007779249455779791
v,0.0007124055409803987, -0.0036479574628174305, 0.011688305996358395
v,0.0007124063558876514, -0.004142207559198141, -0.007708059158176184
v,0.0007124064723029733, -0.001348662655800581, -0.007779249455779791
v,0.0007124056573957205, -0.0008544129086658359, 0.011617115698754787
v,0.0007124055409803987, -0.0036479574628174305, 0.011688305996358395
v,-0.000712405948434025, -0.0013486625393852592, -0.007779249455779791
v,-0.0007124068797565997, -0.003647957229986787, 0.011688305996358395
v,-0.0007124067633412778, -0.000854412792250514, 0.011617115698754787
v,0.00045883399434387684, -0.0015164398355409503, -0.007990730926394463
v,-0.00045883355778642, -0.003991776145994663, -0.007926858961582184
v,-0.00045883344137109816, -0.0015164398355409503, -0.007990730926394463
v,-0.000712405948434025, -0.0013486625393852592, -0.007779249455779791
v,-0.0007124060648493469, -0.004142207559198141, -0.007708059158176184
v,-0.0007124068797565997, -0.003647957229986787, 0.011688305996358395
v,0.000458833877928555, -0.0041801538318395615, -0.007729405537247658
v,-0.00045883440179750323, -0.003678490873426199, 0.011712312698364258
v,-0.00045883355778642, -0.0041801538318395615, -0.007729405537247658
v,-0.00045883440179750323, -0.003678490873426199, 0.011712312698364258
v,-0.00045883440179750323, -0.003480180399492383, 0.011899787932634354
v,-0.0007124068797565997, -0.003647957229986787, 0.011688305996358395
v,-0.0004588342853821814, -0.0008164661703631282, 0.011638462543487549
v,-0.0007124067633412778, -0.000854412792250514, 0.011617115698754787
v,-0.0004588342853821814, -0.0010048443218693137, 0.011835915967822075
v,-0.00045883344137109816, -0.0013181293616071343, -0.007803255692124367
v,-0.00045883344137109816, -0.0015164398355409503, -0.007990730926394463
v,-0.000712405948434025, -0.0013486625393852592, -0.007779249455779791
v,-0.00045883355778642, -0.0041801538318395615, -0.007729405537247658
v,-0.0007124060648493469, -0.004142207559198141, -0.007708059158176184
v,-0.00045883355778642, -0.003991776145994663, -0.007926858961582184
v,0.00045883303391747177, -0.003678490873426199, 0.011712312698364258
v,0.0007124055409803987, -0.0036479574628174305, 0.011688305996358395
v,0.00045883303391747177, -0.003480180399492383, 0.011899787932634354
v,0.0004588331503327936, -0.0008164662285707891, 0.011638462543487549
v,0.0004588331503327936, -0.0010048443218693137, 0.011835915967822075
v,0.0007124056573957205, -0.0008544129086658359, 0.011617115698754787
v,0.00045883399434387684, -0.0013181293616071343, -0.007803255692124367
v,0.0007124064723029733, -0.001348662655800581, -0.007779249455779791
v,0.00045883399434387684, -0.0015164398355409503, -0.007990730926394463
v,0.000458833877928555, -0.0041801538318395615, -0.007729405537247658
v,0.000458833877928555, -0.003991776145994663, -0.007926858961582184
v,0.0007124063558876514, -0.004142207559198141, -0.007708059158176184
v,-0.0004588342853821814, -0.0008164661703631282, 0.011638462543487549
v,-0.000712405948434025, -0.0013486625393852592, -0.007779249455779791
v,-0.0007124067633412778, -0.000854412792250514, 0.011617115698754787
v,-0.0007124068797565997, -0.003647957229986787, 0.011688305996358395
v,-0.00045883355778642, -0.0041801538318395615, -0.007729405537247658
v,-0.00045883440179750323, -0.003678490873426199, 0.011712312698364258
v,-0.00045883344137109816, -0.0015164398355409503, -0.007990730926394463
v,-0.0007124060648493469, -0.004142207559198141, -0.007708059158176184
v,-0.000712405948434025, -0.0013486625393852592, -0.007779249455779791
v,-0.00045883440179750323, -0.003480180399492383, 0.011899787932634354
v,-0.0007124067633412778, -0.000854412792250514, 0.011617115698754787
v,-0.0007124068797565997, -0.003647957229986787, 0.011688305996358395
v,0.0004588331503327936, -0.0008164662285707891, 0.011638462543487549
v,0.0007124064723029733, -0.001348662655800581, -0.007779249455779791
v,0.00045883399434387684, -0.0013181293616071343, -0.007803255692124367
v,0.0007124055409803987, -0.0036479574628174305, 0.011688305996358395
v,0.000458833877928555, -0.0041801538318395615, -0.007729405537247658
v,0.0007124063558876514, -0.004142207559198141, -0.007708059158176184
v,0.00045883399434387684, -0.0015164398355409503, -0.007990730926394463
v,0.0007124063558876514, -0.004142207559198141, -0.007708059158176184
v,0.000458833877928555, -0.003991776145994663, -0.007926858961582184
v,0.00045883303391747177, -0.003480180399492383, 0.011899787932634354
v,0.0007124056573957205, -0.0008544129086658359, 0.011617115698754787
v,0.0004588331503327936, -0.0010048443218693137, 0.011835915967822075
v,-0.00045883440179750323, -0.003678490873426199, 0.011712312698364258
v,0.00045883303391747177, -0.003480180399492383, 0.011899787932634354
v,-0.00045883440179750323, -0.003480180399492383, 0.011899787932634354
v,0.000458833877928555, -0.0041801538318395615, -0.007729405537247658
v,-0.00045883355778642, -0.003991776145994663, -0.007926858961582184
v,0.000458833877928555, -0.003991776145994663, -0.007926858961582184
v,0.00045883399434387684, -0.0015164398355409503, -0.007990730926394463
v,-0.00045883344137109816, -0.0013181293616071343, -0.007803255692124367
v,0.00045883399434387684, -0.0013181293616071343, -0.007803255692124367
v,0.0004588331503327936, -0.0008164662285707891, 0.011638462543487549
v,-0.0004588342853821814, -0.0010048443218693137, 0.011835915967822075
v,0.0004588331503327936, -0.0010048443218693137, 0.011835915967822075
v,0.0004588331503327936, -0.0008164662285707891, 0.011638462543487549
v,0.00045883399434387684, -0.0013181293616071343, -0.007803255692124367
v,-0.00045883344137109816, -0.0013181293616071343, -0.007803255692124367
v,0.00045883303391747177, -0.003480180399492383, 0.011899787932634354
v,0.0004588331503327936, -0.0010048443218693137, 0.011835915967822075
v,-0.0004588342853821814, -0.0010048443218693137, 0.011835915967822075
v,0.00045883399434387684, -0.0015164398355409503, -0.007990730926394463
v,0.000458833877928555, -0.003991776145994663, -0.007926858961582184
v,-0.00045883355778642, -0.003991776145994663, -0.007926858961582184
v,0.000458833877928555, -0.0041801538318395615, -0.007729405537247658
v,0.00045883303391747177, -0.003678490873426199, 0.011712312698364258
v,-0.00045883440179750323, -0.003678490873426199, 0.011712312698364258
v,-0.0004588342853821814, -0.0008164661703631282, 0.011638462543487549
v,-0.00045883344137109816, -0.0013181293616071343, -0.007803255692124367
v,-0.000712405948434025, -0.0013486625393852592, -0.007779249455779791
v,-0.0007124068797565997, -0.003647957229986787, 0.011688305996358395
v,-0.0007124060648493469, -0.004142207559198141, -0.007708059158176184
v,-0.00045883355778642, -0.0041801538318395615, -0.007729405537247658
v,-0.00045883344137109816, -0.0015164398355409503, -0.007990730926394463
v,-0.00045883355778642, -0.003991776145994663, -0.007926858961582184
v,-0.0007124060648493469, -0.004142207559198141, -0.007708059158176184
v,-0.00045883440179750323, -0.003480180399492383, 0.011899787932634354
v,-0.0004588342853821814, -0.0010048443218693137, 0.011835915967822075
v,-0.0007124067633412778, -0.000854412792250514, 0.011617115698754787
v,0.0004588331503327936, -0.0008164662285707891, 0.011638462543487549
v,0.0007124056573957205, -0.0008544129086658359, 0.011617115698754787
v,0.0007124064723029733, -0.001348662655800581, -0.007779249455779791
v,0.0007124055409803987, -0.0036479574628174305, 0.011688305996358395
v,0.00045883303391747177, -0.003678490873426199, 0.011712312698364258
v,0.000458833877928555, -0.0041801538318395615, -0.007729405537247658
v,0.00045883399434387684, -0.0015164398355409503, -0.007990730926394463
v,0.0007124064723029733, -0.001348662655800581, -0.007779249455779791
v,0.0007124063558876514, -0.004142207559198141, -0.007708059158176184
v,0.00045883303391747177, -0.003480180399492383, 0.011899787932634354
v,0.0007124055409803987, -0.0036479574628174305, 0.011688305996358395
v,0.0007124056573957205, -0.0008544129086658359, 0.011617115698754787
v,-0.00045883440179750323, -0.003678490873426199, 0.011712312698364258
v,0.00045883303391747177, -0.003678490873426199, 0.011712312698364258
v,0.00045883303391747177, -0.003480180399492383, 0.011899787932634354
v,0.000458833877928555, -0.0041801538318395615, -0.007729405537247658
v,-0.00045883355778642, -0.0041801538318395615, -0.007729405537247658
v,-0.00045883355778642, -0.003991776145994663, -0.007926858961582184
v,0.00045883399434387684, -0.0015164398355409503, -0.007990730926394463
v,-0.00045883344137109816, -0.0015164398355409503, -0.007990730926394463
v,-0.00045883344137109816, -0.0013181293616071343, -0.007803255692124367
v,0.0004588331503327936, -0.0008164662285707891, 0.011638462543487549
v,-0.0004588342853821814, -0.0008164661703631282, 0.011638462543487549
v,-0.0004588342853821814, -0.0010048443218693137, 0.011835915967822075
n,1.4957478242649813e-06, 34.218719482421875, -0.8829604983329773
n,-1.4643190979768406e-06, 0.8870000243186951, 34.375267028808594
n,26.108510971069336, -1.111801225306408e-06, 1.1408593536543776e-06
n,26.108510971069336, -1.111801225306408e-06, 1.1408593536543776e-06
n,-26.108510971069336, 1.111801225306408e-06, -1.1408593536543776e-06
n,1.4643190979768406e-06, -0.8870000243186951, -34.375267028808594
n,-26.108510971069336, 1.111801225306408e-06, -1.1408593536543776e-06
n,-1.4957478242649813e-06, -34.218719482421875, 0.8829604983329773
n,-5.098260402679443, -23.115388870239258, 24.451358795166016
n,-5.576695442199707, 24.25062370300293, 23.136070251464844
n,-5.098236083984375, 23.11537742614746, -24.45137596130371
n,-5.576696872711182, -24.250640869140625, -23.13606071472168
n,5.098255634307861, -23.115386962890625, 24.45135498046875
n,5.576694965362549, 24.25062370300293, 23.136070251464844
n,5.098239421844482, 23.11537742614746, -24.451370239257812
n,5.57669734954834, -24.250640869140625, -23.13606071472168
n,-4.95564603805542, 33.59693145751953, -0.8561026453971863
n,-4.150521755218506, -33.783565521240234, 0.8717318177223206
n,-19.477548599243164, -0.5833578109741211, -22.89137077331543
n,-19.47755241394043, 0.5833594799041748, 22.891368865966797
n,4.150493621826172, 33.7835693359375, -0.8717319369316101
n,4.95564603805542, -33.59693145751953, 0.8561030030250549
n,19.443769454956055, -0.591955304145813, -22.940916061401367
n,19.443763732910156, 0.5919536352157593, 22.940916061401367
n,-2.093083367071813e-06, -23.569114685058594, 24.931304931640625
n,-2.2225890461413655e-08, -24.82352066040039, -23.68260955810547
n,2.093083367071813e-06, 23.56909942626953, -24.931318283081055
n,2.2224639906198718e-08, 24.823505401611328, 23.6826229095459
n,1.4957478242649813e-06, 34.218719482421875, -0.8829604983329773
n,-1.4643190979768406e-06, 0.8870000243186951, 34.375267028808594
n,1.4643190979768406e-06, -0.8870000243186951, -34.375267028808594
n,-1.4957478242649813e-06, -34.218719482421875, 0.8829604983329773
n,-4.150490760803223, 33.7835693359375, -0.8717322945594788
n,-4.955648899078369, -33.59693145751953, 0.8561025857925415
n,-19.44376564025879, -0.5919536352157593, -22.940916061401367
n,-19.443769454956055, 0.591955304145813, 22.940916061401367
n,4.955648899078369, 33.59693145751953, -0.8561021685600281
n,4.150518894195557, -33.783565521240234, 0.8717321753501892
n,19.47755241394043, -0.5833594799041748, -22.891368865966797
n,19.477548599243164, 0.5833578109741211, 22.89137077331543
n,-2.093083367071813e-06, -23.569114685058594, 24.931304931640625
n,-2.2225890461413655e-08, -24.82352066040039, -23.68260955810547
n,2.093083367071813e-06, 23.56909942626953, -24.931318283081055
n,2.2224639906198718e-08, 24.823505401611328, 23.6826229095459
u,0.9239996075630188, 0.2287154197692871, 0
u,0.9397380352020264, 0.5393491685390472, 0
u,0.9397380352020264, 0.2287154197692871, 0
u,0.9239996075630188, 0.18319517374038696, 0
u,0.9397380352020264, 0.2225651741027832, 0
u,0.9397380352020264, 0.18319517374038696, 0
u,0.7306206822395325, 0.5223711729049683, 0
u,0.6676458120346069, 0.08411753177642822, 0
u,0.6677861213684082, 0.5223913490772247, 0
u,0.7306206822395325, 0.5223711729049683, 0
u,0.7304803133010864, 0.08409738540649414, 0
u,0.6676458120346069, 0.08411753177642822, 0
u,0.7306206226348877, 0.5223711729049683, 0
u,0.7935954928398132, 0.08411753177642822, 0
u,0.7307609915733337, 0.08409738540649414, 0
u,0.8223806023597717, 0.05654424428939819, 0
u,0.8381190299987793, 0.11222183704376221, 0
u,0.8381190299987793, 0.05654424428939819, 0
u,0.7306206226348877, 0.5223711729049683, 0
u,0.793455183506012, 0.5223913490772247, 0
u,0.7935954928398132, 0.08411753177642822, 0
u,0.9641742706298828, 0.5393491685390472, 0
u,0.94843590259552, 0.22871524095535278, 0
u,0.9484358429908752, 0.5393491685390472, 0
u,0.94843590259552, 0.22871524095535278, 0
u,0.94843590259552, 0.22256499528884888, 0
u,0.944087028503418, 0.22859078645706177, 0
u,0.9397380352020264, 0.2287154197692871, 0
u,0.9440869092941284, 0.22847747802734375, 0
u,0.9397380352020264, 0.2225651741027832, 0
u,0.8381190299987793, 0.05219537019729614, 0
u,0.8381190299987793, 0.05654424428939819, 0
u,0.8424679040908813, 0.05289560556411743, 0
u,0.8381190299987793, 0.11657071113586426, 0
u,0.8424679040908813, 0.1157301664352417, 0
u,0.8381190299987793, 0.11222183704376221, 0
u,0.9641743302345276, 0.22871524095535278, 0
u,0.9685232043266296, 0.22859078645706177, 0
u,0.9641743302345276, 0.22256499528884888, 0
u,0.9239996075630188, 0.2287154197692871, 0
u,0.9239996075630188, 0.2225651741027832, 0
u,0.9196507334709167, 0.22847747802734375, 0
u,0.8223806023597717, 0.05219537019729614, 0
u,0.8180317282676697, 0.05289560556411743, 0
u,0.8223806023597717, 0.05654424428939819, 0
u,0.8223806023597717, 0.11657071113586426, 0
u,0.8223806023597717, 0.11222183704376221, 0
u,0.8180317282676697, 0.1157301664352417, 0
u,0.9397380352020264, 0.2287154197692871, 0
u,0.9440869688987732, 0.5384832918643951, 0
u,0.9440869092941284, 0.22847747802734375, 0
u,0.944087028503418, 0.22859078645706177, 0
u,0.9484358429908752, 0.5393491685390472, 0
u,0.94843590259552, 0.22871524095535278, 0
u,0.7342692613601685, 0.527244359254837, 0
u,0.793455183506012, 0.5223913490772247, 0
u,0.7306206226348877, 0.5223711729049683, 0
u,0.7899469137191772, 0.07924431562423706, 0
u,0.7307609915733337, 0.08409738540649414, 0
u,0.7935954928398132, 0.08411753177642822, 0
u,0.9239996075630188, 0.2287154197692871, 0
u,0.9196507334709167, 0.5384832918643951, 0
u,0.9239996671676636, 0.5393491685390472, 0
u,0.9685232043266296, 0.22859078645706177, 0
u,0.9641742706298828, 0.5393491685390472, 0
u,0.9685231447219849, 0.5383983254432678, 0
u,0.7269720435142517, 0.527244359254837, 0
u,0.6677861213684082, 0.5223913490772247, 0
u,0.6712944507598877, 0.527244359254837, 0
u,0.6712944507598877, 0.07924431562423706, 0
u,0.7304803133010864, 0.08409738540649414, 0
u,0.7269720435142517, 0.07924431562423706, 0
u,0.94843590259552, 0.22871524095535278, 0
u,0.9641743302345276, 0.22256499528884888, 0
u,0.94843590259552, 0.22256499528884888, 0
u,0.8223806023597717, 0.11657071113586426, 0
u,0.8381190299987793, 0.11222183704376221, 0
u,0.8223806023597717, 0.11222183704376221, 0
u,0.8223806023597717, 0.05654424428939819, 0
u,0.8381190299987793, 0.05219537019729614, 0
u,0.8223806023597717, 0.05219537019729614, 0
u,0.9239996075630188, 0.2287154197692871, 0
u,0.9397380352020264, 0.2225651741027832, 0
u,0.9239996075630188, 0.2225651741027832, 0
u,0.9239996075630188, 0.2287154197692871, 0
u,0.9239996671676636, 0.5393491685390472, 0
u,0.9397380352020264, 0.5393491685390472, 0
u,0.9239996075630188, 0.18319517374038696, 0
u,0.9239996075630188, 0.2225651741027832, 0
u,0.9397380352020264, 0.2225651741027832, 0
u,0.8223806023597717, 0.05654424428939819, 0
u,0.8223806023597717, 0.11222183704376221, 0
u,0.8381190299987793, 0.11222183704376221, 0
u,0.9641742706298828, 0.5393491685390472, 0
u,0.9641743302345276, 0.22871524095535278, 0
u,0.94843590259552, 0.22871524095535278, 0
u,0.9397380352020264, 0.2287154197692871, 0
u,0.9397380352020264, 0.5393491685390472, 0
u,0.9440869688987732, 0.5384832918643951, 0
u,0.944087028503418, 0.22859078645706177, 0
u,0.9440869688987732, 0.5383983254432678, 0
u,0.9484358429908752, 0.5393491685390472, 0
u,0.7342692613601685, 0.527244359254837, 0
u,0.7899469137191772, 0.527244359254837, 0
u,0.793455183506012, 0.5223913490772247, 0
u,0.7899469137191772, 0.07924431562423706, 0
u,0.7342692613601685, 0.07924431562423706, 0
u,0.7307609915733337, 0.08409738540649414, 0
u,0.9239996075630188, 0.2287154197692871, 0
u,0.9196507334709167, 0.22847747802734375, 0
u,0.9196507334709167, 0.5384832918643951, 0
u,0.9685232043266296, 0.22859078645706177, 0
u,0.9641743302345276, 0.22871524095535278, 0
u,0.9641742706298828, 0.5393491685390472, 0
u,0.7269720435142517, 0.527244359254837, 0
u,0.7306206822395325, 0.5223711729049683, 0
u,0.6677861213684082, 0.5223913490772247, 0
u,0.6712944507598877, 0.07924431562423706, 0
u,0.6676458120346069, 0.08411753177642822, 0
u,0.7304803133010864, 0.08409738540649414, 0
u,0.94843590259552, 0.22871524095535278, 0
u,0.9641743302345276, 0.22871524095535278, 0
u,0.9641743302345276, 0.22256499528884888, 0
u,0.8223806023597717, 0.11657071113586426, 0
u,0.8381190299987793, 0.11657071113586426, 0
u,0.8381190299987793, 0.11222183704376221, 0
u,0.8223806023597717, 0.05654424428939819, 0
u,0.8381190299987793, 0.05654424428939819, 0
u,0.8381190299987793, 0.05219537019729614, 0
u,0.9239996075630188, 0.2287154197692871, 0
u,0.9397380352020264, 0.2287154197692871, 0
u,0.9397380352020264, 0.2225651741027832, 0
