v,-3.9495338569395244e-05, -0.000993516412563622, 0.009035623632371426
v,-0.0009078581351786852, -0.0012902620946988463, -0.010412565432488918
v,-0.000907858950085938, -0.0012902624439448118, 0.009035623632371426
v,0.0008237627916969359, -0.0035196561366319656, 0.009228152222931385
v,-0.0008453164482489228, -0.001473279669880867, 0.009228152222931385
v,-4.4600827095564455e-05, -0.0038164022844284773, 0.009228152222931385
v,0.00021052471129223704, -0.0009409875492565334, -0.010389355011284351
v,0.0011161834700033069, -0.003591206157580018, 0.009012413211166859
v,0.0011141662253066897, -0.0035853004083037376, -0.010390248149633408
v,0.00021052471129223704, -0.0009409875492565334, -0.010389355011284351
v,0.00021254205785226077, -0.0009468934731557965, 0.009013306349515915
v,0.0011161834700033069, -0.003591206157580018, 0.009012413211166859
v,-0.001137736369855702, -0.0014017289504408836, -0.010389355011284351
v,-0.00023207762569654733, -0.004051947500556707, 0.009012413211166859
v,-0.001135719008743763, -0.0014076349325478077, 0.009013306349515915
v,2.3048003640724346e-05, -0.0011765332892537117, -0.010605094023048878
v,-4.460000855033286e-05, -0.0038164020515978336, -0.010605094023048878
v,-0.00084531563334167, -0.0014732793206349015, -0.010605094023048878
v,-0.001137736369855702, -0.0014017289504408836, -0.010389355011284351
v,-0.00023409491404891014, -0.004046041984111071, -0.010390248149633408
v,-0.00023207762569654733, -0.004051947500556707, 0.009012413211166859
v,0.0008863061084412038, -0.003702673129737377, -0.010412565432488918
v,1.7941652913577855e-05, -0.0039994195103645325, 0.009035623632371426
v,1.7942456906894222e-05, -0.003999419044703245, -0.010412565432488918
v,1.7941652913577855e-05, -0.0039994195103645325, 0.009035623632371426
v,-4.4600827095564455e-05, -0.0038164022844284773, 0.009228152222931385
v,-0.00023207762569654733, -0.004051947500556707, 0.009012413211166859
v,-0.000907858950085938, -0.0012902624439448118, 0.009035623632371426
v,-0.001135719008743763, -0.0014076349325478077, 0.009013306349515915
v,-0.0008453164482489228, -0.001473279669880867, 0.009228152222931385
v,-0.0009078581351786852, -0.0012902620946988463, -0.010412565432488918
v,-0.00084531563334167, -0.0014732793206349015, -0.010605094023048878
v,-0.001137736369855702, -0.0014017289504408836, -0.010389355011284351
v,1.7942456906894222e-05, -0.003999419044703245, -0.010412565432488918
v,-0.00023409491404891014, -0.004046041984111071, -0.010390248149633408
v,-4.460000855033286e-05, -0.0038164020515978336, -0.010605094023048878
v,0.000886305293533951, -0.003702673362568021, 0.009035623632371426
v,0.0011161834700033069, -0.003591206157580018, 0.009012413211166859
v,0.0008237627916969359, -0.0035196561366319656, 0.009228152222931385
v,-3.9495338569395244e-05, -0.000993516412563622, 0.009035623632371426
v,2.304718509549275e-05, -0.0011765336384996772, 0.009228152222931385
v,0.00021254205785226077, -0.0009468934731557965, 0.009013306349515915
v,-3.949453457607888e-05, -0.0009935160633176565, -0.010412565432488918
v,0.00021052471129223704, -0.0009409875492565334, -0.010389355011284351
v,2.3048003640724346e-05, -0.0011765332892537117, -0.010605094023048878
v,0.0008863061084412038, -0.003702673129737377, -0.010412565432488918
v,0.0008237636066041887, -0.003519655903801322, -0.010605094023048878
v,0.0011141662253066897, -0.0035853004083037376, -0.010390248149633408
v,-0.000907858950085938, -0.0012902624439448118, 0.009035623632371426
v,-0.001137736369855702, -0.0014017289504408836, -0.010389355011284351
v,-0.001135719008743763, -0.0014076349325478077, 0.009013306349515915
v,-0.00023207762569654733, -0.004051947500556707, 0.009012413211166859
v,1.7942456906894222e-05, -0.003999419044703245, -0.010412565432488918
v,1.7941652913577855e-05, -0.0039994195103645325, 0.009035623632371426
v,-0.00084531563334167, -0.0014732793206349015, -0.010605094023048878
v,-0.00023409491404891014, -0.004046041984111071, -0.010390248149633408
v,-0.001137736369855702, -0.0014017289504408836, -0.010389355011284351
v,-4.4600827095564455e-05, -0.0038164022844284773, 0.009228152222931385
v,-0.001135719008743763, -0.0014076349325478077, 0.009013306349515915
v,-0.00023207762569654733, -0.004051947500556707, 0.009012413211166859
v,-3.9495338569395244e-05, -0.000993516412563622, 0.009035623632371426
v,0.00021052471129223704, -0.0009409875492565334, -0.010389355011284351
v,-3.949453457607888e-05, -0.0009935160633176565, -0.010412565432488918
v,0.0011161834700033069, -0.003591206157580018, 0.009012413211166859
v,0.0008863061084412038, -0.003702673129737377, -0.010412565432488918
v,0.0011141662253066897, -0.0035853004083037376, -0.010390248149633408
v,2.3048003640724346e-05, -0.0011765332892537117, -0.010605094023048878
v,0.0011141662253066897, -0.0035853004083037376, -0.010390248149633408
v,0.0008237636066041887, -0.003519655903801322, -0.010605094023048878
v,0.0008237627916969359, -0.0035196561366319656, 0.009228152222931385
v,0.00021254205785226077, -0.0009468934731557965, 0.009013306349515915
v,2.304718509549275e-05, -0.0011765336384996772, 0.009228152222931385
v,1.7941652913577855e-05, -0.0039994195103645325, 0.009035623632371426
v,0.0008237627916969359, -0.0035196561366319656, 0.009228152222931385
v,-4.4600827095564455e-05, -0.0038164022844284773, 0.009228152222931385
v,0.0008863061084412038, -0.003702673129737377, -0.010412565432488918
v,-4.460000855033286e-05, -0.0038164020515978336, -0.010605094023048878
v,0.0008237636066041887, -0.003519655903801322, -0.010605094023048878
v,2.3048003640724346e-05, -0.0011765332892537117, -0.010605094023048878
v,-0.0009078581351786852, -0.0012902620946988463, -0.010412565432488918
v,-3.949453457607888e-05, -0.0009935160633176565, -0.010412565432488918
v,-3.9495338569395244e-05, -0.000993516412563622, 0.009035623632371426
v,-0.0008453164482489228, -0.001473279669880867, 0.009228152222931385
v,2.304718509549275e-05, -0.0011765336384996772, 0.009228152222931385
v,-3.9495338569395244e-05, -0.000993516412563622, 0.009035623632371426
v,-3.949453457607888e-05, -0.0009935160633176565, -0.010412565432488918
v,-0.0009078581351786852, -0.0012902620946988463, -0.010412565432488918
v,0.0008237627916969359, -0.0035196561366319656, 0.009228152222931385
v,2.304718509549275e-05, -0.0011765336384996772, 0.009228152222931385
v,-0.0008453164482489228, -0.001473279669880867, 0.009228152222931385
v,2.3048003640724346e-05, -0.0011765332892537117, -0.010605094023048878
v,0.0008237636066041887, -0.003519655903801322, -0.010605094023048878
v,-4.460000855033286e-05, -0.0038164020515978336, -0.010605094023048878
v,0.0008863061084412038, -0.003702673129737377, -0.010412565432488918
v,0.000886305293533951, -0.003702673362568021, 0.009035623632371426
v,1.7941652913577855e-05, -0.0039994195103645325, 0.009035623632371426
v,-0.000907858950085938, -0.0012902624439448118, 0.009035623632371426
v,-0.0009078581351786852, -0.0012902620946988463, -0.010412565432488918
v,-0.001137736369855702, -0.0014017289504408836, -0.010389355011284351
v,-0.00023207762569654733, -0.004051947500556707, 0.009012413211166859
v,-0.00023409491404891014, -0.004046041984111071, -0.010390248149633408
v,1.7942456906894222e-05, -0.003999419044703245, -0.010412565432488918
v,-0.00084531563334167, -0.0014732793206349015, -0.010605094023048878
v,-4.460000855033286e-05, -0.0038164020515978336, -0.010605094023048878
v,-0.00023409491404891014, -0.004046041984111071, -0.010390248149633408
v,-4.4600827095564455e-05, -0.0038164022844284773, 0.009228152222931385
v,-0.0008453164482489228, -0.001473279669880867, 0.009228152222931385
v,-0.001135719008743763, -0.0014076349325478077, 0.009013306349515915
v,-3.9495338569395244e-05, -0.000993516412563622, 0.009035623632371426
v,0.00021254205785226077, -0.0009468934731557965, 0.009013306349515915
v,0.00021052471129223704, -0.0009409875492565334, -0.010389355011284351
v,0.0011161834700033069, -0.003591206157580018, 0.009012413211166859
v,0.000886305293533951, -0.003702673362568021, 0.009035623632371426
v,0.0008863061084412038, -0.003702673129737377, -0.010412565432488918
v,2.3048003640724346e-05, -0.0011765332892537117, -0.010605094023048878
v,0.00021052471129223704, -0.0009409875492565334, -0.010389355011284351
v,0.0011141662253066897, -0.0035853004083037376, -0.010390248149633408
v,0.0008237627916969359, -0.0035196561366319656, 0.009228152222931385
v,0.0011161834700033069, -0.003591206157580018, 0.009012413211166859
v,0.00021254205785226077, -0.0009468934731557965, 0.009013306349515915
v,1.7941652913577855e-05, -0.0039994195103645325, 0.009035623632371426
v,0.000886305293533951, -0.003702673362568021, 0.009035623632371426
v,0.0008237627916969359, -0.0035196561366319656, 0.009228152222931385
v,0.0008863061084412038, -0.003702673129737377, -0.010412565432488918
v,1.7942456906894222e-05, -0.003999419044703245, -0.010412565432488918
v,-4.460000855033286e-05, -0.0038164020515978336, -0.010605094023048878
v,2.3048003640724346e-05, -0.0011765332892537117, -0.010605094023048878
v,-0.00084531563334167, -0.0014732793206349015, -0.010605094023048878
v,-0.0009078581351786852, -0.0012902620946988463, -0.010412565432488918
v,-3.9495338569395244e-05, -0.000993516412563622, 0.009035623632371426
v,-0.000907858950085938, -0.0012902624439448118, 0.009035623632371426
v,-0.0008453164482489228, -0.001473279669880867, 0.009228152222931385
n,-11.068985939025879, 32.39101791381836, 5.331030552440698e-14
n,-1.422333639311546e-06, -4.860542617279862e-07, 34.38671112060547
n,24.705764770507812, 8.442705154418945, 1.1412390676923678e-06
n,24.705764770507812, 8.442705154418945, 1.1412390676923678e-06
n,-24.705764770507812, -8.442705154418945, -1.1412390676923678e-06
n,1.422333639311546e-06, 4.860542617279862e-07, -34.38671112060547
n,-24.705764770507812, -8.442705154418945, -1.1412390676923678e-06
n,11.068985939025879, -32.39101791381836, -5.331030552440698e-14
n,2.8519463539123535, -24.11163902282715, 23.846965789794922
n,-12.923401832580566, 20.572006225585938, 23.753915786743164
n,-12.500605583190918, 20.814388275146484, -23.846982955932617
n,2.3692588806152344, -24.178691864013672, -23.75390625
n,12.500627517700195, -20.81439208984375, 23.846961975097656
n,-2.369255542755127, 24.17867660522461, 23.753915786743164
n,-2.851962089538574, 24.111621856689453, -23.84697914123535
n,12.923408508300781, -20.572021484375, -23.75390625
n,-15.557154655456543, 30.199670791625977, 0.010809995234012604
n,7.000699520111084, -33.321258544921875, -1.814250367715431e-07
n,-18.433433532714844, -6.291530132293701, -22.8988037109375
n,-18.42870330810547, -6.305374622344971, 22.8988037109375
n,-7.000728130340576, 33.321250915527344, 1.8142380042718287e-07
n,15.557154655456543, -30.199670791625977, -0.01080961711704731
n,18.39910125732422, 6.2875285148620605, -22.94855308532715
n,18.39910125732422, 6.287527084350586, 22.94855308532715
n,7.826962947845459, -22.903934478759766, 24.31505012512207
n,7.826964855194092, -22.903934478759766, -24.31505012512207
n,-7.826958656311035, 22.903921127319336, -24.315061569213867
n,-7.826960563659668, 22.903921127319336, 24.315061569213867
n,-11.068985939025879, 32.39101791381836, 5.331030552440698e-14
n,-1.422333639311546e-06, -4.860542617279862e-07, 34.38671112060547
n,1.422333639311546e-06, 4.860542617279862e-07, -34.38671112060547
n,11.068985939025879, -32.39101791381836, -5.331030552440698e-14
n,-14.855720520019531, 30.636964797973633, -1.8142368674034515e-07
n,6.178369045257568, -33.404685974121094, -0.01081005297601223
n,-18.39910125732422, -6.287527561187744, -22.94855308532715
n,-18.39910125732422, -6.2875285148620605, 22.94855308532715
n,-6.178369045257568, 33.404685974121094, 0.010810429230332375
n,14.855745315551758, -30.636951446533203, 1.8142492308470537e-07
n,18.42870330810547, 6.305374622344971, -22.8988037109375
n,18.433433532714844, 6.291530132293701, 22.8988037109375
n,7.826962947845459, -22.903934478759766, 24.31505012512207
n,7.826964855194092, -22.903934478759766, -24.31505012512207
n,-7.826958656311035, 22.903921127319336, -24.315061569213867
n,-7.826960563659668, 22.903921127319336, 24.315061569213867
u,0.9239996075630188, 0.2287154197692871, 0
u,0.9397380352020264, 0.5393491685390472, 0
u,0.9397380352020264, 0.2287154197692871, 0
u,0.9239996075630188, 0.18319517374038696, 0
u,0.9397380352020264, 0.2225651741027832, 0
u,0.9397380352020264, 0.18319517374038696, 0
u,0.7306206822395325, 0.5223711729049683, 0
u,0.6676458120346069, 0.08411753177642822, 0
u,0.6677861213684082, 0.5223913490772247, 0
u,0.7306206822395325, 0.5223711729049683, 0
u,0.7304803133010864, 0.08409738540649414, 0
u,0.6676458120346069, 0.08411753177642822, 0
u,0.7306206226348877, 0.5223711729049683, 0
u,0.7935954928398132, 0.08411753177642822, 0
u,0.7307609915733337, 0.08409738540649414, 0
u,0.8223806023597717, 0.05654424428939819, 0
u,0.8381190299987793, 0.11222183704376221, 0
u,0.8381190299987793, 0.05654424428939819, 0
u,0.7306206226348877, 0.5223711729049683, 0
u,0.793455183506012, 0.5223913490772247, 0
u,0.7935954928398132, 0.08411753177642822, 0
u,0.9641742706298828, 0.5393491685390472, 0
u,0.94843590259552, 0.22871524095535278, 0
u,0.9484358429908752, 0.5393491685390472, 0
u,0.94843590259552, 0.22871524095535278, 0
u,0.94843590259552, 0.22256499528884888, 0
u,0.944087028503418, 0.22859078645706177, 0
u,0.9397380352020264, 0.2287154197692871, 0
u,0.9440869092941284, 0.22847747802734375, 0
u,0.9397380352020264, 0.2225651741027832, 0
u,0.8381190299987793, 0.05219537019729614, 0
u,0.8381190299987793, 0.05654424428939819, 0
u,0.8424679040908813, 0.05289560556411743, 0
u,0.8381190299987793, 0.11657071113586426, 0
u,0.8424679040908813, 0.1157301664352417, 0
u,0.8381190299987793, 0.11222183704376221, 0
u,0.9641743302345276, 0.22871524095535278, 0
u,0.9685232043266296, 0.22859078645706177, 0
u,0.9641743302345276, 0.22256499528884888, 0
u,0.9239996075630188, 0.2287154197692871, 0
u,0.9239996075630188, 0.2225651741027832, 0
u,0.9196507334709167, 0.22847747802734375, 0
u,0.8223806023597717, 0.05219537019729614, 0
u,0.8180317282676697, 0.05289560556411743, 0
u,0.8223806023597717, 0.05654424428939819, 0
u,0.8223806023597717, 0.11657071113586426, 0
u,0.8223806023597717, 0.11222183704376221, 0
u,0.8180317282676697, 0.1157301664352417, 0
u,0.9397380352020264, 0.2287154197692871, 0
u,0.9440869688987732, 0.5384832918643951, 0
u,0.9440869092941284, 0.22847747802734375, 0
u,0.944087028503418, 0.22859078645706177, 0
u,0.9484358429908752, 0.5393491685390472, 0
u,0.94843590259552, 0.22871524095535278, 0
u,0.7342692613601685, 0.527244359254837, 0
u,0.793455183506012, 0.5223913490772247, 0
u,0.7306206226348877, 0.5223711729049683, 0
u,0.7899469137191772, 0.07924431562423706, 0
u,0.7307609915733337, 0.08409738540649414, 0
u,0.7935954928398132, 0.08411753177642822, 0
u,0.9239996075630188, 0.2287154197692871, 0
u,0.9196507334709167, 0.5384832918643951, 0
u,0.9239996671676636, 0.5393491685390472, 0
u,0.9685232043266296, 0.22859078645706177, 0
u,0.9641742706298828, 0.5393491685390472, 0
u,0.9685231447219849, 0.5383983254432678, 0
u,0.7269720435142517, 0.527244359254837, 0
u,0.6677861213684082, 0.5223913490772247, 0
u,0.6712944507598877, 0.527244359254837, 0
u,0.6712944507598877, 0.07924431562423706, 0
u,0.7304803133010864, 0.08409738540649414, 0
u,0.7269720435142517, 0.07924431562423706, 0
u,0.94843590259552, 0.22871524095535278, 0
u,0.9641743302345276, 0.22256499528884888, 0
u,0.94843590259552, 0.22256499528884888, 0
u,0.8223806023597717, 0.11657071113586426, 0
u,0.8381190299987793, 0.11222183704376221, 0
u,0.8223806023597717, 0.11222183704376221, 0
u,0.8223806023597717, 0.05654424428939819, 0
u,0.8381190299987793, 0.05219537019729614, 0
u,0.8223806023597717, 0.05219537019729614, 0
u,0.9239996075630188, 0.2287154197692871, 0
u,0.9397380352020264, 0.2225651741027832, 0
u,0.9239996075630188, 0.2225651741027832, 0
u,0.9239996075630188, 0.2287154197692871, 0
u,0.9239996671676636, 0.5393491685390472, 0
u,0.9397380352020264, 0.5393491685390472, 0
u,0.9239996075630188, 0.18319517374038696, 0
u,0.9239996075630188, 0.2225651741027832, 0
u,0.9397380352020264, 0.2225651741027832, 0
u,0.8223806023597717, 0.05654424428939819, 0
u,0.8223806023597717, 0.11222183704376221, 0
u,0.8381190299987793, 0.11222183704376221, 0
u,0.9641742706298828, 0.5393491685390472, 0
u,0.9641743302345276, 0.22871524095535278, 0
u,0.94843590259552, 0.22871524095535278, 0
u,0.9397380352020264, 0.2287154197692871, 0
u,0.9397380352020264, 0.5393491685390472, 0
u,0.9440869688987732, 0.5384832918643951, 0
u,0.944087028503418, 0.22859078645706177, 0
u,0.9440869688987732, 0.5383983254432678, 0
u,0.9484358429908752, 0.5393491685390472, 0
u,0.7342692613601685, 0.527244359254837, 0
u,0.7899469137191772, 0.527244359254837, 0
u,0.793455183506012, 0.5223913490772247, 0
u,0.7899469137191772, 0.07924431562423706, 0
u,0.7342692613601685, 0.07924431562423706, 0
u,0.7307609915733337, 0.08409738540649414, 0
u,0.9239996075630188, 0.2287154197692871, 0
u,0.9196507334709167, 0.22847747802734375, 0
u,0.9196507334709167, 0.5384832918643951, 0
u,0.9685232043266296, 0.22859078645706177, 0
u,0.9641743302345276, 0.22871524095535278, 0
u,0.9641742706298828, 0.5393491685390472, 0
u,0.7269720435142517, 0.527244359254837, 0
u,0.7306206822395325, 0.5223711729049683, 0
u,0.6677861213684082, 0.5223913490772247, 0
u,0.6712944507598877, 0.07924431562423706, 0
u,0.6676458120346069, 0.08411753177642822, 0
u,0.7304803133010864, 0.08409738540649414, 0
u,0.94843590259552, 0.22871524095535278, 0
u,0.9641743302345276, 0.22871524095535278, 0
u,0.9641743302345276, 0.22256499528884888, 0
u,0.8223806023597717, 0.11657071113586426, 0
u,0.8381190299987793, 0.11657071113586426, 0
u,0.8381190299987793, 0.11222183704376221, 0
u,0.8223806023597717, 0.05654424428939819, 0
u,0.8381190299987793, 0.05654424428939819, 0
u,0.8381190299987793, 0.05219537019729614, 0
u,0.9239996075630188, 0.2287154197692871, 0
u,0.9397380352020264, 0.2287154197692871, 0
u,0.9397380352020264, 0.2225651741027832, 0
