v,-0.0007124062394723296, -0.010373872704803944, -0.008875979110598564
v,-0.0007124069379642606, -0.012637504376471043, 0.004984717816114426
v,-0.0007124071125872433, -0.012303425930440426, 0.0106284711509943
v,0.0004588328010868281, -0.009678864851593971, 0.010560748167335987
v,-0.0004588337615132332, -0.010180528275668621, -0.00888096820563078
v,-0.0004588345473166555, -0.009678864851593971, 0.010560748167335987
v,-0.0007124069961719215, -0.022220546379685402, -0.008604818023741245
v,-0.0007124071125872433, -0.02212594822049141, -0.003426708746701479
v,-0.0007124069379642606, -0.012637504376471043, 0.004984717816114426
v,-0.0007124071125872433, -0.02212594822049141, -0.003426708746701479
v,-0.0007124069961719215, -0.025003420189023018, -0.008538918569684029
v,-0.0007124078110791743, -0.024522222578525543, 0.010874515399336815
v,0.00045883283019065857, -0.025079043582081795, -0.008496535010635853
v,-0.0004588354495353997, -0.02457737922668457, 0.010945181362330914
v,-0.0004588345473166555, -0.025079043582081795, -0.008496535010635853
v,-0.0004588338197208941, -0.013186758384108543, -0.008803395554423332
v,0.00045883277198299766, -0.012847396545112133, 0.00434840377420187
v,-0.0004588344309013337, -0.012847396545112133, 0.00434840377420187
v,0.00045883283019065857, -0.012209330685436726, 0.010818635113537312
v,-0.00045883460552431643, -0.009867243468761444, 0.010758201591670513
v,-0.0004588346346281469, -0.012209330685436726, 0.010818635113537312
v,-0.0007124069379642606, -0.012637504376471043, 0.004984717816114426
v,-0.0007124071125872433, -0.02212594822049141, -0.003426708746701479
v,-0.0007124071125872433, -0.012303425930440426, 0.0106284711509943
v,0.0007124061230570078, -0.010373872704803944, -0.008875979110598564
v,0.000712405308149755, -0.012303426861763, 0.0106284711509943
v,0.000712405308149755, -0.012637504376471043, 0.004984717816114426
v,0.0007124061230570078, -0.010373872704803944, -0.008875979110598564
v,0.000712405308149755, -0.012637504376471043, 0.004984717816114426
v,0.0007124061230570078, -0.01299341395497322, -0.008808384649455547
v,0.0007124054827727377, -0.022220546379685402, -0.008604818023741245
v,0.000712405308149755, -0.012637504376471043, 0.004984717816114426
v,0.0007124052499420941, -0.02212594822049141, -0.003426708746701479
v,0.0007124052499420941, -0.02212594822049141, -0.003426708746701479
v,0.0007124045514501631, -0.024522222578525543, 0.010874515399336815
v,0.0007124053663574159, -0.025003420189023018, -0.008538918569684029
v,0.000712405308149755, -0.012637504376471043, 0.004984717816114426
v,0.000712405308149755, -0.012303426861763, 0.0106284711509943
v,0.0007124052499420941, -0.02212594822049141, -0.003426708746701479
v,0.0007124054827727377, -0.022220546379685402, -0.008604818023741245
v,0.0007124052499420941, -0.02212594822049141, -0.003426708746701479
v,0.0007124053663574159, -0.025003420189023018, -0.008538918569684029
v,0.0007124061230570078, -0.010373872704803944, -0.008875979110598564
v,0.000712405308149755, -0.009872210212051868, 0.010565737262368202
v,0.000712405308149755, -0.012303426861763, 0.0106284711509943
v,-0.00045883533312007785, -0.021563636139035225, 0.010867416858673096
v,0.0004588326846715063, -0.021911056712269783, -0.0025966912508010864
v,-0.0004588346928358078, -0.021911056712269783, -0.00259669148363173
v,0.0004588329466059804, -0.02242215909063816, -0.00875768344849348
v,-0.0004588345473166555, -0.024890664964914322, -0.008693988434970379
v,-0.00045883451821282506, -0.02242215722799301, -0.00875768344849348
v,0.0007124052499420941, -0.02212594822049141, -0.003426708746701479
v,0.000712404667865485, -0.02175869792699814, 0.010805869475007057
v,0.0007124045514501631, -0.024522222578525543, 0.010874515399336815
v,-0.0007124071125872433, -0.02212594822049141, -0.003426708746701479
v,-0.0007124078110791743, -0.024522222578525543, 0.010874515399336815
v,-0.0007124078110791743, -0.02175869792699814, 0.010805869475007057
v,0.00045883277198299766, -0.012953578494489193, 0.004383333493024111
v,-0.0004588345473166555, -0.02211766503751278, -0.008605137467384338
v,-0.00045883446000516415, -0.012953578494489193, 0.004383333958685398
v,0.00045883271377533674, -0.02180558629333973, -0.0026311271358281374
v,-0.0004588346346281469, -0.0125131132081151, 0.010665594600141048
v,-0.00045883466373197734, -0.02180558629333973, -0.0026311276014894247
v,-0.0007124069961719215, -0.022220546379685402, -0.008604818023741245
v,-0.0007124069961719215, -0.025003420189023018, -0.008538918569684029
v,-0.0007124071125872433, -0.02212594822049141, -0.003426708746701479
v,-0.0007124062394723296, -0.010373872704803944, -0.008875979110598564
v,-0.0007124071125872433, -0.012303425930440426, 0.0106284711509943
v,-0.0007124070543795824, -0.009872209280729294, 0.010565737262368202
v,0.0004588336159940809, -0.010378839448094368, -0.009068443439900875
v,-0.0004588338197208941, -0.01299837976694107, -0.009000848978757858
v,-0.00045883373240940273, -0.010378839448094368, -0.009068443439900875
v,-0.0007124062394723296, -0.010373872704803944, -0.008875979110598564
v,-0.0007124062976799905, -0.01299341395497322, -0.008808384649455547
v,-0.0007124069379642606, -0.012637504376471043, 0.004984717816114426
v,-0.0004588354495353997, -0.024379068985581398, 0.01113265659660101
v,-0.0007124078110791743, -0.024522222578525543, 0.010874515399336815
v,-0.0004588354495353997, -0.02457737922668457, 0.010945181362330914
v,-0.00045883539132773876, -0.021752014756202698, 0.011064868420362473
v,-0.00045883533312007785, -0.021563636139035225, 0.010867416858673096
v,-0.0007124078110791743, -0.02175869792699814, 0.010805869475007057
v,-0.0004588346928358078, -0.021911056712269783, -0.00259669148363173
v,-0.00045883466373197734, -0.02180558629333973, -0.0026311276014894247
v,-0.0007124071125872433, -0.02212594822049141, -0.003426708746701479
v,-0.0004588346346281469, -0.0125131132081151, 0.010665594600141048
v,-0.0004588346346281469, -0.012209330685436726, 0.010818635113537312
v,-0.0007124071125872433, -0.012303425930440426, 0.0106284711509943
v,-0.00045883460552431643, -0.009867243468761444, 0.010758201591670513
v,-0.0004588345473166555, -0.009678864851593971, 0.010560748167335987
v,-0.0007124070543795824, -0.009872209280729294, 0.010565737262368202
v,-0.0004588337615132332, -0.010180528275668621, -0.00888096820563078
v,-0.00045883373240940273, -0.010378839448094368, -0.009068443439900875
v,-0.0007124062394723296, -0.010373872704803944, -0.008875979110598564
v,-0.0004588338197208941, -0.01299837976694107, -0.009000848978757858
v,-0.0004588338197208941, -0.013186758384108543, -0.008803395554423332
v,-0.0007124062976799905, -0.01299341395497322, -0.008808384649455547
v,-0.00045883446000516415, -0.012953578494489193, 0.004383333958685398
v,-0.0007124069379642606, -0.012637504376471043, 0.004984717816114426
v,-0.0004588344309013337, -0.012847396545112133, 0.00434840377420187
v,-0.0004588345473166555, -0.02211766503751278, -0.008605137467384338
v,-0.00045883451821282506, -0.02242215722799301, -0.00875768344849348
v,-0.0007124069961719215, -0.022220546379685402, -0.008604818023741245
v,-0.0004588345473166555, -0.025079043582081795, -0.008496535010635853
v,-0.0007124069961719215, -0.025003420189023018, -0.008538918569684029
v,-0.0004588345473166555, -0.024890664964914322, -0.008693988434970379
v,0.0004588319861795753, -0.024379068985581398, 0.01113265659660101
v,0.0004588319861795753, -0.02457737922668457, 0.010945181362330914
v,0.0007124045514501631, -0.024522222578525543, 0.010874515399336815
v,0.0004588321899063885, -0.021752014756202698, 0.011064868420362473
v,0.000712404667865485, -0.02175869792699814, 0.010805869475007057
v,0.0004588321316987276, -0.021563636139035225, 0.010867416858673096
v,0.0004588326846715063, -0.021911056712269783, -0.0025966912508010864
v,0.0007124052499420941, -0.02212594822049141, -0.003426708746701479
v,0.00045883271377533674, -0.02180558629333973, -0.0026311271358281374
v,0.0004588328010868281, -0.0125131132081151, 0.010665594600141048
v,0.000712405308149755, -0.012303426861763, 0.0106284711509943
v,0.00045883283019065857, -0.012209330685436726, 0.010818635113537312
v,0.00045883277198299766, -0.009867243468761444, 0.010758201591670513
v,0.000712405308149755, -0.009872210212051868, 0.010565737262368202
v,0.0004588328010868281, -0.009678864851593971, 0.010560748167335987
v,0.0004588336159940809, -0.010180528275668621, -0.00888096820563078
v,0.0007124061230570078, -0.010373872704803944, -0.008875979110598564
v,0.0004588336159940809, -0.010378839448094368, -0.009068443439900875
v,0.00045883364509791136, -0.01299837976694107, -0.009000848978757858
v,0.0007124061230570078, -0.01299341395497322, -0.008808384649455547
v,0.00045883364509791136, -0.013186758384108543, -0.008803395554423332
v,0.00045883277198299766, -0.012953578494489193, 0.004383333493024111
v,0.00045883277198299766, -0.012847396545112133, 0.00434840377420187
v,0.000712405308149755, -0.012637504376471043, 0.004984717816114426
v,0.0004588329466059804, -0.02211766503751278, -0.008605137467384338
v,0.0007124054827727377, -0.022220546379685402, -0.008604818023741245
v,0.0004588329466059804, -0.02242215909063816, -0.00875768344849348
v,0.00045883283019065857, -0.025079043582081795, -0.008496535010635853
v,0.00045883283019065857, -0.024890664964914322, -0.008693988434970379
v,0.0007124053663574159, -0.025003420189023018, -0.008538918569684029
v,-0.0004588354495353997, -0.024379068985581398, 0.01113265659660101
v,-0.0007124078110791743, -0.02175869792699814, 0.010805869475007057
v,-0.0007124078110791743, -0.024522222578525543, 0.010874515399336815
v,-0.0007124078110791743, -0.02175869792699814, 0.010805869475007057
v,-0.0004588346928358078, -0.021911056712269783, -0.00259669148363173
v,-0.0007124071125872433, -0.02212594822049141, -0.003426708746701479
v,-0.00045883466373197734, -0.02180558629333973, -0.0026311276014894247
v,-0.0007124071125872433, -0.012303425930440426, 0.0106284711509943
v,-0.0007124071125872433, -0.02212594822049141, -0.003426708746701479
v,-0.0004588346346281469, -0.012209330685436726, 0.010818635113537312
v,-0.0007124070543795824, -0.009872209280729294, 0.010565737262368202
v,-0.0007124071125872433, -0.012303425930440426, 0.0106284711509943
v,-0.0004588345473166555, -0.009678864851593971, 0.010560748167335987
v,-0.0007124062394723296, -0.010373872704803944, -0.008875979110598564
v,-0.0007124070543795824, -0.009872209280729294, 0.010565737262368202
v,-0.00045883373240940273, -0.010378839448094368, -0.009068443439900875
v,-0.0007124062976799905, -0.01299341395497322, -0.008808384649455547
v,-0.0007124062394723296, -0.010373872704803944, -0.008875979110598564
v,-0.00045883446000516415, -0.012953578494489193, 0.004383333958685398
v,-0.0007124069961719215, -0.022220546379685402, -0.008604818023741245
v,-0.0007124069379642606, -0.012637504376471043, 0.004984717816114426
v,-0.0007124078110791743, -0.024522222578525543, 0.010874515399336815
v,-0.0004588345473166555, -0.025079043582081795, -0.008496535010635853
v,-0.0004588354495353997, -0.02457737922668457, 0.010945181362330914
v,-0.0007124062976799905, -0.01299341395497322, -0.008808384649455547
v,-0.0004588344309013337, -0.012847396545112133, 0.00434840377420187
v,-0.0007124069379642606, -0.012637504376471043, 0.004984717816114426
v,-0.00045883451821282506, -0.02242215722799301, -0.00875768344849348
v,-0.0007124069961719215, -0.025003420189023018, -0.008538918569684029
v,-0.0007124069961719215, -0.022220546379685402, -0.008604818023741245
v,0.0004588319861795753, -0.024379068985581398, 0.01113265659660101
v,0.000712404667865485, -0.02175869792699814, 0.010805869475007057
v,0.0004588321899063885, -0.021752014756202698, 0.011064868420362473
v,0.000712404667865485, -0.02175869792699814, 0.010805869475007057
v,0.0004588326846715063, -0.021911056712269783, -0.0025966912508010864
v,0.0004588321316987276, -0.021563636139035225, 0.010867416858673096
v,0.00045883271377533674, -0.02180558629333973, -0.0026311271358281374
v,0.000712405308149755, -0.012303426861763, 0.0106284711509943
v,0.0004588328010868281, -0.0125131132081151, 0.010665594600141048
v,0.00045883283019065857, -0.012209330685436726, 0.010818635113537312
v,0.000712405308149755, -0.009872210212051868, 0.010565737262368202
v,0.00045883277198299766, -0.009867243468761444, 0.010758201591670513
v,0.000712405308149755, -0.009872210212051868, 0.010565737262368202
v,0.0004588336159940809, -0.010180528275668621, -0.00888096820563078
v,0.0004588328010868281, -0.009678864851593971, 0.010560748167335987
v,0.0007124061230570078, -0.010373872704803944, -0.008875979110598564
v,0.00045883364509791136, -0.01299837976694107, -0.009000848978757858
v,0.0004588336159940809, -0.010378839448094368, -0.009068443439900875
v,0.00045883277198299766, -0.012953578494489193, 0.004383333493024111
v,0.0007124054827727377, -0.022220546379685402, -0.008604818023741245
v,0.0004588329466059804, -0.02211766503751278, -0.008605137467384338
v,0.0007124045514501631, -0.024522222578525543, 0.010874515399336815
v,0.00045883283019065857, -0.025079043582081795, -0.008496535010635853
v,0.0007124053663574159, -0.025003420189023018, -0.008538918569684029
v,0.0007124061230570078, -0.01299341395497322, -0.008808384649455547
v,0.00045883277198299766, -0.012847396545112133, 0.00434840377420187
v,0.00045883364509791136, -0.013186758384108543, -0.008803395554423332
v,0.0004588329466059804, -0.02242215909063816, -0.00875768344849348
v,0.0007124053663574159, -0.025003420189023018, -0.008538918569684029
v,0.00045883283019065857, -0.024890664964914322, -0.008693988434970379
v,-0.0004588354495353997, -0.02457737922668457, 0.010945181362330914
v,0.0004588319861795753, -0.024379068985581398, 0.01113265659660101
v,-0.0004588354495353997, -0.024379068985581398, 0.01113265659660101
v,0.00045883283019065857, -0.025079043582081795, -0.008496535010635853
v,-0.0004588345473166555, -0.024890664964914322, -0.008693988434970379
v,0.00045883283019065857, -0.024890664964914322, -0.008693988434970379
v,-0.0004588345473166555, -0.02211766503751278, -0.008605137467384338
v,0.0004588329466059804, -0.02242215909063816, -0.00875768344849348
v,-0.00045883451821282506, -0.02242215722799301, -0.00875768344849348
v,0.00045883277198299766, -0.012953578494489193, 0.004383333493024111
v,-0.0004588344309013337, -0.012847396545112133, 0.00434840377420187
v,0.00045883277198299766, -0.012847396545112133, 0.00434840377420187
v,-0.00045883539132773876, -0.021752014756202698, 0.011064868420362473
v,0.0004588321316987276, -0.021563636139035225, 0.010867416858673096
v,-0.00045883533312007785, -0.021563636139035225, 0.010867416858673096
v,0.00045883364509791136, -0.013186758384108543, -0.008803395554423332
v,-0.0004588338197208941, -0.01299837976694107, -0.009000848978757858
v,0.00045883364509791136, -0.01299837976694107, -0.009000848978757858
v,-0.0004588346928358078, -0.021911056712269783, -0.00259669148363173
v,0.00045883271377533674, -0.02180558629333973, -0.0026311271358281374
v,-0.00045883466373197734, -0.02180558629333973, -0.0026311276014894247
v,-0.0004588346346281469, -0.0125131132081151, 0.010665594600141048
v,0.00045883283019065857, -0.012209330685436726, 0.010818635113537312
v,-0.0004588346346281469, -0.012209330685436726, 0.010818635113537312
v,-0.0004588345473166555, -0.009678864851593971, 0.010560748167335987
v,0.00045883277198299766, -0.009867243468761444, 0.010758201591670513
v,0.0004588328010868281, -0.009678864851593971, 0.010560748167335987
v,-0.00045883373240940273, -0.010378839448094368, -0.009068443439900875
v,0.0004588336159940809, -0.010180528275668621, -0.00888096820563078
v,0.0004588336159940809, -0.010378839448094368, -0.009068443439900875
v,0.0004588319861795753, -0.024379068985581398, 0.01113265659660101
v,-0.00045883539132773876, -0.021752014756202698, 0.011064868420362473
v,-0.0004588354495353997, -0.024379068985581398, 0.01113265659660101
v,0.0004588328010868281, -0.009678864851593971, 0.010560748167335987
v,0.0004588336159940809, -0.010180528275668621, -0.00888096820563078
v,-0.0004588337615132332, -0.010180528275668621, -0.00888096820563078
v,0.00045883283019065857, -0.025079043582081795, -0.008496535010635853
v,0.0004588319861795753, -0.02457737922668457, 0.010945181362330914
v,-0.0004588354495353997, -0.02457737922668457, 0.010945181362330914
v,-0.0004588338197208941, -0.013186758384108543, -0.008803395554423332
v,0.00045883364509791136, -0.013186758384108543, -0.008803395554423332
v,0.00045883277198299766, -0.012847396545112133, 0.00434840377420187
v,0.00045883283019065857, -0.012209330685436726, 0.010818635113537312
v,0.00045883277198299766, -0.009867243468761444, 0.010758201591670513
v,-0.00045883460552431643, -0.009867243468761444, 0.010758201591670513
v,-0.00045883533312007785, -0.021563636139035225, 0.010867416858673096
v,0.0004588321316987276, -0.021563636139035225, 0.010867416858673096
v,0.0004588326846715063, -0.021911056712269783, -0.0025966912508010864
v,0.0004588329466059804, -0.02242215909063816, -0.00875768344849348
v,0.00045883283019065857, -0.024890664964914322, -0.008693988434970379
v,-0.0004588345473166555, -0.024890664964914322, -0.008693988434970379
v,0.00045883277198299766, -0.012953578494489193, 0.004383333493024111
v,0.0004588329466059804, -0.02211766503751278, -0.008605137467384338
v,-0.0004588345473166555, -0.02211766503751278, -0.008605137467384338
v,0.00045883271377533674, -0.02180558629333973, -0.0026311271358281374
v,0.0004588328010868281, -0.0125131132081151, 0.010665594600141048
v,-0.0004588346346281469, -0.0125131132081151, 0.010665594600141048
v,0.0004588336159940809, -0.010378839448094368, -0.009068443439900875
v,0.00045883364509791136, -0.01299837976694107, -0.009000848978757858
v,-0.0004588338197208941, -0.01299837976694107, -0.009000848978757858
v,-0.0004588354495353997, -0.024379068985581398, 0.01113265659660101
v,-0.00045883539132773876, -0.021752014756202698, 0.011064868420362473
v,-0.0007124078110791743, -0.02175869792699814, 0.010805869475007057
v,-0.0007124078110791743, -0.02175869792699814, 0.010805869475007057
v,-0.00045883533312007785, -0.021563636139035225, 0.010867416858673096
v,-0.0004588346928358078, -0.021911056712269783, -0.00259669148363173
v,-0.00045883466373197734, -0.02180558629333973, -0.0026311276014894247
v,-0.0004588346346281469, -0.0125131132081151, 0.010665594600141048
v,-0.0007124071125872433, -0.012303425930440426, 0.0106284711509943
v,-0.0004588346346281469, -0.012209330685436726, 0.010818635113537312
v,-0.00045883460552431643, -0.009867243468761444, 0.010758201591670513
v,-0.0007124070543795824, -0.009872209280729294, 0.010565737262368202
v,-0.0004588345473166555, -0.009678864851593971, 0.010560748167335987
v,-0.0004588337615132332, -0.010180528275668621, -0.00888096820563078
v,-0.0007124062394723296, -0.010373872704803944, -0.008875979110598564
v,-0.00045883373240940273, -0.010378839448094368, -0.009068443439900875
v,-0.0004588338197208941, -0.01299837976694107, -0.009000848978757858
v,-0.0007124062976799905, -0.01299341395497322, -0.008808384649455547
v,-0.00045883446000516415, -0.012953578494489193, 0.004383333958685398
v,-0.0004588345473166555, -0.02211766503751278, -0.008605137467384338
v,-0.0007124069961719215, -0.022220546379685402, -0.008604818023741245
v,-0.0007124078110791743, -0.024522222578525543, 0.010874515399336815
v,-0.0007124069961719215, -0.025003420189023018, -0.008538918569684029
v,-0.0004588345473166555, -0.025079043582081795, -0.008496535010635853
v,-0.0007124062976799905, -0.01299341395497322, -0.008808384649455547
v,-0.0004588338197208941, -0.013186758384108543, -0.008803395554423332
v,-0.0004588344309013337, -0.012847396545112133, 0.00434840377420187
v,-0.00045883451821282506, -0.02242215722799301, -0.00875768344849348
v,-0.0004588345473166555, -0.024890664964914322, -0.008693988434970379
v,-0.0007124069961719215, -0.025003420189023018, -0.008538918569684029
v,0.0004588319861795753, -0.024379068985581398, 0.01113265659660101
v,0.0007124045514501631, -0.024522222578525543, 0.010874515399336815
v,0.000712404667865485, -0.02175869792699814, 0.010805869475007057
v,0.000712404667865485, -0.02175869792699814, 0.010805869475007057
v,0.0007124052499420941, -0.02212594822049141, -0.003426708746701479
v,0.0004588326846715063, -0.021911056712269783, -0.0025966912508010864
v,0.00045883271377533674, -0.02180558629333973, -0.0026311271358281374
v,0.0007124052499420941, -0.02212594822049141, -0.003426708746701479
v,0.000712405308149755, -0.012303426861763, 0.0106284711509943
v,0.00045883283019065857, -0.012209330685436726, 0.010818635113537312
v,0.000712405308149755, -0.012303426861763, 0.0106284711509943
v,0.000712405308149755, -0.009872210212051868, 0.010565737262368202
v,0.000712405308149755, -0.009872210212051868, 0.010565737262368202
v,0.0007124061230570078, -0.010373872704803944, -0.008875979110598564
v,0.0004588336159940809, -0.010180528275668621, -0.00888096820563078
v,0.0007124061230570078, -0.010373872704803944, -0.008875979110598564
v,0.0007124061230570078, -0.01299341395497322, -0.008808384649455547
v,0.00045883364509791136, -0.01299837976694107, -0.009000848978757858
v,0.00045883277198299766, -0.012953578494489193, 0.004383333493024111
v,0.000712405308149755, -0.012637504376471043, 0.004984717816114426
v,0.0007124054827727377, -0.022220546379685402, -0.008604818023741245
v,0.0007124045514501631, -0.024522222578525543, 0.010874515399336815
v,0.0004588319861795753, -0.02457737922668457, 0.010945181362330914
v,0.00045883283019065857, -0.025079043582081795, -0.008496535010635853
v,0.0007124061230570078, -0.01299341395497322, -0.008808384649455547
v,0.000712405308149755, -0.012637504376471043, 0.004984717816114426
v,0.00045883277198299766, -0.012847396545112133, 0.00434840377420187
v,0.0004588329466059804, -0.02242215909063816, -0.00875768344849348
v,0.0007124054827727377, -0.022220546379685402, -0.008604818023741245
v,0.0007124053663574159, -0.025003420189023018, -0.008538918569684029
v,-0.0004588354495353997, -0.02457737922668457, 0.010945181362330914
v,0.0004588319861795753, -0.02457737922668457, 0.010945181362330914
v,0.0004588319861795753, -0.024379068985581398, 0.01113265659660101
v,0.00045883283019065857, -0.025079043582081795, -0.008496535010635853
v,-0.0004588345473166555, -0.025079043582081795, -0.008496535010635853
v,-0.0004588345473166555, -0.024890664964914322, -0.008693988434970379
v,-0.0004588345473166555, -0.02211766503751278, -0.008605137467384338
v,0.0004588329466059804, -0.02211766503751278, -0.008605137467384338
v,0.0004588329466059804, -0.02242215909063816, -0.00875768344849348
v,0.00045883277198299766, -0.012953578494489193, 0.004383333493024111
v,-0.00045883446000516415, -0.012953578494489193, 0.004383333958685398
v,-0.0004588344309013337, -0.012847396545112133, 0.00434840377420187
v,-0.00045883539132773876, -0.021752014756202698, 0.011064868420362473
v,0.0004588321899063885, -0.021752014756202698, 0.011064868420362473
v,0.0004588321316987276, -0.021563636139035225, 0.010867416858673096
v,0.00045883364509791136, -0.013186758384108543, -0.008803395554423332
v,-0.0004588338197208941, -0.013186758384108543, -0.008803395554423332
v,-0.0004588338197208941, -0.01299837976694107, -0.009000848978757858
v,-0.0004588346928358078, -0.021911056712269783, -0.00259669148363173
v,0.0004588326846715063, -0.021911056712269783, -0.0025966912508010864
v,0.00045883271377533674, -0.02180558629333973, -0.0026311271358281374
v,-0.0004588346346281469, -0.0125131132081151, 0.010665594600141048
v,0.0004588328010868281, -0.0125131132081151, 0.010665594600141048
v,0.00045883283019065857, -0.012209330685436726, 0.010818635113537312
v,-0.0004588345473166555, -0.009678864851593971, 0.010560748167335987
v,-0.00045883460552431643, -0.009867243468761444, 0.010758201591670513
v,0.00045883277198299766, -0.009867243468761444, 0.010758201591670513
v,-0.00045883373240940273, -0.010378839448094368, -0.009068443439900875
v,-0.0004588337615132332, -0.010180528275668621, -0.00888096820563078
v,0.0004588336159940809, -0.010180528275668621, -0.00888096820563078
v,0.0004588319861795753, -0.024379068985581398, 0.01113265659660101
v,0.0004588321899063885, -0.021752014756202698, 0.011064868420362473
v,-0.00045883539132773876, -0.021752014756202698, 0.011064868420362473
n,-26.108510971069336, 2.5950635063054506e-06, -8.986233979157987e-07
n,1.4957478242649813e-06, 34.218719482421875, -0.8829604983329773
n,-26.108510971069336, 1.186743702419335e-06, -7.82513097874471e-07
n,-26.108510971069336, 1.111801225306408e-06, -1.1408593536543776e-06
n,-1.4957478242649813e-06, -34.218719482421875, 0.8829604983329773
n,-1.4957478242649813e-06, -34.218719482421875, 0.8829604983329773
n,-1.4643196664110292e-06, 0.8869873285293579, 34.375267028808594
n,-26.108510971069336, 1.2173802588222316e-06, -8.17072361769533e-07
n,26.108510971069336, -8.252750376414042e-06, 2.4341636617464246e-07
n,26.108510971069336, 3.2329748478332476e-07, 1.6439959154013195e-06
n,26.108510971069336, -1.111801225306408e-06, 1.1408593536543776e-06
n,26.108510971069336, -1.111801225306408e-06, 1.1408593536543776e-06
n,26.108510971069336, 1.2331067011928099e-07, -2.523987063796085e-07
n,26.108510971069336, -1.111801225306408e-06, 1.1408593536543776e-06
n,26.108510971069336, 4.194536131763016e-07, 1.1013477205779054e-06
n,1.4957478242649813e-06, 34.218719482421875, -0.8829604983329773
n,1.4643196664110292e-06, -0.8869879841804504, -34.375267028808594
n,26.108510971069336, -1.111801225306408e-06, 1.1408593536543776e-06
n,-26.108510971069336, 4.3497342971932085e-07, -1.2542668628157116e-06
n,2.0562251847877633e-06, 28.008464813232422, -19.761524200439453
n,-3.12046249746345e-05, -28.096345901489258, 19.63525390625
n,-26.108510971069336, 4.5128084025236603e-07, -7.690770189583418e-07
n,-26.108510971069336, 3.461738629084721e-07, -1.1211035371161415e-06
n,1.4643186432294897e-06, -0.8870114088058472, -34.375267028808594
n,-26.108510971069336, 3.9773414073351887e-07, -1.257475787497242e-06
n,-10.959373474121094, -21.392105102539062, 22.62852668762207
n,-17.997699737548828, 17.983028411865234, 17.156545639038086
n,-25.47132110595703, 2.3426601886749268, 7.175041198730469
n,-14.405029296875, -12.889901161193848, 25.58634376525879
n,-15.073769569396973, 20.268291473388672, 19.336782455444336
n,-15.07376766204834, 19.244068145751953, -20.356342315673828
n,-15.07376766204834, -20.268287658691406, -19.33678436279297
n,-25.09243392944336, -2.967428207397461, -9.020564079284668
n,-6.107254505157471, 14.959839820861816, -29.861021041870117
n,-3.4149086475372314, -24.61023712158203, -23.479185104370117
n,10.959366798400879, -21.392107009887695, 22.628528594970703
n,17.997699737548828, 17.9830322265625, 17.15654754638672
n,25.47132110595703, 2.34263277053833, 7.175051689147949
n,14.405025482177734, -12.889901161193848, 25.586345672607422
n,15.07376766204834, 20.26828956604004, 19.3367862701416
n,15.073769569396973, 19.244070053100586, -20.356340408325195
n,15.07376766204834, -20.26828956604004, -19.3367862701416
n,25.09243392944336, -2.9674036502838135, -9.020570755004883
n,6.107255935668945, 14.9598388671875, -29.86101722717285
n,3.414907455444336, -24.610239028930664, -23.479183197021484
n,-21.02811050415039, 0.5061215162277222, 20.375242233276367
n,-18.46151351928711, 24.196273803710938, -0.6243478655815125
n,-18.461610794067383, -19.86700439453125, 13.884140968322754
n,-18.461517333984375, 0.6271949410438538, 24.306970596313477
n,-18.46151351928711, 24.196273803710938, -0.6243478059768677
n,-18.46151351928711, -0.6272111535072327, -24.30697250366211
n,-10.8525390625, 25.478628158569336, -17.96697235107422
n,-7.376035690307617, -32.82474899291992, 0.8469909429550171
n,-18.461517333984375, -24.196273803710938, 0.6243460774421692
n,-16.537460327148438, -0.6299223899841309, -26.60146713256836
n,20.955965042114258, 0.5290581583976746, 20.503196716308594
n,18.461517333984375, 24.19627571105957, -0.6243461966514587
n,18.461471557617188, -19.867151260375977, 13.884245872497559
n,18.461511611938477, 0.6271945834159851, 24.30697250366211
n,18.461517333984375, 24.196273803710938, -0.624346137046814
n,18.461517333984375, -0.6272112131118774, -24.306970596313477
n,10.438767433166504, 25.672351837158203, -18.113265991210938
n,9.61910343170166, -31.812463760375977, 0.7885311841964722
n,18.46151351928711, -24.19627571105957, 0.6243482232093811
n,16.18539810180664, -0.6959835290908813, -26.97285270690918
n,-2.093083367071813e-06, -23.5690860748291, 24.931331634521484
n,-2.22235030378215e-08, -24.8234920501709, -23.682636260986328
n,1.997292656596983e-06, 15.386724472045898, -30.713117599487305
n,9.693975471236627e-07, -10.74128246307373, -32.65229797363281
n,2.22235030378215e-08, 24.8234920501709, 23.682636260986328
n,-2.22235030378215e-08, -24.8234920501709, -23.682636260986328
n,-1.6528723790543154e-05, 10.668828964233398, 32.676246643066406
n,-1.9986907773272833e-06, -15.455177307128906, 30.67840003967285
n,2.22235030378215e-08, 24.8234920501709, 23.682636260986328
n,2.093083367071813e-06, 23.5690860748291, -24.931331634521484
n,-1.4643186432294897e-06, 0.8870113492012024, 34.375267028808594
n,1.4957478242649813e-06, 34.218719482421875, -0.8829604983329773
n,-1.4957478242649813e-06, -34.218719482421875, 0.8829604983329773
n,-1.4957478242649813e-06, -34.218719482421875, 0.8829604983329773
n,-1.4643196664110292e-06, 0.8869873285293579, 34.375267028808594
n,1.4957478242649813e-06, 34.218719482421875, -0.8829604983329773
n,1.4643196664110292e-06, -0.8869879841804504, -34.375267028808594
n,2.0562251847877633e-06, 28.008466720581055, -19.761526107788086
n,-2.0544498511299025e-06, -28.096345901489258, 19.635255813598633
n,1.4643186432294897e-06, -0.8870114088058472, -34.375267028808594
n,-20.955965042114258, 0.5290600061416626, 20.50319480895996
n,-18.461517333984375, 24.196273803710938, -0.6243478655815125
n,-18.461475372314453, -19.86714744567871, 13.884244918823242
n,-18.461517333984375, 0.6271945834159851, 24.306970596313477
n,-18.461515426635742, 24.196271896362305, -0.6243476867675781
n,-18.461515426635742, -0.627210795879364, -24.30696678161621
n,-10.438767433166504, 25.672353744506836, -18.11326789855957
n,-9.619105339050293, -31.812463760375977, 0.7885303497314453
n,-18.461517333984375, -24.196271896362305, 0.6243460774421692
n,-16.185396194458008, -0.6959825158119202, -26.972850799560547
n,21.028108596801758, 0.5061204433441162, 20.3752498626709
n,18.461517333984375, 24.196273803710938, -0.624346137046814
n,18.461612701416016, -19.86700439453125, 13.884139060974121
n,18.461511611938477, 0.6271950602531433, 24.306974411010742
n,18.461517333984375, 24.196273803710938, -0.624346137046814
n,18.461517333984375, -0.6272112131118774, -24.306970596313477
n,10.852560997009277, 25.478620529174805, -17.966964721679688
n,7.376030445098877, -32.82475280761719, 0.8469916582107544
n,18.46151351928711, -24.19627571105957, 0.6243482232093811
n,16.537460327148438, -0.6299234628677368, -26.601469039916992
n,-2.093083367071813e-06, -23.5690860748291, 24.931331634521484
n,-2.22235030378215e-08, -24.8234920501709, -23.682636260986328
n,1.997292656596983e-06, 15.386724472045898, -30.713117599487305
n,-1.4575365639757365e-05, -10.741402626037598, -32.652259826660156
n,2.22235030378215e-08, 24.8234920501709, 23.682636260986328
n,-2.22235030378215e-08, -24.8234920501709, -23.682636260986328
n,-9.735362027640804e-07, 10.668705940246582, 32.67628860473633
n,-1.9986907773272833e-06, -15.455177307128906, 30.67840003967285
n,2.22235030378215e-08, 24.8234920501709, 23.682636260986328
n,2.093083367071813e-06, 23.5690860748291, -24.931331634521484
n,-1.4643186432294897e-06, 0.8870113492012024, 34.375267028808594
u,0.3294813632965088, 0.08362036943435669, 0
u,0.27056023478507996, 0.3952832818031311, 0
u,0.2747962176799774, 0.5229165554046631, 0
u,0.9326973557472229, 0.6538425385951996, 0
u,0.9484358429908752, 0.9503842741250992, 0
u,0.9484357237815857, 0.6538425385951996, 0
u,0.06303513795137405, 0.08284324407577515, 0
u,0.06215817853808403, 0.19982260465621948, 0
u,0.27056023478507996, 0.3952832818031311, 0
u,0.06215817853808403, 0.19982260465621948, 0
u,0.0004436067247297615, 0.0827103853225708, 0
u,-7.2556760599695735e-09, 0.5213555693626404, 0
u,0.7979443073272705, 0.08359432220458984, 0
u,0.8136827945709229, 0.5228964984416962, 0
u,0.8136827349662781, 0.08359432220458984, 0
u,0.9842615723609924, 0.7028238475322723, 0
u,0.9685231447219849, 0.9999999968182882, 0
u,0.9842615723609924, 0.9999999961303403, 0
u,0.9239996671676636, 0.056543588638305664, 0
u,0.9397380948066711, 0.10563862323760986, 0
u,0.9397380948066711, 0.056543588638305664, 0
u,0.27056023478507996, 0.3952832818031311, 0
u,0.06215817853808403, 0.19982260465621948, 0
u,0.2747962176799774, 0.5229165554046631, 0
u,0.6633042693138123, 0.5228717923164368, 0
u,0.6086191534996033, 0.08357560634613037, 0
u,0.6043831706047058, 0.21120893955230713, 0
u,0.6633042693138123, 0.5228717923164368, 0
u,0.6043831706047058, 0.21120893955230713, 0
u,0.6043831706047058, 0.5228712260723114, 0
u,0.3968580365180969, 0.5236489176750183, 0
u,0.6043831706047058, 0.21120893955230713, 0
u,0.3959810733795166, 0.406669557094574, 0
u,0.3959810733795166, 0.406669557094574, 0
u,0.33382290601730347, 0.08513659238815308, 0
u,0.3342665135860443, 0.5237817466259003, 0
u,0.6043831706047058, 0.21120893955230713, 0
u,0.6086191534996033, 0.08357560634613037, 0
u,0.3959810733795166, 0.406669557094574, 0
u,0.3968580365180969, 0.5236489176750183, 0
u,0.3959810733795166, 0.406669557094574, 0
u,0.3342665135860443, 0.5237817466259003, 0
u,0.6633042693138123, 0.5228717923164368, 0
u,0.6633042693138123, 0.08357608318328857, 0
u,0.6086191534996033, 0.08357560634613037, 0
u,0.9598253965377808, 0.017198920249938965, 0
u,0.944087028503418, 0.22256499528884888, 0
u,0.9598253965377808, 0.22256499528884888, 0
u,0.822380542755127, 0.48627912998199463, 0
u,0.8381189703941345, 0.5272442400455475, 0
u,0.8381189703941345, 0.48627912998199463, 0
u,0.3959810733795166, 0.406669557094574, 0
u,0.3959810733795166, 0.08507704734802246, 0
u,0.33382290601730347, 0.08513659238815308, 0
u,0.06215817853808403, 0.19982260465621948, 0
u,-7.2556760599695735e-09, 0.5213555693626404, 0
u,0.06215817108750343, 0.521415114402771, 0
u,0.822380542755127, 0.13084620237350464, 0
u,0.8381189703941345, 0.47884970903396606, 0
u,0.8381189703941345, 0.13084620237350464, 0
u,0.9685231447219849, 1.0000000031817116, 0
u,0.9527847766876221, 0.6943841278553009, 0
u,0.9527847170829773, 1.000000012282209, 0
u,0.06303513795137405, 0.08284324407577515, 0
u,0.0004436067247297615, 0.0827103853225708, 0
u,0.06215817853808403, 0.19982260465621948, 0
u,0.3294813632965088, 0.08362036943435669, 0
u,0.2747962176799774, 0.5229165554046631, 0
u,0.3294813632965088, 0.5229160785675049, 0
u,0.9326974153518677, 0.9565284736454487, 0
u,0.9484358429908752, 0.9999999976963336, 0
u,0.9484358429908752, 0.9565284736454487, 0
u,0.3294813632965088, 0.08362036943435669, 0
u,0.27056023478507996, 0.08362090587615967, 0
u,0.27056023478507996, 0.3952832818031311, 0
u,0.8136827945709229, 0.5272442996501923, 0
u,0.8180316686630249, 0.5213326215744019, 0
u,0.8136827945709229, 0.5228964984416962, 0
u,0.06215079873800278, 0.5272436738014221, 0
u,0.06649968028068542, 0.5228947997093201, 0
u,0.06215817108750343, 0.521415114402771, 0
u,0.06649967283010483, 0.21866625547409058, 0
u,0.06889040768146515, 0.21795016527175903, 0
u,0.06215817853808403, 0.19982260465621948, 0
u,0.2700539827346802, 0.5236090123653412, 0
u,0.27679362893104553, 0.5272416770458221, 0
u,0.2747962176799774, 0.5229165554046631, 0
u,0.9397380948066711, 0.10563862323760986, 0
u,0.9397380948066711, 0.11126846075057983, 0
u,0.9440869688987732, 0.10721558332443237, 0
u,0.9484358429908752, 0.9503842741250992, 0
u,0.9484358429908752, 0.9565284736454487, 0
u,0.9527847170829773, 0.9535928480327129, 0
u,0.2705528736114502, 0.07924842834472656, 0
u,0.26620399951934814, 0.08359730243682861, 0
u,0.27056023478507996, 0.08362090587615967, 0
u,0.26379698514938354, 0.38149595260620117, 0
u,0.27056023478507996, 0.3952832818031311, 0
u,0.26620399951934814, 0.3807690143585205, 0
u,0.8381189703941345, 0.47884970903396606, 0
u,0.8381189703941345, 0.48627912998199463, 0
u,0.8424678444862366, 0.4805915951728821, 0
u,0.8136827349662781, 0.08359432220458984, 0
u,0.8180316090583801, 0.08268088102340698, 0
u,0.8136827349662781, 0.07924437522888184, 0
u,0.7979443669319153, 0.5272442996501923, 0
u,0.7979443669319153, 0.5228964984416962, 0
u,0.7935954928398132, 0.5213326215744019, 0
u,0.39597371220588684, 0.07924854755401611, 0
u,0.3959810733795166, 0.08507704734802246, 0
u,0.4003225862979889, 0.08359736204147339, 0
u,0.4003225862979889, 0.3878259062767029, 0
u,0.3959810733795166, 0.406669557094574, 0
u,0.4027132987976074, 0.3885420560836792, 0
u,0.6038768887519836, 0.08288317918777466, 0
u,0.6086191534996033, 0.08357560634613037, 0
u,0.6106165051460266, 0.0792505145072937, 0
u,0.9239996671676636, 0.10563862323760986, 0
u,0.9196507930755615, 0.10721558332443237, 0
u,0.9239996671676636, 0.11126846075057983, 0
u,0.9326974153518677, 0.9503842778503895, 0
u,0.9283485412597656, 0.9535928517580032, 0
u,0.9326974153518677, 0.9565284736454487, 0
u,0.6043757796287537, 0.5272437334060669, 0
u,0.6043831706047058, 0.5228712260723114, 0
u,0.6000269055366516, 0.5228948891162872, 0
u,0.597619891166687, 0.22499626874923706, 0
u,0.6000269055366516, 0.22572314739227295, 0
u,0.6043831706047058, 0.21120893955230713, 0
u,0.822380542755127, 0.47884970903396606, 0
u,0.8180316686630249, 0.4805915951728821, 0
u,0.822380542755127, 0.48627912998199463, 0
u,0.7979443073272705, 0.08359432220458984, 0
u,0.7979443073272705, 0.07924437522888184, 0
u,0.7935954332351685, 0.08268088102340698, 0
u,0.003060692921280861, 0.5272442400455475, 0
u,0.06215817108750343, 0.521415114402771, 0
u,-7.2556760599695735e-09, 0.5213555693626404, 0
u,0.06215817108750343, 0.521415114402771, 0
u,0.06649967283010483, 0.21866625547409058, 0
u,0.06215817853808403, 0.19982260465621948, 0
u,0.06889040768146515, 0.21795016527175903, 0
u,0.2747962176799774, 0.5229165554046631, 0
u,0.06215817853808403, 0.19982260465621948, 0
u,0.27679362893104553, 0.5272416770458221, 0
u,0.3294813632965088, 0.5229160785675049, 0
u,0.2747962176799774, 0.5229165554046631, 0
u,0.3338228762149811, 0.5228923857212067, 0
u,0.3294813632965088, 0.08362036943435669, 0
u,0.3294813632965088, 0.5229160785675049, 0
u,0.32947400212287903, 0.07924783229827881, 0
u,0.27056023478507996, 0.08362090587615967, 0
u,0.3294813632965088, 0.08362036943435669, 0
u,0.8381189703941345, 0.13084620237350464, 0
u,0.8424678444862366, 0.4805915951728821, 0
u,0.8424678444862366, 0.11657071113586426, 0
u,0.8180316686630249, 0.5213326215744019, 0
u,0.8136827349662781, 0.08359432220458984, 0
u,0.8136827945709229, 0.5228964984416962, 0
u,0.27056023478507996, 0.08362090587615967, 0
u,0.26620399951934814, 0.3807690143585205, 0
u,0.27056023478507996, 0.3952832818031311, 0
u,0.05858458951115608, 0.07925039529800415, 0
u,0.0004436067247297615, 0.0827103853225708, 0
u,0.06303513795137405, 0.08284324407577515, 0
u,0.3368836045265198, 0.07924795150756836, 0
u,0.3959810733795166, 0.08507704734802246, 0
u,0.39597371220588684, 0.07924854755401611, 0
u,0.3959810733795166, 0.08507704734802246, 0
u,0.4003225862979889, 0.3878259062767029, 0
u,0.4003225862979889, 0.08359736204147339, 0
u,0.4027132987976074, 0.3885420560836792, 0
u,0.6086191534996033, 0.08357560634613037, 0
u,0.6038768887519836, 0.08288317918777466, 0
u,0.6106165051460266, 0.0792505145072937, 0
u,0.6633042693138123, 0.08357608318328857, 0
u,0.6632968783378601, 0.0792509913444519, 0
u,0.6633042693138123, 0.08357608318328857, 0
u,0.6676457524299622, 0.5228955149650574, 0
u,0.6676457524299622, 0.08359980583190918, 0
u,0.6633042693138123, 0.5228717923164368, 0
u,0.6043757796287537, 0.5272437334060669, 0
u,0.6632968783378601, 0.5272442996501923, 0
u,0.822380542755127, 0.13084620237350464, 0
u,0.8180316686630249, 0.4805915951728821, 0
u,0.822380542755127, 0.47884970903396606, 0
u,0.7935954928398132, 0.5213326215744019, 0
u,0.7979443073272705, 0.08359432220458984, 0
u,0.7935954332351685, 0.08268088102340698, 0
u,0.6043831706047058, 0.5228712260723114, 0
u,0.6000269055366516, 0.22572314739227295, 0
u,0.6000269055366516, 0.5228948891162872, 0
u,0.39240750670433044, 0.5272417962551117, 0
u,0.3342665135860443, 0.5237817466259003, 0
u,0.3368836045265198, 0.5272412896156311, 0
u,0.8136827945709229, 0.5228964984416962, 0
u,0.7979443669319153, 0.5272442996501923, 0
u,0.8136827945709229, 0.5272442996501923, 0
u,0.7979443073272705, 0.08359432220458984, 0
u,0.8136827349662781, 0.07924437522888184, 0
u,0.7979443073272705, 0.07924437522888184, 0
u,0.8381189703941345, 0.47884970903396606, 0
u,0.822380542755127, 0.48627912998199463, 0
u,0.8381189703941345, 0.48627912998199463, 0
u,0.822380542755127, 0.13084620237350464, 0
u,0.8381189703941345, 0.12956100702285767, 0
u,0.822380542755127, 0.12956100702285767, 0
u,0.9283486008644104, 0.5987739562988281, 0
u,0.9440869688987732, 0.5931440889835358, 0
u,0.9283486008644104, 0.5931440889835358, 0
u,0.9685231447219849, 0.7028238475322723, 0
u,0.9842615723609924, 0.6984739005565643, 0
u,0.9685231447219849, 0.6984739005565643, 0
u,0.8938279747962952, 0.4294995665550232, 0
u,0.8913402557373047, 0.4137611389160156, 0
u,0.8913402557373047, 0.4294995665550232, 0
u,0.9397380948066711, 0.05157989263534546, 0
u,0.9239996671676636, 0.056543588638305664, 0
u,0.9397380948066711, 0.056543588638305664, 0
u,0.9397380948066711, 0.11126846075057983, 0
u,0.9239996671676636, 0.10563862323760986, 0
u,0.9239996671676636, 0.11126846075057983, 0
u,0.9484358429908752, 0.9565284736454487, 0
u,0.9326974153518677, 0.9503842778503895, 0
u,0.9326974153518677, 0.9565284736454487, 0
u,0.9440869688987732, 0.6538425385951996, 0
u,0.9283486008644104, 0.5987739562988281, 0
u,0.9283486008644104, 0.6538425385951996, 0
u,0.9326973557472229, 0.6538425385951996, 0
u,0.9326974153518677, 0.9503842778503895, 0
u,0.9484358429908752, 0.9503842741250992, 0
u,0.7979443073272705, 0.08359432220458984, 0
u,0.7979443669319153, 0.5228964984416962, 0
u,0.8136827945709229, 0.5228964984416962, 0
u,0.9842615723609924, 0.7028238475322723, 0
u,0.9685231447219849, 0.7028238475322723, 0
u,0.9685231447219849, 0.9999999968182882, 0
u,0.9239996671676636, 0.056543588638305664, 0
u,0.9239996671676636, 0.10563862323760986, 0
u,0.9397380948066711, 0.10563862323760986, 0
u,0.9598253965377808, 0.017198920249938965, 0
u,0.9440869688987732, 0.017198920249938965, 0
u,0.944087028503418, 0.22256499528884888, 0
u,0.822380542755127, 0.48627912998199463, 0
u,0.822380542755127, 0.5272442400455475, 0
u,0.8381189703941345, 0.5272442400455475, 0
u,0.822380542755127, 0.13084620237350464, 0
u,0.822380542755127, 0.47884970903396606, 0
u,0.8381189703941345, 0.47884970903396606, 0
u,0.9685231447219849, 1.0000000031817116, 0
u,0.9685231447219849, 0.6943841278553009, 0
u,0.9527847766876221, 0.6943841278553009, 0
u,0.9326974153518677, 0.9565284736454487, 0
u,0.9326974153518677, 0.9999999983842816, 0
u,0.9484358429908752, 0.9999999976963336, 0
u,0.003060692921280861, 0.5272442400455475, 0
u,0.06215079873800278, 0.5272436738014221, 0
u,0.06215817108750343, 0.521415114402771, 0
u,0.06215817108750343, 0.521415114402771, 0
u,0.06649968028068542, 0.5228947997093201, 0
u,0.06649967283010483, 0.21866625547409058, 0
u,0.06889040768146515, 0.21795016527175903, 0
u,0.2700539827346802, 0.5236090123653412, 0
u,0.2747962176799774, 0.5229165554046631, 0
u,0.27679362893104553, 0.5272416770458221, 0
u,0.32947397232055664, 0.5272412002086639, 0
u,0.3294813632965088, 0.5229160785675049, 0
u,0.3338228762149811, 0.5228923857212067, 0
u,0.3338228762149811, 0.08359664678573608, 0
u,0.3294813632965088, 0.08362036943435669, 0
u,0.32947400212287903, 0.07924783229827881, 0
u,0.2705528736114502, 0.07924842834472656, 0
u,0.27056023478507996, 0.08362090587615967, 0
u,0.8381189703941345, 0.13084620237350464, 0
u,0.8381189703941345, 0.47884970903396606, 0
u,0.8424678444862366, 0.4805915951728821, 0
u,0.8180316686630249, 0.5213326215744019, 0
u,0.8180316090583801, 0.08268088102340698, 0
u,0.8136827349662781, 0.08359432220458984, 0
u,0.27056023478507996, 0.08362090587615967, 0
u,0.26620399951934814, 0.08359730243682861, 0
u,0.26620399951934814, 0.3807690143585205, 0
u,0.05858458951115608, 0.07925039529800415, 0
u,0.003060699673369527, 0.07925087213516235, 0
u,0.0004436067247297615, 0.0827103853225708, 0
u,0.3368836045265198, 0.07924795150756836, 0
u,0.33382290601730347, 0.08513659238815308, 0
u,0.3959810733795166, 0.08507704734802246, 0
u,0.3959810733795166, 0.08507704734802246, 0
u,0.3959810733795166, 0.406669557094574, 0
u,0.4003225862979889, 0.3878259062767029, 0
u,0.4027132987976074, 0.3885420560836792, 0
u,0.3959810733795166, 0.406669557094574, 0
u,0.6086191534996033, 0.08357560634613037, 0
u,0.6106165051460266, 0.0792505145072937, 0
u,0.6086191534996033, 0.08357560634613037, 0
u,0.6633042693138123, 0.08357608318328857, 0
u,0.6633042693138123, 0.08357608318328857, 0
u,0.6633042693138123, 0.5228717923164368, 0
u,0.6676457524299622, 0.5228955149650574, 0
u,0.6633042693138123, 0.5228717923164368, 0
u,0.6043831706047058, 0.5228712260723114, 0
u,0.6043757796287537, 0.5272437334060669, 0
u,0.822380542755127, 0.13084620237350464, 0
u,0.8180316686630249, 0.11657071113586426, 0
u,0.8180316686630249, 0.4805915951728821, 0
u,0.7935954928398132, 0.5213326215744019, 0
u,0.7979443669319153, 0.5228964984416962, 0
u,0.7979443073272705, 0.08359432220458984, 0
u,0.6043831706047058, 0.5228712260723114, 0
u,0.6043831706047058, 0.21120893955230713, 0
u,0.6000269055366516, 0.22572314739227295, 0
u,0.39240750670433044, 0.5272417962551117, 0
u,0.3968580365180969, 0.5236489176750183, 0
u,0.3342665135860443, 0.5237817466259003, 0
u,0.8136827945709229, 0.5228964984416962, 0
u,0.7979443669319153, 0.5228964984416962, 0
u,0.7979443669319153, 0.5272442996501923, 0
u,0.7979443073272705, 0.08359432220458984, 0
u,0.8136827349662781, 0.08359432220458984, 0
u,0.8136827349662781, 0.07924437522888184, 0
u,0.8381189703941345, 0.47884970903396606, 0
u,0.822380542755127, 0.47884970903396606, 0
u,0.822380542755127, 0.48627912998199463, 0
u,0.822380542755127, 0.13084620237350464, 0
u,0.8381189703941345, 0.13084620237350464, 0
u,0.8381189703941345, 0.12956100702285767, 0
u,0.9283486008644104, 0.5987739562988281, 0
u,0.9440869688987732, 0.5987739562988281, 0
u,0.9440869688987732, 0.5931440889835358, 0
u,0.9685231447219849, 0.7028238475322723, 0
u,0.9842615723609924, 0.7028238475322723, 0
u,0.9842615723609924, 0.6984739005565643, 0
u,0.8938279747962952, 0.4294995665550232, 0
u,0.8938279747962952, 0.4137611389160156, 0
u,0.8913402557373047, 0.4137611389160156, 0
u,0.9397380948066711, 0.05157989263534546, 0
u,0.9239996671676636, 0.05157989263534546, 0
u,0.9239996671676636, 0.056543588638305664, 0
u,0.9397380948066711, 0.11126846075057983, 0
u,0.9397380948066711, 0.10563862323760986, 0
u,0.9239996671676636, 0.10563862323760986, 0
u,0.9484358429908752, 0.9565284736454487, 0
u,0.9484358429908752, 0.9503842741250992, 0
u,0.9326974153518677, 0.9503842778503895, 0
u,0.9440869688987732, 0.6538425385951996, 0
u,0.9440869688987732, 0.5987739562988281, 0
u,0.9283486008644104, 0.5987739562988281, 0
