v,-0.0007124062394723296, -0.009902111254632473, -0.00961938127875328
v,-0.0007124069379642606, -0.012837681919336319, 0.00411471351981163
v,-0.0007124071707949042, -0.0127786910161376, 0.009768038056790829
v,0.00045883277198299766, -0.010153944604098797, 0.009828138165175915
v,-0.00045883373240940273, -0.009708752855658531, -0.009614953771233559
v,-0.000458834576420486, -0.010153944604098797, 0.009828138165175915
v,-0.0007124069961719215, -0.02174794115126133, -0.00992513820528984
v,-0.0007124071125872433, -0.021905481815338135, -0.004748561419546604
v,-0.0007124069379642606, -0.012837681919336319, 0.00411471351981163
v,-0.0007124071125872433, -0.021905481815338135, -0.004748561419546604
v,-0.0007124069961719215, -0.024530723690986633, -0.009994763880968094
v,-0.0007124078692868352, -0.024994980543851852, 0.009419082663953304
v,0.00045883283019065857, -0.024608319625258446, -0.009956111200153828
v,-0.0004588354495353997, -0.025053512305021286, 0.009486980736255646
v,-0.0004588345473166555, -0.024608319625258446, -0.009956111200153828
v,-0.0004588338197208941, -0.012715194374322891, -0.009683791548013687
v,0.00045883277198299766, -0.013016355223953724, 0.003468938171863556
v,-0.0004588344309013337, -0.013016355223953724, 0.003468938171863556
v,0.0004588328010868281, -0.012693962082266808, 0.009962555952370167
v,-0.0004588346346281469, -0.010351710021495819, 0.010016188025474548
v,-0.00045883466373197734, -0.012693962082266808, 0.009962555952370167
v,-0.0007124069379642606, -0.012837681919336319, 0.00411471351981163
v,-0.0007124071125872433, -0.021905481815338135, -0.004748561419546604
v,-0.0007124071707949042, -0.0127786910161376, 0.009768038056790829
v,0.0007124061230570078, -0.009902111254632473, -0.00961938127875328
v,0.0007124052499420941, -0.0127786910161376, 0.009768038056790829
v,0.000712405308149755, -0.012837681919336319, 0.00411471351981163
v,0.0007124061230570078, -0.009902111254632473, -0.00961938127875328
v,0.000712405308149755, -0.012837681919336319, 0.00411471351981163
v,0.0007124061230570078, -0.012521836906671524, -0.009679364040493965
v,0.0007124054827727377, -0.02174794115126133, -0.00992513820528984
v,0.000712405308149755, -0.012837681919336319, 0.00411471351981163
v,0.0007124052499420941, -0.021905481815338135, -0.004748561419546604
v,0.0007124052499420941, -0.021905481815338135, -0.004748561419546604
v,0.0007124044932425022, -0.024994980543851852, 0.009419082663953304
v,0.0007124053663574159, -0.024530723690986633, -0.009994763880968094
v,0.000712405308149755, -0.012837681919336319, 0.00411471351981163
v,0.0007124052499420941, -0.0127786910161376, 0.009768038056790829
v,0.0007124052499420941, -0.021905481815338135, -0.004748561419546604
v,0.0007124054827727377, -0.02174794115126133, -0.00992513820528984
v,0.0007124052499420941, -0.021905481815338135, -0.004748561419546604
v,0.0007124053663574159, -0.024530723690986633, -0.009994763880968094
v,0.0007124061230570078, -0.009902111254632473, -0.00961938127875328
v,0.0007124052499420941, -0.010347303003072739, 0.009823710657656193
v,0.0007124052499420941, -0.0127786910161376, 0.009768038056790829
v,-0.0004588353622239083, -0.02203955501317978, 0.009555990807712078
v,0.00045883271377533674, -0.021731244400143623, -0.003909069113433361
v,-0.00045883466373197734, -0.021731244400143623, -0.003909069113433361
v,0.00045883297570981085, -0.02194187417626381, -0.010087634436786175
v,-0.00045883451821282506, -0.024410555139183998, -0.010144161991775036
v,-0.0004588344891089946, -0.02194187417626381, -0.010087634436786175
v,0.0007124052499420941, -0.021905481815338135, -0.004748561419546604
v,0.000712404609657824, -0.022231390699744225, 0.009485023096203804
v,0.0007124044932425022, -0.024994980543851852, 0.009419082663953304
v,-0.0007124071125872433, -0.021905481815338135, -0.004748561419546604
v,-0.0007124078692868352, -0.024994980543851852, 0.009419082663953304
v,-0.0007124078692868352, -0.022231390699744225, 0.009485023096203804
v,0.00045883277198299766, -0.013124111108481884, 0.0034986583050340414
v,-0.00045883451821282506, -0.021645165979862213, -0.009920449927449226
v,-0.00045883446000516415, -0.013124111108481884, 0.0034986587706953287
v,0.00045883271377533674, -0.02162422239780426, -0.003938330337405205
v,-0.0004588346346281469, -0.012989935465157032, 0.009794912301003933
v,-0.00045883466373197734, -0.02162422239780426, -0.003938331268727779
v,-0.0007124069961719215, -0.02174794115126133, -0.00992513820528984
v,-0.0007124069961719215, -0.024530723690986633, -0.009994763880968094
v,-0.0007124071125872433, -0.021905481815338135, -0.004748561419546604
v,-0.0007124062394723296, -0.009902111254632473, -0.00961938127875328
v,-0.0007124071707949042, -0.0127786910161376, 0.009768038056790829
v,-0.0007124071125872433, -0.010347303003072739, 0.009823710657656193
v,0.00045883364509791136, -0.009897704236209393, -0.009811858646571636
v,-0.00045883379061706364, -0.012517429888248444, -0.00987184140831232
v,-0.00045883370330557227, -0.009897704236209393, -0.009811858646571636
v,-0.0007124062394723296, -0.009902111254632473, -0.00961938127875328
v,-0.0007124062976799905, -0.012521836906671524, -0.009679364040493965
v,-0.0007124069379642606, -0.012837681919336319, 0.00411471351981163
v,-0.0004588354495353997, -0.02486455999314785, 0.009683884680271149
v,-0.0007124078692868352, -0.024994980543851852, 0.009419082663953304
v,-0.0004588354495353997, -0.025053512305021286, 0.009486980736255646
v,-0.0004588354204315692, -0.022237321361899376, 0.009744040668010712
v,-0.0004588353622239083, -0.02203955501317978, 0.009555990807712078
v,-0.0007124078692868352, -0.022231390699744225, 0.009485023096203804
v,-0.00045883466373197734, -0.021731244400143623, -0.003909069113433361
v,-0.00045883466373197734, -0.02162422239780426, -0.003938331268727779
v,-0.0007124071125872433, -0.021905481815338135, -0.004748561419546604
v,-0.0004588346346281469, -0.012989935465157032, 0.009794912301003933
v,-0.00045883466373197734, -0.012693962082266808, 0.009962555952370167
v,-0.0007124071707949042, -0.0127786910161376, 0.009768038056790829
v,-0.0004588346346281469, -0.010351710021495819, 0.010016188025474548
v,-0.000458834576420486, -0.010153944604098797, 0.009828138165175915
v,-0.0007124071125872433, -0.010347303003072739, 0.009823710657656193
v,-0.00045883373240940273, -0.009708752855658531, -0.009614953771233559
v,-0.00045883370330557227, -0.009897704236209393, -0.009811858646571636
v,-0.0007124062394723296, -0.009902111254632473, -0.00961938127875328
v,-0.00045883379061706364, -0.012517429888248444, -0.00987184140831232
v,-0.0004588338197208941, -0.012715194374322891, -0.009683791548013687
v,-0.0007124062976799905, -0.012521836906671524, -0.009679364040493965
v,-0.00045883446000516415, -0.013124111108481884, 0.0034986587706953287
v,-0.0007124069379642606, -0.012837681919336319, 0.00411471351981163
v,-0.0004588344309013337, -0.013016355223953724, 0.003468938171863556
v,-0.00045883451821282506, -0.021645165979862213, -0.009920449927449226
v,-0.0004588344891089946, -0.02194187417626381, -0.010087634436786175
v,-0.0007124069961719215, -0.02174794115126133, -0.00992513820528984
v,-0.0004588345473166555, -0.024608319625258446, -0.009956111200153828
v,-0.0007124069961719215, -0.024530723690986633, -0.009994763880968094
v,-0.00045883451821282506, -0.024410555139183998, -0.010144161991775036
v,0.0004588319861795753, -0.02486455999314785, 0.009683884680271149
v,0.0004588319861795753, -0.025053512305021286, 0.009486980736255646
v,0.0007124044932425022, -0.024994980543851852, 0.009419082663953304
v,0.00045883216080255806, -0.022237321361899376, 0.009744040668010712
v,0.000712404609657824, -0.022231390699744225, 0.009485023096203804
v,0.00045883210259489715, -0.02203955501317978, 0.009555990807712078
v,0.00045883271377533674, -0.021731244400143623, -0.003909069113433361
v,0.0007124052499420941, -0.021905481815338135, -0.004748561419546604
v,0.00045883271377533674, -0.02162422239780426, -0.003938330337405205
v,0.0004588328010868281, -0.012989935465157032, 0.009794912301003933
v,0.0007124052499420941, -0.0127786910161376, 0.009768038056790829
v,0.0004588328010868281, -0.012693962082266808, 0.009962555952370167
v,0.0004588327428791672, -0.010351710021495819, 0.010016188025474548
v,0.0007124052499420941, -0.010347303003072739, 0.009823710657656193
v,0.00045883277198299766, -0.010153944604098797, 0.009828138165175915
v,0.00045883364509791136, -0.009708752855658531, -0.009614953771233559
v,0.0007124061230570078, -0.009902111254632473, -0.00961938127875328
v,0.00045883364509791136, -0.009897704236209393, -0.009811858646571636
v,0.0004588336742017418, -0.012517429888248444, -0.00987184140831232
v,0.0007124061230570078, -0.012521836906671524, -0.009679364040493965
v,0.00045883364509791136, -0.012715194374322891, -0.009683791548013687
v,0.00045883277198299766, -0.013124111108481884, 0.0034986583050340414
v,0.00045883277198299766, -0.013016355223953724, 0.003468938171863556
v,0.000712405308149755, -0.012837681919336319, 0.00411471351981163
v,0.00045883297570981085, -0.021645165979862213, -0.009920449927449226
v,0.0007124054827727377, -0.02174794115126133, -0.00992513820528984
v,0.00045883297570981085, -0.02194187417626381, -0.010087634436786175
v,0.00045883283019065857, -0.024608319625258446, -0.009956111200153828
v,0.000458832859294489, -0.024410555139183998, -0.010144161991775036
v,0.0007124053663574159, -0.024530723690986633, -0.009994763880968094
v,-0.0004588354495353997, -0.02486455999314785, 0.009683884680271149
v,-0.0007124078692868352, -0.022231390699744225, 0.009485023096203804
v,-0.0007124078692868352, -0.024994980543851852, 0.009419082663953304
v,-0.0007124078692868352, -0.022231390699744225, 0.009485023096203804
v,-0.00045883466373197734, -0.021731244400143623, -0.003909069113433361
v,-0.0007124071125872433, -0.021905481815338135, -0.004748561419546604
v,-0.00045883466373197734, -0.02162422239780426, -0.003938331268727779
v,-0.0007124071707949042, -0.0127786910161376, 0.009768038056790829
v,-0.0007124071125872433, -0.021905481815338135, -0.004748561419546604
v,-0.00045883466373197734, -0.012693962082266808, 0.009962555952370167
v,-0.0007124071125872433, -0.010347303003072739, 0.009823710657656193
v,-0.0007124071707949042, -0.0127786910161376, 0.009768038056790829
v,-0.000458834576420486, -0.010153944604098797, 0.009828138165175915
v,-0.0007124062394723296, -0.009902111254632473, -0.00961938127875328
v,-0.0007124071125872433, -0.010347303003072739, 0.009823710657656193
v,-0.00045883370330557227, -0.009897704236209393, -0.009811858646571636
v,-0.0007124062976799905, -0.012521836906671524, -0.009679364040493965
v,-0.0007124062394723296, -0.009902111254632473, -0.00961938127875328
v,-0.00045883446000516415, -0.013124111108481884, 0.0034986587706953287
v,-0.0007124069961719215, -0.02174794115126133, -0.00992513820528984
v,-0.0007124069379642606, -0.012837681919336319, 0.00411471351981163
v,-0.0007124078692868352, -0.024994980543851852, 0.009419082663953304
v,-0.0004588345473166555, -0.024608319625258446, -0.009956111200153828
v,-0.0004588354495353997, -0.025053512305021286, 0.009486980736255646
v,-0.0007124062976799905, -0.012521836906671524, -0.009679364040493965
v,-0.0004588344309013337, -0.013016355223953724, 0.003468938171863556
v,-0.0007124069379642606, -0.012837681919336319, 0.00411471351981163
v,-0.0004588344891089946, -0.02194187417626381, -0.010087634436786175
v,-0.0007124069961719215, -0.024530723690986633, -0.009994763880968094
v,-0.0007124069961719215, -0.02174794115126133, -0.00992513820528984
v,0.0004588319861795753, -0.02486455999314785, 0.009683884680271149
v,0.000712404609657824, -0.022231390699744225, 0.009485023096203804
v,0.00045883216080255806, -0.022237321361899376, 0.009744040668010712
v,0.000712404609657824, -0.022231390699744225, 0.009485023096203804
v,0.00045883271377533674, -0.021731244400143623, -0.003909069113433361
v,0.00045883210259489715, -0.02203955501317978, 0.009555990807712078
v,0.00045883271377533674, -0.02162422239780426, -0.003938330337405205
v,0.0007124052499420941, -0.0127786910161376, 0.009768038056790829
v,0.0004588328010868281, -0.012989935465157032, 0.009794912301003933
v,0.0004588328010868281, -0.012693962082266808, 0.009962555952370167
v,0.0007124052499420941, -0.010347303003072739, 0.009823710657656193
v,0.0004588327428791672, -0.010351710021495819, 0.010016188025474548
v,0.0007124052499420941, -0.010347303003072739, 0.009823710657656193
v,0.00045883364509791136, -0.009708752855658531, -0.009614953771233559
v,0.00045883277198299766, -0.010153944604098797, 0.009828138165175915
v,0.0007124061230570078, -0.009902111254632473, -0.00961938127875328
v,0.0004588336742017418, -0.012517429888248444, -0.00987184140831232
v,0.00045883364509791136, -0.009897704236209393, -0.009811858646571636
v,0.00045883277198299766, -0.013124111108481884, 0.0034986583050340414
v,0.0007124054827727377, -0.02174794115126133, -0.00992513820528984
v,0.00045883297570981085, -0.021645165979862213, -0.009920449927449226
v,0.0007124044932425022, -0.024994980543851852, 0.009419082663953304
v,0.00045883283019065857, -0.024608319625258446, -0.009956111200153828
v,0.0007124053663574159, -0.024530723690986633, -0.009994763880968094
v,0.0007124061230570078, -0.012521836906671524, -0.009679364040493965
v,0.00045883277198299766, -0.013016355223953724, 0.003468938171863556
v,0.00045883364509791136, -0.012715194374322891, -0.009683791548013687
v,0.00045883297570981085, -0.02194187417626381, -0.010087634436786175
v,0.0007124053663574159, -0.024530723690986633, -0.009994763880968094
v,0.000458832859294489, -0.024410555139183998, -0.010144161991775036
v,-0.0004588354495353997, -0.025053512305021286, 0.009486980736255646
v,0.0004588319861795753, -0.02486455999314785, 0.009683884680271149
v,-0.0004588354495353997, -0.02486455999314785, 0.009683884680271149
v,0.00045883283019065857, -0.024608319625258446, -0.009956111200153828
v,-0.00045883451821282506, -0.024410555139183998, -0.010144161991775036
v,0.000458832859294489, -0.024410555139183998, -0.010144161991775036
v,-0.00045883451821282506, -0.021645165979862213, -0.009920449927449226
v,0.00045883297570981085, -0.02194187417626381, -0.010087634436786175
v,-0.0004588344891089946, -0.02194187417626381, -0.010087634436786175
v,0.00045883277198299766, -0.013124111108481884, 0.0034986583050340414
v,-0.0004588344309013337, -0.013016355223953724, 0.003468938171863556
v,0.00045883277198299766, -0.013016355223953724, 0.003468938171863556
v,-0.0004588354204315692, -0.022237321361899376, 0.009744040668010712
v,0.00045883210259489715, -0.02203955501317978, 0.009555990807712078
v,-0.0004588353622239083, -0.02203955501317978, 0.009555990807712078
v,0.00045883364509791136, -0.012715194374322891, -0.009683791548013687
v,-0.00045883379061706364, -0.012517429888248444, -0.00987184140831232
v,0.0004588336742017418, -0.012517429888248444, -0.00987184140831232
v,-0.00045883466373197734, -0.021731244400143623, -0.003909069113433361
v,0.00045883271377533674, -0.02162422239780426, -0.003938330337405205
v,-0.00045883466373197734, -0.02162422239780426, -0.003938331268727779
v,-0.0004588346346281469, -0.012989935465157032, 0.009794912301003933
v,0.0004588328010868281, -0.012693962082266808, 0.009962555952370167
v,-0.00045883466373197734, -0.012693962082266808, 0.009962555952370167
v,-0.000458834576420486, -0.010153944604098797, 0.009828138165175915
v,0.0004588327428791672, -0.010351710021495819, 0.010016188025474548
v,0.00045883277198299766, -0.010153944604098797, 0.009828138165175915
v,-0.00045883370330557227, -0.009897704236209393, -0.009811858646571636
v,0.00045883364509791136, -0.009708752855658531, -0.009614953771233559
v,0.00045883364509791136, -0.009897704236209393, -0.009811858646571636
v,0.0004588319861795753, -0.02486455999314785, 0.009683884680271149
v,-0.0004588354204315692, -0.022237321361899376, 0.009744040668010712
v,-0.0004588354495353997, -0.02486455999314785, 0.009683884680271149
v,0.00045883277198299766, -0.010153944604098797, 0.009828138165175915
v,0.00045883364509791136, -0.009708752855658531, -0.009614953771233559
v,-0.00045883373240940273, -0.009708752855658531, -0.009614953771233559
v,0.00045883283019065857, -0.024608319625258446, -0.009956111200153828
v,0.0004588319861795753, -0.025053512305021286, 0.009486980736255646
v,-0.0004588354495353997, -0.025053512305021286, 0.009486980736255646
v,-0.0004588338197208941, -0.012715194374322891, -0.009683791548013687
v,0.00045883364509791136, -0.012715194374322891, -0.009683791548013687
v,0.00045883277198299766, -0.013016355223953724, 0.003468938171863556
v,0.0004588328010868281, -0.012693962082266808, 0.009962555952370167
v,0.0004588327428791672, -0.010351710021495819, 0.010016188025474548
v,-0.0004588346346281469, -0.010351710021495819, 0.010016188025474548
v,-0.0004588353622239083, -0.02203955501317978, 0.009555990807712078
v,0.00045883210259489715, -0.02203955501317978, 0.009555990807712078
v,0.00045883271377533674, -0.021731244400143623, -0.003909069113433361
v,0.00045883297570981085, -0.02194187417626381, -0.010087634436786175
v,0.000458832859294489, -0.024410555139183998, -0.010144161991775036
v,-0.00045883451821282506, -0.024410555139183998, -0.010144161991775036
v,0.00045883277198299766, -0.013124111108481884, 0.0034986583050340414
v,0.00045883297570981085, -0.021645165979862213, -0.009920449927449226
v,-0.00045883451821282506, -0.021645165979862213, -0.009920449927449226
v,0.00045883271377533674, -0.02162422239780426, -0.003938330337405205
v,0.0004588328010868281, -0.012989935465157032, 0.009794912301003933
v,-0.0004588346346281469, -0.012989935465157032, 0.009794912301003933
v,0.00045883364509791136, -0.009897704236209393, -0.009811858646571636
v,0.0004588336742017418, -0.012517429888248444, -0.00987184140831232
v,-0.00045883379061706364, -0.012517429888248444, -0.00987184140831232
v,-0.0004588354495353997, -0.02486455999314785, 0.009683884680271149
v,-0.0004588354204315692, -0.022237321361899376, 0.009744040668010712
v,-0.0007124078692868352, -0.022231390699744225, 0.009485023096203804
v,-0.0007124078692868352, -0.022231390699744225, 0.009485023096203804
v,-0.0004588353622239083, -0.02203955501317978, 0.009555990807712078
v,-0.00045883466373197734, -0.021731244400143623, -0.003909069113433361
v,-0.00045883466373197734, -0.02162422239780426, -0.003938331268727779
v,-0.0004588346346281469, -0.012989935465157032, 0.009794912301003933
v,-0.0007124071707949042, -0.0127786910161376, 0.009768038056790829
v,-0.00045883466373197734, -0.012693962082266808, 0.009962555952370167
v,-0.0004588346346281469, -0.010351710021495819, 0.010016188025474548
v,-0.0007124071125872433, -0.010347303003072739, 0.009823710657656193
v,-0.000458834576420486, -0.010153944604098797, 0.009828138165175915
v,-0.00045883373240940273, -0.009708752855658531, -0.009614953771233559
v,-0.0007124062394723296, -0.009902111254632473, -0.00961938127875328
v,-0.00045883370330557227, -0.009897704236209393, -0.009811858646571636
v,-0.00045883379061706364, -0.012517429888248444, -0.00987184140831232
v,-0.0007124062976799905, -0.012521836906671524, -0.009679364040493965
v,-0.00045883446000516415, -0.013124111108481884, 0.0034986587706953287
v,-0.00045883451821282506, -0.021645165979862213, -0.009920449927449226
v,-0.0007124069961719215, -0.02174794115126133, -0.00992513820528984
v,-0.0007124078692868352, -0.024994980543851852, 0.009419082663953304
v,-0.0007124069961719215, -0.024530723690986633, -0.009994763880968094
v,-0.0004588345473166555, -0.024608319625258446, -0.009956111200153828
v,-0.0007124062976799905, -0.012521836906671524, -0.009679364040493965
v,-0.0004588338197208941, -0.012715194374322891, -0.009683791548013687
v,-0.0004588344309013337, -0.013016355223953724, 0.003468938171863556
v,-0.0004588344891089946, -0.02194187417626381, -0.010087634436786175
v,-0.00045883451821282506, -0.024410555139183998, -0.010144161991775036
v,-0.0007124069961719215, -0.024530723690986633, -0.009994763880968094
v,0.0004588319861795753, -0.02486455999314785, 0.009683884680271149
v,0.0007124044932425022, -0.024994980543851852, 0.009419082663953304
v,0.000712404609657824, -0.022231390699744225, 0.009485023096203804
v,0.000712404609657824, -0.022231390699744225, 0.009485023096203804
v,0.0007124052499420941, -0.021905481815338135, -0.004748561419546604
v,0.00045883271377533674, -0.021731244400143623, -0.003909069113433361
v,0.00045883271377533674, -0.02162422239780426, -0.003938330337405205
v,0.0007124052499420941, -0.021905481815338135, -0.004748561419546604
v,0.0007124052499420941, -0.0127786910161376, 0.009768038056790829
v,0.0004588328010868281, -0.012693962082266808, 0.009962555952370167
v,0.0007124052499420941, -0.0127786910161376, 0.009768038056790829
v,0.0007124052499420941, -0.010347303003072739, 0.009823710657656193
v,0.0007124052499420941, -0.010347303003072739, 0.009823710657656193
v,0.0007124061230570078, -0.009902111254632473, -0.00961938127875328
v,0.00045883364509791136, -0.009708752855658531, -0.009614953771233559
v,0.0007124061230570078, -0.009902111254632473, -0.00961938127875328
v,0.0007124061230570078, -0.012521836906671524, -0.009679364040493965
v,0.0004588336742017418, -0.012517429888248444, -0.00987184140831232
v,0.00045883277198299766, -0.013124111108481884, 0.0034986583050340414
v,0.000712405308149755, -0.012837681919336319, 0.00411471351981163
v,0.0007124054827727377, -0.02174794115126133, -0.00992513820528984
v,0.0007124044932425022, -0.024994980543851852, 0.009419082663953304
v,0.0004588319861795753, -0.025053512305021286, 0.009486980736255646
v,0.00045883283019065857, -0.024608319625258446, -0.009956111200153828
v,0.0007124061230570078, -0.012521836906671524, -0.009679364040493965
v,0.000712405308149755, -0.012837681919336319, 0.00411471351981163
v,0.00045883277198299766, -0.013016355223953724, 0.003468938171863556
v,0.00045883297570981085, -0.02194187417626381, -0.010087634436786175
v,0.0007124054827727377, -0.02174794115126133, -0.00992513820528984
v,0.0007124053663574159, -0.024530723690986633, -0.009994763880968094
v,-0.0004588354495353997, -0.025053512305021286, 0.009486980736255646
v,0.0004588319861795753, -0.025053512305021286, 0.009486980736255646
v,0.0004588319861795753, -0.02486455999314785, 0.009683884680271149
v,0.00045883283019065857, -0.024608319625258446, -0.009956111200153828
v,-0.0004588345473166555, -0.024608319625258446, -0.009956111200153828
v,-0.00045883451821282506, -0.024410555139183998, -0.010144161991775036
v,-0.00045883451821282506, -0.021645165979862213, -0.009920449927449226
v,0.00045883297570981085, -0.021645165979862213, -0.009920449927449226
v,0.00045883297570981085, -0.02194187417626381, -0.010087634436786175
v,0.00045883277198299766, -0.013124111108481884, 0.0034986583050340414
v,-0.00045883446000516415, -0.013124111108481884, 0.0034986587706953287
v,-0.0004588344309013337, -0.013016355223953724, 0.003468938171863556
v,-0.0004588354204315692, -0.022237321361899376, 0.009744040668010712
v,0.00045883216080255806, -0.022237321361899376, 0.009744040668010712
v,0.00045883210259489715, -0.02203955501317978, 0.009555990807712078
v,0.00045883364509791136, -0.012715194374322891, -0.009683791548013687
v,-0.0004588338197208941, -0.012715194374322891, -0.009683791548013687
v,-0.00045883379061706364, -0.012517429888248444, -0.00987184140831232
v,-0.00045883466373197734, -0.021731244400143623, -0.003909069113433361
v,0.00045883271377533674, -0.021731244400143623, -0.003909069113433361
v,0.00045883271377533674, -0.02162422239780426, -0.003938330337405205
v,-0.0004588346346281469, -0.012989935465157032, 0.009794912301003933
v,0.0004588328010868281, -0.012989935465157032, 0.009794912301003933
v,0.0004588328010868281, -0.012693962082266808, 0.009962555952370167
v,-0.000458834576420486, -0.010153944604098797, 0.009828138165175915
v,-0.0004588346346281469, -0.010351710021495819, 0.010016188025474548
v,0.0004588327428791672, -0.010351710021495819, 0.010016188025474548
v,-0.00045883370330557227, -0.009897704236209393, -0.009811858646571636
v,-0.00045883373240940273, -0.009708752855658531, -0.009614953771233559
v,0.00045883364509791136, -0.009708752855658531, -0.009614953771233559
v,0.0004588319861795753, -0.02486455999314785, 0.009683884680271149
v,0.00045883216080255806, -0.022237321361899376, 0.009744040668010712
v,-0.0004588354204315692, -0.022237321361899376, 0.009744040668010712
n,-26.108505249023438, 2.6370778414275264e-06, -8.26798384423455e-07
n,1.4958535530240624e-06, 34.22113800048828, 0.7835668325424194
n,-26.108505249023438, 1.2247757013028604e-06, -7.793709073666832e-07
n,-26.108505249023438, 1.1673633935060934e-06, -1.1409399576223223e-06
n,-1.4958535530240624e-06, -34.22113800048828, -0.7835668325424194
n,-1.4958535530240624e-06, -34.22113800048828, -0.7835668325424194
n,-1.5374987469840562e-06, -0.7871643304824829, 34.37769317626953
n,-26.108505249023438, 1.257057988368615e-06, -8.123980705931899e-07
n,26.108505249023438, -8.256169166998006e-06, -1.0300097130766517e-07
n,26.108505249023438, 2.415458766336087e-07, 1.7133288565673865e-06
n,26.108505249023438, -1.1673633935060934e-06, 1.1409399576223223e-06
n,26.108505249023438, -1.1673633935060934e-06, 1.1409399576223223e-06
n,26.108505249023438, 1.340966946372646e-07, -1.90551787682125e-07
n,26.108505249023438, -1.1673633935060934e-06, 1.1409399576223223e-06
n,26.108505249023438, 3.6399967484612716e-07, 1.1760038205466117e-06
n,1.4958535530240624e-06, 34.22113800048828, 0.7835668325424194
n,1.5374987469840562e-06, 0.7871636748313904, -34.37769317626953
n,26.108505249023438, -1.1673633935060934e-06, 1.1409399576223223e-06
n,-26.108505249023438, 4.968575240127393e-07, -1.287155328100198e-06
n,2.09681638807524e-06, 28.93709373474121, -18.3748836517334
n,-3.124493741779588e-05, -29.01872444152832, 18.24448585510254
n,-26.108505249023438, 4.895305778518377e-07, -8.017469212973083e-07
n,-26.108505249023438, 4.01681916173402e-07, -1.158471832241048e-06
n,1.5374977238025167e-06, 0.7871402502059937, -34.37769317626953
n,-26.108505249023438, 4.5981857965671225e-07, -1.2921728966830415e-06
n,-10.959370613098145, -22.468116760253906, 21.560514450073242
n,-17.997695922851562, 17.126676559448242, 18.011474609375
n,-25.471315383911133, 1.990662693977356, 7.280558109283447
n,-14.405025482177734, -14.119952201843262, 24.92864227294922
n,-15.073766708374023, 19.303115844726562, 20.30035400390625
n,-15.07376480102539, 20.2120361328125, -19.395572662353516
n,-15.07376480102539, -19.303112030029297, -20.30035400390625
n,-25.09242820739746, -2.5248656272888184, -9.154301643371582
n,-6.107253074645996, 16.395492553710938, -29.097505569458008
n,-3.414907932281494, -23.43829917907715, -24.6491756439209
n,10.959364891052246, -22.468120574951172, 21.560518264770508
n,17.997695922851562, 17.12668228149414, 18.011476516723633
n,25.471315383911133, 1.9906346797943115, 7.280567169189453
n,14.405021667480469, -14.119953155517578, 24.928646087646484
n,15.07376480102539, 19.30311393737793, 20.300355911254883
n,15.073766708374023, 20.212038040161133, -19.395570755004883
n,15.07376480102539, -19.30311393737793, -20.300355911254883
n,25.09242820739746, -2.5248405933380127, -9.154306411743164
n,6.107254505157471, 16.395492553710938, -29.097503662109375
n,3.4149067401885986, -23.43829917907715, -24.649173736572266
n,-21.028106689453125, -0.48617467284202576, 20.37572479248047
n,-18.461509704589844, 24.19798469543457, 0.5540642142295837
n,-18.461606979370117, -20.519222259521484, 12.900724411010742
n,-18.46151351928711, -0.5566083192825317, 24.308683395385742
n,-18.461509704589844, 24.19798469543457, 0.5540642738342285
n,-18.461509704589844, 0.5565922856330872, -24.30868911743164
n,-10.85253620147705, 26.322914123535156, -16.705589294433594
n,-7.376033782958984, -32.82707214355469, -0.7516469955444336
n,-18.46151351928711, -24.19798469543457, -0.554066002368927
n,-16.537456512451172, 0.6655610799789429, -26.600597381591797
n,20.95595932006836, -0.46949297189712524, 20.50464630126953
n,18.46151351928711, 24.197986602783203, 0.5540659427642822
n,18.461467742919922, -20.519372940063477, 12.900821685791016
n,18.46150779724121, -0.5566086769104004, 24.308685302734375
n,18.46151351928711, 24.19798469543457, 0.5540659427642822
n,18.46151351928711, 0.5565921068191528, -24.308687210083008
n,10.438765525817871, 26.523527145385742, -16.842283248901367
n,9.619101524353027, -31.813138961791992, -0.7607678771018982
n,18.461509704589844, -24.197986602783203, -0.5540639162063599
n,16.185396194458008, 0.6176540851593018, -26.974756240844727
n,-2.144903646694729e-06, -24.75459861755371, 23.7546329498291
n,2.9447278393490706e-08, -23.64139747619629, -24.862764358520508
n,2.061837676592404e-06, 16.863344192504883, -29.92781639099121
n,1.0394214768894017e-06, -9.139310836791992, -33.136390686035156
n,-2.9447278393490706e-08, 23.64139747619629, 24.862764358520508
n,2.9447278393490706e-08, -23.64139747619629, -24.862764358520508
n,-1.659879126236774e-05, 9.065777778625488, 33.15678405761719
n,-2.0631582628993783e-06, -16.930028915405273, 29.889808654785156
n,-2.9447278393490706e-08, 23.64139747619629, 24.862764358520508
n,2.144903646694729e-06, 24.75459861755371, -23.7546329498291
n,-1.5374977238025167e-06, -0.7871403098106384, 34.37769317626953
n,1.4958535530240624e-06, 34.22113800048828, 0.7835668325424194
n,-1.4958535530240624e-06, -34.22113800048828, -0.7835668325424194
n,-1.4958535530240624e-06, -34.22113800048828, -0.7835668325424194
n,-1.5374987469840562e-06, -0.7871643304824829, 34.37769317626953
n,1.4958535530240624e-06, 34.22113800048828, 0.7835668325424194
n,1.5374987469840562e-06, 0.7871636748313904, -34.37769317626953
n,2.0968166154489154e-06, 28.937095642089844, -18.37488555908203
n,-2.094767978633172e-06, -29.01872444152832, 18.244487762451172
n,1.5374977238025167e-06, 0.7871402502059937, -34.37769317626953
n,-20.95595932006836, -0.46949103474617004, 20.5046443939209
n,-18.46151351928711, 24.19798469543457, 0.5540642142295837
n,-18.461471557617188, -20.51936912536621, 12.900821685791016
n,-18.46151351928711, -0.5566086173057556, 24.308683395385742
n,-18.461511611938477, 24.197982788085938, 0.5540642738342285
n,-18.461511611938477, 0.5565924048423767, -24.308685302734375
n,-10.438765525817871, 26.523529052734375, -16.842283248901367
n,-9.61910343170166, -31.813138961791992, -0.760768711566925
n,-18.46151351928711, -24.197982788085938, -0.5540658831596375
n,-16.185392379760742, 0.6176550984382629, -26.974754333496094
n,21.028104782104492, -0.48617613315582275, 20.375732421875
n,18.46151351928711, 24.19798469543457, 0.5540659427642822
n,18.461606979370117, -20.519222259521484, 12.90072250366211
n,18.46150779724121, -0.5566083788871765, 24.308687210083008
n,18.46151351928711, 24.19798469543457, 0.5540659427642822
n,18.46151351928711, 0.5565921068191528, -24.308687210083008
n,10.852559089660645, 26.322904586791992, -16.705581665039062
n,7.376028537750244, -32.82707214355469, -0.7516463994979858
n,18.461509704589844, -24.197986602783203, -0.5540639162063599
n,16.537456512451172, 0.6655601263046265, -26.60059928894043
n,-2.144903646694729e-06, -24.75459861755371, 23.7546329498291
n,2.9447278393490706e-08, -23.64139747619629, -24.862764358520508
n,2.061837676592404e-06, 16.863344192504883, -29.92781639099121
n,-1.4505338185699657e-05, -9.139432907104492, -33.136356353759766
n,-2.9447278393490706e-08, 23.64139747619629, 24.862764358520508
n,2.9447278393490706e-08, -23.64139747619629, -24.862764358520508
n,-1.0436075399411493e-06, 9.065652847290039, 33.15681838989258
n,-2.0631582628993783e-06, -16.930028915405273, 29.889808654785156
n,-2.9447278393490706e-08, 23.64139747619629, 24.862764358520508
n,2.144903646694729e-06, 24.75459861755371, -23.7546329498291
n,-1.5374977238025167e-06, -0.7871403098106384, 34.37769317626953
u,0.3294813632965088, 0.08362036943435669, 0
u,0.27056023478507996, 0.3952832818031311, 0
u,0.2747962176799774, 0.5229165554046631, 0
u,0.9326973557472229, 0.6538425385951996, 0
u,0.9484358429908752, 0.9503842741250992, 0
u,0.9484357237815857, 0.6538425385951996, 0
u,0.06303513795137405, 0.08284324407577515, 0
u,0.06215817853808403, 0.19982260465621948, 0
u,0.27056023478507996, 0.3952832818031311, 0
u,0.06215817853808403, 0.19982260465621948, 0
u,0.0004436067247297615, 0.0827103853225708, 0
u,-7.2556760599695735e-09, 0.5213555693626404, 0
u,0.7979443073272705, 0.08359432220458984, 0
u,0.8136827945709229, 0.5228964984416962, 0
u,0.8136827349662781, 0.08359432220458984, 0
u,0.9842615723609924, 0.7028238475322723, 0
u,0.9685231447219849, 0.9999999968182882, 0
u,0.9842615723609924, 0.9999999961303403, 0
u,0.9239996671676636, 0.056543588638305664, 0
u,0.9397380948066711, 0.10563862323760986, 0
u,0.9397380948066711, 0.056543588638305664, 0
u,0.27056023478507996, 0.3952832818031311, 0
u,0.06215817853808403, 0.19982260465621948, 0
u,0.2747962176799774, 0.5229165554046631, 0
u,0.6633042693138123, 0.5228717923164368, 0
u,0.6086191534996033, 0.08357560634613037, 0
u,0.6043831706047058, 0.21120893955230713, 0
u,0.6633042693138123, 0.5228717923164368, 0
u,0.6043831706047058, 0.21120893955230713, 0
u,0.6043831706047058, 0.5228712260723114, 0
u,0.3968580365180969, 0.5236489176750183, 0
u,0.6043831706047058, 0.21120893955230713, 0
u,0.3959810733795166, 0.406669557094574, 0
u,0.3959810733795166, 0.406669557094574, 0
u,0.33382290601730347, 0.08513659238815308, 0
u,0.3342665135860443, 0.5237817466259003, 0
u,0.6043831706047058, 0.21120893955230713, 0
u,0.6086191534996033, 0.08357560634613037, 0
u,0.3959810733795166, 0.406669557094574, 0
u,0.3968580365180969, 0.5236489176750183, 0
u,0.3959810733795166, 0.406669557094574, 0
u,0.3342665135860443, 0.5237817466259003, 0
u,0.6633042693138123, 0.5228717923164368, 0
u,0.6633042693138123, 0.08357608318328857, 0
u,0.6086191534996033, 0.08357560634613037, 0
u,0.9598253965377808, 0.017198920249938965, 0
u,0.944087028503418, 0.22256499528884888, 0
u,0.9598253965377808, 0.22256499528884888, 0
u,0.822380542755127, 0.48627912998199463, 0
u,0.8381189703941345, 0.5272442400455475, 0
u,0.8381189703941345, 0.48627912998199463, 0
u,0.3959810733795166, 0.406669557094574, 0
u,0.3959810733795166, 0.08507704734802246, 0
u,0.33382290601730347, 0.08513659238815308, 0
u,0.06215817853808403, 0.19982260465621948, 0
u,-7.2556760599695735e-09, 0.5213555693626404, 0
u,0.06215817108750343, 0.521415114402771, 0
u,0.822380542755127, 0.13084620237350464, 0
u,0.8381189703941345, 0.47884970903396606, 0
u,0.8381189703941345, 0.13084620237350464, 0
u,0.9685231447219849, 1.0000000031817116, 0
u,0.9527847766876221, 0.6943841278553009, 0
u,0.9527847170829773, 1.000000012282209, 0
u,0.06303513795137405, 0.08284324407577515, 0
u,0.0004436067247297615, 0.0827103853225708, 0
u,0.06215817853808403, 0.19982260465621948, 0
u,0.3294813632965088, 0.08362036943435669, 0
u,0.2747962176799774, 0.5229165554046631, 0
u,0.3294813632965088, 0.5229160785675049, 0
u,0.9326974153518677, 0.9565284736454487, 0
u,0.9484358429908752, 0.9999999976963336, 0
u,0.9484358429908752, 0.9565284736454487, 0
u,0.3294813632965088, 0.08362036943435669, 0
u,0.27056023478507996, 0.08362090587615967, 0
u,0.27056023478507996, 0.3952832818031311, 0
u,0.8136827945709229, 0.5272442996501923, 0
u,0.8180316686630249, 0.5213326215744019, 0
u,0.8136827945709229, 0.5228964984416962, 0
u,0.06215079873800278, 0.5272436738014221, 0
u,0.06649968028068542, 0.5228947997093201, 0
u,0.06215817108750343, 0.521415114402771, 0
u,0.06649967283010483, 0.21866625547409058, 0
u,0.06889040768146515, 0.21795016527175903, 0
u,0.06215817853808403, 0.19982260465621948, 0
u,0.2700539827346802, 0.5236090123653412, 0
u,0.27679362893104553, 0.5272416770458221, 0
u,0.2747962176799774, 0.5229165554046631, 0
u,0.9397380948066711, 0.10563862323760986, 0
u,0.9397380948066711, 0.11126846075057983, 0
u,0.9440869688987732, 0.10721558332443237, 0
u,0.9484358429908752, 0.9503842741250992, 0
u,0.9484358429908752, 0.9565284736454487, 0
u,0.9527847170829773, 0.9535928480327129, 0
u,0.2705528736114502, 0.07924842834472656, 0
u,0.26620399951934814, 0.08359730243682861, 0
u,0.27056023478507996, 0.08362090587615967, 0
u,0.26379698514938354, 0.38149595260620117, 0
u,0.27056023478507996, 0.3952832818031311, 0
u,0.26620399951934814, 0.3807690143585205, 0
u,0.8381189703941345, 0.47884970903396606, 0
u,0.8381189703941345, 0.48627912998199463, 0
u,0.8424678444862366, 0.4805915951728821, 0
u,0.8136827349662781, 0.08359432220458984, 0
u,0.8180316090583801, 0.08268088102340698, 0
u,0.8136827349662781, 0.07924437522888184, 0
u,0.7979443669319153, 0.5272442996501923, 0
u,0.7979443669319153, 0.5228964984416962, 0
u,0.7935954928398132, 0.5213326215744019, 0
u,0.39597371220588684, 0.07924854755401611, 0
u,0.3959810733795166, 0.08507704734802246, 0
u,0.4003225862979889, 0.08359736204147339, 0
u,0.4003225862979889, 0.3878259062767029, 0
u,0.3959810733795166, 0.406669557094574, 0
u,0.4027132987976074, 0.3885420560836792, 0
u,0.6038768887519836, 0.08288317918777466, 0
u,0.6086191534996033, 0.08357560634613037, 0
u,0.6106165051460266, 0.0792505145072937, 0
u,0.9239996671676636, 0.10563862323760986, 0
u,0.9196507930755615, 0.10721558332443237, 0
u,0.9239996671676636, 0.11126846075057983, 0
u,0.9326974153518677, 0.9503842778503895, 0
u,0.9283485412597656, 0.9535928517580032, 0
u,0.9326974153518677, 0.9565284736454487, 0
u,0.6043757796287537, 0.5272437334060669, 0
u,0.6043831706047058, 0.5228712260723114, 0
u,0.6000269055366516, 0.5228948891162872, 0
u,0.597619891166687, 0.22499626874923706, 0
u,0.6000269055366516, 0.22572314739227295, 0
u,0.6043831706047058, 0.21120893955230713, 0
u,0.822380542755127, 0.47884970903396606, 0
u,0.8180316686630249, 0.4805915951728821, 0
u,0.822380542755127, 0.48627912998199463, 0
u,0.7979443073272705, 0.08359432220458984, 0
u,0.7979443073272705, 0.07924437522888184, 0
u,0.7935954332351685, 0.08268088102340698, 0
u,0.003060692921280861, 0.5272442400455475, 0
u,0.06215817108750343, 0.521415114402771, 0
u,-7.2556760599695735e-09, 0.5213555693626404, 0
u,0.06215817108750343, 0.521415114402771, 0
u,0.06649967283010483, 0.21866625547409058, 0
u,0.06215817853808403, 0.19982260465621948, 0
u,0.06889040768146515, 0.21795016527175903, 0
u,0.2747962176799774, 0.5229165554046631, 0
u,0.06215817853808403, 0.19982260465621948, 0
u,0.27679362893104553, 0.5272416770458221, 0
u,0.3294813632965088, 0.5229160785675049, 0
u,0.2747962176799774, 0.5229165554046631, 0
u,0.3338228762149811, 0.5228923857212067, 0
u,0.3294813632965088, 0.08362036943435669, 0
u,0.3294813632965088, 0.5229160785675049, 0
u,0.32947400212287903, 0.07924783229827881, 0
u,0.27056023478507996, 0.08362090587615967, 0
u,0.3294813632965088, 0.08362036943435669, 0
u,0.8381189703941345, 0.13084620237350464, 0
u,0.8424678444862366, 0.4805915951728821, 0
u,0.8424678444862366, 0.11657071113586426, 0
u,0.8180316686630249, 0.5213326215744019, 0
u,0.8136827349662781, 0.08359432220458984, 0
u,0.8136827945709229, 0.5228964984416962, 0
u,0.27056023478507996, 0.08362090587615967, 0
u,0.26620399951934814, 0.3807690143585205, 0
u,0.27056023478507996, 0.3952832818031311, 0
u,0.05858458951115608, 0.07925039529800415, 0
u,0.0004436067247297615, 0.0827103853225708, 0
u,0.06303513795137405, 0.08284324407577515, 0
u,0.3368836045265198, 0.07924795150756836, 0
u,0.3959810733795166, 0.08507704734802246, 0
u,0.39597371220588684, 0.07924854755401611, 0
u,0.3959810733795166, 0.08507704734802246, 0
u,0.4003225862979889, 0.3878259062767029, 0
u,0.4003225862979889, 0.08359736204147339, 0
u,0.4027132987976074, 0.3885420560836792, 0
u,0.6086191534996033, 0.08357560634613037, 0
u,0.6038768887519836, 0.08288317918777466, 0
u,0.6106165051460266, 0.0792505145072937, 0
u,0.6633042693138123, 0.08357608318328857, 0
u,0.6632968783378601, 0.0792509913444519, 0
u,0.6633042693138123, 0.08357608318328857, 0
u,0.6676457524299622, 0.5228955149650574, 0
u,0.6676457524299622, 0.08359980583190918, 0
u,0.6633042693138123, 0.5228717923164368, 0
u,0.6043757796287537, 0.5272437334060669, 0
u,0.6632968783378601, 0.5272442996501923, 0
u,0.822380542755127, 0.13084620237350464, 0
u,0.8180316686630249, 0.4805915951728821, 0
u,0.822380542755127, 0.47884970903396606, 0
u,0.7935954928398132, 0.5213326215744019, 0
u,0.7979443073272705, 0.08359432220458984, 0
u,0.7935954332351685, 0.08268088102340698, 0
u,0.6043831706047058, 0.5228712260723114, 0
u,0.6000269055366516, 0.22572314739227295, 0
u,0.6000269055366516, 0.5228948891162872, 0
u,0.39240750670433044, 0.5272417962551117, 0
u,0.3342665135860443, 0.5237817466259003, 0
u,0.3368836045265198, 0.5272412896156311, 0
u,0.8136827945709229, 0.5228964984416962, 0
u,0.7979443669319153, 0.5272442996501923, 0
u,0.8136827945709229, 0.5272442996501923, 0
u,0.7979443073272705, 0.08359432220458984, 0
u,0.8136827349662781, 0.07924437522888184, 0
u,0.7979443073272705, 0.07924437522888184, 0
u,0.8381189703941345, 0.47884970903396606, 0
u,0.822380542755127, 0.48627912998199463, 0
u,0.8381189703941345, 0.48627912998199463, 0
u,0.822380542755127, 0.13084620237350464, 0
u,0.8381189703941345, 0.12956100702285767, 0
u,0.822380542755127, 0.12956100702285767, 0
u,0.9283486008644104, 0.5987739562988281, 0
u,0.9440869688987732, 0.5931440889835358, 0
u,0.9283486008644104, 0.5931440889835358, 0
u,0.9685231447219849, 0.7028238475322723, 0
u,0.9842615723609924, 0.6984739005565643, 0
u,0.9685231447219849, 0.6984739005565643, 0
u,0.8938279747962952, 0.4294995665550232, 0
u,0.8913402557373047, 0.4137611389160156, 0
u,0.8913402557373047, 0.4294995665550232, 0
u,0.9397380948066711, 0.05157989263534546, 0
u,0.9239996671676636, 0.056543588638305664, 0
u,0.9397380948066711, 0.056543588638305664, 0
u,0.9397380948066711, 0.11126846075057983, 0
u,0.9239996671676636, 0.10563862323760986, 0
u,0.9239996671676636, 0.11126846075057983, 0
u,0.9484358429908752, 0.9565284736454487, 0
u,0.9326974153518677, 0.9503842778503895, 0
u,0.9326974153518677, 0.9565284736454487, 0
u,0.9440869688987732, 0.6538425385951996, 0
u,0.9283486008644104, 0.5987739562988281, 0
u,0.9283486008644104, 0.6538425385951996, 0
u,0.9326973557472229, 0.6538425385951996, 0
u,0.9326974153518677, 0.9503842778503895, 0
u,0.9484358429908752, 0.9503842741250992, 0
u,0.7979443073272705, 0.08359432220458984, 0
u,0.7979443669319153, 0.5228964984416962, 0
u,0.8136827945709229, 0.5228964984416962, 0
u,0.9842615723609924, 0.7028238475322723, 0
u,0.9685231447219849, 0.7028238475322723, 0
u,0.9685231447219849, 0.9999999968182882, 0
u,0.9239996671676636, 0.056543588638305664, 0
u,0.9239996671676636, 0.10563862323760986, 0
u,0.9397380948066711, 0.10563862323760986, 0
u,0.9598253965377808, 0.017198920249938965, 0
u,0.9440869688987732, 0.017198920249938965, 0
u,0.944087028503418, 0.22256499528884888, 0
u,0.822380542755127, 0.48627912998199463, 0
u,0.822380542755127, 0.5272442400455475, 0
u,0.8381189703941345, 0.5272442400455475, 0
u,0.822380542755127, 0.13084620237350464, 0
u,0.822380542755127, 0.47884970903396606, 0
u,0.8381189703941345, 0.47884970903396606, 0
u,0.9685231447219849, 1.0000000031817116, 0
u,0.9685231447219849, 0.6943841278553009, 0
u,0.9527847766876221, 0.6943841278553009, 0
u,0.9326974153518677, 0.9565284736454487, 0
u,0.9326974153518677, 0.9999999983842816, 0
u,0.9484358429908752, 0.9999999976963336, 0
u,0.003060692921280861, 0.5272442400455475, 0
u,0.06215079873800278, 0.5272436738014221, 0
u,0.06215817108750343, 0.521415114402771, 0
u,0.06215817108750343, 0.521415114402771, 0
u,0.06649968028068542, 0.5228947997093201, 0
u,0.06649967283010483, 0.21866625547409058, 0
u,0.06889040768146515, 0.21795016527175903, 0
u,0.2700539827346802, 0.5236090123653412, 0
u,0.2747962176799774, 0.5229165554046631, 0
u,0.27679362893104553, 0.5272416770458221, 0
u,0.32947397232055664, 0.5272412002086639, 0
u,0.3294813632965088, 0.5229160785675049, 0
u,0.3338228762149811, 0.5228923857212067, 0
u,0.3338228762149811, 0.08359664678573608, 0
u,0.3294813632965088, 0.08362036943435669, 0
u,0.32947400212287903, 0.07924783229827881, 0
u,0.2705528736114502, 0.07924842834472656, 0
u,0.27056023478507996, 0.08362090587615967, 0
u,0.8381189703941345, 0.13084620237350464, 0
u,0.8381189703941345, 0.47884970903396606, 0
u,0.8424678444862366, 0.4805915951728821, 0
u,0.8180316686630249, 0.5213326215744019, 0
u,0.8180316090583801, 0.08268088102340698, 0
u,0.8136827349662781, 0.08359432220458984, 0
u,0.27056023478507996, 0.08362090587615967, 0
u,0.26620399951934814, 0.08359730243682861, 0
u,0.26620399951934814, 0.3807690143585205, 0
u,0.05858458951115608, 0.07925039529800415, 0
u,0.003060699673369527, 0.07925087213516235, 0
u,0.0004436067247297615, 0.0827103853225708, 0
u,0.3368836045265198, 0.07924795150756836, 0
u,0.33382290601730347, 0.08513659238815308, 0
u,0.3959810733795166, 0.08507704734802246, 0
u,0.3959810733795166, 0.08507704734802246, 0
u,0.3959810733795166, 0.406669557094574, 0
u,0.4003225862979889, 0.3878259062767029, 0
u,0.4027132987976074, 0.3885420560836792, 0
u,0.3959810733795166, 0.406669557094574, 0
u,0.6086191534996033, 0.08357560634613037, 0
u,0.6106165051460266, 0.0792505145072937, 0
u,0.6086191534996033, 0.08357560634613037, 0
u,0.6633042693138123, 0.08357608318328857, 0
u,0.6633042693138123, 0.08357608318328857, 0
u,0.6633042693138123, 0.5228717923164368, 0
u,0.6676457524299622, 0.5228955149650574, 0
u,0.6633042693138123, 0.5228717923164368, 0
u,0.6043831706047058, 0.5228712260723114, 0
u,0.6043757796287537, 0.5272437334060669, 0
u,0.822380542755127, 0.13084620237350464, 0
u,0.8180316686630249, 0.11657071113586426, 0
u,0.8180316686630249, 0.4805915951728821, 0
u,0.7935954928398132, 0.5213326215744019, 0
u,0.7979443669319153, 0.5228964984416962, 0
u,0.7979443073272705, 0.08359432220458984, 0
u,0.6043831706047058, 0.5228712260723114, 0
u,0.6043831706047058, 0.21120893955230713, 0
u,0.6000269055366516, 0.22572314739227295, 0
u,0.39240750670433044, 0.5272417962551117, 0
u,0.3968580365180969, 0.5236489176750183, 0
u,0.3342665135860443, 0.5237817466259003, 0
u,0.8136827945709229, 0.5228964984416962, 0
u,0.7979443669319153, 0.5228964984416962, 0
u,0.7979443669319153, 0.5272442996501923, 0
u,0.7979443073272705, 0.08359432220458984, 0
u,0.8136827349662781, 0.08359432220458984, 0
u,0.8136827349662781, 0.07924437522888184, 0
u,0.8381189703941345, 0.47884970903396606, 0
u,0.822380542755127, 0.47884970903396606, 0
u,0.822380542755127, 0.48627912998199463, 0
u,0.822380542755127, 0.13084620237350464, 0
u,0.8381189703941345, 0.13084620237350464, 0
u,0.8381189703941345, 0.12956100702285767, 0
u,0.9283486008644104, 0.5987739562988281, 0
u,0.9440869688987732, 0.5987739562988281, 0
u,0.9440869688987732, 0.5931440889835358, 0
u,0.9685231447219849, 0.7028238475322723, 0
u,0.9842615723609924, 0.7028238475322723, 0
u,0.9842615723609924, 0.6984739005565643, 0
u,0.8938279747962952, 0.4294995665550232, 0
u,0.8938279747962952, 0.4137611389160156, 0
u,0.8913402557373047, 0.4137611389160156, 0
u,0.9397380948066711, 0.05157989263534546, 0
u,0.9239996671676636, 0.05157989263534546, 0
u,0.9239996671676636, 0.056543588638305664, 0
u,0.9397380948066711, 0.11126846075057983, 0
u,0.9397380948066711, 0.10563862323760986, 0
u,0.9239996671676636, 0.10563862323760986, 0
u,0.9484358429908752, 0.9565284736454487, 0
u,0.9484358429908752, 0.9503842741250992, 0
u,0.9326974153518677, 0.9503842778503895, 0
u,0.9440869688987732, 0.6538425385951996, 0
u,0.9440869688987732, 0.5987739562988281, 0
u,0.9283486008644104, 0.5987739562988281, 0
