v,-0.006735657807439566, -0.02257770113646984, -0.010412564501166344
v,-0.004852404817938805, -0.02075563557446003, 0.003385129850357771
v,-0.00498779583722353, -0.020886627957224846, 0.009035622701048851
v,-0.007689062040299177, -0.021870432421565056, 0.009035623632371426
v,-0.007050975691527128, -0.022529946640133858, -0.010412564501166344
v,-0.007050975225865841, -0.022529946640133858, 0.009035623632371426
v,0.0017805679235607386, -0.014338169246912003, -0.01044707652181387
v,0.0018085981719195843, -0.014311050064861774, -0.0052682505920529366
v,-0.004852404817938805, -0.02075563557446003, 0.003385129850357771
v,0.0018085981719195843, -0.014311050064861774, -0.0052682505920529366
v,0.0037811354268342257, -0.012402599677443504, -0.010452983900904655
v,0.00379531504586339, -0.012388882227241993, 0.00896640308201313
v,0.0030218472238630056, -0.011507521383464336, -0.010412564501166344
v,0.0036599342711269855, -0.012167036533355713, 0.009035623632371426
v,0.0036599338054656982, -0.012167035602033138, -0.010412564501166344
v,-0.004889723379164934, -0.020438913255929947, -0.010412563569843769
v,-0.005527809262275696, -0.019779399037361145, 0.002743613440543413
v,-0.004889722913503647, -0.020438913255929947, 0.002743613440543413
v,-0.00586627796292305, -0.02010687068104744, 0.009228150360286236
v,-0.0069119748659431934, -0.022395461797714233, 0.00922815129160881
v,-0.005228191148489714, -0.02076638489961624, 0.009228150360286236
v,-0.004852404817938805, -0.02075563557446003, 0.003385129850357771
v,0.0018085981719195843, -0.014311050064861774, -0.0052682505920529366
v,-0.00498779583722353, -0.020886627957224846, 0.009035622701048851
v,-0.007726380135864019, -0.021553708240389824, -0.010412564501166344
v,-0.0059785181656479836, -0.019862636923789978, 0.009035622701048851
v,-0.005843127146363258, -0.019731644541025162, 0.003385129850357771
v,-0.007726380135864019, -0.021553708240389824, -0.010412564501166344
v,-0.005843127146363258, -0.019731644541025162, 0.003385129850357771
v,-0.005843127612024546, -0.019731642678380013, -0.010412563569843769
v,0.0007898456533439457, -0.01331417728215456, -0.01044707652181387
v,-0.005843127146363258, -0.019731644541025162, 0.003385129850357771
v,0.0008178758434951305, -0.013287058100104332, -0.0052682505920529366
v,0.0008178758434951305, -0.013287058100104332, -0.0052682505920529366
v,0.0028045927174389362, -0.01136489026248455, 0.00896640308201313
v,0.002790413098409772, -0.011378607712686062, -0.010452983900904655
v,-0.005843127146363258, -0.019731644541025162, 0.003385129850357771
v,-0.0059785181656479836, -0.019862636923789978, 0.009035622701048851
v,0.0008178758434951305, -0.013287058100104332, -0.0052682505920529366
v,0.0007898456533439457, -0.01331417728215456, -0.01044707652181387
v,0.0008178758434951305, -0.013287058100104332, -0.0052682505920529366
v,0.002790413098409772, -0.011378607712686062, -0.010452983900904655
v,-0.007726380135864019, -0.021553708240389824, -0.010412564501166344
v,-0.007726379204541445, -0.021553710103034973, 0.009035623632371426
v,-0.0059785181656479836, -0.019862636923789978, 0.009035622701048851
v,0.0014932804042473435, -0.014263295568525791, 0.009035622701048851
v,0.0008551934151910245, -0.013603780418634415, -0.0044329664669930935
v,0.0014932799385860562, -0.014263295568525791, -0.0044329664669930935
v,0.001108177239075303, -0.013359015807509422, -0.010605092160403728
v,0.003520933911204338, -0.012301519513130188, -0.010605093091726303
v,0.0017462637042626739, -0.014018530026078224, -0.010605092160403728
v,0.0008178758434951305, -0.013287058100104332, -0.0052682505920529366
v,0.0008178762509487569, -0.013287058100104332, 0.008969064801931381
v,0.0028045927174389362, -0.01136489026248455, 0.00896640308201313
v,0.0018085981719195843, -0.014311050064861774, -0.0052682505920529366
v,0.00379531504586339, -0.012388882227241993, 0.00896640308201313
v,0.0018085986375808716, -0.014311050064861774, 0.008969064801931381
v,-0.005450875498354435, -0.019704964011907578, 0.002775792498141527
v,0.0015303301624953747, -0.014227448031306267, -0.010444742627441883
v,-0.004812789149582386, -0.02036447823047638, 0.0027757929638028145
v,0.0007787804934196174, -0.01367771066725254, -0.004464670084416866
v,-0.005012776702642441, -0.02055796980857849, 0.009067325852811337
v,0.001416867016814649, -0.014337225817143917, -0.004464670550078154
v,0.0017805679235607386, -0.014338169246912003, -0.01044707652181387
v,0.0037811354268342257, -0.012402599677443504, -0.010452983900904655
v,0.0018085981719195843, -0.014311050064861774, -0.0052682505920529366
v,-0.006735657807439566, -0.02257770113646984, -0.010412564501166344
v,-0.00498779583722353, -0.020886627957224846, 0.009035622701048851
v,-0.006735656876116991, -0.02257770113646984, 0.009035623632371426
v,-0.007550062146037817, -0.02173594757914543, -0.010605093091726303
v,-0.005028723273426294, -0.020573396235704422, -0.010605092160403728
v,-0.006911975331604481, -0.022395461797714233, -0.010605093091726303
v,-0.006735657807439566, -0.02257770113646984, -0.010412564501166344
v,-0.004852405283600092, -0.02075563557446003, -0.010412563569843769
v,-0.004852404817938805, -0.02075563557446003, 0.003385129850357771
v,0.0035209343768656254, -0.012301520444452763, 0.00922815129160881
v,0.00379531504586339, -0.012388882227241993, 0.00896640308201313
v,0.0036599342711269855, -0.012167036533355713, 0.009035623632371426
v,0.001632280764169991, -0.014128811657428741, 0.009228150360286236
v,0.0014932804042473435, -0.014263295568525791, 0.009035622701048851
v,0.0018085986375808716, -0.014311050064861774, 0.008969064801931381
v,0.0014932799385860562, -0.014263295568525791, -0.0044329664669930935
v,0.001416867016814649, -0.014337225817143917, -0.004464670550078154
v,0.0018085981719195843, -0.014311050064861774, -0.0052682505920529366
v,-0.005012776702642441, -0.02055796980857849, 0.009067325852811337
v,-0.005228191148489714, -0.02076638489961624, 0.009228150360286236
v,-0.00498779583722353, -0.020886627957224846, 0.009035622701048851
v,-0.0069119748659431934, -0.022395461797714233, 0.00922815129160881
v,-0.007050975225865841, -0.022529946640133858, 0.009035623632371426
v,-0.006735656876116991, -0.02257770113646984, 0.009035623632371426
v,-0.007050975691527128, -0.022529946640133858, -0.010412564501166344
v,-0.006911975331604481, -0.022395461797714233, -0.010605093091726303
v,-0.006735657807439566, -0.02257770113646984, -0.010412564501166344
v,-0.005028723273426294, -0.020573396235704422, -0.010605092160403728
v,-0.004889723379164934, -0.020438913255929947, -0.010412563569843769
v,-0.004852405283600092, -0.02075563557446003, -0.010412563569843769
v,-0.004812789149582386, -0.02036447823047638, 0.0027757929638028145
v,-0.004852404817938805, -0.02075563557446003, 0.003385129850357771
v,-0.004889722913503647, -0.020438913255929947, 0.002743613440543413
v,0.0015303301624953747, -0.014227448031306267, -0.010444742627441883
v,0.0017462637042626739, -0.014018530026078224, -0.010605092160403728
v,0.0017805679235607386, -0.014338169246912003, -0.01044707652181387
v,0.0036599338054656982, -0.012167035602033138, -0.010412564501166344
v,0.0037811354268342257, -0.012402599677443504, -0.010452983900904655
v,0.003520933911204338, -0.012301519513130188, -0.010605093091726303
v,0.0028828477952629328, -0.01164200622588396, 0.00922815129160881
v,0.003021847689524293, -0.011507522314786911, 0.009035623632371426
v,0.0028045927174389362, -0.01136489026248455, 0.00896640308201313
v,0.0009941940661519766, -0.01346929743885994, 0.009228150360286236
v,0.0008178762509487569, -0.013287058100104332, 0.008969064801931381
v,0.0008551938226446509, -0.01360378134995699, 0.009035622701048851
v,0.0008551934151910245, -0.013603780418634415, -0.0044329664669930935
v,0.0008178758434951305, -0.013287058100104332, -0.0052682505920529366
v,0.0007787804934196174, -0.01367771066725254, -0.004464670084416866
v,-0.005650863517075777, -0.01989845559000969, 0.009067325852811337
v,-0.0059785181656479836, -0.019862636923789978, 0.009035622701048851
v,-0.00586627796292305, -0.02010687068104744, 0.009228150360286236
v,-0.00755006168037653, -0.02173594757914543, 0.00922815129160881
v,-0.007726379204541445, -0.021553710103034973, 0.009035623632371426
v,-0.007689062040299177, -0.021870432421565056, 0.009035623632371426
v,-0.0076890625059604645, -0.021870432421565056, -0.010412564501166344
v,-0.007726380135864019, -0.021553708240389824, -0.010412564501166344
v,-0.007550062146037817, -0.02173594757914543, -0.010605093091726303
v,-0.005666810087859631, -0.01991388201713562, -0.010605092160403728
v,-0.005843127612024546, -0.019731642678380013, -0.010412563569843769
v,-0.005527809727936983, -0.019779399037361145, -0.010412563569843769
v,-0.005450875498354435, -0.019704964011907578, 0.002775792498141527
v,-0.005527809262275696, -0.019779399037361145, 0.002743613440543413
v,-0.005843127146363258, -0.019731644541025162, 0.003385129850357771
v,0.0008922435226850212, -0.013567933812737465, -0.010444742627441883
v,0.0007898456533439457, -0.01331417728215456, -0.01044707652181387
v,0.001108177239075303, -0.013359015807509422, -0.010605092160403728
v,0.0030218472238630056, -0.011507521383464336, -0.010412564501166344
v,0.0028828473296016455, -0.011642005294561386, -0.010605093091726303
v,0.002790413098409772, -0.011378607712686062, -0.010452983900904655
v,0.0035209343768656254, -0.012301520444452763, 0.00922815129160881
v,0.0018085986375808716, -0.014311050064861774, 0.008969064801931381
v,0.00379531504586339, -0.012388882227241993, 0.00896640308201313
v,0.0018085986375808716, -0.014311050064861774, 0.008969064801931381
v,0.0014932799385860562, -0.014263295568525791, -0.0044329664669930935
v,0.0018085981719195843, -0.014311050064861774, -0.0052682505920529366
v,0.001416867016814649, -0.014337225817143917, -0.004464670550078154
v,-0.00498779583722353, -0.020886627957224846, 0.009035622701048851
v,0.0018085981719195843, -0.014311050064861774, -0.0052682505920529366
v,-0.005228191148489714, -0.02076638489961624, 0.009228150360286236
v,-0.006735656876116991, -0.02257770113646984, 0.009035623632371426
v,-0.00498779583722353, -0.020886627957224846, 0.009035622701048851
v,-0.007050975225865841, -0.022529946640133858, 0.009035623632371426
v,-0.006735657807439566, -0.02257770113646984, -0.010412564501166344
v,-0.006735656876116991, -0.02257770113646984, 0.009035623632371426
v,-0.006911975331604481, -0.022395461797714233, -0.010605093091726303
v,-0.004852405283600092, -0.02075563557446003, -0.010412563569843769
v,-0.006735657807439566, -0.02257770113646984, -0.010412564501166344
v,-0.004812789149582386, -0.02036447823047638, 0.0027757929638028145
v,0.0017805679235607386, -0.014338169246912003, -0.01044707652181387
v,-0.004852404817938805, -0.02075563557446003, 0.003385129850357771
v,0.00379531504586339, -0.012388882227241993, 0.00896640308201313
v,0.0036599338054656982, -0.012167035602033138, -0.010412564501166344
v,0.0036599342711269855, -0.012167036533355713, 0.009035623632371426
v,-0.004852405283600092, -0.02075563557446003, -0.010412563569843769
v,-0.004889722913503647, -0.020438913255929947, 0.002743613440543413
v,-0.004852404817938805, -0.02075563557446003, 0.003385129850357771
v,0.0017462637042626739, -0.014018530026078224, -0.010605092160403728
v,0.0037811354268342257, -0.012402599677443504, -0.010452983900904655
v,0.0017805679235607386, -0.014338169246912003, -0.01044707652181387
v,0.0028828477952629328, -0.01164200622588396, 0.00922815129160881
v,0.0008178762509487569, -0.013287058100104332, 0.008969064801931381
v,0.0009941940661519766, -0.01346929743885994, 0.009228150360286236
v,0.0008178762509487569, -0.013287058100104332, 0.008969064801931381
v,0.0008551934151910245, -0.013603780418634415, -0.0044329664669930935
v,0.0008551938226446509, -0.01360378134995699, 0.009035622701048851
v,0.0007787804934196174, -0.01367771066725254, -0.004464670084416866
v,-0.0059785181656479836, -0.019862636923789978, 0.009035622701048851
v,-0.005650863517075777, -0.01989845559000969, 0.009067325852811337
v,-0.00586627796292305, -0.02010687068104744, 0.009228150360286236
v,-0.007726379204541445, -0.021553710103034973, 0.009035623632371426
v,-0.00755006168037653, -0.02173594757914543, 0.00922815129160881
v,-0.007726379204541445, -0.021553710103034973, 0.009035623632371426
v,-0.0076890625059604645, -0.021870432421565056, -0.010412564501166344
v,-0.007689062040299177, -0.021870432421565056, 0.009035623632371426
v,-0.007726380135864019, -0.021553708240389824, -0.010412564501166344
v,-0.005666810087859631, -0.01991388201713562, -0.010605092160403728
v,-0.007550062146037817, -0.02173594757914543, -0.010605093091726303
v,-0.005450875498354435, -0.019704964011907578, 0.002775792498141527
v,0.0007898456533439457, -0.01331417728215456, -0.01044707652181387
v,0.0008922435226850212, -0.013567933812737465, -0.010444742627441883
v,0.0028045927174389362, -0.01136489026248455, 0.00896640308201313
v,0.0030218472238630056, -0.011507521383464336, -0.010412564501166344
v,0.002790413098409772, -0.011378607712686062, -0.010452983900904655
v,-0.005843127612024546, -0.019731642678380013, -0.010412563569843769
v,-0.005527809262275696, -0.019779399037361145, 0.002743613440543413
v,-0.005527809727936983, -0.019779399037361145, -0.010412563569843769
v,0.001108177239075303, -0.013359015807509422, -0.010605092160403728
v,0.002790413098409772, -0.011378607712686062, -0.010452983900904655
v,0.0028828473296016455, -0.011642005294561386, -0.010605093091726303
v,0.0036599342711269855, -0.012167036533355713, 0.009035623632371426
v,0.0028828477952629328, -0.01164200622588396, 0.00922815129160881
v,0.0035209343768656254, -0.012301520444452763, 0.00922815129160881
v,0.0030218472238630056, -0.011507521383464336, -0.010412564501166344
v,0.003520933911204338, -0.012301519513130188, -0.010605093091726303
v,0.0028828473296016455, -0.011642005294561386, -0.010605093091726303
v,0.0015303301624953747, -0.014227448031306267, -0.010444742627441883
v,0.001108177239075303, -0.013359015807509422, -0.010605092160403728
v,0.0017462637042626739, -0.014018530026078224, -0.010605092160403728
v,-0.005450875498354435, -0.019704964011907578, 0.002775792498141527
v,-0.004889722913503647, -0.020438913255929947, 0.002743613440543413
v,-0.005527809262275696, -0.019779399037361145, 0.002743613440543413
v,0.001632280764169991, -0.014128811657428741, 0.009228150360286236
v,0.0008551938226446509, -0.01360378134995699, 0.009035622701048851
v,0.0014932804042473435, -0.014263295568525791, 0.009035622701048851
v,-0.005527809727936983, -0.019779399037361145, -0.010412563569843769
v,-0.005028723273426294, -0.020573396235704422, -0.010605092160403728
v,-0.005666810087859631, -0.01991388201713562, -0.010605092160403728
v,0.0014932799385860562, -0.014263295568525791, -0.0044329664669930935
v,0.0007787804934196174, -0.01367771066725254, -0.004464670084416866
v,0.001416867016814649, -0.014337225817143917, -0.004464670550078154
v,-0.005012776702642441, -0.02055796980857849, 0.009067325852811337
v,-0.00586627796292305, -0.02010687068104744, 0.009228150360286236
v,-0.005228191148489714, -0.02076638489961624, 0.009228150360286236
v,-0.007050975225865841, -0.022529946640133858, 0.009035623632371426
v,-0.00755006168037653, -0.02173594757914543, 0.00922815129160881
v,-0.007689062040299177, -0.021870432421565056, 0.009035623632371426
v,-0.006911975331604481, -0.022395461797714233, -0.010605093091726303
v,-0.0076890625059604645, -0.021870432421565056, -0.010412564501166344
v,-0.007550062146037817, -0.02173594757914543, -0.010605093091726303
v,0.0028828477952629328, -0.01164200622588396, 0.00922815129160881
v,0.001632280764169991, -0.014128811657428741, 0.009228150360286236
v,0.0035209343768656254, -0.012301520444452763, 0.00922815129160881
v,-0.007689062040299177, -0.021870432421565056, 0.009035623632371426
v,-0.0076890625059604645, -0.021870432421565056, -0.010412564501166344
v,-0.007050975691527128, -0.022529946640133858, -0.010412564501166344
v,0.0030218472238630056, -0.011507521383464336, -0.010412564501166344
v,0.003021847689524293, -0.011507522314786911, 0.009035623632371426
v,0.0036599342711269855, -0.012167036533355713, 0.009035623632371426
v,-0.004889723379164934, -0.020438913255929947, -0.010412563569843769
v,-0.005527809727936983, -0.019779399037361145, -0.010412563569843769
v,-0.005527809262275696, -0.019779399037361145, 0.002743613440543413
v,-0.00586627796292305, -0.02010687068104744, 0.009228150360286236
v,-0.00755006168037653, -0.02173594757914543, 0.00922815129160881
v,-0.0069119748659431934, -0.022395461797714233, 0.00922815129160881
v,0.0014932804042473435, -0.014263295568525791, 0.009035622701048851
v,0.0008551938226446509, -0.01360378134995699, 0.009035622701048851
v,0.0008551934151910245, -0.013603780418634415, -0.0044329664669930935
v,0.001108177239075303, -0.013359015807509422, -0.010605092160403728
v,0.0028828473296016455, -0.011642005294561386, -0.010605093091726303
v,0.003520933911204338, -0.012301519513130188, -0.010605093091726303
v,-0.005450875498354435, -0.019704964011907578, 0.002775792498141527
v,0.0008922435226850212, -0.013567933812737465, -0.010444742627441883
v,0.0015303301624953747, -0.014227448031306267, -0.010444742627441883
v,0.0007787804934196174, -0.01367771066725254, -0.004464670084416866
v,-0.005650863517075777, -0.01989845559000969, 0.009067325852811337
v,-0.005012776702642441, -0.02055796980857849, 0.009067325852811337
v,-0.007550062146037817, -0.02173594757914543, -0.010605093091726303
v,-0.005666810087859631, -0.01991388201713562, -0.010605092160403728
v,-0.005028723273426294, -0.020573396235704422, -0.010605092160403728
v,0.0035209343768656254, -0.012301520444452763, 0.00922815129160881
v,0.001632280764169991, -0.014128811657428741, 0.009228150360286236
v,0.0018085986375808716, -0.014311050064861774, 0.008969064801931381
v,0.0018085986375808716, -0.014311050064861774, 0.008969064801931381
v,0.0014932804042473435, -0.014263295568525791, 0.009035622701048851
v,0.0014932799385860562, -0.014263295568525791, -0.0044329664669930935
v,0.001416867016814649, -0.014337225817143917, -0.004464670550078154
v,-0.005012776702642441, -0.02055796980857849, 0.009067325852811337
v,-0.00498779583722353, -0.020886627957224846, 0.009035622701048851
v,-0.005228191148489714, -0.02076638489961624, 0.009228150360286236
v,-0.0069119748659431934, -0.022395461797714233, 0.00922815129160881
v,-0.006735656876116991, -0.02257770113646984, 0.009035623632371426
v,-0.007050975225865841, -0.022529946640133858, 0.009035623632371426
v,-0.007050975691527128, -0.022529946640133858, -0.010412564501166344
v,-0.006735657807439566, -0.02257770113646984, -0.010412564501166344
v,-0.006911975331604481, -0.022395461797714233, -0.010605093091726303
v,-0.005028723273426294, -0.020573396235704422, -0.010605092160403728
v,-0.004852405283600092, -0.02075563557446003, -0.010412563569843769
v,-0.004812789149582386, -0.02036447823047638, 0.0027757929638028145
v,0.0015303301624953747, -0.014227448031306267, -0.010444742627441883
v,0.0017805679235607386, -0.014338169246912003, -0.01044707652181387
v,0.00379531504586339, -0.012388882227241993, 0.00896640308201313
v,0.0037811354268342257, -0.012402599677443504, -0.010452983900904655
v,0.0036599338054656982, -0.012167035602033138, -0.010412564501166344
v,-0.004852405283600092, -0.02075563557446003, -0.010412563569843769
v,-0.004889723379164934, -0.020438913255929947, -0.010412563569843769
v,-0.004889722913503647, -0.020438913255929947, 0.002743613440543413
v,0.0017462637042626739, -0.014018530026078224, -0.010605092160403728
v,0.003520933911204338, -0.012301519513130188, -0.010605093091726303
v,0.0037811354268342257, -0.012402599677443504, -0.010452983900904655
v,0.0028828477952629328, -0.01164200622588396, 0.00922815129160881
v,0.0028045927174389362, -0.01136489026248455, 0.00896640308201313
v,0.0008178762509487569, -0.013287058100104332, 0.008969064801931381
v,0.0008178762509487569, -0.013287058100104332, 0.008969064801931381
v,0.0008178758434951305, -0.013287058100104332, -0.0052682505920529366
v,0.0008551934151910245, -0.013603780418634415, -0.0044329664669930935
v,0.0007787804934196174, -0.01367771066725254, -0.004464670084416866
v,0.0008178758434951305, -0.013287058100104332, -0.0052682505920529366
v,-0.0059785181656479836, -0.019862636923789978, 0.009035622701048851
v,-0.00586627796292305, -0.02010687068104744, 0.009228150360286236
v,-0.0059785181656479836, -0.019862636923789978, 0.009035622701048851
v,-0.007726379204541445, -0.021553710103034973, 0.009035623632371426
v,-0.007726379204541445, -0.021553710103034973, 0.009035623632371426
v,-0.007726380135864019, -0.021553708240389824, -0.010412564501166344
v,-0.0076890625059604645, -0.021870432421565056, -0.010412564501166344
v,-0.007726380135864019, -0.021553708240389824, -0.010412564501166344
v,-0.005843127612024546, -0.019731642678380013, -0.010412563569843769
v,-0.005666810087859631, -0.01991388201713562, -0.010605092160403728
v,-0.005450875498354435, -0.019704964011907578, 0.002775792498141527
v,-0.005843127146363258, -0.019731644541025162, 0.003385129850357771
v,0.0007898456533439457, -0.01331417728215456, -0.01044707652181387
v,0.0028045927174389362, -0.01136489026248455, 0.00896640308201313
v,0.003021847689524293, -0.011507522314786911, 0.009035623632371426
v,0.0030218472238630056, -0.011507521383464336, -0.010412564501166344
v,-0.005843127612024546, -0.019731642678380013, -0.010412563569843769
v,-0.005843127146363258, -0.019731644541025162, 0.003385129850357771
v,-0.005527809262275696, -0.019779399037361145, 0.002743613440543413
v,0.001108177239075303, -0.013359015807509422, -0.010605092160403728
v,0.0007898456533439457, -0.01331417728215456, -0.01044707652181387
v,0.002790413098409772, -0.011378607712686062, -0.010452983900904655
v,0.0036599342711269855, -0.012167036533355713, 0.009035623632371426
v,0.003021847689524293, -0.011507522314786911, 0.009035623632371426
v,0.0028828477952629328, -0.01164200622588396, 0.00922815129160881
v,0.0030218472238630056, -0.011507521383464336, -0.010412564501166344
v,0.0036599338054656982, -0.012167035602033138, -0.010412564501166344
v,0.003520933911204338, -0.012301519513130188, -0.010605093091726303
v,0.0015303301624953747, -0.014227448031306267, -0.010444742627441883
v,0.0008922435226850212, -0.013567933812737465, -0.010444742627441883
v,0.001108177239075303, -0.013359015807509422, -0.010605092160403728
v,-0.005450875498354435, -0.019704964011907578, 0.002775792498141527
v,-0.004812789149582386, -0.02036447823047638, 0.0027757929638028145
v,-0.004889722913503647, -0.020438913255929947, 0.002743613440543413
v,0.001632280764169991, -0.014128811657428741, 0.009228150360286236
v,0.0009941940661519766, -0.01346929743885994, 0.009228150360286236
v,0.0008551938226446509, -0.01360378134995699, 0.009035622701048851
v,-0.005527809727936983, -0.019779399037361145, -0.010412563569843769
v,-0.004889723379164934, -0.020438913255929947, -0.010412563569843769
v,-0.005028723273426294, -0.020573396235704422, -0.010605092160403728
v,0.0014932799385860562, -0.014263295568525791, -0.0044329664669930935
v,0.0008551934151910245, -0.013603780418634415, -0.0044329664669930935
v,0.0007787804934196174, -0.01367771066725254, -0.004464670084416866
v,-0.005012776702642441, -0.02055796980857849, 0.009067325852811337
v,-0.005650863517075777, -0.01989845559000969, 0.009067325852811337
v,-0.00586627796292305, -0.02010687068104744, 0.009228150360286236
v,-0.007050975225865841, -0.022529946640133858, 0.009035623632371426
v,-0.0069119748659431934, -0.022395461797714233, 0.00922815129160881
v,-0.00755006168037653, -0.02173594757914543, 0.00922815129160881
v,-0.006911975331604481, -0.022395461797714233, -0.010605093091726303
v,-0.007050975691527128, -0.022529946640133858, -0.010412564501166344
v,-0.0076890625059604645, -0.021870432421565056, -0.010412564501166344
v,0.0028828477952629328, -0.01164200622588396, 0.00922815129160881
v,0.0009941940661519766, -0.01346929743885994, 0.009228150360286236
v,0.001632280764169991, -0.014128811657428741, 0.009228150360286236
n,18.154163360595703, -18.76380729675293, -8.608233201812254e-07
n,-24.600683212280273, -23.80140495300293, -5.331030891253877e-14
n,18.154165267944336, -18.763805389404297, -7.810790521034505e-07
n,18.154165267944336, -18.763805389404297, -1.1412391813792055e-06
n,24.600683212280273, 23.80140495300293, 5.331030891253877e-14
n,24.600683212280273, 23.80140495300293, 5.331030891253877e-14
n,1.018715829559369e-05, 7.76473189034732e-06, 34.38671112060547
n,18.154165267944336, -18.763805389404297, -8.148365395754809e-07
n,-18.154159545898438, 18.763811111450195, 5.989500095893163e-08
n,-18.15416717529297, 18.763803482055664, 1.6812265357657452e-06
n,-18.154165267944336, 18.763805389404297, 1.1412391813792055e-06
n,-18.154165267944336, 18.763805389404297, 1.1412391813792055e-06
n,-18.154165267944336, 18.763805389404297, -2.1969583485770272e-07
n,-18.154165267944336, 18.763805389404297, 1.1412391813792055e-06
n,-18.15416717529297, 18.763803482055664, 1.1412391813792055e-06
n,-24.600683212280273, -23.80140495300293, -5.331030891253877e-14
n,-9.718970432004426e-06, -7.311755325645208e-06, -34.38671112060547
n,-18.154165267944336, 18.763805389404297, 1.1412391813792055e-06
n,18.154165267944336, -18.763805389404297, -1.2720676068056491e-06
n,-20.48892593383789, -19.823240280151367, -19.0324764251709
n,20.54974365234375, 19.88204002380371, 18.903980255126953
n,18.154165267944336, -18.763805389404297, -7.86618556958274e-07
n,18.154165267944336, -18.763805389404297, -1.1412391813792055e-06
n,7.128560355340596e-06, 8.988396984932479e-06, -34.38671112060547
n,18.154165267944336, -18.763805389404297, -1.2762360483975499e-06
n,23.409013748168945, 7.39926290512085, 22.069190979003906
n,-0.0873531699180603, -25.127037048339844, 17.614709854125977
n,16.161043167114258, -19.805566787719727, 7.233083248138428
n,19.751354217529297, -0.9339426159858704, 25.245338439941406
n,-3.721885919570923, -24.575042724609375, 19.853168487548828
n,-3.7218844890594482, -24.57503890991211, -19.853172302246094
n,24.684524536132812, 2.908445119857788, -19.853168487548828
n,19.412363052368164, -16.132686614990234, -9.094107627868652
n,-7.05482816696167, -15.323429107666016, -29.465198516845703
n,19.620376586914062, 14.231307029724121, -24.106191635131836
n,8.168143272399902, 23.15194320678711, 22.069194793701172
n,-25.116222381591797, 0.7423271536827087, 17.614709854125977
n,-19.261146545410156, 16.806184768676758, 7.233092784881592
n,-0.2812883257865906, 19.771421432495117, 25.24534034729004
n,-24.684526443481445, -2.908447027206421, 19.85317039489746
n,-24.684526443481445, -2.9084455966949463, -19.85317039489746
n,3.7218849658966064, 24.575040817260742, -19.85317039489746
n,-15.482958793640137, 19.934425354003906, -9.09411334991455
n,-15.548006057739258, -6.545038223266602, -29.46519660949707
n,14.87136459350586, 19.139795303344727, -24.106189727783203
n,14.635688781738281, -15.09895133972168, 20.381521224975586
n,-4.558359146118164, -30.09814453125, -8.888540037332859e-07
n,27.367774963378906, 0.7905736565589905, 13.367055892944336
n,12.83694839477539, -13.26801586151123, 24.315061569213867
n,-4.558359146118164, -30.09814453125, -8.069785053521628e-07
n,12.836946487426758, -13.268014907836914, -24.3150634765625
n,-11.091955184936523, -25.832115173339844, -17.303775787353516
n,28.727340698242188, 17.530757904052734, -3.359454865403677e-07
n,30.232240676879883, 3.5621023178100586, -8.914626050682273e-07
n,11.458495140075684, -11.924494743347168, -26.60886573791504
n,-14.571422576904297, 15.06074047088623, 20.51002311706543
n,-30.232240676879883, -3.5621042251586914, 8.06978391665325e-07
n,1.6939624547958374, 27.32675552368164, 13.367156982421875
n,-12.836933135986328, 13.268025398254395, 24.315061569213867
n,-30.232240676879883, -3.5621023178100586, 8.06978391665325e-07
n,-12.836935997009277, 13.268027305603027, -24.3150634765625
n,-26.038440704345703, -10.667647361755371, -17.445026397705078
n,16.181665420532227, 29.040224075317383, -0.03232891485095024
n,4.558359146118164, 30.098146438598633, 1.2074260666850023e-06
n,-11.25428295135498, 11.632203102111816, -26.98183250427246
n,17.395309448242188, 16.830135345458984, 24.31507682800293
n,17.395309448242188, 16.830135345458984, -24.31507682800293
n,-11.623908996582031, -11.246245384216309, -30.306001663208008
n,7.111713409423828, 6.880654811859131, -32.91850662231445
n,-17.395309448242188, -16.830135345458984, 24.31507682800293
n,17.395309448242188, 16.830135345458984, -24.31507682800293
n,-7.059204578399658, -6.829874515533447, 32.94057846069336
n,11.672445297241211, 11.293204307556152, 30.26953125
n,-17.395309448242188, -16.830135345458984, 24.31507682800293
n,-17.395309448242188, -16.830135345458984, -24.31507682800293
n,-7.10518543201033e-06, -8.965781489678193e-06, 34.38671112060547
n,-24.600683212280273, -23.80140495300293, -5.331030891253877e-14
n,24.600683212280273, 23.80140495300293, 5.331030891253877e-14
n,24.600683212280273, 23.80140495300293, 5.331030891253877e-14
n,1.0187159205088392e-05, 7.764732799842022e-06, 34.38671112060547
n,-24.600683212280273, -23.80140495300293, -5.331030891253877e-14
n,-9.718970432004426e-06, -7.311755325645208e-06, -34.38671112060547
n,-20.488927841186523, -19.823240280151367, -19.03247833251953
n,20.54972267150879, 19.882061004638672, 18.903982162475586
n,7.128560355340596e-06, 8.988396984932479e-06, -34.38671112060547
n,14.571414947509766, -15.060750007629395, 20.51002311706543
n,-4.558357238769531, -30.098146438598633, -9.047683420249086e-07
n,27.36778450012207, 0.7907710671424866, 13.367156028747559
n,12.83694839477539, -13.26801586151123, 24.315061569213867
n,-4.558356285095215, -30.098146438598633, -7.73117051267036e-07
n,12.836946487426758, -13.26801586151123, -24.315059661865234
n,-11.52155590057373, -25.672025680541992, -17.445026397705078
n,29.55866813659668, 15.214003562927246, -0.0323297493159771
n,30.23223876953125, 3.5621023178100586, -8.570343652536394e-07
n,11.254268646240234, -11.63221549987793, -26.981830596923828
n,-14.6074800491333, 15.126238822937012, 20.381526947021484
n,-30.232240676879883, -3.5621023178100586, 8.06978391665325e-07
n,1.6937583684921265, 27.326751708984375, 13.367053985595703
n,-12.836934089660645, 13.268025398254395, 24.3150634765625
n,-30.232240676879883, -3.5621023178100586, 8.06978391665325e-07
n,-12.836935997009277, 13.268027305603027, -24.3150634765625
n,-26.184268951416016, -10.232970237731934, -17.303770065307617
n,18.469711303710938, 28.132854461669922, 3.2241661074294825e-07
n,4.558359146118164, 30.098146438598633, 1.1888074595844955e-06
n,-11.53965950012207, 11.845967292785645, -26.608869552612305
n,17.395309448242188, 16.830135345458984, 24.31507682800293
n,17.395309448242188, 16.830135345458984, -24.31507682800293
n,-11.623908996582031, -11.246245384216309, -30.306001663208008
n,7.111811637878418, 6.880728244781494, -32.9184684753418
n,-17.395309448242188, -16.830135345458984, 24.31507682800293
n,17.395309448242188, 16.830135345458984, -24.31507682800293
n,-7.059126853942871, -6.829777240753174, 32.94061279296875
n,11.672445297241211, 11.293204307556152, 30.26953125
n,-17.395309448242188, -16.830135345458984, 24.31507682800293
n,-17.395309448242188, -16.830135345458984, -24.31507682800293
n,-7.1051845225156285e-06, -8.965781489678193e-06, 34.38671112060547
u,0.3294813632965088, 0.08362036943435669, 0
u,0.27056023478507996, 0.3952832818031311, 0
u,0.2747962176799774, 0.5229165554046631, 0
u,0.9326973557472229, 0.6538425385951996, 0
u,0.9484358429908752, 0.9503842741250992, 0
u,0.9484357237815857, 0.6538425385951996, 0
u,0.06303513795137405, 0.08284324407577515, 0
u,0.06215817853808403, 0.19982260465621948, 0
u,0.27056023478507996, 0.3952832818031311, 0
u,0.06215817853808403, 0.19982260465621948, 0
u,0.0004436067247297615, 0.0827103853225708, 0
u,-7.2556760599695735e-09, 0.5213555693626404, 0
u,0.7979443073272705, 0.08359432220458984, 0
u,0.8136827945709229, 0.5228964984416962, 0
u,0.8136827349662781, 0.08359432220458984, 0
u,0.9842615723609924, 0.7028238475322723, 0
u,0.9685231447219849, 0.9999999968182882, 0
u,0.9842615723609924, 0.9999999961303403, 0
u,0.9239996671676636, 0.056543588638305664, 0
u,0.9397380948066711, 0.10563862323760986, 0
u,0.9397380948066711, 0.056543588638305664, 0
u,0.27056023478507996, 0.3952832818031311, 0
u,0.06215817853808403, 0.19982260465621948, 0
u,0.2747962176799774, 0.5229165554046631, 0
u,0.6633042693138123, 0.5228717923164368, 0
u,0.6086191534996033, 0.08357560634613037, 0
u,0.6043831706047058, 0.21120893955230713, 0
u,0.6633042693138123, 0.5228717923164368, 0
u,0.6043831706047058, 0.21120893955230713, 0
u,0.6043831706047058, 0.5228712260723114, 0
u,0.3968580365180969, 0.5236489176750183, 0
u,0.6043831706047058, 0.21120893955230713, 0
u,0.3959810733795166, 0.406669557094574, 0
u,0.3959810733795166, 0.406669557094574, 0
u,0.33382290601730347, 0.08513659238815308, 0
u,0.3342665135860443, 0.5237817466259003, 0
u,0.6043831706047058, 0.21120893955230713, 0
u,0.6086191534996033, 0.08357560634613037, 0
u,0.3959810733795166, 0.406669557094574, 0
u,0.3968580365180969, 0.5236489176750183, 0
u,0.3959810733795166, 0.406669557094574, 0
u,0.3342665135860443, 0.5237817466259003, 0
u,0.6633042693138123, 0.5228717923164368, 0
u,0.6633042693138123, 0.08357608318328857, 0
u,0.6086191534996033, 0.08357560634613037, 0
u,0.9598253965377808, 0.017198920249938965, 0
u,0.944087028503418, 0.22256499528884888, 0
u,0.9598253965377808, 0.22256499528884888, 0
u,0.822380542755127, 0.48627912998199463, 0
u,0.8381189703941345, 0.5272442400455475, 0
u,0.8381189703941345, 0.48627912998199463, 0
u,0.3959810733795166, 0.406669557094574, 0
u,0.3959810733795166, 0.08507704734802246, 0
u,0.33382290601730347, 0.08513659238815308, 0
u,0.06215817853808403, 0.19982260465621948, 0
u,-7.2556760599695735e-09, 0.5213555693626404, 0
u,0.06215817108750343, 0.521415114402771, 0
u,0.822380542755127, 0.13084620237350464, 0
u,0.8381189703941345, 0.47884970903396606, 0
u,0.8381189703941345, 0.13084620237350464, 0
u,0.9685231447219849, 1.0000000031817116, 0
u,0.9527847766876221, 0.6943841278553009, 0
u,0.9527847170829773, 1.000000012282209, 0
u,0.06303513795137405, 0.08284324407577515, 0
u,0.0004436067247297615, 0.0827103853225708, 0
u,0.06215817853808403, 0.19982260465621948, 0
u,0.3294813632965088, 0.08362036943435669, 0
u,0.2747962176799774, 0.5229165554046631, 0
u,0.3294813632965088, 0.5229160785675049, 0
u,0.9326974153518677, 0.9565284736454487, 0
u,0.9484358429908752, 0.9999999976963336, 0
u,0.9484358429908752, 0.9565284736454487, 0
u,0.3294813632965088, 0.08362036943435669, 0
u,0.27056023478507996, 0.08362090587615967, 0
u,0.27056023478507996, 0.3952832818031311, 0
u,0.8136827945709229, 0.5272442996501923, 0
u,0.8180316686630249, 0.5213326215744019, 0
u,0.8136827945709229, 0.5228964984416962, 0
u,0.06215079873800278, 0.5272436738014221, 0
u,0.06649968028068542, 0.5228947997093201, 0
u,0.06215817108750343, 0.521415114402771, 0
u,0.06649967283010483, 0.21866625547409058, 0
u,0.06889040768146515, 0.21795016527175903, 0
u,0.06215817853808403, 0.19982260465621948, 0
u,0.2700539827346802, 0.5236090123653412, 0
u,0.27679362893104553, 0.5272416770458221, 0
u,0.2747962176799774, 0.5229165554046631, 0
u,0.9397380948066711, 0.10563862323760986, 0
u,0.9397380948066711, 0.11126846075057983, 0
u,0.9440869688987732, 0.10721558332443237, 0
u,0.9484358429908752, 0.9503842741250992, 0
u,0.9484358429908752, 0.9565284736454487, 0
u,0.9527847170829773, 0.9535928480327129, 0
u,0.2705528736114502, 0.07924842834472656, 0
u,0.26620399951934814, 0.08359730243682861, 0
u,0.27056023478507996, 0.08362090587615967, 0
u,0.26379698514938354, 0.38149595260620117, 0
u,0.27056023478507996, 0.3952832818031311, 0
u,0.26620399951934814, 0.3807690143585205, 0
u,0.8381189703941345, 0.47884970903396606, 0
u,0.8381189703941345, 0.48627912998199463, 0
u,0.8424678444862366, 0.4805915951728821, 0
u,0.8136827349662781, 0.08359432220458984, 0
u,0.8180316090583801, 0.08268088102340698, 0
u,0.8136827349662781, 0.07924437522888184, 0
u,0.7979443669319153, 0.5272442996501923, 0
u,0.7979443669319153, 0.5228964984416962, 0
u,0.7935954928398132, 0.5213326215744019, 0
u,0.39597371220588684, 0.07924854755401611, 0
u,0.3959810733795166, 0.08507704734802246, 0
u,0.4003225862979889, 0.08359736204147339, 0
u,0.4003225862979889, 0.3878259062767029, 0
u,0.3959810733795166, 0.406669557094574, 0
u,0.4027132987976074, 0.3885420560836792, 0
u,0.6038768887519836, 0.08288317918777466, 0
u,0.6086191534996033, 0.08357560634613037, 0
u,0.6106165051460266, 0.0792505145072937, 0
u,0.9239996671676636, 0.10563862323760986, 0
u,0.9196507930755615, 0.10721558332443237, 0
u,0.9239996671676636, 0.11126846075057983, 0
u,0.9326974153518677, 0.9503842778503895, 0
u,0.9283485412597656, 0.9535928517580032, 0
u,0.9326974153518677, 0.9565284736454487, 0
u,0.6043757796287537, 0.5272437334060669, 0
u,0.6043831706047058, 0.5228712260723114, 0
u,0.6000269055366516, 0.5228948891162872, 0
u,0.597619891166687, 0.22499626874923706, 0
u,0.6000269055366516, 0.22572314739227295, 0
u,0.6043831706047058, 0.21120893955230713, 0
u,0.822380542755127, 0.47884970903396606, 0
u,0.8180316686630249, 0.4805915951728821, 0
u,0.822380542755127, 0.48627912998199463, 0
u,0.7979443073272705, 0.08359432220458984, 0
u,0.7979443073272705, 0.07924437522888184, 0
u,0.7935954332351685, 0.08268088102340698, 0
u,0.003060692921280861, 0.5272442400455475, 0
u,0.06215817108750343, 0.521415114402771, 0
u,-7.2556760599695735e-09, 0.5213555693626404, 0
u,0.06215817108750343, 0.521415114402771, 0
u,0.06649967283010483, 0.21866625547409058, 0
u,0.06215817853808403, 0.19982260465621948, 0
u,0.06889040768146515, 0.21795016527175903, 0
u,0.2747962176799774, 0.5229165554046631, 0
u,0.06215817853808403, 0.19982260465621948, 0
u,0.27679362893104553, 0.5272416770458221, 0
u,0.3294813632965088, 0.5229160785675049, 0
u,0.2747962176799774, 0.5229165554046631, 0
u,0.3338228762149811, 0.5228923857212067, 0
u,0.3294813632965088, 0.08362036943435669, 0
u,0.3294813632965088, 0.5229160785675049, 0
u,0.32947400212287903, 0.07924783229827881, 0
u,0.27056023478507996, 0.08362090587615967, 0
u,0.3294813632965088, 0.08362036943435669, 0
u,0.8381189703941345, 0.13084620237350464, 0
u,0.8424678444862366, 0.4805915951728821, 0
u,0.8424678444862366, 0.11657071113586426, 0
u,0.8180316686630249, 0.5213326215744019, 0
u,0.8136827349662781, 0.08359432220458984, 0
u,0.8136827945709229, 0.5228964984416962, 0
u,0.27056023478507996, 0.08362090587615967, 0
u,0.26620399951934814, 0.3807690143585205, 0
u,0.27056023478507996, 0.3952832818031311, 0
u,0.05858458951115608, 0.07925039529800415, 0
u,0.0004436067247297615, 0.0827103853225708, 0
u,0.06303513795137405, 0.08284324407577515, 0
u,0.3368836045265198, 0.07924795150756836, 0
u,0.3959810733795166, 0.08507704734802246, 0
u,0.39597371220588684, 0.07924854755401611, 0
u,0.3959810733795166, 0.08507704734802246, 0
u,0.4003225862979889, 0.3878259062767029, 0
u,0.4003225862979889, 0.08359736204147339, 0
u,0.4027132987976074, 0.3885420560836792, 0
u,0.6086191534996033, 0.08357560634613037, 0
u,0.6038768887519836, 0.08288317918777466, 0
u,0.6106165051460266, 0.0792505145072937, 0
u,0.6633042693138123, 0.08357608318328857, 0
u,0.6632968783378601, 0.0792509913444519, 0
u,0.6633042693138123, 0.08357608318328857, 0
u,0.6676457524299622, 0.5228955149650574, 0
u,0.6676457524299622, 0.08359980583190918, 0
u,0.6633042693138123, 0.5228717923164368, 0
u,0.6043757796287537, 0.5272437334060669, 0
u,0.6632968783378601, 0.5272442996501923, 0
u,0.822380542755127, 0.13084620237350464, 0
u,0.8180316686630249, 0.4805915951728821, 0
u,0.822380542755127, 0.47884970903396606, 0
u,0.7935954928398132, 0.5213326215744019, 0
u,0.7979443073272705, 0.08359432220458984, 0
u,0.7935954332351685, 0.08268088102340698, 0
u,0.6043831706047058, 0.5228712260723114, 0
u,0.6000269055366516, 0.22572314739227295, 0
u,0.6000269055366516, 0.5228948891162872, 0
u,0.39240750670433044, 0.5272417962551117, 0
u,0.3342665135860443, 0.5237817466259003, 0
u,0.3368836045265198, 0.5272412896156311, 0
u,0.8136827945709229, 0.5228964984416962, 0
u,0.7979443669319153, 0.5272442996501923, 0
u,0.8136827945709229, 0.5272442996501923, 0
u,0.7979443073272705, 0.08359432220458984, 0
u,0.8136827349662781, 0.07924437522888184, 0
u,0.7979443073272705, 0.07924437522888184, 0
u,0.8381189703941345, 0.47884970903396606, 0
u,0.822380542755127, 0.48627912998199463, 0
u,0.8381189703941345, 0.48627912998199463, 0
u,0.822380542755127, 0.13084620237350464, 0
u,0.8381189703941345, 0.12956100702285767, 0
u,0.822380542755127, 0.12956100702285767, 0
u,0.9283486008644104, 0.5987739562988281, 0
u,0.9440869688987732, 0.5931440889835358, 0
u,0.9283486008644104, 0.5931440889835358, 0
u,0.9685231447219849, 0.7028238475322723, 0
u,0.9842615723609924, 0.6984739005565643, 0
u,0.9685231447219849, 0.6984739005565643, 0
u,0.8938279747962952, 0.4294995665550232, 0
u,0.8913402557373047, 0.4137611389160156, 0
u,0.8913402557373047, 0.4294995665550232, 0
u,0.9397380948066711, 0.05157989263534546, 0
u,0.9239996671676636, 0.056543588638305664, 0
u,0.9397380948066711, 0.056543588638305664, 0
u,0.9397380948066711, 0.11126846075057983, 0
u,0.9239996671676636, 0.10563862323760986, 0
u,0.9239996671676636, 0.11126846075057983, 0
u,0.9484358429908752, 0.9565284736454487, 0
u,0.9326974153518677, 0.9503842778503895, 0
u,0.9326974153518677, 0.9565284736454487, 0
u,0.9440869688987732, 0.6538425385951996, 0
u,0.9283486008644104, 0.5987739562988281, 0
u,0.9283486008644104, 0.6538425385951996, 0
u,0.9326973557472229, 0.6538425385951996, 0
u,0.9326974153518677, 0.9503842778503895, 0
u,0.9484358429908752, 0.9503842741250992, 0
u,0.7979443073272705, 0.08359432220458984, 0
u,0.7979443669319153, 0.5228964984416962, 0
u,0.8136827945709229, 0.5228964984416962, 0
u,0.9842615723609924, 0.7028238475322723, 0
u,0.9685231447219849, 0.7028238475322723, 0
u,0.9685231447219849, 0.9999999968182882, 0
u,0.9239996671676636, 0.056543588638305664, 0
u,0.9239996671676636, 0.10563862323760986, 0
u,0.9397380948066711, 0.10563862323760986, 0
u,0.9598253965377808, 0.017198920249938965, 0
u,0.9440869688987732, 0.017198920249938965, 0
u,0.944087028503418, 0.22256499528884888, 0
u,0.822380542755127, 0.48627912998199463, 0
u,0.822380542755127, 0.5272442400455475, 0
u,0.8381189703941345, 0.5272442400455475, 0
u,0.822380542755127, 0.13084620237350464, 0
u,0.822380542755127, 0.47884970903396606, 0
u,0.8381189703941345, 0.47884970903396606, 0
u,0.9685231447219849, 1.0000000031817116, 0
u,0.9685231447219849, 0.6943841278553009, 0
u,0.9527847766876221, 0.6943841278553009, 0
u,0.9326974153518677, 0.9565284736454487, 0
u,0.9326974153518677, 0.9999999983842816, 0
u,0.9484358429908752, 0.9999999976963336, 0
u,0.003060692921280861, 0.5272442400455475, 0
u,0.06215079873800278, 0.5272436738014221, 0
u,0.06215817108750343, 0.521415114402771, 0
u,0.06215817108750343, 0.521415114402771, 0
u,0.06649968028068542, 0.5228947997093201, 0
u,0.06649967283010483, 0.21866625547409058, 0
u,0.06889040768146515, 0.21795016527175903, 0
u,0.2700539827346802, 0.5236090123653412, 0
u,0.2747962176799774, 0.5229165554046631, 0
u,0.27679362893104553, 0.5272416770458221, 0
u,0.32947397232055664, 0.5272412002086639, 0
u,0.3294813632965088, 0.5229160785675049, 0
u,0.3338228762149811, 0.5228923857212067, 0
u,0.3338228762149811, 0.08359664678573608, 0
u,0.3294813632965088, 0.08362036943435669, 0
u,0.32947400212287903, 0.07924783229827881, 0
u,0.2705528736114502, 0.07924842834472656, 0
u,0.27056023478507996, 0.08362090587615967, 0
u,0.8381189703941345, 0.13084620237350464, 0
u,0.8381189703941345, 0.47884970903396606, 0
u,0.8424678444862366, 0.4805915951728821, 0
u,0.8180316686630249, 0.5213326215744019, 0
u,0.8180316090583801, 0.08268088102340698, 0
u,0.8136827349662781, 0.08359432220458984, 0
u,0.27056023478507996, 0.08362090587615967, 0
u,0.26620399951934814, 0.08359730243682861, 0
u,0.26620399951934814, 0.3807690143585205, 0
u,0.05858458951115608, 0.07925039529800415, 0
u,0.003060699673369527, 0.07925087213516235, 0
u,0.0004436067247297615, 0.0827103853225708, 0
u,0.3368836045265198, 0.07924795150756836, 0
u,0.33382290601730347, 0.08513659238815308, 0
u,0.3959810733795166, 0.08507704734802246, 0
u,0.3959810733795166, 0.08507704734802246, 0
u,0.3959810733795166, 0.406669557094574, 0
u,0.4003225862979889, 0.3878259062767029, 0
u,0.4027132987976074, 0.3885420560836792, 0
u,0.3959810733795166, 0.406669557094574, 0
u,0.6086191534996033, 0.08357560634613037, 0
u,0.6106165051460266, 0.0792505145072937, 0
u,0.6086191534996033, 0.08357560634613037, 0
u,0.6633042693138123, 0.08357608318328857, 0
u,0.6633042693138123, 0.08357608318328857, 0
u,0.6633042693138123, 0.5228717923164368, 0
u,0.6676457524299622, 0.5228955149650574, 0
u,0.6633042693138123, 0.5228717923164368, 0
u,0.6043831706047058, 0.5228712260723114, 0
u,0.6043757796287537, 0.5272437334060669, 0
u,0.822380542755127, 0.13084620237350464, 0
u,0.8180316686630249, 0.11657071113586426, 0
u,0.8180316686630249, 0.4805915951728821, 0
u,0.7935954928398132, 0.5213326215744019, 0
u,0.7979443669319153, 0.5228964984416962, 0
u,0.7979443073272705, 0.08359432220458984, 0
u,0.6043831706047058, 0.5228712260723114, 0
u,0.6043831706047058, 0.21120893955230713, 0
u,0.6000269055366516, 0.22572314739227295, 0
u,0.39240750670433044, 0.5272417962551117, 0
u,0.3968580365180969, 0.5236489176750183, 0
u,0.3342665135860443, 0.5237817466259003, 0
u,0.8136827945709229, 0.5228964984416962, 0
u,0.7979443669319153, 0.5228964984416962, 0
u,0.7979443669319153, 0.5272442996501923, 0
u,0.7979443073272705, 0.08359432220458984, 0
u,0.8136827349662781, 0.08359432220458984, 0
u,0.8136827349662781, 0.07924437522888184, 0
u,0.8381189703941345, 0.47884970903396606, 0
u,0.822380542755127, 0.47884970903396606, 0
u,0.822380542755127, 0.48627912998199463, 0
u,0.822380542755127, 0.13084620237350464, 0
u,0.8381189703941345, 0.13084620237350464, 0
u,0.8381189703941345, 0.12956100702285767, 0
u,0.9283486008644104, 0.5987739562988281, 0
u,0.9440869688987732, 0.5987739562988281, 0
u,0.9440869688987732, 0.5931440889835358, 0
u,0.9685231447219849, 0.7028238475322723, 0
u,0.9842615723609924, 0.7028238475322723, 0
u,0.9842615723609924, 0.6984739005565643, 0
u,0.8938279747962952, 0.4294995665550232, 0
u,0.8938279747962952, 0.4137611389160156, 0
u,0.8913402557373047, 0.4137611389160156, 0
u,0.9397380948066711, 0.05157989263534546, 0
u,0.9239996671676636, 0.05157989263534546, 0
u,0.9239996671676636, 0.056543588638305664, 0
u,0.9397380948066711, 0.11126846075057983, 0
u,0.9397380948066711, 0.10563862323760986, 0
u,0.9239996671676636, 0.10563862323760986, 0
u,0.9484358429908752, 0.9565284736454487, 0
u,0.9484358429908752, 0.9503842741250992, 0
u,0.9326974153518677, 0.9503842778503895, 0
u,0.9440869688987732, 0.6538425385951996, 0
u,0.9440869688987732, 0.5987739562988281, 0
u,0.9283486008644104, 0.5987739562988281, 0
