v,-0.0027186034712940454, -0.009608454070985317, -0.010412564501166344
v,-0.0037998016923666, -0.011995413340628147, 0.003385129850357771
v,-0.0037220721133053303, -0.011823808774352074, 0.009035622701048851
v,-0.001571908826008439, -0.009915536269545555, 0.009035623632371426
v,-0.0024078201968222857, -0.009536901488900185, -0.010412564501166344
v,-0.0024078208953142166, -0.009536901488900185, 0.009035623632371426
v,-0.007607870269566774, -0.020402483642101288, -0.01044707652181387
v,-0.007623962592333555, -0.02043800987303257, -0.0052682505920529366
v,-0.0037998016923666, -0.011995413340628147, 0.003385129850357771
v,-0.007623962592333555, -0.02043800987303257, -0.0052682505920529366
v,-0.008756419643759727, -0.022938136011362076, -0.010452983900904655
v,-0.008764561265707016, -0.022956106811761856, 0.00896640308201313
v,-0.0077211689203977585, -0.023491254076361656, -0.010412564501166344
v,-0.008557082153856754, -0.023112619295716286, 0.009035623632371426
v,-0.00855708122253418, -0.023112619295716286, -0.010412564501166344
v,-0.003648621030151844, -0.012276217341423035, -0.010412563569843769
v,-0.0028127096593379974, -0.01265485119074583, 0.002743613440543413
v,-0.0036486214958131313, -0.01227621641010046, 0.002743613440543413
v,-0.0026183908339589834, -0.012225853279232979, 0.009228150360286236
v,-0.002487622434273362, -0.009713079780340195, 0.00922815129160881
v,-0.003454302903264761, -0.011847218498587608, 0.009228150360286236
v,-0.0037998016923666, -0.011995413340628147, 0.003385129850357771
v,-0.007623962592333555, -0.02043800987303257, -0.0052682505920529366
v,-0.0037220721133053303, -0.011823808774352074, 0.009035622701048851
v,-0.0014207279309630394, -0.010196340270340443, -0.010412564501166344
v,-0.002424196805804968, -0.012411694973707199, 0.009035622701048851
v,-0.0025019263848662376, -0.012583298608660698, 0.003385129850357771
v,-0.0014207279309630394, -0.010196340270340443, -0.010412564501166344
v,-0.0025019263848662376, -0.012583298608660698, 0.003385129850357771
v,-0.0025019256863743067, -0.012583299539983273, -0.010412563569843769
v,-0.006309994962066412, -0.020990369841456413, -0.01044707652181387
v,-0.0025019263848662376, -0.012583298608660698, 0.003385129850357771
v,-0.006326087284833193, -0.021025896072387695, -0.0052682505920529366
v,-0.006326087284833193, -0.021025896072387695, -0.0052682505920529366
v,-0.007466685492545366, -0.02354399301111698, 0.00896640308201313
v,-0.007458544336259365, -0.0235260222107172, -0.010452983900904655
v,-0.0025019263848662376, -0.012583298608660698, 0.003385129850357771
v,-0.002424196805804968, -0.012411694973707199, 0.009035622701048851
v,-0.006326087284833193, -0.021025896072387695, -0.0052682505920529366
v,-0.006309994962066412, -0.020990369841456413, -0.01044707652181387
v,-0.006326087284833193, -0.021025896072387695, -0.0052682505920529366
v,-0.007458544336259365, -0.0235260222107172, -0.010452983900904655
v,-0.0014207279309630394, -0.010196340270340443, -0.010412564501166344
v,-0.0014207287458702922, -0.010196340270340443, 0.009035623632371426
v,-0.002424196805804968, -0.012411694973707199, 0.009035622701048851
v,-0.00731318024918437, -0.020366458222270012, 0.009035622701048851
v,-0.0064772674813866615, -0.020745093002915382, -0.0044329664669930935
v,-0.007313179317861795, -0.020366458222270012, -0.0044329664669930935
v,-0.00662250816822052, -0.021065741777420044, -0.010605092160403728
v,-0.008477278985083103, -0.022936441004276276, -0.010605093091726303
v,-0.007458420470356941, -0.020687106996774673, -0.010605092160403728
v,-0.006326087284833193, -0.021025896072387695, -0.0052682505920529366
v,-0.00632608775049448, -0.021025896072387695, 0.008969064801931381
v,-0.007466685492545366, -0.02354399301111698, 0.00896640308201313
v,-0.007623962592333555, -0.02043800987303257, -0.0052682505920529366
v,-0.008764561265707016, -0.022956106811761856, 0.00896640308201313
v,-0.00762396352365613, -0.02043800987303257, 0.008969064801931381
v,-0.002856878098100424, -0.01275236252695322, 0.002775792498141527
v,-0.007334450259804726, -0.020413417369127274, -0.010444742627441883
v,-0.0036927901674062014, -0.01237372774630785, 0.0027757929638028145
v,-0.006433397531509399, -0.02064824104309082, -0.004464670084416866
v,-0.003577974857762456, -0.012120249681174755, 0.009067325852811337
v,-0.007269309833645821, -0.02026960626244545, -0.004464670550078154
v,-0.007607870269566774, -0.020402483642101288, -0.01044707652181387
v,-0.008756419643759727, -0.022938136011362076, -0.010452983900904655
v,-0.007623962592333555, -0.02043800987303257, -0.0052682505920529366
v,-0.0027186034712940454, -0.009608454070985317, -0.010412564501166344
v,-0.0037220721133053303, -0.011823808774352074, 0.009035622701048851
v,-0.0027186041697859764, -0.009608454070985317, 0.009035623632371426
v,-0.0016517096664756536, -0.010091714560985565, -0.010605093091726303
v,-0.0035688194911926985, -0.012100039049983025, -0.010605092160403728
v,-0.002487621735781431, -0.009713079780340195, -0.010605093091726303
v,-0.0027186034712940454, -0.009608454070985317, -0.010412564501166344
v,-0.003799800993874669, -0.011995413340628147, -0.010412563569843769
v,-0.0037998016923666, -0.011995413340628147, 0.003385129850357771
v,-0.008477279916405678, -0.022936441004276276, 0.00922815129160881
v,-0.008764561265707016, -0.022956106811761856, 0.00896640308201313
v,-0.008557082153856754, -0.023112619295716286, 0.009035623632371426
v,-0.007392981555312872, -0.020542636513710022, 0.009228150360286236
v,-0.00731318024918437, -0.020366458222270012, 0.009035622701048851
v,-0.00762396352365613, -0.02043800987303257, 0.008969064801931381
v,-0.007313179317861795, -0.020366458222270012, -0.0044329664669930935
v,-0.007269309833645821, -0.02026960626244545, -0.004464670550078154
v,-0.007623962592333555, -0.02043800987303257, -0.0052682505920529366
v,-0.003577974857762456, -0.012120249681174755, 0.009067325852811337
v,-0.003454302903264761, -0.011847218498587608, 0.009228150360286236
v,-0.0037220721133053303, -0.011823808774352074, 0.009035622701048851
v,-0.002487622434273362, -0.009713079780340195, 0.00922815129160881
v,-0.0024078208953142166, -0.009536901488900185, 0.009035623632371426
v,-0.0027186041697859764, -0.009608454070985317, 0.009035623632371426
v,-0.0024078201968222857, -0.009536901488900185, -0.010412564501166344
v,-0.002487621735781431, -0.009713079780340195, -0.010605093091726303
v,-0.0027186034712940454, -0.009608454070985317, -0.010412564501166344
v,-0.0035688194911926985, -0.012100039049983025, -0.010605092160403728
v,-0.003648621030151844, -0.012276217341423035, -0.010412563569843769
v,-0.003799800993874669, -0.011995413340628147, -0.010412563569843769
v,-0.0036927901674062014, -0.01237372774630785, 0.0027757929638028145
v,-0.0037998016923666, -0.011995413340628147, 0.003385129850357771
v,-0.0036486214958131313, -0.01227621641010046, 0.002743613440543413
v,-0.007334450259804726, -0.020413417369127274, -0.010444742627441883
v,-0.007458420470356941, -0.020687106996774673, -0.010605092160403728
v,-0.007607870269566774, -0.020402483642101288, -0.01044707652181387
v,-0.00855708122253418, -0.023112619295716286, -0.010412564501166344
v,-0.008756419643759727, -0.022938136011362076, -0.010452983900904655
v,-0.008477278985083103, -0.022936441004276276, -0.010605093091726303
v,-0.007641368079930544, -0.023315075784921646, 0.00922815129160881
v,-0.007721169851720333, -0.023491254076361656, 0.009035623632371426
v,-0.007466685492545366, -0.02354399301111698, 0.00896640308201313
v,-0.006557069253176451, -0.020921271294355392, 0.009228150360286236
v,-0.00632608775049448, -0.021025896072387695, 0.008969064801931381
v,-0.006477267947047949, -0.020745093002915382, 0.009035622701048851
v,-0.0064772674813866615, -0.020745093002915382, -0.0044329664669930935
v,-0.006326087284833193, -0.021025896072387695, -0.0052682505920529366
v,-0.006433397531509399, -0.02064824104309082, -0.004464670084416866
v,-0.0027420627884566784, -0.012498884461820126, 0.009067325852811337
v,-0.002424196805804968, -0.012411694973707199, 0.009035622701048851
v,-0.0026183908339589834, -0.012225853279232979, 0.009228150360286236
v,-0.0016517103649675846, -0.010091714560985565, 0.00922815129160881
v,-0.0014207287458702922, -0.010196340270340443, 0.009035623632371426
v,-0.001571908826008439, -0.009915536269545555, 0.009035623632371426
v,-0.001571908127516508, -0.009915536269545555, -0.010412564501166344
v,-0.0014207279309630394, -0.010196340270340443, -0.010412564501166344
v,-0.0016517096664756536, -0.010091714560985565, -0.010605093091726303
v,-0.0027329071890562773, -0.012478673830628395, -0.010605092160403728
v,-0.0025019256863743067, -0.012583299539983273, -0.010412563569843769
v,-0.002812708728015423, -0.012654852122068405, -0.010412563569843769
v,-0.002856878098100424, -0.01275236252695322, 0.002775792498141527
v,-0.0028127096593379974, -0.01265485119074583, 0.002743613440543413
v,-0.0025019263848662376, -0.012583298608660698, 0.003385129850357771
v,-0.0064985379576683044, -0.020792052149772644, -0.010444742627441883
v,-0.006309994962066412, -0.020990369841456413, -0.01044707652181387
v,-0.00662250816822052, -0.021065741777420044, -0.010605092160403728
v,-0.0077211689203977585, -0.023491254076361656, -0.010412564501166344
v,-0.007641367148607969, -0.023315075784921646, -0.010605093091726303
v,-0.007458544336259365, -0.0235260222107172, -0.010452983900904655
v,-0.008477279916405678, -0.022936441004276276, 0.00922815129160881
v,-0.00762396352365613, -0.02043800987303257, 0.008969064801931381
v,-0.008764561265707016, -0.022956106811761856, 0.00896640308201313
v,-0.00762396352365613, -0.02043800987303257, 0.008969064801931381
v,-0.007313179317861795, -0.020366458222270012, -0.0044329664669930935
v,-0.007623962592333555, -0.02043800987303257, -0.0052682505920529366
v,-0.007269309833645821, -0.02026960626244545, -0.004464670550078154
v,-0.0037220721133053303, -0.011823808774352074, 0.009035622701048851
v,-0.007623962592333555, -0.02043800987303257, -0.0052682505920529366
v,-0.003454302903264761, -0.011847218498587608, 0.009228150360286236
v,-0.0027186041697859764, -0.009608454070985317, 0.009035623632371426
v,-0.0037220721133053303, -0.011823808774352074, 0.009035622701048851
v,-0.0024078208953142166, -0.009536901488900185, 0.009035623632371426
v,-0.0027186034712940454, -0.009608454070985317, -0.010412564501166344
v,-0.0027186041697859764, -0.009608454070985317, 0.009035623632371426
v,-0.002487621735781431, -0.009713079780340195, -0.010605093091726303
v,-0.003799800993874669, -0.011995413340628147, -0.010412563569843769
v,-0.0027186034712940454, -0.009608454070985317, -0.010412564501166344
v,-0.0036927901674062014, -0.01237372774630785, 0.0027757929638028145
v,-0.007607870269566774, -0.020402483642101288, -0.01044707652181387
v,-0.0037998016923666, -0.011995413340628147, 0.003385129850357771
v,-0.008764561265707016, -0.022956106811761856, 0.00896640308201313
v,-0.00855708122253418, -0.023112619295716286, -0.010412564501166344
v,-0.008557082153856754, -0.023112619295716286, 0.009035623632371426
v,-0.003799800993874669, -0.011995413340628147, -0.010412563569843769
v,-0.0036486214958131313, -0.01227621641010046, 0.002743613440543413
v,-0.0037998016923666, -0.011995413340628147, 0.003385129850357771
v,-0.007458420470356941, -0.020687106996774673, -0.010605092160403728
v,-0.008756419643759727, -0.022938136011362076, -0.010452983900904655
v,-0.007607870269566774, -0.020402483642101288, -0.01044707652181387
v,-0.007641368079930544, -0.023315075784921646, 0.00922815129160881
v,-0.00632608775049448, -0.021025896072387695, 0.008969064801931381
v,-0.006557069253176451, -0.020921271294355392, 0.009228150360286236
v,-0.00632608775049448, -0.021025896072387695, 0.008969064801931381
v,-0.0064772674813866615, -0.020745093002915382, -0.0044329664669930935
v,-0.006477267947047949, -0.020745093002915382, 0.009035622701048851
v,-0.006433397531509399, -0.02064824104309082, -0.004464670084416866
v,-0.002424196805804968, -0.012411694973707199, 0.009035622701048851
v,-0.0027420627884566784, -0.012498884461820126, 0.009067325852811337
v,-0.0026183908339589834, -0.012225853279232979, 0.009228150360286236
v,-0.0014207287458702922, -0.010196340270340443, 0.009035623632371426
v,-0.0016517103649675846, -0.010091714560985565, 0.00922815129160881
v,-0.0014207287458702922, -0.010196340270340443, 0.009035623632371426
v,-0.001571908127516508, -0.009915536269545555, -0.010412564501166344
v,-0.001571908826008439, -0.009915536269545555, 0.009035623632371426
v,-0.0014207279309630394, -0.010196340270340443, -0.010412564501166344
v,-0.0027329071890562773, -0.012478673830628395, -0.010605092160403728
v,-0.0016517096664756536, -0.010091714560985565, -0.010605093091726303
v,-0.002856878098100424, -0.01275236252695322, 0.002775792498141527
v,-0.006309994962066412, -0.020990369841456413, -0.01044707652181387
v,-0.0064985379576683044, -0.020792052149772644, -0.010444742627441883
v,-0.007466685492545366, -0.02354399301111698, 0.00896640308201313
v,-0.0077211689203977585, -0.023491254076361656, -0.010412564501166344
v,-0.007458544336259365, -0.0235260222107172, -0.010452983900904655
v,-0.0025019256863743067, -0.012583299539983273, -0.010412563569843769
v,-0.0028127096593379974, -0.01265485119074583, 0.002743613440543413
v,-0.002812708728015423, -0.012654852122068405, -0.010412563569843769
v,-0.00662250816822052, -0.021065741777420044, -0.010605092160403728
v,-0.007458544336259365, -0.0235260222107172, -0.010452983900904655
v,-0.007641367148607969, -0.023315075784921646, -0.010605093091726303
v,-0.008557082153856754, -0.023112619295716286, 0.009035623632371426
v,-0.007641368079930544, -0.023315075784921646, 0.00922815129160881
v,-0.008477279916405678, -0.022936441004276276, 0.00922815129160881
v,-0.0077211689203977585, -0.023491254076361656, -0.010412564501166344
v,-0.008477278985083103, -0.022936441004276276, -0.010605093091726303
v,-0.007641367148607969, -0.023315075784921646, -0.010605093091726303
v,-0.007334450259804726, -0.020413417369127274, -0.010444742627441883
v,-0.00662250816822052, -0.021065741777420044, -0.010605092160403728
v,-0.007458420470356941, -0.020687106996774673, -0.010605092160403728
v,-0.002856878098100424, -0.01275236252695322, 0.002775792498141527
v,-0.0036486214958131313, -0.01227621641010046, 0.002743613440543413
v,-0.0028127096593379974, -0.01265485119074583, 0.002743613440543413
v,-0.007392981555312872, -0.020542636513710022, 0.009228150360286236
v,-0.006477267947047949, -0.020745093002915382, 0.009035622701048851
v,-0.00731318024918437, -0.020366458222270012, 0.009035622701048851
v,-0.002812708728015423, -0.012654852122068405, -0.010412563569843769
v,-0.0035688194911926985, -0.012100039049983025, -0.010605092160403728
v,-0.0027329071890562773, -0.012478673830628395, -0.010605092160403728
v,-0.007313179317861795, -0.020366458222270012, -0.0044329664669930935
v,-0.006433397531509399, -0.02064824104309082, -0.004464670084416866
v,-0.007269309833645821, -0.02026960626244545, -0.004464670550078154
v,-0.003577974857762456, -0.012120249681174755, 0.009067325852811337
v,-0.0026183908339589834, -0.012225853279232979, 0.009228150360286236
v,-0.003454302903264761, -0.011847218498587608, 0.009228150360286236
v,-0.0024078208953142166, -0.009536901488900185, 0.009035623632371426
v,-0.0016517103649675846, -0.010091714560985565, 0.00922815129160881
v,-0.001571908826008439, -0.009915536269545555, 0.009035623632371426
v,-0.002487621735781431, -0.009713079780340195, -0.010605093091726303
v,-0.001571908127516508, -0.009915536269545555, -0.010412564501166344
v,-0.0016517096664756536, -0.010091714560985565, -0.010605093091726303
v,-0.007641368079930544, -0.023315075784921646, 0.00922815129160881
v,-0.007392981555312872, -0.020542636513710022, 0.009228150360286236
v,-0.008477279916405678, -0.022936441004276276, 0.00922815129160881
v,-0.001571908826008439, -0.009915536269545555, 0.009035623632371426
v,-0.001571908127516508, -0.009915536269545555, -0.010412564501166344
v,-0.0024078201968222857, -0.009536901488900185, -0.010412564501166344
v,-0.0077211689203977585, -0.023491254076361656, -0.010412564501166344
v,-0.007721169851720333, -0.023491254076361656, 0.009035623632371426
v,-0.008557082153856754, -0.023112619295716286, 0.009035623632371426
v,-0.003648621030151844, -0.012276217341423035, -0.010412563569843769
v,-0.002812708728015423, -0.012654852122068405, -0.010412563569843769
v,-0.0028127096593379974, -0.01265485119074583, 0.002743613440543413
v,-0.0026183908339589834, -0.012225853279232979, 0.009228150360286236
v,-0.0016517103649675846, -0.010091714560985565, 0.00922815129160881
v,-0.002487622434273362, -0.009713079780340195, 0.00922815129160881
v,-0.00731318024918437, -0.020366458222270012, 0.009035622701048851
v,-0.006477267947047949, -0.020745093002915382, 0.009035622701048851
v,-0.0064772674813866615, -0.020745093002915382, -0.0044329664669930935
v,-0.00662250816822052, -0.021065741777420044, -0.010605092160403728
v,-0.007641367148607969, -0.023315075784921646, -0.010605093091726303
v,-0.008477278985083103, -0.022936441004276276, -0.010605093091726303
v,-0.002856878098100424, -0.01275236252695322, 0.002775792498141527
v,-0.0064985379576683044, -0.020792052149772644, -0.010444742627441883
v,-0.007334450259804726, -0.020413417369127274, -0.010444742627441883
v,-0.006433397531509399, -0.02064824104309082, -0.004464670084416866
v,-0.0027420627884566784, -0.012498884461820126, 0.009067325852811337
v,-0.003577974857762456, -0.012120249681174755, 0.009067325852811337
v,-0.0016517096664756536, -0.010091714560985565, -0.010605093091726303
v,-0.0027329071890562773, -0.012478673830628395, -0.010605092160403728
v,-0.0035688194911926985, -0.012100039049983025, -0.010605092160403728
v,-0.008477279916405678, -0.022936441004276276, 0.00922815129160881
v,-0.007392981555312872, -0.020542636513710022, 0.009228150360286236
v,-0.00762396352365613, -0.02043800987303257, 0.008969064801931381
v,-0.00762396352365613, -0.02043800987303257, 0.008969064801931381
v,-0.00731318024918437, -0.020366458222270012, 0.009035622701048851
v,-0.007313179317861795, -0.020366458222270012, -0.0044329664669930935
v,-0.007269309833645821, -0.02026960626244545, -0.004464670550078154
v,-0.003577974857762456, -0.012120249681174755, 0.009067325852811337
v,-0.0037220721133053303, -0.011823808774352074, 0.009035622701048851
v,-0.003454302903264761, -0.011847218498587608, 0.009228150360286236
v,-0.002487622434273362, -0.009713079780340195, 0.00922815129160881
v,-0.0027186041697859764, -0.009608454070985317, 0.009035623632371426
v,-0.0024078208953142166, -0.009536901488900185, 0.009035623632371426
v,-0.0024078201968222857, -0.009536901488900185, -0.010412564501166344
v,-0.0027186034712940454, -0.009608454070985317, -0.010412564501166344
v,-0.002487621735781431, -0.009713079780340195, -0.010605093091726303
v,-0.0035688194911926985, -0.012100039049983025, -0.010605092160403728
v,-0.003799800993874669, -0.011995413340628147, -0.010412563569843769
v,-0.0036927901674062014, -0.01237372774630785, 0.0027757929638028145
v,-0.007334450259804726, -0.020413417369127274, -0.010444742627441883
v,-0.007607870269566774, -0.020402483642101288, -0.01044707652181387
v,-0.008764561265707016, -0.022956106811761856, 0.00896640308201313
v,-0.008756419643759727, -0.022938136011362076, -0.010452983900904655
v,-0.00855708122253418, -0.023112619295716286, -0.010412564501166344
v,-0.003799800993874669, -0.011995413340628147, -0.010412563569843769
v,-0.003648621030151844, -0.012276217341423035, -0.010412563569843769
v,-0.0036486214958131313, -0.01227621641010046, 0.002743613440543413
v,-0.007458420470356941, -0.020687106996774673, -0.010605092160403728
v,-0.008477278985083103, -0.022936441004276276, -0.010605093091726303
v,-0.008756419643759727, -0.022938136011362076, -0.010452983900904655
v,-0.007641368079930544, -0.023315075784921646, 0.00922815129160881
v,-0.007466685492545366, -0.02354399301111698, 0.00896640308201313
v,-0.00632608775049448, -0.021025896072387695, 0.008969064801931381
v,-0.00632608775049448, -0.021025896072387695, 0.008969064801931381
v,-0.006326087284833193, -0.021025896072387695, -0.0052682505920529366
v,-0.0064772674813866615, -0.020745093002915382, -0.0044329664669930935
v,-0.006433397531509399, -0.02064824104309082, -0.004464670084416866
v,-0.006326087284833193, -0.021025896072387695, -0.0052682505920529366
v,-0.002424196805804968, -0.012411694973707199, 0.009035622701048851
v,-0.0026183908339589834, -0.012225853279232979, 0.009228150360286236
v,-0.002424196805804968, -0.012411694973707199, 0.009035622701048851
v,-0.0014207287458702922, -0.010196340270340443, 0.009035623632371426
v,-0.0014207287458702922, -0.010196340270340443, 0.009035623632371426
v,-0.0014207279309630394, -0.010196340270340443, -0.010412564501166344
v,-0.001571908127516508, -0.009915536269545555, -0.010412564501166344
v,-0.0014207279309630394, -0.010196340270340443, -0.010412564501166344
v,-0.0025019256863743067, -0.012583299539983273, -0.010412563569843769
v,-0.0027329071890562773, -0.012478673830628395, -0.010605092160403728
v,-0.002856878098100424, -0.01275236252695322, 0.002775792498141527
v,-0.0025019263848662376, -0.012583298608660698, 0.003385129850357771
v,-0.006309994962066412, -0.020990369841456413, -0.01044707652181387
v,-0.007466685492545366, -0.02354399301111698, 0.00896640308201313
v,-0.007721169851720333, -0.023491254076361656, 0.009035623632371426
v,-0.0077211689203977585, -0.023491254076361656, -0.010412564501166344
v,-0.0025019256863743067, -0.012583299539983273, -0.010412563569843769
v,-0.0025019263848662376, -0.012583298608660698, 0.003385129850357771
v,-0.0028127096593379974, -0.01265485119074583, 0.002743613440543413
v,-0.00662250816822052, -0.021065741777420044, -0.010605092160403728
v,-0.006309994962066412, -0.020990369841456413, -0.01044707652181387
v,-0.007458544336259365, -0.0235260222107172, -0.010452983900904655
v,-0.008557082153856754, -0.023112619295716286, 0.009035623632371426
v,-0.007721169851720333, -0.023491254076361656, 0.009035623632371426
v,-0.007641368079930544, -0.023315075784921646, 0.00922815129160881
v,-0.0077211689203977585, -0.023491254076361656, -0.010412564501166344
v,-0.00855708122253418, -0.023112619295716286, -0.010412564501166344
v,-0.008477278985083103, -0.022936441004276276, -0.010605093091726303
v,-0.007334450259804726, -0.020413417369127274, -0.010444742627441883
v,-0.0064985379576683044, -0.020792052149772644, -0.010444742627441883
v,-0.00662250816822052, -0.021065741777420044, -0.010605092160403728
v,-0.002856878098100424, -0.01275236252695322, 0.002775792498141527
v,-0.0036927901674062014, -0.01237372774630785, 0.0027757929638028145
v,-0.0036486214958131313, -0.01227621641010046, 0.002743613440543413
v,-0.007392981555312872, -0.020542636513710022, 0.009228150360286236
v,-0.006557069253176451, -0.020921271294355392, 0.009228150360286236
v,-0.006477267947047949, -0.020745093002915382, 0.009035622701048851
v,-0.002812708728015423, -0.012654852122068405, -0.010412563569843769
v,-0.003648621030151844, -0.012276217341423035, -0.010412563569843769
v,-0.0035688194911926985, -0.012100039049983025, -0.010605092160403728
v,-0.007313179317861795, -0.020366458222270012, -0.0044329664669930935
v,-0.0064772674813866615, -0.020745093002915382, -0.0044329664669930935
v,-0.006433397531509399, -0.02064824104309082, -0.004464670084416866
v,-0.003577974857762456, -0.012120249681174755, 0.009067325852811337
v,-0.0027420627884566784, -0.012498884461820126, 0.009067325852811337
v,-0.0026183908339589834, -0.012225853279232979, 0.009228150360286236
v,-0.0024078208953142166, -0.009536901488900185, 0.009035623632371426
v,-0.002487622434273362, -0.009713079780340195, 0.00922815129160881
v,-0.0016517103649675846, -0.010091714560985565, 0.00922815129160881
v,-0.002487621735781431, -0.009713079780340195, -0.010605093091726303
v,-0.0024078201968222857, -0.009536901488900185, -0.010412564501166344
v,-0.001571908127516508, -0.009915536269545555, -0.010412564501166344
v,-0.007641368079930544, -0.023315075784921646, 0.00922815129160881
v,-0.006557069253176451, -0.020921271294355392, 0.009228150360286236
v,-0.007392981555312872, -0.020542636513710022, 0.009228150360286236
n,-23.782489776611328, 10.7725248336792, -8.608232064943877e-07
n,14.123544692993164, 31.18053436279297, -5.331030552440698e-14
n,-23.782489776611328, 10.772523880004883, -7.810789384166128e-07
n,-23.782489776611328, 10.772523880004883, -1.1412390676923678e-06
n,-14.123544692993164, -31.18053436279297, 5.331030552440698e-14
n,-14.123544692993164, -31.18053436279297, 5.331030552440698e-14
n,-6.617714461754076e-06, -1.0966999980155379e-05, 34.38671112060547
n,-23.782489776611328, 10.772523880004883, -8.148364258886431e-07
n,23.782485961914062, -10.772530555725098, 5.989488727209391e-08
n,23.782489776611328, -10.772522926330566, 1.6812264220789075e-06
n,23.782489776611328, -10.772523880004883, 1.1412390676923678e-06
n,23.782489776611328, -10.772523880004883, 1.1412390676923678e-06
n,23.782489776611328, -10.772522926330566, -2.1969594854454044e-07
n,23.782489776611328, -10.772523880004883, 1.1412390676923678e-06
n,23.782489776611328, -10.772522926330566, 1.1412390676923678e-06
n,14.123544692993164, 31.18053436279297, -5.331030552440698e-14
n,6.348921942844754e-06, 1.0373586519563105e-05, -34.38671112060547
n,23.782489776611328, -10.772523880004883, 1.1412390676923678e-06
n,-23.782489776611328, 10.772522926330566, -1.2720674931188114e-06
n,11.762937545776367, 25.96902084350586, -19.0324764251709
n,-11.797867774963379, -26.04606819152832, 18.903980255126953
n,-23.782489776611328, 10.772522926330566, -7.866184432714363e-07
n,-23.782489776611328, 10.772522926330566, -1.1412390676923678e-06
n,-3.323445525893476e-06, -1.0980088518408593e-05, -34.38671112060547
n,-23.782489776611328, 10.772522926330566, -1.2762359347107122e-06
n,-19.047405242919922, -15.489584922790527, 22.069190979003906
n,-9.159440994262695, 23.39829444885254, 17.614709854125977
n,-22.312158584594727, 12.474265098571777, 7.233083248138428
n,-18.710674285888672, -6.395225524902344, 25.245338439941406
n,-5.576610565185547, 24.22161293029785, 19.853168487548828
n,-5.5766096115112305, 24.221607208251953, -19.853172302246094
n,-21.885066986083984, -11.78255844116211, -19.853168487548828
n,-23.984899520874023, 7.863078594207764, -9.094107627868652
n,0.925121545791626, 16.844053268432617, -29.465198516845703
n,-13.011731147766113, -20.449546813964844, -24.106191635131836
n,0.918582022190094, -24.533388137817383, 22.069194793701172
n,23.629112243652344, 8.54638671875, 17.614709854125977
n,24.091964721679688, -8.544987678527832, 7.233092784881592
n,7.532677173614502, -18.282421112060547, 25.24534034729004
n,21.885066986083984, 11.782560348510742, 19.85317039489746
n,21.885068893432617, 11.782560348510742, -19.85317039489746
n,5.576608657836914, -24.221609115600586, -19.85317039489746
n,21.72898292541504, -12.843466758728027, -9.09411334991455
n,12.051434516906738, 11.804275512695312, -29.46519660949707
n,-6.79038667678833, -23.267568588256836, -24.106189727783203
n,-19.162803649902344, 8.658445358276367, 20.381521224975586
n,-6.829920768737793, 29.665283203125, -8.888538900464482e-07
n,-25.159141540527344, -10.79988956451416, 13.367055892944336
n,-16.8167724609375, 7.617321014404297, 24.315061569213867
n,-6.829920768737793, 29.665283203125, -8.06978391665325e-07
n,-16.816770553588867, 7.617321014404297, -24.3150634765625
n,0.8146770000457764, 28.10099220275879, -17.303775787353516
n,-20.267091751098633, -26.8669376373291, -3.359454581186583e-07
n,-26.80361557006836, -14.430625915527344, -8.914624913813896e-07
n,-15.0408296585083, 6.874889373779297, -26.60886573791504
n,19.0889892578125, -8.646547317504883, 20.51002311706543
n,26.803617477416992, 14.430627822875977, 8.069782779784873e-07
n,8.474382400512695, -26.03470230102539, 13.367156982421875
n,16.81676483154297, -7.617335319519043, 24.315061569213867
n,26.80361557006836, 14.430625915527344, 8.069782779784873e-07
n,16.8167667388916, -7.617335796356201, -24.3150634765625
n,20.290592193603516, 19.49591827392578, -17.445026397705078
n,-4.367901802062988, -32.95606231689453, -0.03232891485095024
n,6.829919815063477, -29.665285110473633, 1.2074259529981646e-06
n,14.743435859680176, -6.678181171417236, -26.98183250427246
n,-9.986854553222656, -22.04796600341797, 24.31507682800293
n,-9.986852645874023, -22.04796600341797, -24.31507682800293
n,6.673425197601318, 14.732909202575684, -30.306001663208008
n,-4.082918167114258, -9.0138578414917, -32.91850662231445
n,9.986852645874023, 22.04796600341797, 24.31507682800293
n,-9.986852645874023, -22.04796600341797, -24.31507682800293
n,4.052764892578125, 8.947324752807617, 32.94057846069336
n,-6.701290607452393, -14.794427871704102, 30.26953125
n,9.986852645874023, 22.04796600341797, 24.31507682800293
n,9.986854553222656, 22.04796600341797, -24.31507682800293
n,3.3100259315688163e-06, 1.095046172849834e-05, 34.38671112060547
n,14.123544692993164, 31.18053436279297, -5.331030552440698e-14
n,-14.123544692993164, -31.18053436279297, 5.331030552440698e-14
n,-14.123544692993164, -31.18053436279297, 5.331030552440698e-14
n,-6.617714461754076e-06, -1.096700088965008e-05, 34.38671112060547
n,14.123544692993164, 31.18053436279297, -5.331030552440698e-14
n,6.348921942844754e-06, 1.0373586519563105e-05, -34.38671112060547
n,11.762937545776367, 25.969022750854492, -19.03247833251953
n,-11.79784107208252, -26.046079635620117, 18.903982162475586
n,-3.323445525893476e-06, -1.0980088518408593e-05, -34.38671112060547
n,-19.088985443115234, 8.64655876159668, 20.51002311706543
n,-6.829924583435059, 29.665285110473633, -9.047682851814898e-07
n,-25.159076690673828, -10.800077438354492, 13.367156028747559
n,-16.816774368286133, 7.617321014404297, 24.315061569213867
n,-6.829923629760742, 29.665283203125, -7.731169375801983e-07
n,-16.8167724609375, 7.617321491241455, -24.315059661865234
n,1.2730481624603271, 28.110111236572266, -17.445026397705078
n,-21.892168045043945, -25.018264770507812, -0.0323297493159771
n,-26.80361557006836, -14.430624008178711, -8.570342515668017e-07
n,-14.743428230285645, 6.678197383880615, -26.981830596923828
n,19.1466064453125, -8.694195747375488, 20.381526947021484
n,26.80361557006836, 14.430625915527344, 8.069782779784873e-07
n,8.474571228027344, -26.034624099731445, 13.367053985595703
n,16.81676483154297, -7.617335319519043, 24.3150634765625
n,26.80361557006836, 14.430625915527344, 8.069782779784873e-07
n,16.8167667388916, -7.617335796356201, -24.3150634765625
n,20.586055755615234, 19.145334243774414, -17.303770065307617
n,-6.829297065734863, -32.95372772216797, 3.224165823212388e-07
n,6.829919815063477, -29.665285110473633, 1.1888073458976578e-06
n,15.087427139282227, -6.77201509475708, -26.608869552612305
n,-9.986854553222656, -22.04796600341797, 24.31507682800293
n,-9.986852645874023, -22.04796600341797, -24.31507682800293
n,6.673425197601318, 14.732909202575684, -30.306001663208008
n,-4.082982540130615, -9.013961791992188, -32.9184684753418
n,9.986852645874023, 22.04796600341797, 24.31507682800293
n,-9.986852645874023, -22.04796600341797, -24.31507682800293
n,4.052727699279785, 8.947206497192383, 32.94061279296875
n,-6.701290607452393, -14.794427871704102, 30.26953125
n,9.986852645874023, 22.04796600341797, 24.31507682800293
n,9.986854553222656, 22.04796600341797, -24.31507682800293
n,3.3100254768214654e-06, 1.0950460819003638e-05, 34.38671112060547
u,0.3294813632965088, 0.08362036943435669, 0
u,0.27056023478507996, 0.3952832818031311, 0
u,0.2747962176799774, 0.5229165554046631, 0
u,0.9326973557472229, 0.6538425385951996, 0
u,0.9484358429908752, 0.9503842741250992, 0
u,0.9484357237815857, 0.6538425385951996, 0
u,0.06303513795137405, 0.08284324407577515, 0
u,0.06215817853808403, 0.19982260465621948, 0
u,0.27056023478507996, 0.3952832818031311, 0
u,0.06215817853808403, 0.19982260465621948, 0
u,0.0004436067247297615, 0.0827103853225708, 0
u,-7.2556760599695735e-09, 0.5213555693626404, 0
u,0.7979443073272705, 0.08359432220458984, 0
u,0.8136827945709229, 0.5228964984416962, 0
u,0.8136827349662781, 0.08359432220458984, 0
u,0.9842615723609924, 0.7028238475322723, 0
u,0.9685231447219849, 0.9999999968182882, 0
u,0.9842615723609924, 0.9999999961303403, 0
u,0.9239996671676636, 0.056543588638305664, 0
u,0.9397380948066711, 0.10563862323760986, 0
u,0.9397380948066711, 0.056543588638305664, 0
u,0.27056023478507996, 0.3952832818031311, 0
u,0.06215817853808403, 0.19982260465621948, 0
u,0.2747962176799774, 0.5229165554046631, 0
u,0.6633042693138123, 0.5228717923164368, 0
u,0.6086191534996033, 0.08357560634613037, 0
u,0.6043831706047058, 0.21120893955230713, 0
u,0.6633042693138123, 0.5228717923164368, 0
u,0.6043831706047058, 0.21120893955230713, 0
u,0.6043831706047058, 0.5228712260723114, 0
u,0.3968580365180969, 0.5236489176750183, 0
u,0.6043831706047058, 0.21120893955230713, 0
u,0.3959810733795166, 0.406669557094574, 0
u,0.3959810733795166, 0.406669557094574, 0
u,0.33382290601730347, 0.08513659238815308, 0
u,0.3342665135860443, 0.5237817466259003, 0
u,0.6043831706047058, 0.21120893955230713, 0
u,0.6086191534996033, 0.08357560634613037, 0
u,0.3959810733795166, 0.406669557094574, 0
u,0.3968580365180969, 0.5236489176750183, 0
u,0.3959810733795166, 0.406669557094574, 0
u,0.3342665135860443, 0.5237817466259003, 0
u,0.6633042693138123, 0.5228717923164368, 0
u,0.6633042693138123, 0.08357608318328857, 0
u,0.6086191534996033, 0.08357560634613037, 0
u,0.9598253965377808, 0.017198920249938965, 0
u,0.944087028503418, 0.22256499528884888, 0
u,0.9598253965377808, 0.22256499528884888, 0
u,0.822380542755127, 0.48627912998199463, 0
u,0.8381189703941345, 0.5272442400455475, 0
u,0.8381189703941345, 0.48627912998199463, 0
u,0.3959810733795166, 0.406669557094574, 0
u,0.3959810733795166, 0.08507704734802246, 0
u,0.33382290601730347, 0.08513659238815308, 0
u,0.06215817853808403, 0.19982260465621948, 0
u,-7.2556760599695735e-09, 0.5213555693626404, 0
u,0.06215817108750343, 0.521415114402771, 0
u,0.822380542755127, 0.13084620237350464, 0
u,0.8381189703941345, 0.47884970903396606, 0
u,0.8381189703941345, 0.13084620237350464, 0
u,0.9685231447219849, 1.0000000031817116, 0
u,0.9527847766876221, 0.6943841278553009, 0
u,0.9527847170829773, 1.000000012282209, 0
u,0.06303513795137405, 0.08284324407577515, 0
u,0.0004436067247297615, 0.0827103853225708, 0
u,0.06215817853808403, 0.19982260465621948, 0
u,0.3294813632965088, 0.08362036943435669, 0
u,0.2747962176799774, 0.5229165554046631, 0
u,0.3294813632965088, 0.5229160785675049, 0
u,0.9326974153518677, 0.9565284736454487, 0
u,0.9484358429908752, 0.9999999976963336, 0
u,0.9484358429908752, 0.9565284736454487, 0
u,0.3294813632965088, 0.08362036943435669, 0
u,0.27056023478507996, 0.08362090587615967, 0
u,0.27056023478507996, 0.3952832818031311, 0
u,0.8136827945709229, 0.5272442996501923, 0
u,0.8180316686630249, 0.5213326215744019, 0
u,0.8136827945709229, 0.5228964984416962, 0
u,0.06215079873800278, 0.5272436738014221, 0
u,0.06649968028068542, 0.5228947997093201, 0
u,0.06215817108750343, 0.521415114402771, 0
u,0.06649967283010483, 0.21866625547409058, 0
u,0.06889040768146515, 0.21795016527175903, 0
u,0.06215817853808403, 0.19982260465621948, 0
u,0.2700539827346802, 0.5236090123653412, 0
u,0.27679362893104553, 0.5272416770458221, 0
u,0.2747962176799774, 0.5229165554046631, 0
u,0.9397380948066711, 0.10563862323760986, 0
u,0.9397380948066711, 0.11126846075057983, 0
u,0.9440869688987732, 0.10721558332443237, 0
u,0.9484358429908752, 0.9503842741250992, 0
u,0.9484358429908752, 0.9565284736454487, 0
u,0.9527847170829773, 0.9535928480327129, 0
u,0.2705528736114502, 0.07924842834472656, 0
u,0.26620399951934814, 0.08359730243682861, 0
u,0.27056023478507996, 0.08362090587615967, 0
u,0.26379698514938354, 0.38149595260620117, 0
u,0.27056023478507996, 0.3952832818031311, 0
u,0.26620399951934814, 0.3807690143585205, 0
u,0.8381189703941345, 0.47884970903396606, 0
u,0.8381189703941345, 0.48627912998199463, 0
u,0.8424678444862366, 0.4805915951728821, 0
u,0.8136827349662781, 0.08359432220458984, 0
u,0.8180316090583801, 0.08268088102340698, 0
u,0.8136827349662781, 0.07924437522888184, 0
u,0.7979443669319153, 0.5272442996501923, 0
u,0.7979443669319153, 0.5228964984416962, 0
u,0.7935954928398132, 0.5213326215744019, 0
u,0.39597371220588684, 0.07924854755401611, 0
u,0.3959810733795166, 0.08507704734802246, 0
u,0.4003225862979889, 0.08359736204147339, 0
u,0.4003225862979889, 0.3878259062767029, 0
u,0.3959810733795166, 0.406669557094574, 0
u,0.4027132987976074, 0.3885420560836792, 0
u,0.6038768887519836, 0.08288317918777466, 0
u,0.6086191534996033, 0.08357560634613037, 0
u,0.6106165051460266, 0.0792505145072937, 0
u,0.9239996671676636, 0.10563862323760986, 0
u,0.9196507930755615, 0.10721558332443237, 0
u,0.9239996671676636, 0.11126846075057983, 0
u,0.9326974153518677, 0.9503842778503895, 0
u,0.9283485412597656, 0.9535928517580032, 0
u,0.9326974153518677, 0.9565284736454487, 0
u,0.6043757796287537, 0.5272437334060669, 0
u,0.6043831706047058, 0.5228712260723114, 0
u,0.6000269055366516, 0.5228948891162872, 0
u,0.597619891166687, 0.22499626874923706, 0
u,0.6000269055366516, 0.22572314739227295, 0
u,0.6043831706047058, 0.21120893955230713, 0
u,0.822380542755127, 0.47884970903396606, 0
u,0.8180316686630249, 0.4805915951728821, 0
u,0.822380542755127, 0.48627912998199463, 0
u,0.7979443073272705, 0.08359432220458984, 0
u,0.7979443073272705, 0.07924437522888184, 0
u,0.7935954332351685, 0.08268088102340698, 0
u,0.003060692921280861, 0.5272442400455475, 0
u,0.06215817108750343, 0.521415114402771, 0
u,-7.2556760599695735e-09, 0.5213555693626404, 0
u,0.06215817108750343, 0.521415114402771, 0
u,0.06649967283010483, 0.21866625547409058, 0
u,0.06215817853808403, 0.19982260465621948, 0
u,0.06889040768146515, 0.21795016527175903, 0
u,0.2747962176799774, 0.5229165554046631, 0
u,0.06215817853808403, 0.19982260465621948, 0
u,0.27679362893104553, 0.5272416770458221, 0
u,0.3294813632965088, 0.5229160785675049, 0
u,0.2747962176799774, 0.5229165554046631, 0
u,0.3338228762149811, 0.5228923857212067, 0
u,0.3294813632965088, 0.08362036943435669, 0
u,0.3294813632965088, 0.5229160785675049, 0
u,0.32947400212287903, 0.07924783229827881, 0
u,0.27056023478507996, 0.08362090587615967, 0
u,0.3294813632965088, 0.08362036943435669, 0
u,0.8381189703941345, 0.13084620237350464, 0
u,0.8424678444862366, 0.4805915951728821, 0
u,0.8424678444862366, 0.11657071113586426, 0
u,0.8180316686630249, 0.5213326215744019, 0
u,0.8136827349662781, 0.08359432220458984, 0
u,0.8136827945709229, 0.5228964984416962, 0
u,0.27056023478507996, 0.08362090587615967, 0
u,0.26620399951934814, 0.3807690143585205, 0
u,0.27056023478507996, 0.3952832818031311, 0
u,0.05858458951115608, 0.07925039529800415, 0
u,0.0004436067247297615, 0.0827103853225708, 0
u,0.06303513795137405, 0.08284324407577515, 0
u,0.3368836045265198, 0.07924795150756836, 0
u,0.3959810733795166, 0.08507704734802246, 0
u,0.39597371220588684, 0.07924854755401611, 0
u,0.3959810733795166, 0.08507704734802246, 0
u,0.4003225862979889, 0.3878259062767029, 0
u,0.4003225862979889, 0.08359736204147339, 0
u,0.4027132987976074, 0.3885420560836792, 0
u,0.6086191534996033, 0.08357560634613037, 0
u,0.6038768887519836, 0.08288317918777466, 0
u,0.6106165051460266, 0.0792505145072937, 0
u,0.6633042693138123, 0.08357608318328857, 0
u,0.6632968783378601, 0.0792509913444519, 0
u,0.6633042693138123, 0.08357608318328857, 0
u,0.6676457524299622, 0.5228955149650574, 0
u,0.6676457524299622, 0.08359980583190918, 0
u,0.6633042693138123, 0.5228717923164368, 0
u,0.6043757796287537, 0.5272437334060669, 0
u,0.6632968783378601, 0.5272442996501923, 0
u,0.822380542755127, 0.13084620237350464, 0
u,0.8180316686630249, 0.4805915951728821, 0
u,0.822380542755127, 0.47884970903396606, 0
u,0.7935954928398132, 0.5213326215744019, 0
u,0.7979443073272705, 0.08359432220458984, 0
u,0.7935954332351685, 0.08268088102340698, 0
u,0.6043831706047058, 0.5228712260723114, 0
u,0.6000269055366516, 0.22572314739227295, 0
u,0.6000269055366516, 0.5228948891162872, 0
u,0.39240750670433044, 0.5272417962551117, 0
u,0.3342665135860443, 0.5237817466259003, 0
u,0.3368836045265198, 0.5272412896156311, 0
u,0.8136827945709229, 0.5228964984416962, 0
u,0.7979443669319153, 0.5272442996501923, 0
u,0.8136827945709229, 0.5272442996501923, 0
u,0.7979443073272705, 0.08359432220458984, 0
u,0.8136827349662781, 0.07924437522888184, 0
u,0.7979443073272705, 0.07924437522888184, 0
u,0.8381189703941345, 0.47884970903396606, 0
u,0.822380542755127, 0.48627912998199463, 0
u,0.8381189703941345, 0.48627912998199463, 0
u,0.822380542755127, 0.13084620237350464, 0
u,0.8381189703941345, 0.12956100702285767, 0
u,0.822380542755127, 0.12956100702285767, 0
u,0.9283486008644104, 0.5987739562988281, 0
u,0.9440869688987732, 0.5931440889835358, 0
u,0.9283486008644104, 0.5931440889835358, 0
u,0.9685231447219849, 0.7028238475322723, 0
u,0.9842615723609924, 0.6984739005565643, 0
u,0.9685231447219849, 0.6984739005565643, 0
u,0.8938279747962952, 0.4294995665550232, 0
u,0.8913402557373047, 0.4137611389160156, 0
u,0.8913402557373047, 0.4294995665550232, 0
u,0.9397380948066711, 0.05157989263534546, 0
u,0.9239996671676636, 0.056543588638305664, 0
u,0.9397380948066711, 0.056543588638305664, 0
u,0.9397380948066711, 0.11126846075057983, 0
u,0.9239996671676636, 0.10563862323760986, 0
u,0.9239996671676636, 0.11126846075057983, 0
u,0.9484358429908752, 0.9565284736454487, 0
u,0.9326974153518677, 0.9503842778503895, 0
u,0.9326974153518677, 0.9565284736454487, 0
u,0.9440869688987732, 0.6538425385951996, 0
u,0.9283486008644104, 0.5987739562988281, 0
u,0.9283486008644104, 0.6538425385951996, 0
u,0.9326973557472229, 0.6538425385951996, 0
u,0.9326974153518677, 0.9503842778503895, 0
u,0.9484358429908752, 0.9503842741250992, 0
u,0.7979443073272705, 0.08359432220458984, 0
u,0.7979443669319153, 0.5228964984416962, 0
u,0.8136827945709229, 0.5228964984416962, 0
u,0.9842615723609924, 0.7028238475322723, 0
u,0.9685231447219849, 0.7028238475322723, 0
u,0.9685231447219849, 0.9999999968182882, 0
u,0.9239996671676636, 0.056543588638305664, 0
u,0.9239996671676636, 0.10563862323760986, 0
u,0.9397380948066711, 0.10563862323760986, 0
u,0.9598253965377808, 0.017198920249938965, 0
u,0.9440869688987732, 0.017198920249938965, 0
u,0.944087028503418, 0.22256499528884888, 0
u,0.822380542755127, 0.48627912998199463, 0
u,0.822380542755127, 0.5272442400455475, 0
u,0.8381189703941345, 0.5272442400455475, 0
u,0.822380542755127, 0.13084620237350464, 0
u,0.822380542755127, 0.47884970903396606, 0
u,0.8381189703941345, 0.47884970903396606, 0
u,0.9685231447219849, 1.0000000031817116, 0
u,0.9685231447219849, 0.6943841278553009, 0
u,0.9527847766876221, 0.6943841278553009, 0
u,0.9326974153518677, 0.9565284736454487, 0
u,0.9326974153518677, 0.9999999983842816, 0
u,0.9484358429908752, 0.9999999976963336, 0
u,0.003060692921280861, 0.5272442400455475, 0
u,0.06215079873800278, 0.5272436738014221, 0
u,0.06215817108750343, 0.521415114402771, 0
u,0.06215817108750343, 0.521415114402771, 0
u,0.06649968028068542, 0.5228947997093201, 0
u,0.06649967283010483, 0.21866625547409058, 0
u,0.06889040768146515, 0.21795016527175903, 0
u,0.2700539827346802, 0.5236090123653412, 0
u,0.2747962176799774, 0.5229165554046631, 0
u,0.27679362893104553, 0.5272416770458221, 0
u,0.32947397232055664, 0.5272412002086639, 0
u,0.3294813632965088, 0.5229160785675049, 0
u,0.3338228762149811, 0.5228923857212067, 0
u,0.3338228762149811, 0.08359664678573608, 0
u,0.3294813632965088, 0.08362036943435669, 0
u,0.32947400212287903, 0.07924783229827881, 0
u,0.2705528736114502, 0.07924842834472656, 0
u,0.27056023478507996, 0.08362090587615967, 0
u,0.8381189703941345, 0.13084620237350464, 0
u,0.8381189703941345, 0.47884970903396606, 0
u,0.8424678444862366, 0.4805915951728821, 0
u,0.8180316686630249, 0.5213326215744019, 0
u,0.8180316090583801, 0.08268088102340698, 0
u,0.8136827349662781, 0.08359432220458984, 0
u,0.27056023478507996, 0.08362090587615967, 0
u,0.26620399951934814, 0.08359730243682861, 0
u,0.26620399951934814, 0.3807690143585205, 0
u,0.05858458951115608, 0.07925039529800415, 0
u,0.003060699673369527, 0.07925087213516235, 0
u,0.0004436067247297615, 0.0827103853225708, 0
u,0.3368836045265198, 0.07924795150756836, 0
u,0.33382290601730347, 0.08513659238815308, 0
u,0.3959810733795166, 0.08507704734802246, 0
u,0.3959810733795166, 0.08507704734802246, 0
u,0.3959810733795166, 0.406669557094574, 0
u,0.4003225862979889, 0.3878259062767029, 0
u,0.4027132987976074, 0.3885420560836792, 0
u,0.3959810733795166, 0.406669557094574, 0
u,0.6086191534996033, 0.08357560634613037, 0
u,0.6106165051460266, 0.0792505145072937, 0
u,0.6086191534996033, 0.08357560634613037, 0
u,0.6633042693138123, 0.08357608318328857, 0
u,0.6633042693138123, 0.08357608318328857, 0
u,0.6633042693138123, 0.5228717923164368, 0
u,0.6676457524299622, 0.5228955149650574, 0
u,0.6633042693138123, 0.5228717923164368, 0
u,0.6043831706047058, 0.5228712260723114, 0
u,0.6043757796287537, 0.5272437334060669, 0
u,0.822380542755127, 0.13084620237350464, 0
u,0.8180316686630249, 0.11657071113586426, 0
u,0.8180316686630249, 0.4805915951728821, 0
u,0.7935954928398132, 0.5213326215744019, 0
u,0.7979443669319153, 0.5228964984416962, 0
u,0.7979443073272705, 0.08359432220458984, 0
u,0.6043831706047058, 0.5228712260723114, 0
u,0.6043831706047058, 0.21120893955230713, 0
u,0.6000269055366516, 0.22572314739227295, 0
u,0.39240750670433044, 0.5272417962551117, 0
u,0.3968580365180969, 0.5236489176750183, 0
u,0.3342665135860443, 0.5237817466259003, 0
u,0.8136827945709229, 0.5228964984416962, 0
u,0.7979443669319153, 0.5228964984416962, 0
u,0.7979443669319153, 0.5272442996501923, 0
u,0.7979443073272705, 0.08359432220458984, 0
u,0.8136827349662781, 0.08359432220458984, 0
u,0.8136827349662781, 0.07924437522888184, 0
u,0.8381189703941345, 0.47884970903396606, 0
u,0.822380542755127, 0.47884970903396606, 0
u,0.822380542755127, 0.48627912998199463, 0
u,0.822380542755127, 0.13084620237350464, 0
u,0.8381189703941345, 0.13084620237350464, 0
u,0.8381189703941345, 0.12956100702285767, 0
u,0.9283486008644104, 0.5987739562988281, 0
u,0.9440869688987732, 0.5987739562988281, 0
u,0.9440869688987732, 0.5931440889835358, 0
u,0.9685231447219849, 0.7028238475322723, 0
u,0.9842615723609924, 0.7028238475322723, 0
u,0.9842615723609924, 0.6984739005565643, 0
u,0.8938279747962952, 0.4294995665550232, 0
u,0.8938279747962952, 0.4137611389160156, 0
u,0.8913402557373047, 0.4137611389160156, 0
u,0.9397380948066711, 0.05157989263534546, 0
u,0.9239996671676636, 0.05157989263534546, 0
u,0.9239996671676636, 0.056543588638305664, 0
u,0.9397380948066711, 0.11126846075057983, 0
u,0.9397380948066711, 0.10563862323760986, 0
u,0.9239996671676636, 0.10563862323760986, 0
u,0.9484358429908752, 0.9565284736454487, 0
u,0.9484358429908752, 0.9503842741250992, 0
u,0.9326974153518677, 0.9503842778503895, 0
u,0.9440869688987732, 0.6538425385951996, 0
u,0.9440869688987732, 0.5987739562988281, 0
u,0.9283486008644104, 0.5987739562988281, 0
