v,-0.0009204884408973157, -0.010409018024802208, -0.010412564501166344
v,-0.0025435076095163822, -0.012466290965676308, 0.003385129850357771
v,-0.00242682546377182, -0.012318388558924198, 0.009035622701048851
v,0.00011883820116054267, -0.010982610285282135, 0.009035623632371426
v,-0.0006016172119416296, -0.01041423063725233, -0.010412564501166344
v,-0.0006016178522258997, -0.010414229705929756, 0.009035623632371426
v,-0.008259915746748447, -0.01971217803657055, -0.01044707652181387
v,-0.008284072391688824, -0.019742798060178757, -0.0052682505920529366
v,-0.0025435076095163822, -0.012466290965676308, 0.003385129850357771
v,-0.008284072391688824, -0.019742798060178757, -0.0052682505920529366
v,-0.009984038770198822, -0.021897608414292336, -0.010452983900904655
v,-0.009996258653700352, -0.02191309630870819, 0.00896640308201313
v,-0.009112004190683365, -0.02268325351178646, -0.010412564501166344
v,-0.009832460433244705, -0.022114872932434082, 0.009035623632371426
v,-0.009832460433244705, -0.022114872932434082, -0.010412564501166344
v,-0.0024642213247716427, -0.01277519203722477, -0.010412563569843769
v,-0.0017437658971175551, -0.013343572616577148, 0.002743613440543413
v,-0.00246422179043293, -0.01277519203722477, 0.002743613440543413
v,-0.001452067750506103, -0.012973827309906483, 0.009228150360286236
v,-0.0007214106735773385, -0.010566074401140213, 0.00922815129160881
v,-0.0021725238766521215, -0.012405446730554104, 0.009228150360286236
v,-0.0025435076095163822, -0.012466290965676308, 0.003385129850357771
v,-0.008284072391688824, -0.019742798060178757, -0.0052682505920529366
v,-0.00242682546377182, -0.012318388558924198, 0.009035622701048851
v,0.00019812460232060403, -0.011291511356830597, -0.010412564501166344
v,-0.001308212406001985, -0.013200882822275162, 0.009035622701048851
v,-0.001424894668161869, -0.013348784297704697, 0.003385129850357771
v,0.00019812460232060403, -0.011291511356830597, -0.010412564501166344
v,-0.001424894668161869, -0.013348784297704697, 0.003385129850357771
v,-0.001424893969669938, -0.013348785229027271, -0.010412563569843769
v,-0.007141302805393934, -0.020594673231244087, -0.01044707652181387
v,-0.001424894668161869, -0.013348784297704697, 0.003385129850357771
v,-0.0071654594503343105, -0.020625293254852295, -0.0052682505920529366
v,-0.0071654594503343105, -0.020625293254852295, -0.0052682505920529366
v,-0.008877646178007126, -0.02279558964073658, 0.00896640308201313
v,-0.008865425363183022, -0.022780101746320724, -0.010452983900904655
v,-0.001424894668161869, -0.013348784297704697, 0.003385129850357771
v,-0.001308212406001985, -0.013200882822275162, 0.009035622701048851
v,-0.0071654594503343105, -0.020625293254852295, -0.0052682505920529366
v,-0.007141302805393934, -0.020594673231244087, -0.01044707652181387
v,-0.0071654594503343105, -0.020625293254852295, -0.0052682505920529366
v,-0.008865425363183022, -0.022780101746320724, -0.010452983900904655
v,0.00019812460232060403, -0.011291511356830597, -0.010412564501166344
v,0.00019812393293250352, -0.011291511356830597, 0.009035623632371426
v,-0.001308212406001985, -0.013200882822275162, 0.009035622701048851
v,-0.007965201511979103, -0.019748009741306305, 0.009035622701048851
v,-0.007244745269417763, -0.020316392183303833, -0.0044329664669930935
v,-0.007965201511979103, -0.019748011603951454, -0.0044329664669930935
v,-0.007462771143764257, -0.02059275284409523, -0.010605092160403728
v,-0.00971266720443964, -0.021963028237223625, -0.010605093091726303
v,-0.00818322692066431, -0.02002437226474285, -0.010605092160403728
v,-0.0071654594503343105, -0.020625293254852295, -0.0052682505920529366
v,-0.007165459915995598, -0.020625291392207146, 0.008969064801931381
v,-0.008877646178007126, -0.02279558964073658, 0.00896640308201313
v,-0.008284072391688824, -0.019742798060178757, -0.0052682505920529366
v,-0.009996258653700352, -0.02191309630870819, 0.00896640308201313
v,-0.008284073323011398, -0.019742798060178757, 0.008969064801931381
v,-0.0018100686138495803, -0.01342761516571045, 0.002775792498141527
v,-0.007997131906449795, -0.019788485020399094, -0.010444742627441883
v,-0.002530524507164955, -0.01285923458635807, 0.0027757929638028145
v,-0.007178891450166702, -0.020232917740941048, -0.004464670084416866
v,-0.002358171623200178, -0.01264076679944992, 0.009067325852811337
v,-0.007899347692728043, -0.01966453716158867, -0.004464670550078154
v,-0.008259915746748447, -0.01971217803657055, -0.01044707652181387
v,-0.009984038770198822, -0.021897608414292336, -0.010452983900904655
v,-0.008284072391688824, -0.019742798060178757, -0.0052682505920529366
v,-0.0009204884408973157, -0.010409018024802208, -0.010412564501166344
v,-0.00242682546377182, -0.012318388558924198, 0.009035622701048851
v,-0.0009204891393892467, -0.010409018024802208, 0.009035623632371426
v,-9.538885024085175e-07, -0.011134454980492592, -0.010605093091726303
v,-0.002344428561627865, -0.012623347342014313, -0.010605092160403728
v,-0.0007214099750854075, -0.010566074401140213, -0.010605093091726303
v,-0.0009204884408973157, -0.010409018024802208, -0.010412564501166344
v,-0.002543507143855095, -0.012466290965676308, -0.010412563569843769
v,-0.0025435076095163822, -0.012466290965676308, 0.003385129850357771
v,-0.009712668135762215, -0.021963028237223625, 0.00922815129160881
v,-0.009996258653700352, -0.02191309630870819, 0.00896640308201313
v,-0.009832460433244705, -0.022114872932434082, 0.009035623632371426
v,-0.008084994740784168, -0.019899854436516762, 0.009228150360286236
v,-0.007965201511979103, -0.019748009741306305, 0.009035622701048851
v,-0.008284073323011398, -0.019742798060178757, 0.008969064801931381
v,-0.007965201511979103, -0.019748011603951454, -0.0044329664669930935
v,-0.007899347692728043, -0.01966453716158867, -0.004464670550078154
v,-0.008284072391688824, -0.019742798060178757, -0.0052682505920529366
v,-0.002358171623200178, -0.01264076679944992, 0.009067325852811337
v,-0.0021725238766521215, -0.012405446730554104, 0.009228150360286236
v,-0.00242682546377182, -0.012318388558924198, 0.009035622701048851
v,-0.0007214106735773385, -0.010566074401140213, 0.00922815129160881
v,-0.0006016178522258997, -0.010414229705929756, 0.009035623632371426
v,-0.0009204891393892467, -0.010409018024802208, 0.009035623632371426
v,-0.0006016172119416296, -0.01041423063725233, -0.010412564501166344
v,-0.0007214099750854075, -0.010566074401140213, -0.010605093091726303
v,-0.0009204884408973157, -0.010409018024802208, -0.010412564501166344
v,-0.002344428561627865, -0.012623347342014313, -0.010605092160403728
v,-0.0024642213247716427, -0.01277519203722477, -0.010412563569843769
v,-0.002543507143855095, -0.012466290965676308, -0.010412563569843769
v,-0.002530524507164955, -0.01285923458635807, 0.0027757929638028145
v,-0.0025435076095163822, -0.012466290965676308, 0.003385129850357771
v,-0.00246422179043293, -0.01277519203722477, 0.002743613440543413
v,-0.007997131906449795, -0.019788485020399094, -0.010444742627441883
v,-0.00818322692066431, -0.02002437226474285, -0.010605092160403728
v,-0.008259915746748447, -0.01971217803657055, -0.01044707652181387
v,-0.009832460433244705, -0.022114872932434082, -0.010412564501166344
v,-0.009984038770198822, -0.021897608414292336, -0.010452983900904655
v,-0.00971266720443964, -0.021963028237223625, -0.010605093091726303
v,-0.008992211893200874, -0.022531408816576004, 0.00922815129160881
v,-0.00911200512200594, -0.02268325351178646, 0.009035623632371426
v,-0.008877646178007126, -0.02279558964073658, 0.00896640308201313
v,-0.007364538498222828, -0.02046823501586914, 0.009228150360286236
v,-0.007165459915995598, -0.020625291392207146, 0.008969064801931381
v,-0.00724474573507905, -0.020316390320658684, 0.009035622701048851
v,-0.007244745269417763, -0.020316392183303833, -0.0044329664669930935
v,-0.0071654594503343105, -0.020625293254852295, -0.0052682505920529366
v,-0.007178891450166702, -0.020232917740941048, -0.004464670084416866
v,-0.0016377154970541596, -0.0132091473788023, 0.009067325852811337
v,-0.001308212406001985, -0.013200882822275162, 0.009035622701048851
v,-0.001452067750506103, -0.012973827309906483, 0.009228150360286236
v,-9.545691455059568e-07, -0.011134454980492592, 0.00922815129160881
v,0.00019812393293250352, -0.011291511356830597, 0.009035623632371426
v,0.00011883820116054267, -0.010982610285282135, 0.009035623632371426
v,0.00011883887054864317, -0.01098261121660471, -0.010412564501166344
v,0.00019812460232060403, -0.011291511356830597, -0.010412564501166344
v,-9.538885024085175e-07, -0.011134454980492592, -0.010605093091726303
v,-0.0016239724354818463, -0.013191727921366692, -0.010605092160403728
v,-0.001424893969669938, -0.013348785229027271, -0.010412563569843769
v,-0.0017437651986256242, -0.013343572616577148, -0.010412563569843769
v,-0.0018100686138495803, -0.01342761516571045, 0.002775792498141527
v,-0.0017437658971175551, -0.013343572616577148, 0.002743613440543413
v,-0.001424894668161869, -0.013348784297704697, 0.003385129850357771
v,-0.0072766756638884544, -0.020356865599751472, -0.010444742627441883
v,-0.007141302805393934, -0.020594673231244087, -0.01044707652181387
v,-0.007462771143764257, -0.02059275284409523, -0.010605092160403728
v,-0.009112004190683365, -0.02268325351178646, -0.010412564501166344
v,-0.0089922109618783, -0.022531408816576004, -0.010605093091726303
v,-0.008865425363183022, -0.022780101746320724, -0.010452983900904655
v,-0.009712668135762215, -0.021963028237223625, 0.00922815129160881
v,-0.008284073323011398, -0.019742798060178757, 0.008969064801931381
v,-0.009996258653700352, -0.02191309630870819, 0.00896640308201313
v,-0.008284073323011398, -0.019742798060178757, 0.008969064801931381
v,-0.007965201511979103, -0.019748011603951454, -0.0044329664669930935
v,-0.008284072391688824, -0.019742798060178757, -0.0052682505920529366
v,-0.007899347692728043, -0.01966453716158867, -0.004464670550078154
v,-0.00242682546377182, -0.012318388558924198, 0.009035622701048851
v,-0.008284072391688824, -0.019742798060178757, -0.0052682505920529366
v,-0.0021725238766521215, -0.012405446730554104, 0.009228150360286236
v,-0.0009204891393892467, -0.010409018024802208, 0.009035623632371426
v,-0.00242682546377182, -0.012318388558924198, 0.009035622701048851
v,-0.0006016178522258997, -0.010414229705929756, 0.009035623632371426
v,-0.0009204884408973157, -0.010409018024802208, -0.010412564501166344
v,-0.0009204891393892467, -0.010409018024802208, 0.009035623632371426
v,-0.0007214099750854075, -0.010566074401140213, -0.010605093091726303
v,-0.002543507143855095, -0.012466290965676308, -0.010412563569843769
v,-0.0009204884408973157, -0.010409018024802208, -0.010412564501166344
v,-0.002530524507164955, -0.01285923458635807, 0.0027757929638028145
v,-0.008259915746748447, -0.01971217803657055, -0.01044707652181387
v,-0.0025435076095163822, -0.012466290965676308, 0.003385129850357771
v,-0.009996258653700352, -0.02191309630870819, 0.00896640308201313
v,-0.009832460433244705, -0.022114872932434082, -0.010412564501166344
v,-0.009832460433244705, -0.022114872932434082, 0.009035623632371426
v,-0.002543507143855095, -0.012466290965676308, -0.010412563569843769
v,-0.00246422179043293, -0.01277519203722477, 0.002743613440543413
v,-0.0025435076095163822, -0.012466290965676308, 0.003385129850357771
v,-0.00818322692066431, -0.02002437226474285, -0.010605092160403728
v,-0.009984038770198822, -0.021897608414292336, -0.010452983900904655
v,-0.008259915746748447, -0.01971217803657055, -0.01044707652181387
v,-0.008992211893200874, -0.022531408816576004, 0.00922815129160881
v,-0.007165459915995598, -0.020625291392207146, 0.008969064801931381
v,-0.007364538498222828, -0.02046823501586914, 0.009228150360286236
v,-0.007165459915995598, -0.020625291392207146, 0.008969064801931381
v,-0.007244745269417763, -0.020316392183303833, -0.0044329664669930935
v,-0.00724474573507905, -0.020316390320658684, 0.009035622701048851
v,-0.007178891450166702, -0.020232917740941048, -0.004464670084416866
v,-0.001308212406001985, -0.013200882822275162, 0.009035622701048851
v,-0.0016377154970541596, -0.0132091473788023, 0.009067325852811337
v,-0.001452067750506103, -0.012973827309906483, 0.009228150360286236
v,0.00019812393293250352, -0.011291511356830597, 0.009035623632371426
v,-9.545691455059568e-07, -0.011134454980492592, 0.00922815129160881
v,0.00019812393293250352, -0.011291511356830597, 0.009035623632371426
v,0.00011883887054864317, -0.01098261121660471, -0.010412564501166344
v,0.00011883820116054267, -0.010982610285282135, 0.009035623632371426
v,0.00019812460232060403, -0.011291511356830597, -0.010412564501166344
v,-0.0016239724354818463, -0.013191727921366692, -0.010605092160403728
v,-9.538885024085175e-07, -0.011134454980492592, -0.010605093091726303
v,-0.0018100686138495803, -0.01342761516571045, 0.002775792498141527
v,-0.007141302805393934, -0.020594673231244087, -0.01044707652181387
v,-0.0072766756638884544, -0.020356865599751472, -0.010444742627441883
v,-0.008877646178007126, -0.02279558964073658, 0.00896640308201313
v,-0.009112004190683365, -0.02268325351178646, -0.010412564501166344
v,-0.008865425363183022, -0.022780101746320724, -0.010452983900904655
v,-0.001424893969669938, -0.013348785229027271, -0.010412563569843769
v,-0.0017437658971175551, -0.013343572616577148, 0.002743613440543413
v,-0.0017437651986256242, -0.013343572616577148, -0.010412563569843769
v,-0.007462771143764257, -0.02059275284409523, -0.010605092160403728
v,-0.008865425363183022, -0.022780101746320724, -0.010452983900904655
v,-0.0089922109618783, -0.022531408816576004, -0.010605093091726303
v,-0.009832460433244705, -0.022114872932434082, 0.009035623632371426
v,-0.008992211893200874, -0.022531408816576004, 0.00922815129160881
v,-0.009712668135762215, -0.021963028237223625, 0.00922815129160881
v,-0.009112004190683365, -0.02268325351178646, -0.010412564501166344
v,-0.00971266720443964, -0.021963028237223625, -0.010605093091726303
v,-0.0089922109618783, -0.022531408816576004, -0.010605093091726303
v,-0.007997131906449795, -0.019788485020399094, -0.010444742627441883
v,-0.007462771143764257, -0.02059275284409523, -0.010605092160403728
v,-0.00818322692066431, -0.02002437226474285, -0.010605092160403728
v,-0.0018100686138495803, -0.01342761516571045, 0.002775792498141527
v,-0.00246422179043293, -0.01277519203722477, 0.002743613440543413
v,-0.0017437658971175551, -0.013343572616577148, 0.002743613440543413
v,-0.008084994740784168, -0.019899854436516762, 0.009228150360286236
v,-0.00724474573507905, -0.020316390320658684, 0.009035622701048851
v,-0.007965201511979103, -0.019748009741306305, 0.009035622701048851
v,-0.0017437651986256242, -0.013343572616577148, -0.010412563569843769
v,-0.002344428561627865, -0.012623347342014313, -0.010605092160403728
v,-0.0016239724354818463, -0.013191727921366692, -0.010605092160403728
v,-0.007965201511979103, -0.019748011603951454, -0.0044329664669930935
v,-0.007178891450166702, -0.020232917740941048, -0.004464670084416866
v,-0.007899347692728043, -0.01966453716158867, -0.004464670550078154
v,-0.002358171623200178, -0.01264076679944992, 0.009067325852811337
v,-0.001452067750506103, -0.012973827309906483, 0.009228150360286236
v,-0.0021725238766521215, -0.012405446730554104, 0.009228150360286236
v,-0.0006016178522258997, -0.010414229705929756, 0.009035623632371426
v,-9.545691455059568e-07, -0.011134454980492592, 0.00922815129160881
v,0.00011883820116054267, -0.010982610285282135, 0.009035623632371426
v,-0.0007214099750854075, -0.010566074401140213, -0.010605093091726303
v,0.00011883887054864317, -0.01098261121660471, -0.010412564501166344
v,-9.538885024085175e-07, -0.011134454980492592, -0.010605093091726303
v,-0.008992211893200874, -0.022531408816576004, 0.00922815129160881
v,-0.008084994740784168, -0.019899854436516762, 0.009228150360286236
v,-0.009712668135762215, -0.021963028237223625, 0.00922815129160881
v,0.00011883820116054267, -0.010982610285282135, 0.009035623632371426
v,0.00011883887054864317, -0.01098261121660471, -0.010412564501166344
v,-0.0006016172119416296, -0.01041423063725233, -0.010412564501166344
v,-0.009112004190683365, -0.02268325351178646, -0.010412564501166344
v,-0.00911200512200594, -0.02268325351178646, 0.009035623632371426
v,-0.009832460433244705, -0.022114872932434082, 0.009035623632371426
v,-0.0024642213247716427, -0.01277519203722477, -0.010412563569843769
v,-0.0017437651986256242, -0.013343572616577148, -0.010412563569843769
v,-0.0017437658971175551, -0.013343572616577148, 0.002743613440543413
v,-0.001452067750506103, -0.012973827309906483, 0.009228150360286236
v,-9.545691455059568e-07, -0.011134454980492592, 0.00922815129160881
v,-0.0007214106735773385, -0.010566074401140213, 0.00922815129160881
v,-0.007965201511979103, -0.019748009741306305, 0.009035622701048851
v,-0.00724474573507905, -0.020316390320658684, 0.009035622701048851
v,-0.007244745269417763, -0.020316392183303833, -0.0044329664669930935
v,-0.007462771143764257, -0.02059275284409523, -0.010605092160403728
v,-0.0089922109618783, -0.022531408816576004, -0.010605093091726303
v,-0.00971266720443964, -0.021963028237223625, -0.010605093091726303
v,-0.0018100686138495803, -0.01342761516571045, 0.002775792498141527
v,-0.0072766756638884544, -0.020356865599751472, -0.010444742627441883
v,-0.007997131906449795, -0.019788485020399094, -0.010444742627441883
v,-0.007178891450166702, -0.020232917740941048, -0.004464670084416866
v,-0.0016377154970541596, -0.0132091473788023, 0.009067325852811337
v,-0.002358171623200178, -0.01264076679944992, 0.009067325852811337
v,-9.538885024085175e-07, -0.011134454980492592, -0.010605093091726303
v,-0.0016239724354818463, -0.013191727921366692, -0.010605092160403728
v,-0.002344428561627865, -0.012623347342014313, -0.010605092160403728
v,-0.009712668135762215, -0.021963028237223625, 0.00922815129160881
v,-0.008084994740784168, -0.019899854436516762, 0.009228150360286236
v,-0.008284073323011398, -0.019742798060178757, 0.008969064801931381
v,-0.008284073323011398, -0.019742798060178757, 0.008969064801931381
v,-0.007965201511979103, -0.019748009741306305, 0.009035622701048851
v,-0.007965201511979103, -0.019748011603951454, -0.0044329664669930935
v,-0.007899347692728043, -0.01966453716158867, -0.004464670550078154
v,-0.002358171623200178, -0.01264076679944992, 0.009067325852811337
v,-0.00242682546377182, -0.012318388558924198, 0.009035622701048851
v,-0.0021725238766521215, -0.012405446730554104, 0.009228150360286236
v,-0.0007214106735773385, -0.010566074401140213, 0.00922815129160881
v,-0.0009204891393892467, -0.010409018024802208, 0.009035623632371426
v,-0.0006016178522258997, -0.010414229705929756, 0.009035623632371426
v,-0.0006016172119416296, -0.01041423063725233, -0.010412564501166344
v,-0.0009204884408973157, -0.010409018024802208, -0.010412564501166344
v,-0.0007214099750854075, -0.010566074401140213, -0.010605093091726303
v,-0.002344428561627865, -0.012623347342014313, -0.010605092160403728
v,-0.002543507143855095, -0.012466290965676308, -0.010412563569843769
v,-0.002530524507164955, -0.01285923458635807, 0.0027757929638028145
v,-0.007997131906449795, -0.019788485020399094, -0.010444742627441883
v,-0.008259915746748447, -0.01971217803657055, -0.01044707652181387
v,-0.009996258653700352, -0.02191309630870819, 0.00896640308201313
v,-0.009984038770198822, -0.021897608414292336, -0.010452983900904655
v,-0.009832460433244705, -0.022114872932434082, -0.010412564501166344
v,-0.002543507143855095, -0.012466290965676308, -0.010412563569843769
v,-0.0024642213247716427, -0.01277519203722477, -0.010412563569843769
v,-0.00246422179043293, -0.01277519203722477, 0.002743613440543413
v,-0.00818322692066431, -0.02002437226474285, -0.010605092160403728
v,-0.00971266720443964, -0.021963028237223625, -0.010605093091726303
v,-0.009984038770198822, -0.021897608414292336, -0.010452983900904655
v,-0.008992211893200874, -0.022531408816576004, 0.00922815129160881
v,-0.008877646178007126, -0.02279558964073658, 0.00896640308201313
v,-0.007165459915995598, -0.020625291392207146, 0.008969064801931381
v,-0.007165459915995598, -0.020625291392207146, 0.008969064801931381
v,-0.0071654594503343105, -0.020625293254852295, -0.0052682505920529366
v,-0.007244745269417763, -0.020316392183303833, -0.0044329664669930935
v,-0.007178891450166702, -0.020232917740941048, -0.004464670084416866
v,-0.0071654594503343105, -0.020625293254852295, -0.0052682505920529366
v,-0.001308212406001985, -0.013200882822275162, 0.009035622701048851
v,-0.001452067750506103, -0.012973827309906483, 0.009228150360286236
v,-0.001308212406001985, -0.013200882822275162, 0.009035622701048851
v,0.00019812393293250352, -0.011291511356830597, 0.009035623632371426
v,0.00019812393293250352, -0.011291511356830597, 0.009035623632371426
v,0.00019812460232060403, -0.011291511356830597, -0.010412564501166344
v,0.00011883887054864317, -0.01098261121660471, -0.010412564501166344
v,0.00019812460232060403, -0.011291511356830597, -0.010412564501166344
v,-0.001424893969669938, -0.013348785229027271, -0.010412563569843769
v,-0.0016239724354818463, -0.013191727921366692, -0.010605092160403728
v,-0.0018100686138495803, -0.01342761516571045, 0.002775792498141527
v,-0.001424894668161869, -0.013348784297704697, 0.003385129850357771
v,-0.007141302805393934, -0.020594673231244087, -0.01044707652181387
v,-0.008877646178007126, -0.02279558964073658, 0.00896640308201313
v,-0.00911200512200594, -0.02268325351178646, 0.009035623632371426
v,-0.009112004190683365, -0.02268325351178646, -0.010412564501166344
v,-0.001424893969669938, -0.013348785229027271, -0.010412563569843769
v,-0.001424894668161869, -0.013348784297704697, 0.003385129850357771
v,-0.0017437658971175551, -0.013343572616577148, 0.002743613440543413
v,-0.007462771143764257, -0.02059275284409523, -0.010605092160403728
v,-0.007141302805393934, -0.020594673231244087, -0.01044707652181387
v,-0.008865425363183022, -0.022780101746320724, -0.010452983900904655
v,-0.009832460433244705, -0.022114872932434082, 0.009035623632371426
v,-0.00911200512200594, -0.02268325351178646, 0.009035623632371426
v,-0.008992211893200874, -0.022531408816576004, 0.00922815129160881
v,-0.009112004190683365, -0.02268325351178646, -0.010412564501166344
v,-0.009832460433244705, -0.022114872932434082, -0.010412564501166344
v,-0.00971266720443964, -0.021963028237223625, -0.010605093091726303
v,-0.007997131906449795, -0.019788485020399094, -0.010444742627441883
v,-0.0072766756638884544, -0.020356865599751472, -0.010444742627441883
v,-0.007462771143764257, -0.02059275284409523, -0.010605092160403728
v,-0.0018100686138495803, -0.01342761516571045, 0.002775792498141527
v,-0.002530524507164955, -0.01285923458635807, 0.0027757929638028145
v,-0.00246422179043293, -0.01277519203722477, 0.002743613440543413
v,-0.008084994740784168, -0.019899854436516762, 0.009228150360286236
v,-0.007364538498222828, -0.02046823501586914, 0.009228150360286236
v,-0.00724474573507905, -0.020316390320658684, 0.009035622701048851
v,-0.0017437651986256242, -0.013343572616577148, -0.010412563569843769
v,-0.0024642213247716427, -0.01277519203722477, -0.010412563569843769
v,-0.002344428561627865, -0.012623347342014313, -0.010605092160403728
v,-0.007965201511979103, -0.019748011603951454, -0.0044329664669930935
v,-0.007244745269417763, -0.020316392183303833, -0.0044329664669930935
v,-0.007178891450166702, -0.020232917740941048, -0.004464670084416866
v,-0.002358171623200178, -0.01264076679944992, 0.009067325852811337
v,-0.0016377154970541596, -0.0132091473788023, 0.009067325852811337
v,-0.001452067750506103, -0.012973827309906483, 0.009228150360286236
v,-0.0006016178522258997, -0.010414229705929756, 0.009035623632371426
v,-0.0007214106735773385, -0.010566074401140213, 0.00922815129160881
v,-9.545691455059568e-07, -0.011134454980492592, 0.00922815129160881
v,-0.0007214099750854075, -0.010566074401140213, -0.010605093091726303
v,-0.0006016172119416296, -0.01041423063725233, -0.010412564501166344
v,0.00011883887054864317, -0.01098261121660471, -0.010412564501166344
v,-0.008992211893200874, -0.022531408816576004, 0.00922815129160881
v,-0.007364538498222828, -0.02046823501586914, 0.009228150360286236
v,-0.008084994740784168, -0.019899854436516762, 0.009228150360286236
n,-20.49765968322754, 16.17096710205078, -8.608233770246443e-07
n,21.2012882232666, 26.87388801574707, 5.331030891253877e-14
n,-20.49765968322754, 16.17096519470215, -7.810790521034505e-07
n,-20.49765968322754, 16.17096519470215, -1.1412392950660433e-06
n,-21.2012882232666, -26.87388801574707, -5.331030891253877e-14
n,-21.2012882232666, -26.87388801574707, -5.331030891253877e-14
n,-9.058806426764932e-06, -9.055788723344449e-06, 34.386714935302734
n,-20.49765968322754, 16.17096519470215, -8.148365964188997e-07
n,20.497655868530273, -16.170970916748047, 5.989500095893163e-08
n,20.49765968322754, -16.170963287353516, 1.6812267631394207e-06
n,20.49765968322754, -16.17096519470215, 1.1412392950660433e-06
n,20.49765968322754, -16.17096519470215, 1.1412392950660433e-06
n,20.49765968322754, -16.170963287353516, -2.1969594854454044e-07
n,20.49765968322754, -16.17096519470215, 1.1412392950660433e-06
n,20.49765968322754, -16.170963287353516, 1.1412392950660433e-06
n,21.2012882232666, 26.87388801574707, 5.331030891253877e-14
n,8.65531364979688e-06, 8.54433801578125e-06, -34.386714935302734
n,20.49765968322754, -16.17096519470215, 1.1412392950660433e-06
n,-20.49765968322754, 16.17096519470215, -1.2720677204924868e-06
n,17.657705307006836, 22.382186889648438, -19.03247833251953
n,-17.710124969482422, -22.448583602905273, 18.903982162475586
n,-20.49765968322754, 16.17096519470215, -7.866186138016928e-07
n,-20.49765968322754, 16.17096519470215, -1.1412392950660433e-06
n,-5.864175363967661e-06, -9.859973943093792e-06, -34.386714935302734
n,-20.49765968322754, 16.17096519470215, -1.2762361620843876e-06
n,-22.21101188659668, -10.459541320800781, 22.069194793701172
n,-3.2694690227508545, 24.91357421875, 17.61471176147461
n,-18.661535263061523, 17.4695987701416, 7.233083724975586
n,-19.69913101196289, -1.7124712467193604, 25.24534034729004
n,0.4062254726886749, 24.85196304321289, 19.85317039489746
n,0.40622493624687195, 24.851959228515625, -19.853174209594727
n,-24.07490348815918, -6.179321765899658, -19.85317039489746
n,-21.393163681030273, 13.395371437072754, -9.094108581542969
n,4.944979667663574, 16.128398895263672, -29.46520233154297
n,-17.543811798095703, -16.72435188293457, -24.1061954498291
n,-5.002720832824707, -24.03546905517578, 22.069196701049805
n,24.990339279174805, 2.618917942047119, 17.61471176147461
n,21.3332576751709, -14.08303165435791, 7.23309326171875
n,2.919496536254883, -19.556705474853516, 25.245342254638672
n,24.07490348815918, 6.179322719573975, 19.853172302246094
n,24.074905395507812, 6.179321765899658, -19.853172302246094
n,-0.4062254726886749, -24.851961135864258, -19.853172302246094
n,18.006736755371094, -17.687870025634766, -9.094114303588867
n,14.534529685974121, 8.563033103942871, -29.465200424194336
n,-12.181757926940918, -20.954570770263672, -24.10619354248047
n,-16.52121925354004, 13.00888442993164, 20.38152313232422
n,0.49752330780029297, 30.437301635742188, -8.888539468898671e-07
n,-27.016979217529297, -4.438807010650635, 13.367056846618652
n,-14.494049072265625, 11.434598922729492, 24.315065383911133
n,0.49752330780029297, 30.437301635742188, -8.069784485087439e-07
n,-14.494047164916992, 11.434597969055176, -24.315067291259766
n,7.542365550994873, 27.08213996887207, -17.30377769470215
n,-26.128498077392578, -21.21059226989746, -3.3594562864891486e-07
n,-29.485607147216797, -7.56809139251709, -8.914627755984839e-07
n,-12.948502540588379, 10.287225723266602, -26.608869552612305
n,16.452425003051758, -12.979599952697754, 20.510025024414062
n,29.48560905456543, 7.568093299865723, 8.069785621955816e-07
n,1.9710536003112793, -27.30816650390625, 13.367158889770508
n,14.494035720825195, -11.434610366821289, 24.315065383911133
n,29.485607147216797, 7.56809139251709, 8.069785621955816e-07
n,14.494038581848145, -11.434611320495605, -24.315067291259766
n,24.380346298217773, 14.049835205078125, -17.44502830505371
n,-12.157989501953125, -30.941301345825195, -0.03232891857624054
n,-0.4975242614746094, -30.43730354309082, 1.2074260666850023e-06
n,12.707079887390137, -10.024827003479004, -26.981836318969727
n,-14.991575241088867, -19.002708435058594, 24.315078735351562
n,-14.991573333740234, -19.002708435058594, -24.315078735351562
n,10.017683029174805, 12.698003768920898, -30.306005477905273
n,-6.128995418548584, -7.768867015838623, -32.91851043701172
n,14.991573333740234, 19.002708435058594, 24.315078735351562
n,-14.991573333740234, -19.002708435058594, -24.315078735351562
n,6.083739757537842, 7.7115278244018555, 32.940582275390625
n,-10.0595121383667, -12.751025199890137, 30.269535064697266
n,14.991573333740234, 19.002708435058594, 24.315078735351562
n,14.991575241088867, 19.002708435058594, -24.315078735351562
n,5.844030511070741e-06, 9.834438969846815e-06, 34.386714935302734
n,21.2012882232666, 26.87388801574707, 5.331030891253877e-14
n,-21.2012882232666, -26.87388801574707, -5.331030891253877e-14
n,-21.2012882232666, -26.87388801574707, -5.331030891253877e-14
n,-9.058807336259633e-06, -9.05578963283915e-06, 34.386714935302734
n,21.2012882232666, 26.87388801574707, 5.331030891253877e-14
n,8.65531364979688e-06, 8.54433801578125e-06, -34.386714935302734
n,17.65770721435547, 22.38218879699707, -19.032480239868164
n,-17.710102081298828, -22.4486026763916, 18.90398406982422
n,-5.864175363967661e-06, -9.859973943093792e-06, -34.386714935302734
n,-16.452417373657227, 12.97961139678955, 20.510025024414062
n,0.49752044677734375, 30.43730354309082, -9.047683420249086e-07
n,-27.0169620513916, -4.439004421234131, 13.367157936096191
n,-14.494049072265625, 11.434598922729492, 24.315065383911133
n,0.49752140045166016, 30.437301635742188, -7.731169944236171e-07
n,-14.494048118591309, 11.434598922729492, -24.315061569213867
n,7.989498615264893, 26.980863571166992, -17.44502830505371
n,-27.261810302734375, -19.025630950927734, -0.032329753041267395
n,-29.485607147216797, -7.568089485168457, -8.570344789404771e-07
n,-12.707067489624023, 10.024842262268066, -26.981834411621094
n,16.496906280517578, -13.039695739746094, 20.381528854370117
n,29.485607147216797, 7.56809139251709, 8.069785621955816e-07
n,1.9712567329406738, -27.308135986328125, 13.36705493927002
n,14.494035720825195, -11.434610366821289, 24.315067291259766
n,29.485607147216797, 7.56809139251709, 8.069785621955816e-07
n,14.494038581848145, -11.434611320495605, -24.315067291259766
n,24.582923889160156, 13.638531684875488, -17.30377197265625
n,-14.546727180480957, -30.347658157348633, 3.2241652547781996e-07
n,-0.4975242614746094, -30.43730354309082, 1.1888074595844955e-06
n,13.018450736999512, -10.19856071472168, -26.60887336730957
n,-14.991575241088867, -19.002708435058594, 24.315078735351562
n,-14.991573333740234, -19.002708435058594, -24.315078735351562
n,10.017683029174805, 12.698003768920898, -30.306005477905273
n,-6.129082679748535, -7.7689528465271, -32.91847229003906
n,14.991573333740234, 19.002708435058594, 24.315078735351562
n,-14.991573333740234, -19.002708435058594, -24.315078735351562
n,6.083675861358643, 7.711421489715576, 32.940616607666016
n,-10.0595121383667, -12.751025199890137, 30.269535064697266
n,14.991573333740234, 19.002708435058594, 24.315078735351562
n,14.991575241088867, 19.002708435058594, -24.315078735351562
n,5.8440296015760396e-06, 9.834438969846815e-06, 34.386714935302734
u,0.3294813632965088, 0.08362036943435669, 0
u,0.27056023478507996, 0.3952832818031311, 0
u,0.2747962176799774, 0.5229165554046631, 0
u,0.9326973557472229, 0.6538425385951996, 0
u,0.9484358429908752, 0.9503842741250992, 0
u,0.9484357237815857, 0.6538425385951996, 0
u,0.06303513795137405, 0.08284324407577515, 0
u,0.06215817853808403, 0.19982260465621948, 0
u,0.27056023478507996, 0.3952832818031311, 0
u,0.06215817853808403, 0.19982260465621948, 0
u,0.0004436067247297615, 0.0827103853225708, 0
u,-7.2556760599695735e-09, 0.5213555693626404, 0
u,0.7979443073272705, 0.08359432220458984, 0
u,0.8136827945709229, 0.5228964984416962, 0
u,0.8136827349662781, 0.08359432220458984, 0
u,0.9842615723609924, 0.7028238475322723, 0
u,0.9685231447219849, 0.9999999968182882, 0
u,0.9842615723609924, 0.9999999961303403, 0
u,0.9239996671676636, 0.056543588638305664, 0
u,0.9397380948066711, 0.10563862323760986, 0
u,0.9397380948066711, 0.056543588638305664, 0
u,0.27056023478507996, 0.3952832818031311, 0
u,0.06215817853808403, 0.19982260465621948, 0
u,0.2747962176799774, 0.5229165554046631, 0
u,0.6633042693138123, 0.5228717923164368, 0
u,0.6086191534996033, 0.08357560634613037, 0
u,0.6043831706047058, 0.21120893955230713, 0
u,0.6633042693138123, 0.5228717923164368, 0
u,0.6043831706047058, 0.21120893955230713, 0
u,0.6043831706047058, 0.5228712260723114, 0
u,0.3968580365180969, 0.5236489176750183, 0
u,0.6043831706047058, 0.21120893955230713, 0
u,0.3959810733795166, 0.406669557094574, 0
u,0.3959810733795166, 0.406669557094574, 0
u,0.33382290601730347, 0.08513659238815308, 0
u,0.3342665135860443, 0.5237817466259003, 0
u,0.6043831706047058, 0.21120893955230713, 0
u,0.6086191534996033, 0.08357560634613037, 0
u,0.3959810733795166, 0.406669557094574, 0
u,0.3968580365180969, 0.5236489176750183, 0
u,0.3959810733795166, 0.406669557094574, 0
u,0.3342665135860443, 0.5237817466259003, 0
u,0.6633042693138123, 0.5228717923164368, 0
u,0.6633042693138123, 0.08357608318328857, 0
u,0.6086191534996033, 0.08357560634613037, 0
u,0.9598253965377808, 0.017198920249938965, 0
u,0.944087028503418, 0.22256499528884888, 0
u,0.9598253965377808, 0.22256499528884888, 0
u,0.822380542755127, 0.48627912998199463, 0
u,0.8381189703941345, 0.5272442400455475, 0
u,0.8381189703941345, 0.48627912998199463, 0
u,0.3959810733795166, 0.406669557094574, 0
u,0.3959810733795166, 0.08507704734802246, 0
u,0.33382290601730347, 0.08513659238815308, 0
u,0.06215817853808403, 0.19982260465621948, 0
u,-7.2556760599695735e-09, 0.5213555693626404, 0
u,0.06215817108750343, 0.521415114402771, 0
u,0.822380542755127, 0.13084620237350464, 0
u,0.8381189703941345, 0.47884970903396606, 0
u,0.8381189703941345, 0.13084620237350464, 0
u,0.9685231447219849, 1.0000000031817116, 0
u,0.9527847766876221, 0.6943841278553009, 0
u,0.9527847170829773, 1.000000012282209, 0
u,0.06303513795137405, 0.08284324407577515, 0
u,0.0004436067247297615, 0.0827103853225708, 0
u,0.06215817853808403, 0.19982260465621948, 0
u,0.3294813632965088, 0.08362036943435669, 0
u,0.2747962176799774, 0.5229165554046631, 0
u,0.3294813632965088, 0.5229160785675049, 0
u,0.9326974153518677, 0.9565284736454487, 0
u,0.9484358429908752, 0.9999999976963336, 0
u,0.9484358429908752, 0.9565284736454487, 0
u,0.3294813632965088, 0.08362036943435669, 0
u,0.27056023478507996, 0.08362090587615967, 0
u,0.27056023478507996, 0.3952832818031311, 0
u,0.8136827945709229, 0.5272442996501923, 0
u,0.8180316686630249, 0.5213326215744019, 0
u,0.8136827945709229, 0.5228964984416962, 0
u,0.06215079873800278, 0.5272436738014221, 0
u,0.06649968028068542, 0.5228947997093201, 0
u,0.06215817108750343, 0.521415114402771, 0
u,0.06649967283010483, 0.21866625547409058, 0
u,0.06889040768146515, 0.21795016527175903, 0
u,0.06215817853808403, 0.19982260465621948, 0
u,0.2700539827346802, 0.5236090123653412, 0
u,0.27679362893104553, 0.5272416770458221, 0
u,0.2747962176799774, 0.5229165554046631, 0
u,0.9397380948066711, 0.10563862323760986, 0
u,0.9397380948066711, 0.11126846075057983, 0
u,0.9440869688987732, 0.10721558332443237, 0
u,0.9484358429908752, 0.9503842741250992, 0
u,0.9484358429908752, 0.9565284736454487, 0
u,0.9527847170829773, 0.9535928480327129, 0
u,0.2705528736114502, 0.07924842834472656, 0
u,0.26620399951934814, 0.08359730243682861, 0
u,0.27056023478507996, 0.08362090587615967, 0
u,0.26379698514938354, 0.38149595260620117, 0
u,0.27056023478507996, 0.3952832818031311, 0
u,0.26620399951934814, 0.3807690143585205, 0
u,0.8381189703941345, 0.47884970903396606, 0
u,0.8381189703941345, 0.48627912998199463, 0
u,0.8424678444862366, 0.4805915951728821, 0
u,0.8136827349662781, 0.08359432220458984, 0
u,0.8180316090583801, 0.08268088102340698, 0
u,0.8136827349662781, 0.07924437522888184, 0
u,0.7979443669319153, 0.5272442996501923, 0
u,0.7979443669319153, 0.5228964984416962, 0
u,0.7935954928398132, 0.5213326215744019, 0
u,0.39597371220588684, 0.07924854755401611, 0
u,0.3959810733795166, 0.08507704734802246, 0
u,0.4003225862979889, 0.08359736204147339, 0
u,0.4003225862979889, 0.3878259062767029, 0
u,0.3959810733795166, 0.406669557094574, 0
u,0.4027132987976074, 0.3885420560836792, 0
u,0.6038768887519836, 0.08288317918777466, 0
u,0.6086191534996033, 0.08357560634613037, 0
u,0.6106165051460266, 0.0792505145072937, 0
u,0.9239996671676636, 0.10563862323760986, 0
u,0.9196507930755615, 0.10721558332443237, 0
u,0.9239996671676636, 0.11126846075057983, 0
u,0.9326974153518677, 0.9503842778503895, 0
u,0.9283485412597656, 0.9535928517580032, 0
u,0.9326974153518677, 0.9565284736454487, 0
u,0.6043757796287537, 0.5272437334060669, 0
u,0.6043831706047058, 0.5228712260723114, 0
u,0.6000269055366516, 0.5228948891162872, 0
u,0.597619891166687, 0.22499626874923706, 0
u,0.6000269055366516, 0.22572314739227295, 0
u,0.6043831706047058, 0.21120893955230713, 0
u,0.822380542755127, 0.47884970903396606, 0
u,0.8180316686630249, 0.4805915951728821, 0
u,0.822380542755127, 0.48627912998199463, 0
u,0.7979443073272705, 0.08359432220458984, 0
u,0.7979443073272705, 0.07924437522888184, 0
u,0.7935954332351685, 0.08268088102340698, 0
u,0.003060692921280861, 0.5272442400455475, 0
u,0.06215817108750343, 0.521415114402771, 0
u,-7.2556760599695735e-09, 0.5213555693626404, 0
u,0.06215817108750343, 0.521415114402771, 0
u,0.06649967283010483, 0.21866625547409058, 0
u,0.06215817853808403, 0.19982260465621948, 0
u,0.06889040768146515, 0.21795016527175903, 0
u,0.2747962176799774, 0.5229165554046631, 0
u,0.06215817853808403, 0.19982260465621948, 0
u,0.27679362893104553, 0.5272416770458221, 0
u,0.3294813632965088, 0.5229160785675049, 0
u,0.2747962176799774, 0.5229165554046631, 0
u,0.3338228762149811, 0.5228923857212067, 0
u,0.3294813632965088, 0.08362036943435669, 0
u,0.3294813632965088, 0.5229160785675049, 0
u,0.32947400212287903, 0.07924783229827881, 0
u,0.27056023478507996, 0.08362090587615967, 0
u,0.3294813632965088, 0.08362036943435669, 0
u,0.8381189703941345, 0.13084620237350464, 0
u,0.8424678444862366, 0.4805915951728821, 0
u,0.8424678444862366, 0.11657071113586426, 0
u,0.8180316686630249, 0.5213326215744019, 0
u,0.8136827349662781, 0.08359432220458984, 0
u,0.8136827945709229, 0.5228964984416962, 0
u,0.27056023478507996, 0.08362090587615967, 0
u,0.26620399951934814, 0.3807690143585205, 0
u,0.27056023478507996, 0.3952832818031311, 0
u,0.05858458951115608, 0.07925039529800415, 0
u,0.0004436067247297615, 0.0827103853225708, 0
u,0.06303513795137405, 0.08284324407577515, 0
u,0.3368836045265198, 0.07924795150756836, 0
u,0.3959810733795166, 0.08507704734802246, 0
u,0.39597371220588684, 0.07924854755401611, 0
u,0.3959810733795166, 0.08507704734802246, 0
u,0.4003225862979889, 0.3878259062767029, 0
u,0.4003225862979889, 0.08359736204147339, 0
u,0.4027132987976074, 0.3885420560836792, 0
u,0.6086191534996033, 0.08357560634613037, 0
u,0.6038768887519836, 0.08288317918777466, 0
u,0.6106165051460266, 0.0792505145072937, 0
u,0.6633042693138123, 0.08357608318328857, 0
u,0.6632968783378601, 0.0792509913444519, 0
u,0.6633042693138123, 0.08357608318328857, 0
u,0.6676457524299622, 0.5228955149650574, 0
u,0.6676457524299622, 0.08359980583190918, 0
u,0.6633042693138123, 0.5228717923164368, 0
u,0.6043757796287537, 0.5272437334060669, 0
u,0.6632968783378601, 0.5272442996501923, 0
u,0.822380542755127, 0.13084620237350464, 0
u,0.8180316686630249, 0.4805915951728821, 0
u,0.822380542755127, 0.47884970903396606, 0
u,0.7935954928398132, 0.5213326215744019, 0
u,0.7979443073272705, 0.08359432220458984, 0
u,0.7935954332351685, 0.08268088102340698, 0
u,0.6043831706047058, 0.5228712260723114, 0
u,0.6000269055366516, 0.22572314739227295, 0
u,0.6000269055366516, 0.5228948891162872, 0
u,0.39240750670433044, 0.5272417962551117, 0
u,0.3342665135860443, 0.5237817466259003, 0
u,0.3368836045265198, 0.5272412896156311, 0
u,0.8136827945709229, 0.5228964984416962, 0
u,0.7979443669319153, 0.5272442996501923, 0
u,0.8136827945709229, 0.5272442996501923, 0
u,0.7979443073272705, 0.08359432220458984, 0
u,0.8136827349662781, 0.07924437522888184, 0
u,0.7979443073272705, 0.07924437522888184, 0
u,0.8381189703941345, 0.47884970903396606, 0
u,0.822380542755127, 0.48627912998199463, 0
u,0.8381189703941345, 0.48627912998199463, 0
u,0.822380542755127, 0.13084620237350464, 0
u,0.8381189703941345, 0.12956100702285767, 0
u,0.822380542755127, 0.12956100702285767, 0
u,0.9283486008644104, 0.5987739562988281, 0
u,0.9440869688987732, 0.5931440889835358, 0
u,0.9283486008644104, 0.5931440889835358, 0
u,0.9685231447219849, 0.7028238475322723, 0
u,0.9842615723609924, 0.6984739005565643, 0
u,0.9685231447219849, 0.6984739005565643, 0
u,0.8938279747962952, 0.4294995665550232, 0
u,0.8913402557373047, 0.4137611389160156, 0
u,0.8913402557373047, 0.4294995665550232, 0
u,0.9397380948066711, 0.05157989263534546, 0
u,0.9239996671676636, 0.056543588638305664, 0
u,0.9397380948066711, 0.056543588638305664, 0
u,0.9397380948066711, 0.11126846075057983, 0
u,0.9239996671676636, 0.10563862323760986, 0
u,0.9239996671676636, 0.11126846075057983, 0
u,0.9484358429908752, 0.9565284736454487, 0
u,0.9326974153518677, 0.9503842778503895, 0
u,0.9326974153518677, 0.9565284736454487, 0
u,0.9440869688987732, 0.6538425385951996, 0
u,0.9283486008644104, 0.5987739562988281, 0
u,0.9283486008644104, 0.6538425385951996, 0
u,0.9326973557472229, 0.6538425385951996, 0
u,0.9326974153518677, 0.9503842778503895, 0
u,0.9484358429908752, 0.9503842741250992, 0
u,0.7979443073272705, 0.08359432220458984, 0
u,0.7979443669319153, 0.5228964984416962, 0
u,0.8136827945709229, 0.5228964984416962, 0
u,0.9842615723609924, 0.7028238475322723, 0
u,0.9685231447219849, 0.7028238475322723, 0
u,0.9685231447219849, 0.9999999968182882, 0
u,0.9239996671676636, 0.056543588638305664, 0
u,0.9239996671676636, 0.10563862323760986, 0
u,0.9397380948066711, 0.10563862323760986, 0
u,0.9598253965377808, 0.017198920249938965, 0
u,0.9440869688987732, 0.017198920249938965, 0
u,0.944087028503418, 0.22256499528884888, 0
u,0.822380542755127, 0.48627912998199463, 0
u,0.822380542755127, 0.5272442400455475, 0
u,0.8381189703941345, 0.5272442400455475, 0
u,0.822380542755127, 0.13084620237350464, 0
u,0.822380542755127, 0.47884970903396606, 0
u,0.8381189703941345, 0.47884970903396606, 0
u,0.9685231447219849, 1.0000000031817116, 0
u,0.9685231447219849, 0.6943841278553009, 0
u,0.9527847766876221, 0.6943841278553009, 0
u,0.9326974153518677, 0.9565284736454487, 0
u,0.9326974153518677, 0.9999999983842816, 0
u,0.9484358429908752, 0.9999999976963336, 0
u,0.003060692921280861, 0.5272442400455475, 0
u,0.06215079873800278, 0.5272436738014221, 0
u,0.06215817108750343, 0.521415114402771, 0
u,0.06215817108750343, 0.521415114402771, 0
u,0.06649968028068542, 0.5228947997093201, 0
u,0.06649967283010483, 0.21866625547409058, 0
u,0.06889040768146515, 0.21795016527175903, 0
u,0.2700539827346802, 0.5236090123653412, 0
u,0.2747962176799774, 0.5229165554046631, 0
u,0.27679362893104553, 0.5272416770458221, 0
u,0.32947397232055664, 0.5272412002086639, 0
u,0.3294813632965088, 0.5229160785675049, 0
u,0.3338228762149811, 0.5228923857212067, 0
u,0.3338228762149811, 0.08359664678573608, 0
u,0.3294813632965088, 0.08362036943435669, 0
u,0.32947400212287903, 0.07924783229827881, 0
u,0.2705528736114502, 0.07924842834472656, 0
u,0.27056023478507996, 0.08362090587615967, 0
u,0.8381189703941345, 0.13084620237350464, 0
u,0.8381189703941345, 0.47884970903396606, 0
u,0.8424678444862366, 0.4805915951728821, 0
u,0.8180316686630249, 0.5213326215744019, 0
u,0.8180316090583801, 0.08268088102340698, 0
u,0.8136827349662781, 0.08359432220458984, 0
u,0.27056023478507996, 0.08362090587615967, 0
u,0.26620399951934814, 0.08359730243682861, 0
u,0.26620399951934814, 0.3807690143585205, 0
u,0.05858458951115608, 0.07925039529800415, 0
u,0.003060699673369527, 0.07925087213516235, 0
u,0.0004436067247297615, 0.0827103853225708, 0
u,0.3368836045265198, 0.07924795150756836, 0
u,0.33382290601730347, 0.08513659238815308, 0
u,0.3959810733795166, 0.08507704734802246, 0
u,0.3959810733795166, 0.08507704734802246, 0
u,0.3959810733795166, 0.406669557094574, 0
u,0.4003225862979889, 0.3878259062767029, 0
u,0.4027132987976074, 0.3885420560836792, 0
u,0.3959810733795166, 0.406669557094574, 0
u,0.6086191534996033, 0.08357560634613037, 0
u,0.6106165051460266, 0.0792505145072937, 0
u,0.6086191534996033, 0.08357560634613037, 0
u,0.6633042693138123, 0.08357608318328857, 0
u,0.6633042693138123, 0.08357608318328857, 0
u,0.6633042693138123, 0.5228717923164368, 0
u,0.6676457524299622, 0.5228955149650574, 0
u,0.6633042693138123, 0.5228717923164368, 0
u,0.6043831706047058, 0.5228712260723114, 0
u,0.6043757796287537, 0.5272437334060669, 0
u,0.822380542755127, 0.13084620237350464, 0
u,0.8180316686630249, 0.11657071113586426, 0
u,0.8180316686630249, 0.4805915951728821, 0
u,0.7935954928398132, 0.5213326215744019, 0
u,0.7979443669319153, 0.5228964984416962, 0
u,0.7979443073272705, 0.08359432220458984, 0
u,0.6043831706047058, 0.5228712260723114, 0
u,0.6043831706047058, 0.21120893955230713, 0
u,0.6000269055366516, 0.22572314739227295, 0
u,0.39240750670433044, 0.5272417962551117, 0
u,0.3968580365180969, 0.5236489176750183, 0
u,0.3342665135860443, 0.5237817466259003, 0
u,0.8136827945709229, 0.5228964984416962, 0
u,0.7979443669319153, 0.5228964984416962, 0
u,0.7979443669319153, 0.5272442996501923, 0
u,0.7979443073272705, 0.08359432220458984, 0
u,0.8136827349662781, 0.08359432220458984, 0
u,0.8136827349662781, 0.07924437522888184, 0
u,0.8381189703941345, 0.47884970903396606, 0
u,0.822380542755127, 0.47884970903396606, 0
u,0.822380542755127, 0.48627912998199463, 0
u,0.822380542755127, 0.13084620237350464, 0
u,0.8381189703941345, 0.13084620237350464, 0
u,0.8381189703941345, 0.12956100702285767, 0
u,0.9283486008644104, 0.5987739562988281, 0
u,0.9440869688987732, 0.5987739562988281, 0
u,0.9440869688987732, 0.5931440889835358, 0
u,0.9685231447219849, 0.7028238475322723, 0
u,0.9842615723609924, 0.7028238475322723, 0
u,0.9842615723609924, 0.6984739005565643, 0
u,0.8938279747962952, 0.4294995665550232, 0
u,0.8938279747962952, 0.4137611389160156, 0
u,0.8913402557373047, 0.4137611389160156, 0
u,0.9397380948066711, 0.05157989263534546, 0
u,0.9239996671676636, 0.05157989263534546, 0
u,0.9239996671676636, 0.056543588638305664, 0
u,0.9397380948066711, 0.11126846075057983, 0
u,0.9397380948066711, 0.10563862323760986, 0
u,0.9239996671676636, 0.10563862323760986, 0
u,0.9484358429908752, 0.9565284736454487, 0
u,0.9484358429908752, 0.9503842741250992, 0
u,0.9326974153518677, 0.9503842778503895, 0
u,0.9440869688987732, 0.6538425385951996, 0
u,0.9440869688987732, 0.5987739562988281, 0
u,0.9283486008644104, 0.5987739562988281, 0
