v,-0.005830872338265181, -0.012191658839583397, -0.010412564501166344
v,-0.004138941876590252, -0.014192642644047737, 0.003385129850357771
v,-0.004260578658431768, -0.014048787765204906, 0.009035622701048851
v,-0.005061376839876175, -0.011287732049822807, 0.009035623632371426
v,-0.005762119311839342, -0.011880244128406048, -0.010412564501166344
v,-0.005762120243161917, -0.011880245059728622, 0.009035623632371426
v,0.0018201812636107206, -0.021240271627902985, -0.01044707652181387
v,0.001845363061875105, -0.02127005346119404, -0.0052682505920529366
v,-0.004138941876590252, -0.014192642644047737, 0.003385129850357771
v,0.001845363061875105, -0.02127005346119404, -0.0052682505920529366
v,0.003617508802562952, -0.02336590364575386, -0.010452983900904655
v,0.0036302467342466116, -0.02338096871972084, 0.00896640308201313
v,0.004561400506645441, -0.022668225690722466, -0.010412564501166344
v,0.003860656637698412, -0.02326074056327343, 0.009035623632371426
v,0.003860657336190343, -0.02326074056327343, -0.010412564501166344
v,-0.00382043095305562, -0.014176606200635433, -0.010412563569843769
v,-0.0031196882482618093, -0.013584093190729618, 0.002743613440543413
v,-0.0038204314187169075, -0.014176607131958008, 0.002743613440543413
v,-0.0034237715881317854, -0.013224465772509575, 0.009228150360286236
v,-0.005637241527438164, -0.01202793512493372, 0.00922815129160881
v,-0.0041245147585868835, -0.01381697878241539, 0.009228150360286236
v,-0.004138941876590252, -0.014192642644047737, 0.003385129850357771
v,0.001845363061875105, -0.02127005346119404, -0.0052682505920529366
v,-0.004260578658431768, -0.014048787765204906, 0.009035622701048851
v,-0.004742865916341543, -0.011271695606410503, -0.010412564501166344
v,-0.003172572236508131, -0.013128823600709438, 0.009035622701048851
v,-0.003050935687497258, -0.013272678479552269, 0.003385129850357771
v,-0.004742865916341543, -0.011271695606410503, -0.010412564501166344
v,-0.003050935687497258, -0.013272678479552269, 0.003385129850357771
v,-0.0030509349890053272, -0.013272678479552269, -0.010412563569843769
v,0.0029081874527037144, -0.020320307463407516, -0.01044707652181387
v,-0.003050935687497258, -0.013272678479552269, 0.003385129850357771
v,0.0029333692509680986, -0.02035008929669857, -0.0052682505920529366
v,0.0029333692509680986, -0.02035008929669857, -0.0052682505920529366
v,0.004718252923339605, -0.022461004555225372, 0.00896640308201313
v,0.004705514758825302, -0.022445939481258392, -0.010452983900904655
v,-0.003050935687497258, -0.013272678479552269, 0.003385129850357771
v,-0.003172572236508131, -0.013128823600709438, 0.009035622701048851
v,0.0029333692509680986, -0.02035008929669857, -0.0052682505920529366
v,0.0029081874527037144, -0.020320307463407516, -0.01044707652181387
v,0.0029333692509680986, -0.02035008929669857, -0.0052682505920529366
v,0.004705514758825302, -0.022445939481258392, -0.010452983900904655
v,-0.004742865916341543, -0.011271695606410503, -0.010412564501166344
v,-0.004742866847664118, -0.011271696537733078, 0.009035623632371426
v,-0.003172572236508131, -0.013128823600709438, 0.009035622701048851
v,0.001914115040563047, -0.020958639681339264, 0.009035622701048851
v,0.0026148587930947542, -0.0203661248087883, -0.0044329664669930935
v,0.0019141155062243342, -0.020958639681339264, -0.0044329664669930935
v,0.0028421422466635704, -0.020634924992918968, -0.010605092160403728
v,0.0037357781548053026, -0.023113049566745758, -0.010605093091726303
v,0.0021413988433778286, -0.021227438002824783, -0.010605092160403728
v,0.0029333692509680986, -0.02035008929669857, -0.0052682505920529366
v,0.0029333687853068113, -0.02035009115934372, 0.008969064801931381
v,0.004718252923339605, -0.022461004555225372, 0.00896640308201313
v,0.001845363061875105, -0.02127005346119404, -0.0052682505920529366
v,0.0036302467342466116, -0.02338096871972084, 0.00896640308201313
v,0.0018453625962138176, -0.02127005346119404, 0.008969064801931381
v,-0.0030505703762173653, -0.013665836304426193, 0.002775792498141527
v,0.0019474020227789879, -0.02099800482392311, -0.010444742627441883
v,-0.0037513135466724634, -0.014258350245654583, 0.0027757929638028145
v,0.0025462086778134108, -0.02028493583202362, -0.004464670084416866
v,-0.003930984530597925, -0.014045859687030315, 0.009067325852811337
v,0.0018454653909429908, -0.020877448841929436, -0.004464670550078154
v,0.0018201812636107206, -0.021240271627902985, -0.01044707652181387
v,0.003617508802562952, -0.02336590364575386, -0.010452983900904655
v,0.001845363061875105, -0.02127005346119404, -0.0052682505920529366
v,-0.005830872338265181, -0.012191658839583397, -0.010412564501166344
v,-0.004260578658431768, -0.014048787765204906, 0.009035622701048851
v,-0.005830872803926468, -0.012191659770905972, 0.009035623632371426
v,-0.004936497658491135, -0.011435420252382755, -0.010605093091726303
v,-0.003945309668779373, -0.01402891706675291, -0.010605092160403728
v,-0.005637240596115589, -0.012027934193611145, -0.010605093091726303
v,-0.005830872338265181, -0.012191658839583397, -0.010412564501166344
v,-0.004138941410928965, -0.014192641712725163, -0.010412563569843769
v,-0.004138941876590252, -0.014192642644047737, 0.003385129850357771
v,0.0037357774563133717, -0.023113051429390907, 0.00922815129160881
v,0.0036302467342466116, -0.02338096871972084, 0.00896640308201313
v,0.003860656637698412, -0.02326074056327343, 0.009035623632371426
v,0.0020389938727021217, -0.021106328815221786, 0.009228150360286236
v,0.001914115040563047, -0.020958639681339264, 0.009035622701048851
v,0.0018453625962138176, -0.02127005346119404, 0.008969064801931381
v,0.0019141155062243342, -0.020958639681339264, -0.0044329664669930935
v,0.0018454653909429908, -0.020877448841929436, -0.004464670550078154
v,0.001845363061875105, -0.02127005346119404, -0.0052682505920529366
v,-0.003930984530597925, -0.014045859687030315, 0.009067325852811337
v,-0.0041245147585868835, -0.01381697878241539, 0.009228150360286236
v,-0.004260578658431768, -0.014048787765204906, 0.009035622701048851
v,-0.005637241527438164, -0.01202793512493372, 0.00922815129160881
v,-0.005762120243161917, -0.011880245059728622, 0.009035623632371426
v,-0.005830872803926468, -0.012191659770905972, 0.009035623632371426
v,-0.005762119311839342, -0.011880244128406048, -0.010412564501166344
v,-0.005637240596115589, -0.012027934193611145, -0.010605093091726303
v,-0.005830872338265181, -0.012191658839583397, -0.010412564501166344
v,-0.003945309668779373, -0.01402891706675291, -0.010605092160403728
v,-0.00382043095305562, -0.014176606200635433, -0.010412563569843769
v,-0.004138941410928965, -0.014192641712725163, -0.010412563569843769
v,-0.0037513135466724634, -0.014258350245654583, 0.0027757929638028145
v,-0.004138941876590252, -0.014192642644047737, 0.003385129850357771
v,-0.0038204314187169075, -0.014176607131958008, 0.002743613440543413
v,0.0019474020227789879, -0.02099800482392311, -0.010444742627441883
v,0.0021413988433778286, -0.021227438002824783, -0.010605092160403728
v,0.0018201812636107206, -0.021240271627902985, -0.01044707652181387
v,0.003860657336190343, -0.02326074056327343, -0.010412564501166344
v,0.003617508802562952, -0.02336590364575386, -0.010452983900904655
v,0.0037357781548053026, -0.023113049566745758, -0.010605093091726303
v,0.0044365208595991135, -0.022520536556839943, 0.00922815129160881
v,0.004561400040984154, -0.022668227553367615, 0.009035623632371426
v,0.004718252923339605, -0.022461004555225372, 0.00896640308201313
v,0.002739737508818507, -0.02051381580531597, 0.009228150360286236
v,0.0029333687853068113, -0.02035009115934372, 0.008969064801931381
v,0.002614858327433467, -0.0203661248087883, 0.009035622701048851
v,0.0026148587930947542, -0.0203661248087883, -0.0044329664669930935
v,0.0029333692509680986, -0.02035008929669857, -0.0052682505920529366
v,0.0025462086778134108, -0.02028493583202362, -0.004464670084416866
v,-0.003230241360142827, -0.0134533466771245, 0.009067325852811337
v,-0.003172572236508131, -0.013128823600709438, 0.009035622701048851
v,-0.0034237715881317854, -0.013224465772509575, 0.009228150360286236
v,-0.004936498124152422, -0.01143542118370533, 0.00922815129160881
v,-0.004742866847664118, -0.011271696537733078, 0.009035623632371426
v,-0.005061376839876175, -0.011287732049822807, 0.009035623632371426
v,-0.005061376374214888, -0.011287731118500233, -0.010412564501166344
v,-0.004742865916341543, -0.011271695606410503, -0.010412564501166344
v,-0.004936497658491135, -0.011435420252382755, -0.010605093091726303
v,-0.003244566498324275, -0.013436403125524521, -0.010605092160403728
v,-0.0030509349890053272, -0.013272678479552269, -0.010412563569843769
v,-0.0031196875497698784, -0.013584093190729618, -0.010412563569843769
v,-0.0030505703762173653, -0.013665836304426193, 0.002775792498141527
v,-0.0031196882482618093, -0.013584093190729618, 0.002743613440543413
v,-0.003050935687497258, -0.013272678479552269, 0.003385129850357771
v,0.0026481454260647297, -0.020405491814017296, -0.010444742627441883
v,0.0029081874527037144, -0.020320307463407516, -0.01044707652181387
v,0.0028421422466635704, -0.020634924992918968, -0.010605092160403728
v,0.004561400506645441, -0.022668225690722466, -0.010412564501166344
v,0.004436521325260401, -0.022520536556839943, -0.010605093091726303
v,0.004705514758825302, -0.022445939481258392, -0.010452983900904655
v,0.0037357774563133717, -0.023113051429390907, 0.00922815129160881
v,0.0018453625962138176, -0.02127005346119404, 0.008969064801931381
v,0.0036302467342466116, -0.02338096871972084, 0.00896640308201313
v,0.0018453625962138176, -0.02127005346119404, 0.008969064801931381
v,0.0019141155062243342, -0.020958639681339264, -0.0044329664669930935
v,0.001845363061875105, -0.02127005346119404, -0.0052682505920529366
v,0.0018454653909429908, -0.020877448841929436, -0.004464670550078154
v,-0.004260578658431768, -0.014048787765204906, 0.009035622701048851
v,0.001845363061875105, -0.02127005346119404, -0.0052682505920529366
v,-0.0041245147585868835, -0.01381697878241539, 0.009228150360286236
v,-0.005830872803926468, -0.012191659770905972, 0.009035623632371426
v,-0.004260578658431768, -0.014048787765204906, 0.009035622701048851
v,-0.005762120243161917, -0.011880245059728622, 0.009035623632371426
v,-0.005830872338265181, -0.012191658839583397, -0.010412564501166344
v,-0.005830872803926468, -0.012191659770905972, 0.009035623632371426
v,-0.005637240596115589, -0.012027934193611145, -0.010605093091726303
v,-0.004138941410928965, -0.014192641712725163, -0.010412563569843769
v,-0.005830872338265181, -0.012191658839583397, -0.010412564501166344
v,-0.0037513135466724634, -0.014258350245654583, 0.0027757929638028145
v,0.0018201812636107206, -0.021240271627902985, -0.01044707652181387
v,-0.004138941876590252, -0.014192642644047737, 0.003385129850357771
v,0.0036302467342466116, -0.02338096871972084, 0.00896640308201313
v,0.003860657336190343, -0.02326074056327343, -0.010412564501166344
v,0.003860656637698412, -0.02326074056327343, 0.009035623632371426
v,-0.004138941410928965, -0.014192641712725163, -0.010412563569843769
v,-0.0038204314187169075, -0.014176607131958008, 0.002743613440543413
v,-0.004138941876590252, -0.014192642644047737, 0.003385129850357771
v,0.0021413988433778286, -0.021227438002824783, -0.010605092160403728
v,0.003617508802562952, -0.02336590364575386, -0.010452983900904655
v,0.0018201812636107206, -0.021240271627902985, -0.01044707652181387
v,0.0044365208595991135, -0.022520536556839943, 0.00922815129160881
v,0.0029333687853068113, -0.02035009115934372, 0.008969064801931381
v,0.002739737508818507, -0.02051381580531597, 0.009228150360286236
v,0.0029333687853068113, -0.02035009115934372, 0.008969064801931381
v,0.0026148587930947542, -0.0203661248087883, -0.0044329664669930935
v,0.002614858327433467, -0.0203661248087883, 0.009035622701048851
v,0.0025462086778134108, -0.02028493583202362, -0.004464670084416866
v,-0.003172572236508131, -0.013128823600709438, 0.009035622701048851
v,-0.003230241360142827, -0.0134533466771245, 0.009067325852811337
v,-0.0034237715881317854, -0.013224465772509575, 0.009228150360286236
v,-0.004742866847664118, -0.011271696537733078, 0.009035623632371426
v,-0.004936498124152422, -0.01143542118370533, 0.00922815129160881
v,-0.004742866847664118, -0.011271696537733078, 0.009035623632371426
v,-0.005061376374214888, -0.011287731118500233, -0.010412564501166344
v,-0.005061376839876175, -0.011287732049822807, 0.009035623632371426
v,-0.004742865916341543, -0.011271695606410503, -0.010412564501166344
v,-0.003244566498324275, -0.013436403125524521, -0.010605092160403728
v,-0.004936497658491135, -0.011435420252382755, -0.010605093091726303
v,-0.0030505703762173653, -0.013665836304426193, 0.002775792498141527
v,0.0029081874527037144, -0.020320307463407516, -0.01044707652181387
v,0.0026481454260647297, -0.020405491814017296, -0.010444742627441883
v,0.004718252923339605, -0.022461004555225372, 0.00896640308201313
v,0.004561400506645441, -0.022668225690722466, -0.010412564501166344
v,0.004705514758825302, -0.022445939481258392, -0.010452983900904655
v,-0.0030509349890053272, -0.013272678479552269, -0.010412563569843769
v,-0.0031196882482618093, -0.013584093190729618, 0.002743613440543413
v,-0.0031196875497698784, -0.013584093190729618, -0.010412563569843769
v,0.0028421422466635704, -0.020634924992918968, -0.010605092160403728
v,0.004705514758825302, -0.022445939481258392, -0.010452983900904655
v,0.004436521325260401, -0.022520536556839943, -0.010605093091726303
v,0.003860656637698412, -0.02326074056327343, 0.009035623632371426
v,0.0044365208595991135, -0.022520536556839943, 0.00922815129160881
v,0.0037357774563133717, -0.023113051429390907, 0.00922815129160881
v,0.004561400506645441, -0.022668225690722466, -0.010412564501166344
v,0.0037357781548053026, -0.023113049566745758, -0.010605093091726303
v,0.004436521325260401, -0.022520536556839943, -0.010605093091726303
v,0.0019474020227789879, -0.02099800482392311, -0.010444742627441883
v,0.0028421422466635704, -0.020634924992918968, -0.010605092160403728
v,0.0021413988433778286, -0.021227438002824783, -0.010605092160403728
v,-0.0030505703762173653, -0.013665836304426193, 0.002775792498141527
v,-0.0038204314187169075, -0.014176607131958008, 0.002743613440543413
v,-0.0031196882482618093, -0.013584093190729618, 0.002743613440543413
v,0.0020389938727021217, -0.021106328815221786, 0.009228150360286236
v,0.002614858327433467, -0.0203661248087883, 0.009035622701048851
v,0.001914115040563047, -0.020958639681339264, 0.009035622701048851
v,-0.0031196875497698784, -0.013584093190729618, -0.010412563569843769
v,-0.003945309668779373, -0.01402891706675291, -0.010605092160403728
v,-0.003244566498324275, -0.013436403125524521, -0.010605092160403728
v,0.0019141155062243342, -0.020958639681339264, -0.0044329664669930935
v,0.0025462086778134108, -0.02028493583202362, -0.004464670084416866
v,0.0018454653909429908, -0.020877448841929436, -0.004464670550078154
v,-0.003930984530597925, -0.014045859687030315, 0.009067325852811337
v,-0.0034237715881317854, -0.013224465772509575, 0.009228150360286236
v,-0.0041245147585868835, -0.01381697878241539, 0.009228150360286236
v,-0.005762120243161917, -0.011880245059728622, 0.009035623632371426
v,-0.004936498124152422, -0.01143542118370533, 0.00922815129160881
v,-0.005061376839876175, -0.011287732049822807, 0.009035623632371426
v,-0.005637240596115589, -0.012027934193611145, -0.010605093091726303
v,-0.005061376374214888, -0.011287731118500233, -0.010412564501166344
v,-0.004936497658491135, -0.011435420252382755, -0.010605093091726303
v,0.0044365208595991135, -0.022520536556839943, 0.00922815129160881
v,0.0020389938727021217, -0.021106328815221786, 0.009228150360286236
v,0.0037357774563133717, -0.023113051429390907, 0.00922815129160881
v,-0.005061376839876175, -0.011287732049822807, 0.009035623632371426
v,-0.005061376374214888, -0.011287731118500233, -0.010412564501166344
v,-0.005762119311839342, -0.011880244128406048, -0.010412564501166344
v,0.004561400506645441, -0.022668225690722466, -0.010412564501166344
v,0.004561400040984154, -0.022668227553367615, 0.009035623632371426
v,0.003860656637698412, -0.02326074056327343, 0.009035623632371426
v,-0.00382043095305562, -0.014176606200635433, -0.010412563569843769
v,-0.0031196875497698784, -0.013584093190729618, -0.010412563569843769
v,-0.0031196882482618093, -0.013584093190729618, 0.002743613440543413
v,-0.0034237715881317854, -0.013224465772509575, 0.009228150360286236
v,-0.004936498124152422, -0.01143542118370533, 0.00922815129160881
v,-0.005637241527438164, -0.01202793512493372, 0.00922815129160881
v,0.001914115040563047, -0.020958639681339264, 0.009035622701048851
v,0.002614858327433467, -0.0203661248087883, 0.009035622701048851
v,0.0026148587930947542, -0.0203661248087883, -0.0044329664669930935
v,0.0028421422466635704, -0.020634924992918968, -0.010605092160403728
v,0.004436521325260401, -0.022520536556839943, -0.010605093091726303
v,0.0037357781548053026, -0.023113049566745758, -0.010605093091726303
v,-0.0030505703762173653, -0.013665836304426193, 0.002775792498141527
v,0.0026481454260647297, -0.020405491814017296, -0.010444742627441883
v,0.0019474020227789879, -0.02099800482392311, -0.010444742627441883
v,0.0025462086778134108, -0.02028493583202362, -0.004464670084416866
v,-0.003230241360142827, -0.0134533466771245, 0.009067325852811337
v,-0.003930984530597925, -0.014045859687030315, 0.009067325852811337
v,-0.004936497658491135, -0.011435420252382755, -0.010605093091726303
v,-0.003244566498324275, -0.013436403125524521, -0.010605092160403728
v,-0.003945309668779373, -0.01402891706675291, -0.010605092160403728
v,0.0037357774563133717, -0.023113051429390907, 0.00922815129160881
v,0.0020389938727021217, -0.021106328815221786, 0.009228150360286236
v,0.0018453625962138176, -0.02127005346119404, 0.008969064801931381
v,0.0018453625962138176, -0.02127005346119404, 0.008969064801931381
v,0.001914115040563047, -0.020958639681339264, 0.009035622701048851
v,0.0019141155062243342, -0.020958639681339264, -0.0044329664669930935
v,0.0018454653909429908, -0.020877448841929436, -0.004464670550078154
v,-0.003930984530597925, -0.014045859687030315, 0.009067325852811337
v,-0.004260578658431768, -0.014048787765204906, 0.009035622701048851
v,-0.0041245147585868835, -0.01381697878241539, 0.009228150360286236
v,-0.005637241527438164, -0.01202793512493372, 0.00922815129160881
v,-0.005830872803926468, -0.012191659770905972, 0.009035623632371426
v,-0.005762120243161917, -0.011880245059728622, 0.009035623632371426
v,-0.005762119311839342, -0.011880244128406048, -0.010412564501166344
v,-0.005830872338265181, -0.012191658839583397, -0.010412564501166344
v,-0.005637240596115589, -0.012027934193611145, -0.010605093091726303
v,-0.003945309668779373, -0.01402891706675291, -0.010605092160403728
v,-0.004138941410928965, -0.014192641712725163, -0.010412563569843769
v,-0.0037513135466724634, -0.014258350245654583, 0.0027757929638028145
v,0.0019474020227789879, -0.02099800482392311, -0.010444742627441883
v,0.0018201812636107206, -0.021240271627902985, -0.01044707652181387
v,0.0036302467342466116, -0.02338096871972084, 0.00896640308201313
v,0.003617508802562952, -0.02336590364575386, -0.010452983900904655
v,0.003860657336190343, -0.02326074056327343, -0.010412564501166344
v,-0.004138941410928965, -0.014192641712725163, -0.010412563569843769
v,-0.00382043095305562, -0.014176606200635433, -0.010412563569843769
v,-0.0038204314187169075, -0.014176607131958008, 0.002743613440543413
v,0.0021413988433778286, -0.021227438002824783, -0.010605092160403728
v,0.0037357781548053026, -0.023113049566745758, -0.010605093091726303
v,0.003617508802562952, -0.02336590364575386, -0.010452983900904655
v,0.0044365208595991135, -0.022520536556839943, 0.00922815129160881
v,0.004718252923339605, -0.022461004555225372, 0.00896640308201313
v,0.0029333687853068113, -0.02035009115934372, 0.008969064801931381
v,0.0029333687853068113, -0.02035009115934372, 0.008969064801931381
v,0.0029333692509680986, -0.02035008929669857, -0.0052682505920529366
v,0.0026148587930947542, -0.0203661248087883, -0.0044329664669930935
v,0.0025462086778134108, -0.02028493583202362, -0.004464670084416866
v,0.0029333692509680986, -0.02035008929669857, -0.0052682505920529366
v,-0.003172572236508131, -0.013128823600709438, 0.009035622701048851
v,-0.0034237715881317854, -0.013224465772509575, 0.009228150360286236
v,-0.003172572236508131, -0.013128823600709438, 0.009035622701048851
v,-0.004742866847664118, -0.011271696537733078, 0.009035623632371426
v,-0.004742866847664118, -0.011271696537733078, 0.009035623632371426
v,-0.004742865916341543, -0.011271695606410503, -0.010412564501166344
v,-0.005061376374214888, -0.011287731118500233, -0.010412564501166344
v,-0.004742865916341543, -0.011271695606410503, -0.010412564501166344
v,-0.0030509349890053272, -0.013272678479552269, -0.010412563569843769
v,-0.003244566498324275, -0.013436403125524521, -0.010605092160403728
v,-0.0030505703762173653, -0.013665836304426193, 0.002775792498141527
v,-0.003050935687497258, -0.013272678479552269, 0.003385129850357771
v,0.0029081874527037144, -0.020320307463407516, -0.01044707652181387
v,0.004718252923339605, -0.022461004555225372, 0.00896640308201313
v,0.004561400040984154, -0.022668227553367615, 0.009035623632371426
v,0.004561400506645441, -0.022668225690722466, -0.010412564501166344
v,-0.0030509349890053272, -0.013272678479552269, -0.010412563569843769
v,-0.003050935687497258, -0.013272678479552269, 0.003385129850357771
v,-0.0031196882482618093, -0.013584093190729618, 0.002743613440543413
v,0.0028421422466635704, -0.020634924992918968, -0.010605092160403728
v,0.0029081874527037144, -0.020320307463407516, -0.01044707652181387
v,0.004705514758825302, -0.022445939481258392, -0.010452983900904655
v,0.003860656637698412, -0.02326074056327343, 0.009035623632371426
v,0.004561400040984154, -0.022668227553367615, 0.009035623632371426
v,0.0044365208595991135, -0.022520536556839943, 0.00922815129160881
v,0.004561400506645441, -0.022668225690722466, -0.010412564501166344
v,0.003860657336190343, -0.02326074056327343, -0.010412564501166344
v,0.0037357781548053026, -0.023113049566745758, -0.010605093091726303
v,0.0019474020227789879, -0.02099800482392311, -0.010444742627441883
v,0.0026481454260647297, -0.020405491814017296, -0.010444742627441883
v,0.0028421422466635704, -0.020634924992918968, -0.010605092160403728
v,-0.0030505703762173653, -0.013665836304426193, 0.002775792498141527
v,-0.0037513135466724634, -0.014258350245654583, 0.0027757929638028145
v,-0.0038204314187169075, -0.014176607131958008, 0.002743613440543413
v,0.0020389938727021217, -0.021106328815221786, 0.009228150360286236
v,0.002739737508818507, -0.02051381580531597, 0.009228150360286236
v,0.002614858327433467, -0.0203661248087883, 0.009035622701048851
v,-0.0031196875497698784, -0.013584093190729618, -0.010412563569843769
v,-0.00382043095305562, -0.014176606200635433, -0.010412563569843769
v,-0.003945309668779373, -0.01402891706675291, -0.010605092160403728
v,0.0019141155062243342, -0.020958639681339264, -0.0044329664669930935
v,0.0026148587930947542, -0.0203661248087883, -0.0044329664669930935
v,0.0025462086778134108, -0.02028493583202362, -0.004464670084416866
v,-0.003930984530597925, -0.014045859687030315, 0.009067325852811337
v,-0.003230241360142827, -0.0134533466771245, 0.009067325852811337
v,-0.0034237715881317854, -0.013224465772509575, 0.009228150360286236
v,-0.005762120243161917, -0.011880245059728622, 0.009035623632371426
v,-0.005637241527438164, -0.01202793512493372, 0.00922815129160881
v,-0.004936498124152422, -0.01143542118370533, 0.00922815129160881
v,-0.005637240596115589, -0.012027934193611145, -0.010605093091726303
v,-0.005762119311839342, -0.011880244128406048, -0.010412564501166344
v,-0.005061376374214888, -0.011287731118500233, -0.010412564501166344
v,0.0044365208595991135, -0.022520536556839943, 0.00922815129160881
v,0.002739737508818507, -0.02051381580531597, 0.009228150360286236
v,0.0020389938727021217, -0.021106328815221786, 0.009228150360286236
n,-19.936811447143555, -16.857568740844727, -8.608233201812254e-07
n,-22.101472854614258, 26.13857650756836, -1.0662061104881396e-13
n,-19.936811447143555, -16.85757064819336, -7.810790521034505e-07
n,-19.936811447143555, -16.85757064819336, -1.1412391813792055e-06
n,22.101472854614258, -26.13857650756836, 1.0662061104881396e-13
n,22.101472854614258, -26.13857650756836, 1.0662061104881396e-13
n,7.0654796218150295e-06, -1.0684017070161644e-05, 34.38671112060547
n,-19.936811447143555, -16.85757064819336, -8.148365395754809e-07
n,19.93681526184082, 16.85756492614746, 5.989500095893163e-08
n,19.936811447143555, 16.857572555541992, 1.6812265357657452e-06
n,19.936811447143555, 16.85757064819336, 1.1412391813792055e-06
n,19.936811447143555, 16.85757064819336, 1.1412391813792055e-06
n,19.936811447143555, 16.857572555541992, -2.1969583485770272e-07
n,19.936811447143555, 16.85757064819336, 1.1412391813792055e-06
n,19.936809539794922, 16.857572555541992, 1.1412391813792055e-06
n,-22.101472854614258, 26.13857650756836, -1.0662061104881396e-13
n,-6.644854693149682e-06, 1.0186560757574625e-05, -34.38671112060547
n,19.936811447143555, 16.85757064819336, 1.1412391813792055e-06
n,-19.936811447143555, -16.85757064819336, -1.2720676068056491e-06
n,-18.407434463500977, 21.769775390625, -19.0324764251709
n,18.4620304107666, -21.834392547607422, 18.903980255126953
n,-19.936811447143555, -16.85757064819336, -7.86618556958274e-07
n,-19.936811447143555, -16.85757064819336, -1.1412391813792055e-06
n,8.491116204822902e-06, -7.714180355833378e-06, -34.38671112060547
n,-19.936811447143555, -16.85757064819336, -1.2762360483975499e-06
n,5.8158721923828125, -23.851762771606445, 22.069190979003906
n,-25.064844131469727, 1.7689414024353027, 17.614709854125977
n,-20.84283447265625, -14.79919147491455, 7.233083248138428
n,-2.2538347244262695, -19.644554138183594, 25.245338439941406
n,-24.270822525024414, 5.358378887176514, 19.853168487548828
n,-24.27081871032715, 5.3583760261535645, -19.853172302246094
n,1.249753713607788, -24.823837280273438, -19.853168487548828
n,-17.39580535888672, -18.289051055908203, -9.094107627868652
n,-14.816875457763672, 8.06462574005127, -29.465198516845703
n,12.886173248291016, -20.52889633178711, -24.106191635131836
n,22.553319931030273, -9.699417114257812, 22.069194793701172
n,2.421726703643799, 25.010215759277344, 17.614709854125977
n,18.05767250061035, 18.093095779418945, 7.233092784881592
n,19.745912551879883, -1.042668104171753, 25.24534034729004
n,-1.249755620956421, 24.82383918762207, 19.85317039489746
n,-1.2497541904449463, 24.823841094970703, -19.85317039489746
n,24.27082061767578, -5.358377933502197, -19.85317039489746
n,20.9260196685791, 14.11400318145752, -9.09411334991455
n,-5.489710807800293, 15.951210021972656, -29.46519660949707
n,18.101512908935547, -16.11906623840332, -24.106189727783203
n,-16.044679641723633, -13.592277526855469, 20.381521224975586
n,-29.725553512573242, 6.562644004821777, -8.888540037332859e-07
n,-1.0429635047912598, -27.359317779541016, 13.367055892944336
n,-14.097457885742188, -11.920117378234863, 24.315061569213867
n,-29.725555419921875, 6.562644004821777, -8.069785053521628e-07
n,-14.097455978393555, -11.92011547088623, -24.3150634765625
n,-25.03178596496582, 12.796059608459473, -17.303775787353516
n,15.568685531616211, -29.83627700805664, -3.359454581186583e-07
n,1.5306291580200195, -30.402862548828125, -8.914625482248084e-07
n,-12.664688110351562, -10.63467788696289, -26.60886573791504
n,16.002254486083984, 13.530712127685547, 20.51002311706543
n,-1.530630111694336, 30.40286636352539, 8.06978391665325e-07
n,27.152095794677734, -3.519178867340088, 13.367156982421875
n,14.097466468811035, 11.9201021194458, 24.315061569213867
n,-1.5306291580200195, 30.402862548828125, 8.06978391665325e-07
n,14.097468376159668, 11.92010498046875, -24.3150634765625
n,-8.900935173034668, 26.69405174255371, -17.445026397705078
n,27.892040252685547, -18.089078903198242, -0.03232891485095024
n,29.725555419921875, -6.56264591217041, 1.2074260666850023e-06
n,12.359382629394531, 10.450488090515137, -26.98183250427246
n,15.628100395202637, -18.482765197753906, 24.31507682800293
n,15.62810230255127, -18.482765197753906, -24.31507682800293
n,-10.443020820617676, 12.350568771362305, -30.306001663208008
n,6.389228343963623, -7.5562968254089355, -32.91850662231445
n,-15.62810230255127, 18.482765197753906, 24.31507682800293
n,15.62810230255127, -18.482765197753906, -24.31507682800293
n,-6.342075824737549, 7.50050687789917, 32.94057846069336
n,10.486626625061035, -12.402139663696289, 30.26953125
n,-15.62810230255127, 18.482765197753906, 24.31507682800293
n,-15.628100395202637, 18.482765197753906, -24.31507682800293
n,-8.470116881653666e-06, 7.689343874517363e-06, 34.38671112060547
n,-22.101472854614258, 26.13857650756836, -1.0662061104881396e-13
n,22.101472854614258, -26.13857650756836, 1.0662061104881396e-13
n,22.101472854614258, -26.13857650756836, 1.0662061104881396e-13
n,7.0654796218150295e-06, -1.0684017979656346e-05, 34.38671112060547
n,-22.101472854614258, 26.13857650756836, -1.0662061104881396e-13
n,-6.644854693149682e-06, 1.0186560757574625e-05, -34.38671112060547
n,-18.407434463500977, 21.769777297973633, -19.03247833251953
n,18.462053298950195, -21.834373474121094, 18.903982162475586
n,8.491116204822902e-06, -7.714180355833378e-06, -34.38671112060547
n,-16.002262115478516, -13.530704498291016, 20.51002311706543
n,-29.725555419921875, 6.5626420974731445, -9.047683988683275e-07
n,-1.0427660942077637, -27.35934066772461, 13.367156028747559
n,-14.097456932067871, -11.920117378234863, 24.315061569213867
n,-29.725555419921875, 6.562641143798828, -7.73117051267036e-07
n,-14.097457885742188, -11.920116424560547, -24.315059661865234
n,-24.84330177307129, 13.213982582092285, -17.445026397705078
n,13.201484680175781, -30.510679244995117, -0.0323297493159771
n,1.5306282043457031, -30.402862548828125, -8.570343084102205e-07
n,-12.359394073486328, -10.45047378540039, -26.981830596923828
n,16.070018768310547, 13.562305450439453, 20.381526947021484
n,-1.5306291580200195, 30.402862548828125, 8.06978391665325e-07
n,27.15210723876953, -3.5189738273620605, 13.367053985595703
n,14.097465515136719, 11.9201021194458, 24.3150634765625
n,-1.5306291580200195, 30.402862548828125, 8.06978391665325e-07
n,14.097468376159668, 11.92010498046875, -24.3150634765625
n,-8.457474708557129, 26.810457229614258, -17.303770065307617
n,26.83356285095215, -20.311264038085938, 3.224166675863671e-07
n,29.725555419921875, -6.56264591217041, 1.1888074595844955e-06
n,12.591767311096191, 10.720916748046875, -26.608869552612305
n,15.628100395202637, -18.482765197753906, 24.31507682800293
n,15.62810230255127, -18.482765197753906, -24.31507682800293
n,-10.443020820617676, 12.350568771362305, -30.306001663208008
n,6.389294624328613, -7.556399345397949, -32.9184684753418
n,-15.62810230255127, 18.482765197753906, 24.31507682800293
n,15.62810230255127, -18.482765197753906, -24.31507682800293
n,-6.341984272003174, 7.500422954559326, 32.94061279296875
n,10.486626625061035, -12.402139663696289, 30.26953125
n,-15.62810230255127, 18.482765197753906, 24.31507682800293
n,-15.628100395202637, 18.482765197753906, -24.31507682800293
n,-8.470115062664263e-06, 7.689343874517363e-06, 34.38671112060547
u,0.3294813632965088, 0.08362036943435669, 0
u,0.27056023478507996, 0.3952832818031311, 0
u,0.2747962176799774, 0.5229165554046631, 0
u,0.9326973557472229, 0.6538425385951996, 0
u,0.9484358429908752, 0.9503842741250992, 0
u,0.9484357237815857, 0.6538425385951996, 0
u,0.06303513795137405, 0.08284324407577515, 0
u,0.06215817853808403, 0.19982260465621948, 0
u,0.27056023478507996, 0.3952832818031311, 0
u,0.06215817853808403, 0.19982260465621948, 0
u,0.0004436067247297615, 0.0827103853225708, 0
u,-7.2556760599695735e-09, 0.5213555693626404, 0
u,0.7979443073272705, 0.08359432220458984, 0
u,0.8136827945709229, 0.5228964984416962, 0
u,0.8136827349662781, 0.08359432220458984, 0
u,0.9842615723609924, 0.7028238475322723, 0
u,0.9685231447219849, 0.9999999968182882, 0
u,0.9842615723609924, 0.9999999961303403, 0
u,0.9239996671676636, 0.056543588638305664, 0
u,0.9397380948066711, 0.10563862323760986, 0
u,0.9397380948066711, 0.056543588638305664, 0
u,0.27056023478507996, 0.3952832818031311, 0
u,0.06215817853808403, 0.19982260465621948, 0
u,0.2747962176799774, 0.5229165554046631, 0
u,0.6633042693138123, 0.5228717923164368, 0
u,0.6086191534996033, 0.08357560634613037, 0
u,0.6043831706047058, 0.21120893955230713, 0
u,0.6633042693138123, 0.5228717923164368, 0
u,0.6043831706047058, 0.21120893955230713, 0
u,0.6043831706047058, 0.5228712260723114, 0
u,0.3968580365180969, 0.5236489176750183, 0
u,0.6043831706047058, 0.21120893955230713, 0
u,0.3959810733795166, 0.406669557094574, 0
u,0.3959810733795166, 0.406669557094574, 0
u,0.33382290601730347, 0.08513659238815308, 0
u,0.3342665135860443, 0.5237817466259003, 0
u,0.6043831706047058, 0.21120893955230713, 0
u,0.6086191534996033, 0.08357560634613037, 0
u,0.3959810733795166, 0.406669557094574, 0
u,0.3968580365180969, 0.5236489176750183, 0
u,0.3959810733795166, 0.406669557094574, 0
u,0.3342665135860443, 0.5237817466259003, 0
u,0.6633042693138123, 0.5228717923164368, 0
u,0.6633042693138123, 0.08357608318328857, 0
u,0.6086191534996033, 0.08357560634613037, 0
u,0.9598253965377808, 0.017198920249938965, 0
u,0.944087028503418, 0.22256499528884888, 0
u,0.9598253965377808, 0.22256499528884888, 0
u,0.822380542755127, 0.48627912998199463, 0
u,0.8381189703941345, 0.5272442400455475, 0
u,0.8381189703941345, 0.48627912998199463, 0
u,0.3959810733795166, 0.406669557094574, 0
u,0.3959810733795166, 0.08507704734802246, 0
u,0.33382290601730347, 0.08513659238815308, 0
u,0.06215817853808403, 0.19982260465621948, 0
u,-7.2556760599695735e-09, 0.5213555693626404, 0
u,0.06215817108750343, 0.521415114402771, 0
u,0.822380542755127, 0.13084620237350464, 0
u,0.8381189703941345, 0.47884970903396606, 0
u,0.8381189703941345, 0.13084620237350464, 0
u,0.9685231447219849, 1.0000000031817116, 0
u,0.9527847766876221, 0.6943841278553009, 0
u,0.9527847170829773, 1.000000012282209, 0
u,0.06303513795137405, 0.08284324407577515, 0
u,0.0004436067247297615, 0.0827103853225708, 0
u,0.06215817853808403, 0.19982260465621948, 0
u,0.3294813632965088, 0.08362036943435669, 0
u,0.2747962176799774, 0.5229165554046631, 0
u,0.3294813632965088, 0.5229160785675049, 0
u,0.9326974153518677, 0.9565284736454487, 0
u,0.9484358429908752, 0.9999999976963336, 0
u,0.9484358429908752, 0.9565284736454487, 0
u,0.3294813632965088, 0.08362036943435669, 0
u,0.27056023478507996, 0.08362090587615967, 0
u,0.27056023478507996, 0.3952832818031311, 0
u,0.8136827945709229, 0.5272442996501923, 0
u,0.8180316686630249, 0.5213326215744019, 0
u,0.8136827945709229, 0.5228964984416962, 0
u,0.06215079873800278, 0.5272436738014221, 0
u,0.06649968028068542, 0.5228947997093201, 0
u,0.06215817108750343, 0.521415114402771, 0
u,0.06649967283010483, 0.21866625547409058, 0
u,0.06889040768146515, 0.21795016527175903, 0
u,0.06215817853808403, 0.19982260465621948, 0
u,0.2700539827346802, 0.5236090123653412, 0
u,0.27679362893104553, 0.5272416770458221, 0
u,0.2747962176799774, 0.5229165554046631, 0
u,0.9397380948066711, 0.10563862323760986, 0
u,0.9397380948066711, 0.11126846075057983, 0
u,0.9440869688987732, 0.10721558332443237, 0
u,0.9484358429908752, 0.9503842741250992, 0
u,0.9484358429908752, 0.9565284736454487, 0
u,0.9527847170829773, 0.9535928480327129, 0
u,0.2705528736114502, 0.07924842834472656, 0
u,0.26620399951934814, 0.08359730243682861, 0
u,0.27056023478507996, 0.08362090587615967, 0
u,0.26379698514938354, 0.38149595260620117, 0
u,0.27056023478507996, 0.3952832818031311, 0
u,0.26620399951934814, 0.3807690143585205, 0
u,0.8381189703941345, 0.47884970903396606, 0
u,0.8381189703941345, 0.48627912998199463, 0
u,0.8424678444862366, 0.4805915951728821, 0
u,0.8136827349662781, 0.08359432220458984, 0
u,0.8180316090583801, 0.08268088102340698, 0
u,0.8136827349662781, 0.07924437522888184, 0
u,0.7979443669319153, 0.5272442996501923, 0
u,0.7979443669319153, 0.5228964984416962, 0
u,0.7935954928398132, 0.5213326215744019, 0
u,0.39597371220588684, 0.07924854755401611, 0
u,0.3959810733795166, 0.08507704734802246, 0
u,0.4003225862979889, 0.08359736204147339, 0
u,0.4003225862979889, 0.3878259062767029, 0
u,0.3959810733795166, 0.406669557094574, 0
u,0.4027132987976074, 0.3885420560836792, 0
u,0.6038768887519836, 0.08288317918777466, 0
u,0.6086191534996033, 0.08357560634613037, 0
u,0.6106165051460266, 0.0792505145072937, 0
u,0.9239996671676636, 0.10563862323760986, 0
u,0.9196507930755615, 0.10721558332443237, 0
u,0.9239996671676636, 0.11126846075057983, 0
u,0.9326974153518677, 0.9503842778503895, 0
u,0.9283485412597656, 0.9535928517580032, 0
u,0.9326974153518677, 0.9565284736454487, 0
u,0.6043757796287537, 0.5272437334060669, 0
u,0.6043831706047058, 0.5228712260723114, 0
u,0.6000269055366516, 0.5228948891162872, 0
u,0.597619891166687, 0.22499626874923706, 0
u,0.6000269055366516, 0.22572314739227295, 0
u,0.6043831706047058, 0.21120893955230713, 0
u,0.822380542755127, 0.47884970903396606, 0
u,0.8180316686630249, 0.4805915951728821, 0
u,0.822380542755127, 0.48627912998199463, 0
u,0.7979443073272705, 0.08359432220458984, 0
u,0.7979443073272705, 0.07924437522888184, 0
u,0.7935954332351685, 0.08268088102340698, 0
u,0.003060692921280861, 0.5272442400455475, 0
u,0.06215817108750343, 0.521415114402771, 0
u,-7.2556760599695735e-09, 0.5213555693626404, 0
u,0.06215817108750343, 0.521415114402771, 0
u,0.06649967283010483, 0.21866625547409058, 0
u,0.06215817853808403, 0.19982260465621948, 0
u,0.06889040768146515, 0.21795016527175903, 0
u,0.2747962176799774, 0.5229165554046631, 0
u,0.06215817853808403, 0.19982260465621948, 0
u,0.27679362893104553, 0.5272416770458221, 0
u,0.3294813632965088, 0.5229160785675049, 0
u,0.2747962176799774, 0.5229165554046631, 0
u,0.3338228762149811, 0.5228923857212067, 0
u,0.3294813632965088, 0.08362036943435669, 0
u,0.3294813632965088, 0.5229160785675049, 0
u,0.32947400212287903, 0.07924783229827881, 0
u,0.27056023478507996, 0.08362090587615967, 0
u,0.3294813632965088, 0.08362036943435669, 0
u,0.8381189703941345, 0.13084620237350464, 0
u,0.8424678444862366, 0.4805915951728821, 0
u,0.8424678444862366, 0.11657071113586426, 0
u,0.8180316686630249, 0.5213326215744019, 0
u,0.8136827349662781, 0.08359432220458984, 0
u,0.8136827945709229, 0.5228964984416962, 0
u,0.27056023478507996, 0.08362090587615967, 0
u,0.26620399951934814, 0.3807690143585205, 0
u,0.27056023478507996, 0.3952832818031311, 0
u,0.05858458951115608, 0.07925039529800415, 0
u,0.0004436067247297615, 0.0827103853225708, 0
u,0.06303513795137405, 0.08284324407577515, 0
u,0.3368836045265198, 0.07924795150756836, 0
u,0.3959810733795166, 0.08507704734802246, 0
u,0.39597371220588684, 0.07924854755401611, 0
u,0.3959810733795166, 0.08507704734802246, 0
u,0.4003225862979889, 0.3878259062767029, 0
u,0.4003225862979889, 0.08359736204147339, 0
u,0.4027132987976074, 0.3885420560836792, 0
u,0.6086191534996033, 0.08357560634613037, 0
u,0.6038768887519836, 0.08288317918777466, 0
u,0.6106165051460266, 0.0792505145072937, 0
u,0.6633042693138123, 0.08357608318328857, 0
u,0.6632968783378601, 0.0792509913444519, 0
u,0.6633042693138123, 0.08357608318328857, 0
u,0.6676457524299622, 0.5228955149650574, 0
u,0.6676457524299622, 0.08359980583190918, 0
u,0.6633042693138123, 0.5228717923164368, 0
u,0.6043757796287537, 0.5272437334060669, 0
u,0.6632968783378601, 0.5272442996501923, 0
u,0.822380542755127, 0.13084620237350464, 0
u,0.8180316686630249, 0.4805915951728821, 0
u,0.822380542755127, 0.47884970903396606, 0
u,0.7935954928398132, 0.5213326215744019, 0
u,0.7979443073272705, 0.08359432220458984, 0
u,0.7935954332351685, 0.08268088102340698, 0
u,0.6043831706047058, 0.5228712260723114, 0
u,0.6000269055366516, 0.22572314739227295, 0
u,0.6000269055366516, 0.5228948891162872, 0
u,0.39240750670433044, 0.5272417962551117, 0
u,0.3342665135860443, 0.5237817466259003, 0
u,0.3368836045265198, 0.5272412896156311, 0
u,0.8136827945709229, 0.5228964984416962, 0
u,0.7979443669319153, 0.5272442996501923, 0
u,0.8136827945709229, 0.5272442996501923, 0
u,0.7979443073272705, 0.08359432220458984, 0
u,0.8136827349662781, 0.07924437522888184, 0
u,0.7979443073272705, 0.07924437522888184, 0
u,0.8381189703941345, 0.47884970903396606, 0
u,0.822380542755127, 0.48627912998199463, 0
u,0.8381189703941345, 0.48627912998199463, 0
u,0.822380542755127, 0.13084620237350464, 0
u,0.8381189703941345, 0.12956100702285767, 0
u,0.822380542755127, 0.12956100702285767, 0
u,0.9283486008644104, 0.5987739562988281, 0
u,0.9440869688987732, 0.5931440889835358, 0
u,0.9283486008644104, 0.5931440889835358, 0
u,0.9685231447219849, 0.7028238475322723, 0
u,0.9842615723609924, 0.6984739005565643, 0
u,0.9685231447219849, 0.6984739005565643, 0
u,0.8938279747962952, 0.4294995665550232, 0
u,0.8913402557373047, 0.4137611389160156, 0
u,0.8913402557373047, 0.4294995665550232, 0
u,0.9397380948066711, 0.05157989263534546, 0
u,0.9239996671676636, 0.056543588638305664, 0
u,0.9397380948066711, 0.056543588638305664, 0
u,0.9397380948066711, 0.11126846075057983, 0
u,0.9239996671676636, 0.10563862323760986, 0
u,0.9239996671676636, 0.11126846075057983, 0
u,0.9484358429908752, 0.9565284736454487, 0
u,0.9326974153518677, 0.9503842778503895, 0
u,0.9326974153518677, 0.9565284736454487, 0
u,0.9440869688987732, 0.6538425385951996, 0
u,0.9283486008644104, 0.5987739562988281, 0
u,0.9283486008644104, 0.6538425385951996, 0
u,0.9326973557472229, 0.6538425385951996, 0
u,0.9326974153518677, 0.9503842778503895, 0
u,0.9484358429908752, 0.9503842741250992, 0
u,0.7979443073272705, 0.08359432220458984, 0
u,0.7979443669319153, 0.5228964984416962, 0
u,0.8136827945709229, 0.5228964984416962, 0
u,0.9842615723609924, 0.7028238475322723, 0
u,0.9685231447219849, 0.7028238475322723, 0
u,0.9685231447219849, 0.9999999968182882, 0
u,0.9239996671676636, 0.056543588638305664, 0
u,0.9239996671676636, 0.10563862323760986, 0
u,0.9397380948066711, 0.10563862323760986, 0
u,0.9598253965377808, 0.017198920249938965, 0
u,0.9440869688987732, 0.017198920249938965, 0
u,0.944087028503418, 0.22256499528884888, 0
u,0.822380542755127, 0.48627912998199463, 0
u,0.822380542755127, 0.5272442400455475, 0
u,0.8381189703941345, 0.5272442400455475, 0
u,0.822380542755127, 0.13084620237350464, 0
u,0.822380542755127, 0.47884970903396606, 0
u,0.8381189703941345, 0.47884970903396606, 0
u,0.9685231447219849, 1.0000000031817116, 0
u,0.9685231447219849, 0.6943841278553009, 0
u,0.9527847766876221, 0.6943841278553009, 0
u,0.9326974153518677, 0.9565284736454487, 0
u,0.9326974153518677, 0.9999999983842816, 0
u,0.9484358429908752, 0.9999999976963336, 0
u,0.003060692921280861, 0.5272442400455475, 0
u,0.06215079873800278, 0.5272436738014221, 0
u,0.06215817108750343, 0.521415114402771, 0
u,0.06215817108750343, 0.521415114402771, 0
u,0.06649968028068542, 0.5228947997093201, 0
u,0.06649967283010483, 0.21866625547409058, 0
u,0.06889040768146515, 0.21795016527175903, 0
u,0.2700539827346802, 0.5236090123653412, 0
u,0.2747962176799774, 0.5229165554046631, 0
u,0.27679362893104553, 0.5272416770458221, 0
u,0.32947397232055664, 0.5272412002086639, 0
u,0.3294813632965088, 0.5229160785675049, 0
u,0.3338228762149811, 0.5228923857212067, 0
u,0.3338228762149811, 0.08359664678573608, 0
u,0.3294813632965088, 0.08362036943435669, 0
u,0.32947400212287903, 0.07924783229827881, 0
u,0.2705528736114502, 0.07924842834472656, 0
u,0.27056023478507996, 0.08362090587615967, 0
u,0.8381189703941345, 0.13084620237350464, 0
u,0.8381189703941345, 0.47884970903396606, 0
u,0.8424678444862366, 0.4805915951728821, 0
u,0.8180316686630249, 0.5213326215744019, 0
u,0.8180316090583801, 0.08268088102340698, 0
u,0.8136827349662781, 0.08359432220458984, 0
u,0.27056023478507996, 0.08362090587615967, 0
u,0.26620399951934814, 0.08359730243682861, 0
u,0.26620399951934814, 0.3807690143585205, 0
u,0.05858458951115608, 0.07925039529800415, 0
u,0.003060699673369527, 0.07925087213516235, 0
u,0.0004436067247297615, 0.0827103853225708, 0
u,0.3368836045265198, 0.07924795150756836, 0
u,0.33382290601730347, 0.08513659238815308, 0
u,0.3959810733795166, 0.08507704734802246, 0
u,0.3959810733795166, 0.08507704734802246, 0
u,0.3959810733795166, 0.406669557094574, 0
u,0.4003225862979889, 0.3878259062767029, 0
u,0.4027132987976074, 0.3885420560836792, 0
u,0.3959810733795166, 0.406669557094574, 0
u,0.6086191534996033, 0.08357560634613037, 0
u,0.6106165051460266, 0.0792505145072937, 0
u,0.6086191534996033, 0.08357560634613037, 0
u,0.6633042693138123, 0.08357608318328857, 0
u,0.6633042693138123, 0.08357608318328857, 0
u,0.6633042693138123, 0.5228717923164368, 0
u,0.6676457524299622, 0.5228955149650574, 0
u,0.6633042693138123, 0.5228717923164368, 0
u,0.6043831706047058, 0.5228712260723114, 0
u,0.6043757796287537, 0.5272437334060669, 0
u,0.822380542755127, 0.13084620237350464, 0
u,0.8180316686630249, 0.11657071113586426, 0
u,0.8180316686630249, 0.4805915951728821, 0
u,0.7935954928398132, 0.5213326215744019, 0
u,0.7979443669319153, 0.5228964984416962, 0
u,0.7979443073272705, 0.08359432220458984, 0
u,0.6043831706047058, 0.5228712260723114, 0
u,0.6043831706047058, 0.21120893955230713, 0
u,0.6000269055366516, 0.22572314739227295, 0
u,0.39240750670433044, 0.5272417962551117, 0
u,0.3968580365180969, 0.5236489176750183, 0
u,0.3342665135860443, 0.5237817466259003, 0
u,0.8136827945709229, 0.5228964984416962, 0
u,0.7979443669319153, 0.5228964984416962, 0
u,0.7979443669319153, 0.5272442996501923, 0
u,0.7979443073272705, 0.08359432220458984, 0
u,0.8136827349662781, 0.08359432220458984, 0
u,0.8136827349662781, 0.07924437522888184, 0
u,0.8381189703941345, 0.47884970903396606, 0
u,0.822380542755127, 0.47884970903396606, 0
u,0.822380542755127, 0.48627912998199463, 0
u,0.822380542755127, 0.13084620237350464, 0
u,0.8381189703941345, 0.13084620237350464, 0
u,0.8381189703941345, 0.12956100702285767, 0
u,0.9283486008644104, 0.5987739562988281, 0
u,0.9440869688987732, 0.5987739562988281, 0
u,0.9440869688987732, 0.5931440889835358, 0
u,0.9685231447219849, 0.7028238475322723, 0
u,0.9842615723609924, 0.7028238475322723, 0
u,0.9842615723609924, 0.6984739005565643, 0
u,0.8938279747962952, 0.4294995665550232, 0
u,0.8938279747962952, 0.4137611389160156, 0
u,0.8913402557373047, 0.4137611389160156, 0
u,0.9397380948066711, 0.05157989263534546, 0
u,0.9239996671676636, 0.05157989263534546, 0
u,0.9239996671676636, 0.056543588638305664, 0
u,0.9397380948066711, 0.11126846075057983, 0
u,0.9397380948066711, 0.10563862323760986, 0
u,0.9239996671676636, 0.10563862323760986, 0
u,0.9484358429908752, 0.9565284736454487, 0
u,0.9484358429908752, 0.9503842741250992, 0
u,0.9326974153518677, 0.9503842778503895, 0
u,0.9440869688987732, 0.6538425385951996, 0
u,0.9440869688987732, 0.5987739562988281, 0
u,0.9283486008644104, 0.5987739562988281, 0
