v,-0.003302714554592967, -0.010692988522350788, -0.010412564501166344
v,-0.002455352572724223, -0.013172613456845284, 0.003385129850357771
v,-0.002516271313652396, -0.012994347140192986, 0.009035622701048851
v,-0.0022569457069039345, -0.010131226852536201, 0.009035623632371426
v,-0.00312530854716897, -0.010427973233163357, -0.010412564501166344
v,-0.003125309245660901, -0.010427973233163357, 0.009035623632371426
v,0.0005291296984069049, -0.021906059235334396, -0.01044707652181387
v,0.0005417414358817041, -0.02194296568632126, -0.0052682505920529366
v,-0.002455352572724223, -0.013172613456845284, 0.003385129850357771
v,0.0005417414358817041, -0.02194296568632126, -0.0052682505920529366
v,0.001429277821443975, -0.024540148675441742, -0.010452983900904655
v,0.00143565668258816, -0.024558817967772484, 0.00896640308201313
v,0.00256238947622478, -0.024233976379036903, -0.010412564501166344
v,0.0016940250061452389, -0.024530721828341484, 0.009035623632371426
v,0.0016940258210524917, -0.024530721828341484, -0.010412564501166344
v,-0.0021528606303036213, -0.01327363308519125, -0.010412563569843769
v,-0.0012844977900385857, -0.012976886704564095, 0.002743613440543413
v,-0.0021528613287955523, -0.01327363308519125, 0.002743613440543413
v,-0.0014367905678227544, -0.012531234882771969, 0.009228150360286236
v,-0.003062766743823886, -0.010610990226268768, 0.00922815129160881
v,-0.002305154222995043, -0.01282798033207655, 0.009228150360286236
v,-0.002455352572724223, -0.013172613456845284, 0.003385129850357771
v,0.0005417414358817041, -0.02194296568632126, -0.0052682505920529366
v,-0.002516271313652396, -0.012994347140192986, 0.009035622701048851
v,-0.001954453531652689, -0.010232246480882168, -0.010412564501166344
v,-0.0011680102907121181, -0.01253360603004694, 0.009035622701048851
v,-0.001107091666199267, -0.012711871415376663, 0.003385129850357771
v,-0.001954453531652689, -0.010232246480882168, -0.010412564501166344
v,-0.001107091666199267, -0.012711871415376663, 0.003385129850357771
v,-0.001107090967707336, -0.012711871415376663, -0.010412563569843769
v,0.001877390779554844, -0.021445317193865776, -0.01044707652181387
v,-0.001107091666199267, -0.012711871415376663, 0.003385129850357771
v,0.001890002517029643, -0.021482223644852638, -0.0052682505920529366
v,0.001890002517029643, -0.021482223644852638, -0.0052682505920529366
v,0.0027839175891131163, -0.024098077788949013, 0.00896640308201313
v,0.002777538960799575, -0.02407940849661827, -0.010452983900904655
v,-0.001107091666199267, -0.012711871415376663, 0.003385129850357771
v,-0.0011680102907121181, -0.01253360603004694, 0.009035622701048851
v,0.001890002517029643, -0.021482223644852638, -0.0052682505920529366
v,0.001877390779554844, -0.021445317193865776, -0.01044707652181387
v,0.001890002517029643, -0.021482223644852638, -0.0052682505920529366
v,0.002777538960799575, -0.02407940849661827, -0.010452983900904655
v,-0.001954453531652689, -0.010232246480882168, -0.010412564501166344
v,-0.00195445423014462, -0.010232246480882168, 0.009035623632371426
v,-0.0011680102907121181, -0.01253360603004694, 0.009035622701048851
v,0.0007191468612290919, -0.021677950397133827, 0.009035622701048851
v,0.0015875110402703285, -0.021381204947829247, -0.0044329664669930935
v,0.0007191475015133619, -0.021677950397133827, -0.0044329664669930935
v,0.0017013406613841653, -0.02171430177986622, -0.010605092160403728
v,0.0016314830863848329, -0.024347703903913498, -0.010605093091726303
v,0.000832976948004216, -0.0220110472291708, -0.010605092160403728
v,0.001890002517029643, -0.021482223644852638, -0.0052682505920529366
v,0.001890001934953034, -0.021482223644852638, 0.008969064801931381
v,0.0027839175891131163, -0.024098077788949013, 0.00896640308201313
v,0.0005417414358817041, -0.02194296568632126, -0.0052682505920529366
v,0.00143565668258816, -0.024558817967772484, 0.00896640308201313
v,0.0005417407373897731, -0.02194296568632126, 0.008969064801931381
v,-0.0012498818105086684, -0.013078182935714722, 0.002775792498141527
v,0.000735818175598979, -0.021726733073592186, -0.010444742627441883
v,-0.002118245232850313, -0.013374929316341877, 0.0027757929638028145
v,0.001553129288367927, -0.021280592307448387, -0.004464670084416866
v,-0.0022082291543483734, -0.013111610896885395, 0.009067325852811337
v,0.0006847657496109605, -0.021577339619398117, -0.004464670550078154
v,0.0005291296984069049, -0.021906059235334396, -0.01044707652181387
v,0.001429277821443975, -0.024540148675441742, -0.010452983900904655
v,0.0005417414358817041, -0.02194296568632126, -0.0052682505920529366
v,-0.003302714554592967, -0.010692988522350788, -0.010412564501166344
v,-0.002516271313652396, -0.012994347140192986, 0.009035622701048851
v,-0.003302715253084898, -0.010692988522350788, 0.009035623632371426
v,-0.0021944022737443447, -0.010314244776964188, -0.010605093091726303
v,-0.00221540336497128, -0.013090615160763264, -0.010605092160403728
v,-0.0030627658125013113, -0.010610990226268768, -0.010605093091726303
v,-0.003302714554592967, -0.010692988522350788, -0.010412564501166344
v,-0.002455352107062936, -0.013172613456845284, -0.010412563569843769
v,-0.002455352572724223, -0.013172613456845284, 0.003385129850357771
v,0.00163148227147758, -0.024347703903913498, 0.00922815129160881
v,0.00143565668258816, -0.024558817967772484, 0.00896640308201313
v,0.0016940250061452389, -0.024530721828341484, 0.009035623632371426
v,0.000781689421273768, -0.021860968321561813, 0.009228150360286236
v,0.0007191468612290919, -0.021677950397133827, 0.009035622701048851
v,0.0005417407373897731, -0.02194296568632126, 0.008969064801931381
v,0.0007191475015133619, -0.021677950397133827, -0.0044329664669930935
v,0.0006847657496109605, -0.021577339619398117, -0.004464670550078154
v,0.0005417414358817041, -0.02194296568632126, -0.0052682505920529366
v,-0.0022082291543483734, -0.013111610896885395, 0.009067325852811337
v,-0.002305154222995043, -0.01282798033207655, 0.009228150360286236
v,-0.002516271313652396, -0.012994347140192986, 0.009035622701048851
v,-0.003062766743823886, -0.010610990226268768, 0.00922815129160881
v,-0.003125309245660901, -0.010427973233163357, 0.009035623632371426
v,-0.003302715253084898, -0.010692988522350788, 0.009035623632371426
v,-0.00312530854716897, -0.010427973233163357, -0.010412564501166344
v,-0.0030627658125013113, -0.010610990226268768, -0.010605093091726303
v,-0.003302714554592967, -0.010692988522350788, -0.010412564501166344
v,-0.00221540336497128, -0.013090615160763264, -0.010605092160403728
v,-0.0021528606303036213, -0.01327363308519125, -0.010412563569843769
v,-0.002455352107062936, -0.013172613456845284, -0.010412563569843769
v,-0.002118245232850313, -0.013374929316341877, 0.0027757929638028145
v,-0.002455352572724223, -0.013172613456845284, 0.003385129850357771
v,-0.0021528613287955523, -0.01327363308519125, 0.002743613440543413
v,0.000735818175598979, -0.021726733073592186, -0.010444742627441883
v,0.000832976948004216, -0.0220110472291708, -0.010605092160403728
v,0.0005291296984069049, -0.021906059235334396, -0.01044707652181387
v,0.0016940258210524917, -0.024530721828341484, -0.010412564501166344
v,0.001429277821443975, -0.024540148675441742, -0.010452983900904655
v,0.0016314830863848329, -0.024347703903913498, -0.010605093091726303
v,0.0024998458102345467, -0.024050958454608917, 0.00922815129160881
v,0.0025623885449022055, -0.024233976379036903, 0.009035623632371426
v,0.0027839175891131163, -0.024098077788949013, 0.00896640308201313
v,0.0016500531928613782, -0.021564221009612083, 0.009228150360286236
v,0.001890001934953034, -0.021482223644852638, 0.008969064801931381
v,0.0015875105746090412, -0.021381204947829247, 0.009035622701048851
v,0.0015875110402703285, -0.021381204947829247, -0.0044329664669930935
v,0.001890002517029643, -0.021482223644852638, -0.0052682505920529366
v,0.001553129288367927, -0.021280592307448387, -0.004464670084416866
v,-0.0013398656155914068, -0.01281486451625824, 0.009067325852811337
v,-0.0011680102907121181, -0.01253360603004694, 0.009035622701048851
v,-0.0014367905678227544, -0.012531234882771969, 0.009228150360286236
v,-0.0021944029722362757, -0.010314244776964188, 0.00922815129160881
v,-0.00195445423014462, -0.010232246480882168, 0.009035623632371426
v,-0.0022569457069039345, -0.010131226852536201, 0.009035623632371426
v,-0.0022569450084120035, -0.010131226852536201, -0.010412564501166344
v,-0.001954453531652689, -0.010232246480882168, -0.010412564501166344
v,-0.0021944022737443447, -0.010314244776964188, -0.010605093091726303
v,-0.0013470395933836699, -0.012793869711458683, -0.010605092160403728
v,-0.001107090967707336, -0.012711871415376663, -0.010412563569843769
v,-0.0012844969751313329, -0.012976886704564095, -0.010412563569843769
v,-0.0012498818105086684, -0.013078182935714722, 0.002775792498141527
v,-0.0012844977900385857, -0.012976886704564095, 0.002743613440543413
v,-0.001107091666199267, -0.012711871415376663, 0.003385129850357771
v,0.0016041818307712674, -0.021429987624287605, -0.010444742627441883
v,0.001877390779554844, -0.021445317193865776, -0.01044707652181387
v,0.0017013406613841653, -0.02171430177986622, -0.010605092160403728
v,0.00256238947622478, -0.024233976379036903, -0.010412564501166344
v,0.0024998467415571213, -0.024050958454608917, -0.010605093091726303
v,0.002777538960799575, -0.02407940849661827, -0.010452983900904655
v,0.00163148227147758, -0.024347703903913498, 0.00922815129160881
v,0.0005417407373897731, -0.02194296568632126, 0.008969064801931381
v,0.00143565668258816, -0.024558817967772484, 0.00896640308201313
v,0.0005417407373897731, -0.02194296568632126, 0.008969064801931381
v,0.0007191475015133619, -0.021677950397133827, -0.0044329664669930935
v,0.0005417414358817041, -0.02194296568632126, -0.0052682505920529366
v,0.0006847657496109605, -0.021577339619398117, -0.004464670550078154
v,-0.002516271313652396, -0.012994347140192986, 0.009035622701048851
v,0.0005417414358817041, -0.02194296568632126, -0.0052682505920529366
v,-0.002305154222995043, -0.01282798033207655, 0.009228150360286236
v,-0.003302715253084898, -0.010692988522350788, 0.009035623632371426
v,-0.002516271313652396, -0.012994347140192986, 0.009035622701048851
v,-0.003125309245660901, -0.010427973233163357, 0.009035623632371426
v,-0.003302714554592967, -0.010692988522350788, -0.010412564501166344
v,-0.003302715253084898, -0.010692988522350788, 0.009035623632371426
v,-0.0030627658125013113, -0.010610990226268768, -0.010605093091726303
v,-0.002455352107062936, -0.013172613456845284, -0.010412563569843769
v,-0.003302714554592967, -0.010692988522350788, -0.010412564501166344
v,-0.002118245232850313, -0.013374929316341877, 0.0027757929638028145
v,0.0005291296984069049, -0.021906059235334396, -0.01044707652181387
v,-0.002455352572724223, -0.013172613456845284, 0.003385129850357771
v,0.00143565668258816, -0.024558817967772484, 0.00896640308201313
v,0.0016940258210524917, -0.024530721828341484, -0.010412564501166344
v,0.0016940250061452389, -0.024530721828341484, 0.009035623632371426
v,-0.002455352107062936, -0.013172613456845284, -0.010412563569843769
v,-0.0021528613287955523, -0.01327363308519125, 0.002743613440543413
v,-0.002455352572724223, -0.013172613456845284, 0.003385129850357771
v,0.000832976948004216, -0.0220110472291708, -0.010605092160403728
v,0.001429277821443975, -0.024540148675441742, -0.010452983900904655
v,0.0005291296984069049, -0.021906059235334396, -0.01044707652181387
v,0.0024998458102345467, -0.024050958454608917, 0.00922815129160881
v,0.001890001934953034, -0.021482223644852638, 0.008969064801931381
v,0.0016500531928613782, -0.021564221009612083, 0.009228150360286236
v,0.001890001934953034, -0.021482223644852638, 0.008969064801931381
v,0.0015875110402703285, -0.021381204947829247, -0.0044329664669930935
v,0.0015875105746090412, -0.021381204947829247, 0.009035622701048851
v,0.001553129288367927, -0.021280592307448387, -0.004464670084416866
v,-0.0011680102907121181, -0.01253360603004694, 0.009035622701048851
v,-0.0013398656155914068, -0.01281486451625824, 0.009067325852811337
v,-0.0014367905678227544, -0.012531234882771969, 0.009228150360286236
v,-0.00195445423014462, -0.010232246480882168, 0.009035623632371426
v,-0.0021944029722362757, -0.010314244776964188, 0.00922815129160881
v,-0.00195445423014462, -0.010232246480882168, 0.009035623632371426
v,-0.0022569450084120035, -0.010131226852536201, -0.010412564501166344
v,-0.0022569457069039345, -0.010131226852536201, 0.009035623632371426
v,-0.001954453531652689, -0.010232246480882168, -0.010412564501166344
v,-0.0013470395933836699, -0.012793869711458683, -0.010605092160403728
v,-0.0021944022737443447, -0.010314244776964188, -0.010605093091726303
v,-0.0012498818105086684, -0.013078182935714722, 0.002775792498141527
v,0.001877390779554844, -0.021445317193865776, -0.01044707652181387
v,0.0016041818307712674, -0.021429987624287605, -0.010444742627441883
v,0.0027839175891131163, -0.024098077788949013, 0.00896640308201313
v,0.00256238947622478, -0.024233976379036903, -0.010412564501166344
v,0.002777538960799575, -0.02407940849661827, -0.010452983900904655
v,-0.001107090967707336, -0.012711871415376663, -0.010412563569843769
v,-0.0012844977900385857, -0.012976886704564095, 0.002743613440543413
v,-0.0012844969751313329, -0.012976886704564095, -0.010412563569843769
v,0.0017013406613841653, -0.02171430177986622, -0.010605092160403728
v,0.002777538960799575, -0.02407940849661827, -0.010452983900904655
v,0.0024998467415571213, -0.024050958454608917, -0.010605093091726303
v,0.0016940250061452389, -0.024530721828341484, 0.009035623632371426
v,0.0024998458102345467, -0.024050958454608917, 0.00922815129160881
v,0.00163148227147758, -0.024347703903913498, 0.00922815129160881
v,0.00256238947622478, -0.024233976379036903, -0.010412564501166344
v,0.0016314830863848329, -0.024347703903913498, -0.010605093091726303
v,0.0024998467415571213, -0.024050958454608917, -0.010605093091726303
v,0.000735818175598979, -0.021726733073592186, -0.010444742627441883
v,0.0017013406613841653, -0.02171430177986622, -0.010605092160403728
v,0.000832976948004216, -0.0220110472291708, -0.010605092160403728
v,-0.0012498818105086684, -0.013078182935714722, 0.002775792498141527
v,-0.0021528613287955523, -0.01327363308519125, 0.002743613440543413
v,-0.0012844977900385857, -0.012976886704564095, 0.002743613440543413
v,0.000781689421273768, -0.021860968321561813, 0.009228150360286236
v,0.0015875105746090412, -0.021381204947829247, 0.009035622701048851
v,0.0007191468612290919, -0.021677950397133827, 0.009035622701048851
v,-0.0012844969751313329, -0.012976886704564095, -0.010412563569843769
v,-0.00221540336497128, -0.013090615160763264, -0.010605092160403728
v,-0.0013470395933836699, -0.012793869711458683, -0.010605092160403728
v,0.0007191475015133619, -0.021677950397133827, -0.0044329664669930935
v,0.001553129288367927, -0.021280592307448387, -0.004464670084416866
v,0.0006847657496109605, -0.021577339619398117, -0.004464670550078154
v,-0.0022082291543483734, -0.013111610896885395, 0.009067325852811337
v,-0.0014367905678227544, -0.012531234882771969, 0.009228150360286236
v,-0.002305154222995043, -0.01282798033207655, 0.009228150360286236
v,-0.003125309245660901, -0.010427973233163357, 0.009035623632371426
v,-0.0021944029722362757, -0.010314244776964188, 0.00922815129160881
v,-0.0022569457069039345, -0.010131226852536201, 0.009035623632371426
v,-0.0030627658125013113, -0.010610990226268768, -0.010605093091726303
v,-0.0022569450084120035, -0.010131226852536201, -0.010412564501166344
v,-0.0021944022737443447, -0.010314244776964188, -0.010605093091726303
v,0.0024998458102345467, -0.024050958454608917, 0.00922815129160881
v,0.000781689421273768, -0.021860968321561813, 0.009228150360286236
v,0.00163148227147758, -0.024347703903913498, 0.00922815129160881
v,-0.0022569457069039345, -0.010131226852536201, 0.009035623632371426
v,-0.0022569450084120035, -0.010131226852536201, -0.010412564501166344
v,-0.00312530854716897, -0.010427973233163357, -0.010412564501166344
v,0.00256238947622478, -0.024233976379036903, -0.010412564501166344
v,0.0025623885449022055, -0.024233976379036903, 0.009035623632371426
v,0.0016940250061452389, -0.024530721828341484, 0.009035623632371426
v,-0.0021528606303036213, -0.01327363308519125, -0.010412563569843769
v,-0.0012844969751313329, -0.012976886704564095, -0.010412563569843769
v,-0.0012844977900385857, -0.012976886704564095, 0.002743613440543413
v,-0.0014367905678227544, -0.012531234882771969, 0.009228150360286236
v,-0.0021944029722362757, -0.010314244776964188, 0.00922815129160881
v,-0.003062766743823886, -0.010610990226268768, 0.00922815129160881
v,0.0007191468612290919, -0.021677950397133827, 0.009035622701048851
v,0.0015875105746090412, -0.021381204947829247, 0.009035622701048851
v,0.0015875110402703285, -0.021381204947829247, -0.0044329664669930935
v,0.0017013406613841653, -0.02171430177986622, -0.010605092160403728
v,0.0024998467415571213, -0.024050958454608917, -0.010605093091726303
v,0.0016314830863848329, -0.024347703903913498, -0.010605093091726303
v,-0.0012498818105086684, -0.013078182935714722, 0.002775792498141527
v,0.0016041818307712674, -0.021429987624287605, -0.010444742627441883
v,0.000735818175598979, -0.021726733073592186, -0.010444742627441883
v,0.001553129288367927, -0.021280592307448387, -0.004464670084416866
v,-0.0013398656155914068, -0.01281486451625824, 0.009067325852811337
v,-0.0022082291543483734, -0.013111610896885395, 0.009067325852811337
v,-0.0021944022737443447, -0.010314244776964188, -0.010605093091726303
v,-0.0013470395933836699, -0.012793869711458683, -0.010605092160403728
v,-0.00221540336497128, -0.013090615160763264, -0.010605092160403728
v,0.00163148227147758, -0.024347703903913498, 0.00922815129160881
v,0.000781689421273768, -0.021860968321561813, 0.009228150360286236
v,0.0005417407373897731, -0.02194296568632126, 0.008969064801931381
v,0.0005417407373897731, -0.02194296568632126, 0.008969064801931381
v,0.0007191468612290919, -0.021677950397133827, 0.009035622701048851
v,0.0007191475015133619, -0.021677950397133827, -0.0044329664669930935
v,0.0006847657496109605, -0.021577339619398117, -0.004464670550078154
v,-0.0022082291543483734, -0.013111610896885395, 0.009067325852811337
v,-0.002516271313652396, -0.012994347140192986, 0.009035622701048851
v,-0.002305154222995043, -0.01282798033207655, 0.009228150360286236
v,-0.003062766743823886, -0.010610990226268768, 0.00922815129160881
v,-0.003302715253084898, -0.010692988522350788, 0.009035623632371426
v,-0.003125309245660901, -0.010427973233163357, 0.009035623632371426
v,-0.00312530854716897, -0.010427973233163357, -0.010412564501166344
v,-0.003302714554592967, -0.010692988522350788, -0.010412564501166344
v,-0.0030627658125013113, -0.010610990226268768, -0.010605093091726303
v,-0.00221540336497128, -0.013090615160763264, -0.010605092160403728
v,-0.002455352107062936, -0.013172613456845284, -0.010412563569843769
v,-0.002118245232850313, -0.013374929316341877, 0.0027757929638028145
v,0.000735818175598979, -0.021726733073592186, -0.010444742627441883
v,0.0005291296984069049, -0.021906059235334396, -0.01044707652181387
v,0.00143565668258816, -0.024558817967772484, 0.00896640308201313
v,0.001429277821443975, -0.024540148675441742, -0.010452983900904655
v,0.0016940258210524917, -0.024530721828341484, -0.010412564501166344
v,-0.002455352107062936, -0.013172613456845284, -0.010412563569843769
v,-0.0021528606303036213, -0.01327363308519125, -0.010412563569843769
v,-0.0021528613287955523, -0.01327363308519125, 0.002743613440543413
v,0.000832976948004216, -0.0220110472291708, -0.010605092160403728
v,0.0016314830863848329, -0.024347703903913498, -0.010605093091726303
v,0.001429277821443975, -0.024540148675441742, -0.010452983900904655
v,0.0024998458102345467, -0.024050958454608917, 0.00922815129160881
v,0.0027839175891131163, -0.024098077788949013, 0.00896640308201313
v,0.001890001934953034, -0.021482223644852638, 0.008969064801931381
v,0.001890001934953034, -0.021482223644852638, 0.008969064801931381
v,0.001890002517029643, -0.021482223644852638, -0.0052682505920529366
v,0.0015875110402703285, -0.021381204947829247, -0.0044329664669930935
v,0.001553129288367927, -0.021280592307448387, -0.004464670084416866
v,0.001890002517029643, -0.021482223644852638, -0.0052682505920529366
v,-0.0011680102907121181, -0.01253360603004694, 0.009035622701048851
v,-0.0014367905678227544, -0.012531234882771969, 0.009228150360286236
v,-0.0011680102907121181, -0.01253360603004694, 0.009035622701048851
v,-0.00195445423014462, -0.010232246480882168, 0.009035623632371426
v,-0.00195445423014462, -0.010232246480882168, 0.009035623632371426
v,-0.001954453531652689, -0.010232246480882168, -0.010412564501166344
v,-0.0022569450084120035, -0.010131226852536201, -0.010412564501166344
v,-0.001954453531652689, -0.010232246480882168, -0.010412564501166344
v,-0.001107090967707336, -0.012711871415376663, -0.010412563569843769
v,-0.0013470395933836699, -0.012793869711458683, -0.010605092160403728
v,-0.0012498818105086684, -0.013078182935714722, 0.002775792498141527
v,-0.001107091666199267, -0.012711871415376663, 0.003385129850357771
v,0.001877390779554844, -0.021445317193865776, -0.01044707652181387
v,0.0027839175891131163, -0.024098077788949013, 0.00896640308201313
v,0.0025623885449022055, -0.024233976379036903, 0.009035623632371426
v,0.00256238947622478, -0.024233976379036903, -0.010412564501166344
v,-0.001107090967707336, -0.012711871415376663, -0.010412563569843769
v,-0.001107091666199267, -0.012711871415376663, 0.003385129850357771
v,-0.0012844977900385857, -0.012976886704564095, 0.002743613440543413
v,0.0017013406613841653, -0.02171430177986622, -0.010605092160403728
v,0.001877390779554844, -0.021445317193865776, -0.01044707652181387
v,0.002777538960799575, -0.02407940849661827, -0.010452983900904655
v,0.0016940250061452389, -0.024530721828341484, 0.009035623632371426
v,0.0025623885449022055, -0.024233976379036903, 0.009035623632371426
v,0.0024998458102345467, -0.024050958454608917, 0.00922815129160881
v,0.00256238947622478, -0.024233976379036903, -0.010412564501166344
v,0.0016940258210524917, -0.024530721828341484, -0.010412564501166344
v,0.0016314830863848329, -0.024347703903913498, -0.010605093091726303
v,0.000735818175598979, -0.021726733073592186, -0.010444742627441883
v,0.0016041818307712674, -0.021429987624287605, -0.010444742627441883
v,0.0017013406613841653, -0.02171430177986622, -0.010605092160403728
v,-0.0012498818105086684, -0.013078182935714722, 0.002775792498141527
v,-0.002118245232850313, -0.013374929316341877, 0.0027757929638028145
v,-0.0021528613287955523, -0.01327363308519125, 0.002743613440543413
v,0.000781689421273768, -0.021860968321561813, 0.009228150360286236
v,0.0016500531928613782, -0.021564221009612083, 0.009228150360286236
v,0.0015875105746090412, -0.021381204947829247, 0.009035622701048851
v,-0.0012844969751313329, -0.012976886704564095, -0.010412563569843769
v,-0.0021528606303036213, -0.01327363308519125, -0.010412563569843769
v,-0.00221540336497128, -0.013090615160763264, -0.010605092160403728
v,0.0007191475015133619, -0.021677950397133827, -0.0044329664669930935
v,0.0015875110402703285, -0.021381204947829247, -0.0044329664669930935
v,0.001553129288367927, -0.021280592307448387, -0.004464670084416866
v,-0.0022082291543483734, -0.013111610896885395, 0.009067325852811337
v,-0.0013398656155914068, -0.01281486451625824, 0.009067325852811337
v,-0.0014367905678227544, -0.012531234882771969, 0.009228150360286236
v,-0.003125309245660901, -0.010427973233163357, 0.009035623632371426
v,-0.003062766743823886, -0.010610990226268768, 0.00922815129160881
v,-0.0021944029722362757, -0.010314244776964188, 0.00922815129160881
v,-0.0030627658125013113, -0.010610990226268768, -0.010605093091726303
v,-0.00312530854716897, -0.010427973233163357, -0.010412564501166344
v,-0.0022569450084120035, -0.010131226852536201, -0.010412564501166344
v,0.0024998458102345467, -0.024050958454608917, 0.00922815129160881
v,0.0016500531928613782, -0.021564221009612083, 0.009228150360286236
v,0.000781689421273768, -0.021860968321561813, 0.009228150360286236
n,-24.705764770507812, -8.442704200744629, -8.608231496509688e-07
n,-11.068985939025879, 32.39101791381836, 5.331030552440698e-14
n,-24.705764770507812, -8.442705154418945, -7.810788815731939e-07
n,-24.705764770507812, -8.442705154418945, -1.1412390676923678e-06
n,11.068985939025879, -32.39101791381836, -5.331030552440698e-14
n,11.068985939025879, -32.39101791381836, -5.331030552440698e-14
n,2.691077952476917e-06, -1.2523072655312717e-05, 34.38671112060547
n,-24.705764770507812, -8.442705154418945, -8.148364258886431e-07
n,24.705766677856445, 8.44269847869873, 5.989488727209391e-08
n,24.705764770507812, 8.442706108093262, 1.6812265357657452e-06
n,24.705764770507812, 8.442705154418945, 1.1412390676923678e-06
n,24.705764770507812, 8.442705154418945, 1.1412390676923678e-06
n,24.705764770507812, 8.442706108093262, -2.1969594854454044e-07
n,24.705764770507812, 8.442705154418945, 1.1412390676923678e-06
n,24.705764770507812, 8.442707061767578, 1.1412390676923678e-06
n,-11.068985939025879, 32.39101791381836, 5.331030552440698e-14
n,-2.4804185159155168e-06, 1.1906622603419237e-05, -34.38671112060547
n,24.705764770507812, 8.442705154418945, 1.1412390676923678e-06
n,-24.705764770507812, -8.442706108093262, -1.2720674931188114e-06
n,-9.218914985656738, 26.977184295654297, -19.0324764251709
n,9.24624252319336, -27.05724334716797, 18.903980255126953
n,-24.705764770507812, -8.442706108093262, -7.866184432714363e-07
n,-24.705764770507812, -8.442706108093262, -1.1412390676923678e-06
n,5.100065209262539e-06, -1.0276039574819151e-05, -34.38671112060547
n,-24.705764770507812, -8.442706108093262, -1.2762359347107122e-06
n,-3.266541004180908, -24.332298278808594, 22.069190979003906
n,-22.700855255126953, 10.772499084472656, 17.614709854125977
n,-24.80025291442871, -6.195735931396484, 7.233083248138428
n,-9.250840187072754, -17.47599220275879, 25.245338439941406
n,-20.65457534790039, 13.826555252075195, 19.853168487548828
n,-20.654571533203125, 13.826552391052246, -19.853172302246094
n,-7.873210906982422, -23.575355529785156, -19.853168487548828
n,-22.860261917114258, -10.701017379760742, -9.094107627868652
n,-10.864157676696777, 12.905351638793945, -29.465198516845703
n,4.528282165527344, -23.811424255371094, -24.106191635131836
n,17.474559783935547, -17.244441986083984, 22.069194793701172
n,11.36059856414795, 22.412330627441406, 17.614709854125977
n,23.405370712280273, 10.277554512023926, 7.233092784881592
n,18.011320114135742, -8.159687042236328, 25.24534034729004
n,7.873210430145264, 23.57535743713379, 19.85317039489746
n,7.8732123374938965, 23.575359344482422, -19.85317039489746
n,20.654571533203125, -13.826554298400879, -19.85317039489746
n,24.628284454345703, 5.527281761169434, -9.09411334991455
n,0.6940968036651611, 16.85515594482422, -29.46519660949707
n,10.991148948669434, -21.602867126464844, -24.106189727783203
n,-19.891977310180664, -6.818427085876465, 20.381521224975586
n,-25.296573638916016, 16.933998107910156, -8.888537763596105e-07
n,-10.931647300720215, -25.102176666259766, 13.367055892944336
n,-17.469621658325195, -5.969906330108643, 24.315061569213867
n,-25.296573638916016, 16.933998107910156, -8.069782779784873e-07
n,-17.469619750976562, -5.969904899597168, -24.3150634765625
n,-18.65560531616211, 21.030879974365234, -17.303775787353516
n,3.6383309364318848, -33.45669174194336, -3.35945571805496e-07
n,-9.64267349243164, -28.873790740966797, -8.914625482248084e-07
n,-15.667202949523926, -5.29428243637085, -26.60886573791504
n,19.830049514770508, 6.7765326499938965, 20.51002311706543
n,9.642672538757324, 28.873794555664062, 8.06978391665325e-07
n,24.0076961517334, -13.162503242492676, 13.367156982421875
n,17.469623565673828, 5.969888687133789, 24.315061569213867
n,9.64267349243164, 28.873790740966797, 8.06978391665325e-07
n,17.469627380371094, 5.96989107131958, -24.3150634765625
n,1.4279258251190186, 28.102670669555664, -17.445026397705078
n,19.392641067504883, -27.001968383789062, -0.03232891485095024
n,25.296573638916016, -16.93400001525879, 1.2074258393113269e-06
n,15.31579303741455, 5.233879089355469, -26.98183250427246
n,7.826953887939453, -22.903907775878906, 24.31507682800293
n,7.826955795288086, -22.903907775878906, -24.31507682800293
n,-5.230132579803467, 15.3048677444458, -30.306001663208008
n,3.1998908519744873, -9.363791465759277, -32.91850662231445
n,-7.826955795288086, 22.903907775878906, 24.31507682800293
n,7.826955795288086, -22.903907775878906, -24.31507682800293
n,-3.176284074783325, 9.294663429260254, 32.94057846069336
n,5.251971244812012, -15.3687744140625, 30.26953125
n,-7.826955795288086, 22.903907775878906, 24.31507682800293
n,-7.826953887939453, 22.903907775878906, -24.31507682800293
n,-5.0895478125312366e-06, 1.0245263183605857e-05, 34.38671112060547
n,-11.068985939025879, 32.39101791381836, 5.331030552440698e-14
n,11.068985939025879, -32.39101791381836, -5.331030552440698e-14
n,11.068985939025879, -32.39101791381836, -5.331030552440698e-14
n,2.6910784072242677e-06, -1.2523073564807419e-05, 34.38671112060547
n,-11.068985939025879, 32.39101791381836, 5.331030552440698e-14
n,-2.4804185159155168e-06, 1.1906622603419237e-05, -34.38671112060547
n,-9.218915939331055, 26.97718620300293, -19.03247833251953
n,9.246270179748535, -27.057233810424805, 18.903982162475586
n,5.100065209262539e-06, -1.0276039574819151e-05, -34.38671112060547
n,-19.830053329467773, -6.7765212059021, 20.51002311706543
n,-25.29657745361328, 16.933996200561523, -9.047682283380709e-07
n,-10.931472778320312, -25.102270126342773, 13.367156028747559
n,-17.469621658325195, -5.969906806945801, 24.315061569213867
n,-25.29657554626465, 16.93399429321289, -7.731168238933606e-07
n,-17.469621658325195, -5.969905853271484, -24.315059661865234
n,-18.327911376953125, 21.351505279541016, -17.445026397705078
n,1.1880531311035156, -33.223026275634766, -0.0323297493159771
n,-9.64267349243164, -28.873790740966797, -8.570343084102205e-07
n,-15.31579875946045, -5.233860969543457, -26.981830596923828
n,19.904666900634766, 6.78128719329834, 20.381526947021484
n,9.64267349243164, 28.873790740966797, 8.06978391665325e-07
n,24.007780075073242, -13.162317276000977, 13.367053985595703
n,17.469623565673828, 5.969889163970947, 24.3150634765625
n,9.64267349243164, 28.873790740966797, 8.06978391665325e-07
n,17.469627380371094, 5.96989107131958, -24.3150634765625
n,1.8833339214324951, 28.049646377563477, -17.303770065307617
n,17.59780502319336, -28.686321258544922, 3.224164686344011e-07
n,25.296573638916016, -16.93400001525879, 1.18880723221082e-06
n,15.630681991577148, 5.401149749755859, -26.608869552612305
n,7.826953887939453, -22.903907775878906, 24.31507682800293
n,7.826955795288086, -22.903907775878906, -24.31507682800293
n,-5.230132579803467, 15.3048677444458, -30.306001663208008
n,3.1999151706695557, -9.363910675048828, -32.9184684753418
n,-7.826955795288086, 22.903907775878906, 24.31507682800293
n,7.826955795288086, -22.903907775878906, -24.31507682800293
n,-3.17622971534729, 9.294551849365234, 32.94061279296875
n,5.251971244812012, -15.3687744140625, 30.26953125
n,-7.826955795288086, 22.903907775878906, 24.31507682800293
n,-7.826953887939453, 22.903907775878906, -24.31507682800293
n,-5.089547357783886e-06, 1.0245262274111155e-05, 34.38671112060547
u,0.3294813632965088, 0.08362036943435669, 0
u,0.27056023478507996, 0.3952832818031311, 0
u,0.2747962176799774, 0.5229165554046631, 0
u,0.9326973557472229, 0.6538425385951996, 0
u,0.9484358429908752, 0.9503842741250992, 0
u,0.9484357237815857, 0.6538425385951996, 0
u,0.06303513795137405, 0.08284324407577515, 0
u,0.06215817853808403, 0.19982260465621948, 0
u,0.27056023478507996, 0.3952832818031311, 0
u,0.06215817853808403, 0.19982260465621948, 0
u,0.0004436067247297615, 0.0827103853225708, 0
u,-7.2556760599695735e-09, 0.5213555693626404, 0
u,0.7979443073272705, 0.08359432220458984, 0
u,0.8136827945709229, 0.5228964984416962, 0
u,0.8136827349662781, 0.08359432220458984, 0
u,0.9842615723609924, 0.7028238475322723, 0
u,0.9685231447219849, 0.9999999968182882, 0
u,0.9842615723609924, 0.9999999961303403, 0
u,0.9239996671676636, 0.056543588638305664, 0
u,0.9397380948066711, 0.10563862323760986, 0
u,0.9397380948066711, 0.056543588638305664, 0
u,0.27056023478507996, 0.3952832818031311, 0
u,0.06215817853808403, 0.19982260465621948, 0
u,0.2747962176799774, 0.5229165554046631, 0
u,0.6633042693138123, 0.5228717923164368, 0
u,0.6086191534996033, 0.08357560634613037, 0
u,0.6043831706047058, 0.21120893955230713, 0
u,0.6633042693138123, 0.5228717923164368, 0
u,0.6043831706047058, 0.21120893955230713, 0
u,0.6043831706047058, 0.5228712260723114, 0
u,0.3968580365180969, 0.5236489176750183, 0
u,0.6043831706047058, 0.21120893955230713, 0
u,0.3959810733795166, 0.406669557094574, 0
u,0.3959810733795166, 0.406669557094574, 0
u,0.33382290601730347, 0.08513659238815308, 0
u,0.3342665135860443, 0.5237817466259003, 0
u,0.6043831706047058, 0.21120893955230713, 0
u,0.6086191534996033, 0.08357560634613037, 0
u,0.3959810733795166, 0.406669557094574, 0
u,0.3968580365180969, 0.5236489176750183, 0
u,0.3959810733795166, 0.406669557094574, 0
u,0.3342665135860443, 0.5237817466259003, 0
u,0.6633042693138123, 0.5228717923164368, 0
u,0.6633042693138123, 0.08357608318328857, 0
u,0.6086191534996033, 0.08357560634613037, 0
u,0.9598253965377808, 0.017198920249938965, 0
u,0.944087028503418, 0.22256499528884888, 0
u,0.9598253965377808, 0.22256499528884888, 0
u,0.822380542755127, 0.48627912998199463, 0
u,0.8381189703941345, 0.5272442400455475, 0
u,0.8381189703941345, 0.48627912998199463, 0
u,0.3959810733795166, 0.406669557094574, 0
u,0.3959810733795166, 0.08507704734802246, 0
u,0.33382290601730347, 0.08513659238815308, 0
u,0.06215817853808403, 0.19982260465621948, 0
u,-7.2556760599695735e-09, 0.5213555693626404, 0
u,0.06215817108750343, 0.521415114402771, 0
u,0.822380542755127, 0.13084620237350464, 0
u,0.8381189703941345, 0.47884970903396606, 0
u,0.8381189703941345, 0.13084620237350464, 0
u,0.9685231447219849, 1.0000000031817116, 0
u,0.9527847766876221, 0.6943841278553009, 0
u,0.9527847170829773, 1.000000012282209, 0
u,0.06303513795137405, 0.08284324407577515, 0
u,0.0004436067247297615, 0.0827103853225708, 0
u,0.06215817853808403, 0.19982260465621948, 0
u,0.3294813632965088, 0.08362036943435669, 0
u,0.2747962176799774, 0.5229165554046631, 0
u,0.3294813632965088, 0.5229160785675049, 0
u,0.9326974153518677, 0.9565284736454487, 0
u,0.9484358429908752, 0.9999999976963336, 0
u,0.9484358429908752, 0.9565284736454487, 0
u,0.3294813632965088, 0.08362036943435669, 0
u,0.27056023478507996, 0.08362090587615967, 0
u,0.27056023478507996, 0.3952832818031311, 0
u,0.8136827945709229, 0.5272442996501923, 0
u,0.8180316686630249, 0.5213326215744019, 0
u,0.8136827945709229, 0.5228964984416962, 0
u,0.06215079873800278, 0.5272436738014221, 0
u,0.06649968028068542, 0.5228947997093201, 0
u,0.06215817108750343, 0.521415114402771, 0
u,0.06649967283010483, 0.21866625547409058, 0
u,0.06889040768146515, 0.21795016527175903, 0
u,0.06215817853808403, 0.19982260465621948, 0
u,0.2700539827346802, 0.5236090123653412, 0
u,0.27679362893104553, 0.5272416770458221, 0
u,0.2747962176799774, 0.5229165554046631, 0
u,0.9397380948066711, 0.10563862323760986, 0
u,0.9397380948066711, 0.11126846075057983, 0
u,0.9440869688987732, 0.10721558332443237, 0
u,0.9484358429908752, 0.9503842741250992, 0
u,0.9484358429908752, 0.9565284736454487, 0
u,0.9527847170829773, 0.9535928480327129, 0
u,0.2705528736114502, 0.07924842834472656, 0
u,0.26620399951934814, 0.08359730243682861, 0
u,0.27056023478507996, 0.08362090587615967, 0
u,0.26379698514938354, 0.38149595260620117, 0
u,0.27056023478507996, 0.3952832818031311, 0
u,0.26620399951934814, 0.3807690143585205, 0
u,0.8381189703941345, 0.47884970903396606, 0
u,0.8381189703941345, 0.48627912998199463, 0
u,0.8424678444862366, 0.4805915951728821, 0
u,0.8136827349662781, 0.08359432220458984, 0
u,0.8180316090583801, 0.08268088102340698, 0
u,0.8136827349662781, 0.07924437522888184, 0
u,0.7979443669319153, 0.5272442996501923, 0
u,0.7979443669319153, 0.5228964984416962, 0
u,0.7935954928398132, 0.5213326215744019, 0
u,0.39597371220588684, 0.07924854755401611, 0
u,0.3959810733795166, 0.08507704734802246, 0
u,0.4003225862979889, 0.08359736204147339, 0
u,0.4003225862979889, 0.3878259062767029, 0
u,0.3959810733795166, 0.406669557094574, 0
u,0.4027132987976074, 0.3885420560836792, 0
u,0.6038768887519836, 0.08288317918777466, 0
u,0.6086191534996033, 0.08357560634613037, 0
u,0.6106165051460266, 0.0792505145072937, 0
u,0.9239996671676636, 0.10563862323760986, 0
u,0.9196507930755615, 0.10721558332443237, 0
u,0.9239996671676636, 0.11126846075057983, 0
u,0.9326974153518677, 0.9503842778503895, 0
u,0.9283485412597656, 0.9535928517580032, 0
u,0.9326974153518677, 0.9565284736454487, 0
u,0.6043757796287537, 0.5272437334060669, 0
u,0.6043831706047058, 0.5228712260723114, 0
u,0.6000269055366516, 0.5228948891162872, 0
u,0.597619891166687, 0.22499626874923706, 0
u,0.6000269055366516, 0.22572314739227295, 0
u,0.6043831706047058, 0.21120893955230713, 0
u,0.822380542755127, 0.47884970903396606, 0
u,0.8180316686630249, 0.4805915951728821, 0
u,0.822380542755127, 0.48627912998199463, 0
u,0.7979443073272705, 0.08359432220458984, 0
u,0.7979443073272705, 0.07924437522888184, 0
u,0.7935954332351685, 0.08268088102340698, 0
u,0.003060692921280861, 0.5272442400455475, 0
u,0.06215817108750343, 0.521415114402771, 0
u,-7.2556760599695735e-09, 0.5213555693626404, 0
u,0.06215817108750343, 0.521415114402771, 0
u,0.06649967283010483, 0.21866625547409058, 0
u,0.06215817853808403, 0.19982260465621948, 0
u,0.06889040768146515, 0.21795016527175903, 0
u,0.2747962176799774, 0.5229165554046631, 0
u,0.06215817853808403, 0.19982260465621948, 0
u,0.27679362893104553, 0.5272416770458221, 0
u,0.3294813632965088, 0.5229160785675049, 0
u,0.2747962176799774, 0.5229165554046631, 0
u,0.3338228762149811, 0.5228923857212067, 0
u,0.3294813632965088, 0.08362036943435669, 0
u,0.3294813632965088, 0.5229160785675049, 0
u,0.32947400212287903, 0.07924783229827881, 0
u,0.27056023478507996, 0.08362090587615967, 0
u,0.3294813632965088, 0.08362036943435669, 0
u,0.8381189703941345, 0.13084620237350464, 0
u,0.8424678444862366, 0.4805915951728821, 0
u,0.8424678444862366, 0.11657071113586426, 0
u,0.8180316686630249, 0.5213326215744019, 0
u,0.8136827349662781, 0.08359432220458984, 0
u,0.8136827945709229, 0.5228964984416962, 0
u,0.27056023478507996, 0.08362090587615967, 0
u,0.26620399951934814, 0.3807690143585205, 0
u,0.27056023478507996, 0.3952832818031311, 0
u,0.05858458951115608, 0.07925039529800415, 0
u,0.0004436067247297615, 0.0827103853225708, 0
u,0.06303513795137405, 0.08284324407577515, 0
u,0.3368836045265198, 0.07924795150756836, 0
u,0.3959810733795166, 0.08507704734802246, 0
u,0.39597371220588684, 0.07924854755401611, 0
u,0.3959810733795166, 0.08507704734802246, 0
u,0.4003225862979889, 0.3878259062767029, 0
u,0.4003225862979889, 0.08359736204147339, 0
u,0.4027132987976074, 0.3885420560836792, 0
u,0.6086191534996033, 0.08357560634613037, 0
u,0.6038768887519836, 0.08288317918777466, 0
u,0.6106165051460266, 0.0792505145072937, 0
u,0.6633042693138123, 0.08357608318328857, 0
u,0.6632968783378601, 0.0792509913444519, 0
u,0.6633042693138123, 0.08357608318328857, 0
u,0.6676457524299622, 0.5228955149650574, 0
u,0.6676457524299622, 0.08359980583190918, 0
u,0.6633042693138123, 0.5228717923164368, 0
u,0.6043757796287537, 0.5272437334060669, 0
u,0.6632968783378601, 0.5272442996501923, 0
u,0.822380542755127, 0.13084620237350464, 0
u,0.8180316686630249, 0.4805915951728821, 0
u,0.822380542755127, 0.47884970903396606, 0
u,0.7935954928398132, 0.5213326215744019, 0
u,0.7979443073272705, 0.08359432220458984, 0
u,0.7935954332351685, 0.08268088102340698, 0
u,0.6043831706047058, 0.5228712260723114, 0
u,0.6000269055366516, 0.22572314739227295, 0
u,0.6000269055366516, 0.5228948891162872, 0
u,0.39240750670433044, 0.5272417962551117, 0
u,0.3342665135860443, 0.5237817466259003, 0
u,0.3368836045265198, 0.5272412896156311, 0
u,0.8136827945709229, 0.5228964984416962, 0
u,0.7979443669319153, 0.5272442996501923, 0
u,0.8136827945709229, 0.5272442996501923, 0
u,0.7979443073272705, 0.08359432220458984, 0
u,0.8136827349662781, 0.07924437522888184, 0
u,0.7979443073272705, 0.07924437522888184, 0
u,0.8381189703941345, 0.47884970903396606, 0
u,0.822380542755127, 0.48627912998199463, 0
u,0.8381189703941345, 0.48627912998199463, 0
u,0.822380542755127, 0.13084620237350464, 0
u,0.8381189703941345, 0.12956100702285767, 0
u,0.822380542755127, 0.12956100702285767, 0
u,0.9283486008644104, 0.5987739562988281, 0
u,0.9440869688987732, 0.5931440889835358, 0
u,0.9283486008644104, 0.5931440889835358, 0
u,0.9685231447219849, 0.7028238475322723, 0
u,0.9842615723609924, 0.6984739005565643, 0
u,0.9685231447219849, 0.6984739005565643, 0
u,0.8938279747962952, 0.4294995665550232, 0
u,0.8913402557373047, 0.4137611389160156, 0
u,0.8913402557373047, 0.4294995665550232, 0
u,0.9397380948066711, 0.05157989263534546, 0
u,0.9239996671676636, 0.056543588638305664, 0
u,0.9397380948066711, 0.056543588638305664, 0
u,0.9397380948066711, 0.11126846075057983, 0
u,0.9239996671676636, 0.10563862323760986, 0
u,0.9239996671676636, 0.11126846075057983, 0
u,0.9484358429908752, 0.9565284736454487, 0
u,0.9326974153518677, 0.9503842778503895, 0
u,0.9326974153518677, 0.9565284736454487, 0
u,0.9440869688987732, 0.6538425385951996, 0
u,0.9283486008644104, 0.5987739562988281, 0
u,0.9283486008644104, 0.6538425385951996, 0
u,0.9326973557472229, 0.6538425385951996, 0
u,0.9326974153518677, 0.9503842778503895, 0
u,0.9484358429908752, 0.9503842741250992, 0
u,0.7979443073272705, 0.08359432220458984, 0
u,0.7979443669319153, 0.5228964984416962, 0
u,0.8136827945709229, 0.5228964984416962, 0
u,0.9842615723609924, 0.7028238475322723, 0
u,0.9685231447219849, 0.7028238475322723, 0
u,0.9685231447219849, 0.9999999968182882, 0
u,0.9239996671676636, 0.056543588638305664, 0
u,0.9239996671676636, 0.10563862323760986, 0
u,0.9397380948066711, 0.10563862323760986, 0
u,0.9598253965377808, 0.017198920249938965, 0
u,0.9440869688987732, 0.017198920249938965, 0
u,0.944087028503418, 0.22256499528884888, 0
u,0.822380542755127, 0.48627912998199463, 0
u,0.822380542755127, 0.5272442400455475, 0
u,0.8381189703941345, 0.5272442400455475, 0
u,0.822380542755127, 0.13084620237350464, 0
u,0.822380542755127, 0.47884970903396606, 0
u,0.8381189703941345, 0.47884970903396606, 0
u,0.9685231447219849, 1.0000000031817116, 0
u,0.9685231447219849, 0.6943841278553009, 0
u,0.9527847766876221, 0.6943841278553009, 0
u,0.9326974153518677, 0.9565284736454487, 0
u,0.9326974153518677, 0.9999999983842816, 0
u,0.9484358429908752, 0.9999999976963336, 0
u,0.003060692921280861, 0.5272442400455475, 0
u,0.06215079873800278, 0.5272436738014221, 0
u,0.06215817108750343, 0.521415114402771, 0
u,0.06215817108750343, 0.521415114402771, 0
u,0.06649968028068542, 0.5228947997093201, 0
u,0.06649967283010483, 0.21866625547409058, 0
u,0.06889040768146515, 0.21795016527175903, 0
u,0.2700539827346802, 0.5236090123653412, 0
u,0.2747962176799774, 0.5229165554046631, 0
u,0.27679362893104553, 0.5272416770458221, 0
u,0.32947397232055664, 0.5272412002086639, 0
u,0.3294813632965088, 0.5229160785675049, 0
u,0.3338228762149811, 0.5228923857212067, 0
u,0.3338228762149811, 0.08359664678573608, 0
u,0.3294813632965088, 0.08362036943435669, 0
u,0.32947400212287903, 0.07924783229827881, 0
u,0.2705528736114502, 0.07924842834472656, 0
u,0.27056023478507996, 0.08362090587615967, 0
u,0.8381189703941345, 0.13084620237350464, 0
u,0.8381189703941345, 0.47884970903396606, 0
u,0.8424678444862366, 0.4805915951728821, 0
u,0.8180316686630249, 0.5213326215744019, 0
u,0.8180316090583801, 0.08268088102340698, 0
u,0.8136827349662781, 0.08359432220458984, 0
u,0.27056023478507996, 0.08362090587615967, 0
u,0.26620399951934814, 0.08359730243682861, 0
u,0.26620399951934814, 0.3807690143585205, 0
u,0.05858458951115608, 0.07925039529800415, 0
u,0.003060699673369527, 0.07925087213516235, 0
u,0.0004436067247297615, 0.0827103853225708, 0
u,0.3368836045265198, 0.07924795150756836, 0
u,0.33382290601730347, 0.08513659238815308, 0
u,0.3959810733795166, 0.08507704734802246, 0
u,0.3959810733795166, 0.08507704734802246, 0
u,0.3959810733795166, 0.406669557094574, 0
u,0.4003225862979889, 0.3878259062767029, 0
u,0.4027132987976074, 0.3885420560836792, 0
u,0.3959810733795166, 0.406669557094574, 0
u,0.6086191534996033, 0.08357560634613037, 0
u,0.6106165051460266, 0.0792505145072937, 0
u,0.6086191534996033, 0.08357560634613037, 0
u,0.6633042693138123, 0.08357608318328857, 0
u,0.6633042693138123, 0.08357608318328857, 0
u,0.6633042693138123, 0.5228717923164368, 0
u,0.6676457524299622, 0.5228955149650574, 0
u,0.6633042693138123, 0.5228717923164368, 0
u,0.6043831706047058, 0.5228712260723114, 0
u,0.6043757796287537, 0.5272437334060669, 0
u,0.822380542755127, 0.13084620237350464, 0
u,0.8180316686630249, 0.11657071113586426, 0
u,0.8180316686630249, 0.4805915951728821, 0
u,0.7935954928398132, 0.5213326215744019, 0
u,0.7979443669319153, 0.5228964984416962, 0
u,0.7979443073272705, 0.08359432220458984, 0
u,0.6043831706047058, 0.5228712260723114, 0
u,0.6043831706047058, 0.21120893955230713, 0
u,0.6000269055366516, 0.22572314739227295, 0
u,0.39240750670433044, 0.5272417962551117, 0
u,0.3968580365180969, 0.5236489176750183, 0
u,0.3342665135860443, 0.5237817466259003, 0
u,0.8136827945709229, 0.5228964984416962, 0
u,0.7979443669319153, 0.5228964984416962, 0
u,0.7979443669319153, 0.5272442996501923, 0
u,0.7979443073272705, 0.08359432220458984, 0
u,0.8136827349662781, 0.08359432220458984, 0
u,0.8136827349662781, 0.07924437522888184, 0
u,0.8381189703941345, 0.47884970903396606, 0
u,0.822380542755127, 0.47884970903396606, 0
u,0.822380542755127, 0.48627912998199463, 0
u,0.822380542755127, 0.13084620237350464, 0
u,0.8381189703941345, 0.13084620237350464, 0
u,0.8381189703941345, 0.12956100702285767, 0
u,0.9283486008644104, 0.5987739562988281, 0
u,0.9440869688987732, 0.5987739562988281, 0
u,0.9440869688987732, 0.5931440889835358, 0
u,0.9685231447219849, 0.7028238475322723, 0
u,0.9842615723609924, 0.7028238475322723, 0
u,0.9842615723609924, 0.6984739005565643, 0
u,0.8938279747962952, 0.4294995665550232, 0
u,0.8938279747962952, 0.4137611389160156, 0
u,0.8913402557373047, 0.4137611389160156, 0
u,0.9397380948066711, 0.05157989263534546, 0
u,0.9239996671676636, 0.05157989263534546, 0
u,0.9239996671676636, 0.056543588638305664, 0
u,0.9397380948066711, 0.11126846075057983, 0
u,0.9397380948066711, 0.10563862323760986, 0
u,0.9239996671676636, 0.10563862323760986, 0
u,0.9484358429908752, 0.9565284736454487, 0
u,0.9484358429908752, 0.9503842741250992, 0
u,0.9326974153518677, 0.9503842778503895, 0
u,0.9440869688987732, 0.6538425385951996, 0
u,0.9440869688987732, 0.5987739562988281, 0
u,0.9283486008644104, 0.5987739562988281, 0
