v,-0.0007124061812646687, -0.008786335587501526, -0.005252419970929623
v,-0.0007124069961719215, -0.013393032364547253, 0.008014881052076817
v,-0.0007124071707949042, -0.014031593687832355, 0.0136323357000947
v,0.00045883271377533674, -0.011434289626777172, 0.014015630818903446
v,-0.00045883370330557227, -0.008594999089837074, -0.005224183667451143
v,-0.0004588346346281469, -0.011434289626777172, 0.014015629887580872
v,-0.0007124069379642606, -0.02050406113266945, -0.007016533985733986
v,-0.0007124070543795824, -0.021298713982105255, -0.0018988893134519458
v,-0.0007124069961719215, -0.013393032364547253, 0.008014881052076817
v,-0.0007124070543795824, -0.021298713982105255, -0.0018988893134519458
v,-0.0007124069379642606, -0.023257020860910416, -0.007428769953548908
v,-0.0007124078692868352, -0.026111625134944916, 0.011779671534895897
v,0.0004588328883983195, -0.023338790982961655, -0.00739997997879982
v,-0.0004588355077430606, -0.026178082451224327, 0.011839834041893482
v,-0.0004588344891089946, -0.023338790982961655, -0.00739997997879982
v,-0.0004588337615132332, -0.011570008471608162, -0.0056632161140441895
v,0.0004588327428791672, -0.013490713201463223, 0.007352001965045929
v,-0.00045883446000516415, -0.013490713201463223, 0.007352001965045929
v,0.0004588327428791672, -0.013971497304737568, 0.013835817575454712
v,-0.0004588346928358078, -0.011653733439743519, 0.014177859760820866
v,-0.00045883472193963826, -0.013971497304737568, 0.013835817575454712
v,-0.0007124069961719215, -0.013393032364547253, 0.008014881052076817
v,-0.0007124070543795824, -0.021298713982105255, -0.0018988893134519458
v,-0.0007124071707949042, -0.014031593687832355, 0.0136323357000947
v,0.0007124061812646687, -0.008786335587501526, -0.005252419970929623
v,0.0007124052499420941, -0.01403159461915493, 0.0136323357000947
v,0.0007124052499420941, -0.013393032364547253, 0.008014881052076817
v,0.0007124061812646687, -0.008786335587501526, -0.005252419970929623
v,0.0007124052499420941, -0.013393032364547253, 0.008014881052076817
v,0.0007124061812646687, -0.01137867197394371, -0.00563497981056571
v,0.0007124055409803987, -0.02050406113266945, -0.007016533985733986
v,0.0007124052499420941, -0.013393032364547253, 0.008014881052076817
v,0.000712405308149755, -0.021298713982105255, -0.001898889197036624
v,0.000712405308149755, -0.021298713982105255, -0.001898889197036624
v,0.0007124044932425022, -0.026111625134944916, 0.011779671534895897
v,0.0007124054245650768, -0.023257020860910416, -0.007428769953548908
v,0.0007124052499420941, -0.013393032364547253, 0.008014881052076817
v,0.0007124052499420941, -0.01403159461915493, 0.0136323357000947
v,0.000712405308149755, -0.021298713982105255, -0.001898889197036624
v,0.0007124055409803987, -0.02050406113266945, -0.007016533985733986
v,0.000712405308149755, -0.021298713982105255, -0.001898889197036624
v,0.0007124054245650768, -0.023257020860910416, -0.007428769953548908
v,0.0007124061812646687, -0.008786335587501526, -0.005252419970929623
v,0.0007124051917344332, -0.011625626124441624, 0.01398739404976368
v,0.0007124052499420941, -0.01403159461915493, 0.0136323357000947
v,-0.0004588354204315692, -0.02319563739001751, 0.012279964052140713
v,0.0004588327428791672, -0.021229322999715805, -0.0010443181963637471
v,-0.0004588346346281469, -0.021229322999715805, -0.0010443181963637471
v,0.00045883303391747177, -0.020676476880908012, -0.007201703730970621
v,-0.00045883446000516415, -0.023119347169995308, -0.007562208455055952
v,-0.0004588344309013337, -0.020676476880908012, -0.007201704196631908
v,0.000712405308149755, -0.021298713982105255, -0.001898889197036624
v,0.000712404609657824, -0.023377256467938423, 0.012185882776975632
v,0.0007124044932425022, -0.026111625134944916, 0.011779671534895897
v,-0.0007124070543795824, -0.021298713982105255, -0.0018988893134519458
v,-0.0007124078692868352, -0.026111625134944916, 0.011779671534895897
v,-0.0007124078692868352, -0.023377256467938423, 0.012185882776975632
v,0.0004588327428791672, -0.013601311482489109, 0.007368207909166813
v,-0.00045883446000516415, -0.02040264755487442, -0.006999208126217127
v,-0.0004588344891089946, -0.013601311482489109, 0.0073682083748281
v,0.0004588327428791672, -0.021119510754942894, -0.0010601598769426346
v,-0.0004588346928358078, -0.014244540594518185, 0.013632956892251968
v,-0.0004588346346281469, -0.021119510754942894, -0.0010601601097732782
v,-0.0007124069379642606, -0.02050406113266945, -0.007016533985733986
v,-0.0007124069379642606, -0.023257020860910416, -0.007428769953548908
v,-0.0007124070543795824, -0.021298713982105255, -0.0018988893134519458
v,-0.0007124061812646687, -0.008786335587501526, -0.005252419970929623
v,-0.0007124071707949042, -0.014031593687832355, 0.0136323357000947
v,-0.0007124071707949042, -0.011625626124441624, 0.01398739404976368
v,0.00045883370330557227, -0.008758227340877056, -0.005442884750664234
v,-0.00045883373240940273, -0.01135056372731924, -0.005825444590300322
v,-0.00045883364509791136, -0.008758227340877056, -0.005442884750664234
v,-0.0007124061812646687, -0.008786335587501526, -0.005252419970929623
v,-0.0007124062394723296, -0.01137867197394371, -0.00563497981056571
v,-0.0007124069961719215, -0.013393032364547253, 0.008014881052076817
v,-0.0004588355077430606, -0.02601485326886177, 0.012058536522090435
v,-0.0007124078692868352, -0.026111625134944916, 0.011779671534895897
v,-0.0004588355077430606, -0.026178082451224327, 0.011839834041893482
v,-0.0004588354495353997, -0.023415081202983856, 0.012442192994058132
v,-0.0004588354204315692, -0.02319563739001751, 0.012279964052140713
v,-0.0007124078692868352, -0.023377256467938423, 0.012185882776975632
v,-0.0004588346346281469, -0.021229322999715805, -0.0010443181963637471
v,-0.0004588346346281469, -0.021119510754942894, -0.0010601601097732782
v,-0.0007124070543795824, -0.021298713982105255, -0.0018988893134519458
v,-0.0004588346928358078, -0.014244540594518185, 0.013632956892251968
v,-0.00045883472193963826, -0.013971497304737568, 0.013835817575454712
v,-0.0007124071707949042, -0.014031593687832355, 0.0136323357000947
v,-0.0004588346928358078, -0.011653733439743519, 0.014177859760820866
v,-0.0004588346346281469, -0.011434289626777172, 0.014015629887580872
v,-0.0007124071707949042, -0.011625626124441624, 0.01398739404976368
v,-0.00045883370330557227, -0.008594999089837074, -0.005224183667451143
v,-0.00045883364509791136, -0.008758227340877056, -0.005442884750664234
v,-0.0007124061812646687, -0.008786335587501526, -0.005252419970929623
v,-0.00045883373240940273, -0.01135056372731924, -0.005825444590300322
v,-0.0004588337615132332, -0.011570008471608162, -0.0056632161140441895
v,-0.0007124062394723296, -0.01137867197394371, -0.00563497981056571
v,-0.0004588344891089946, -0.013601311482489109, 0.0073682083748281
v,-0.0007124069961719215, -0.013393032364547253, 0.008014881052076817
v,-0.00045883446000516415, -0.013490713201463223, 0.007352001965045929
v,-0.00045883446000516415, -0.02040264755487442, -0.006999208126217127
v,-0.0004588344309013337, -0.020676476880908012, -0.007201704196631908
v,-0.0007124069379642606, -0.02050406113266945, -0.007016533985733986
v,-0.0004588344891089946, -0.023338790982961655, -0.00739997997879982
v,-0.0007124069379642606, -0.023257020860910416, -0.007428769953548908
v,-0.00045883446000516415, -0.023119347169995308, -0.007562208455055952
v,0.0004588319279719144, -0.02601485326886177, 0.012058536522090435
v,0.0004588319279719144, -0.026178082451224327, 0.011839834041893482
v,0.0007124044932425022, -0.026111625134944916, 0.011779671534895897
v,0.0004588321316987276, -0.023415081202983856, 0.012442192994058132
v,0.000712404609657824, -0.023377256467938423, 0.012185882776975632
v,0.00045883204438723624, -0.02319563739001751, 0.012279964052140713
v,0.0004588327428791672, -0.021229322999715805, -0.0010443181963637471
v,0.000712405308149755, -0.021298713982105255, -0.001898889197036624
v,0.0004588327428791672, -0.021119510754942894, -0.0010601598769426346
v,0.0004588327428791672, -0.014244540594518185, 0.013632956892251968
v,0.0007124052499420941, -0.01403159461915493, 0.0136323357000947
v,0.0004588327428791672, -0.013971497304737568, 0.013835817575454712
v,0.0004588326846715063, -0.011653734371066093, 0.014177859760820866
v,0.0007124051917344332, -0.011625626124441624, 0.01398739404976368
v,0.00045883271377533674, -0.011434289626777172, 0.014015630818903446
v,0.0004588336742017418, -0.008594999089837074, -0.005224183667451143
v,0.0007124061812646687, -0.008786335587501526, -0.005252419970929623
v,0.00045883370330557227, -0.008758227340877056, -0.005442884750664234
v,0.00045883373240940273, -0.011350564658641815, -0.005825444590300322
v,0.0007124061812646687, -0.01137867197394371, -0.00563497981056571
v,0.00045883370330557227, -0.011570008471608162, -0.0056632161140441895
v,0.0004588327428791672, -0.013601311482489109, 0.007368207909166813
v,0.0004588327428791672, -0.013490713201463223, 0.007352001965045929
v,0.0007124052499420941, -0.013393032364547253, 0.008014881052076817
v,0.00045883303391747177, -0.02040264941751957, -0.006999208126217127
v,0.0007124055409803987, -0.02050406113266945, -0.007016533985733986
v,0.00045883303391747177, -0.020676476880908012, -0.007201703730970621
v,0.0004588328883983195, -0.023338790982961655, -0.00739997997879982
v,0.00045883291750214994, -0.023119347169995308, -0.007562208455055952
v,0.0007124054245650768, -0.023257020860910416, -0.007428769953548908
v,-0.0004588355077430606, -0.02601485326886177, 0.012058536522090435
v,-0.0007124078692868352, -0.023377256467938423, 0.012185882776975632
v,-0.0007124078692868352, -0.026111625134944916, 0.011779671534895897
v,-0.0007124078692868352, -0.023377256467938423, 0.012185882776975632
v,-0.0004588346346281469, -0.021229322999715805, -0.0010443181963637471
v,-0.0007124070543795824, -0.021298713982105255, -0.0018988893134519458
v,-0.0004588346346281469, -0.021119510754942894, -0.0010601601097732782
v,-0.0007124071707949042, -0.014031593687832355, 0.0136323357000947
v,-0.0007124070543795824, -0.021298713982105255, -0.0018988893134519458
v,-0.00045883472193963826, -0.013971497304737568, 0.013835817575454712
v,-0.0007124071707949042, -0.011625626124441624, 0.01398739404976368
v,-0.0007124071707949042, -0.014031593687832355, 0.0136323357000947
v,-0.0004588346346281469, -0.011434289626777172, 0.014015629887580872
v,-0.0007124061812646687, -0.008786335587501526, -0.005252419970929623
v,-0.0007124071707949042, -0.011625626124441624, 0.01398739404976368
v,-0.00045883364509791136, -0.008758227340877056, -0.005442884750664234
v,-0.0007124062394723296, -0.01137867197394371, -0.00563497981056571
v,-0.0007124061812646687, -0.008786335587501526, -0.005252419970929623
v,-0.0004588344891089946, -0.013601311482489109, 0.0073682083748281
v,-0.0007124069379642606, -0.02050406113266945, -0.007016533985733986
v,-0.0007124069961719215, -0.013393032364547253, 0.008014881052076817
v,-0.0007124078692868352, -0.026111625134944916, 0.011779671534895897
v,-0.0004588344891089946, -0.023338790982961655, -0.00739997997879982
v,-0.0004588355077430606, -0.026178082451224327, 0.011839834041893482
v,-0.0007124062394723296, -0.01137867197394371, -0.00563497981056571
v,-0.00045883446000516415, -0.013490713201463223, 0.007352001965045929
v,-0.0007124069961719215, -0.013393032364547253, 0.008014881052076817
v,-0.0004588344309013337, -0.020676476880908012, -0.007201704196631908
v,-0.0007124069379642606, -0.023257020860910416, -0.007428769953548908
v,-0.0007124069379642606, -0.02050406113266945, -0.007016533985733986
v,0.0004588319279719144, -0.02601485326886177, 0.012058536522090435
v,0.000712404609657824, -0.023377256467938423, 0.012185882776975632
v,0.0004588321316987276, -0.023415081202983856, 0.012442192994058132
v,0.000712404609657824, -0.023377256467938423, 0.012185882776975632
v,0.0004588327428791672, -0.021229322999715805, -0.0010443181963637471
v,0.00045883204438723624, -0.02319563739001751, 0.012279964052140713
v,0.0004588327428791672, -0.021119510754942894, -0.0010601598769426346
v,0.0007124052499420941, -0.01403159461915493, 0.0136323357000947
v,0.0004588327428791672, -0.014244540594518185, 0.013632956892251968
v,0.0004588327428791672, -0.013971497304737568, 0.013835817575454712
v,0.0007124051917344332, -0.011625626124441624, 0.01398739404976368
v,0.0004588326846715063, -0.011653734371066093, 0.014177859760820866
v,0.0007124051917344332, -0.011625626124441624, 0.01398739404976368
v,0.0004588336742017418, -0.008594999089837074, -0.005224183667451143
v,0.00045883271377533674, -0.011434289626777172, 0.014015630818903446
v,0.0007124061812646687, -0.008786335587501526, -0.005252419970929623
v,0.00045883373240940273, -0.011350564658641815, -0.005825444590300322
v,0.00045883370330557227, -0.008758227340877056, -0.005442884750664234
v,0.0004588327428791672, -0.013601311482489109, 0.007368207909166813
v,0.0007124055409803987, -0.02050406113266945, -0.007016533985733986
v,0.00045883303391747177, -0.02040264941751957, -0.006999208126217127
v,0.0007124044932425022, -0.026111625134944916, 0.011779671534895897
v,0.0004588328883983195, -0.023338790982961655, -0.00739997997879982
v,0.0007124054245650768, -0.023257020860910416, -0.007428769953548908
v,0.0007124061812646687, -0.01137867197394371, -0.00563497981056571
v,0.0004588327428791672, -0.013490713201463223, 0.007352001965045929
v,0.00045883370330557227, -0.011570008471608162, -0.0056632161140441895
v,0.00045883303391747177, -0.020676476880908012, -0.007201703730970621
v,0.0007124054245650768, -0.023257020860910416, -0.007428769953548908
v,0.00045883291750214994, -0.023119347169995308, -0.007562208455055952
v,-0.0004588355077430606, -0.026178082451224327, 0.011839834041893482
v,0.0004588319279719144, -0.02601485326886177, 0.012058536522090435
v,-0.0004588355077430606, -0.02601485326886177, 0.012058536522090435
v,0.0004588328883983195, -0.023338790982961655, -0.00739997997879982
v,-0.00045883446000516415, -0.023119347169995308, -0.007562208455055952
v,0.00045883291750214994, -0.023119347169995308, -0.007562208455055952
v,-0.00045883446000516415, -0.02040264755487442, -0.006999208126217127
v,0.00045883303391747177, -0.020676476880908012, -0.007201703730970621
v,-0.0004588344309013337, -0.020676476880908012, -0.007201704196631908
v,0.0004588327428791672, -0.013601311482489109, 0.007368207909166813
v,-0.00045883446000516415, -0.013490713201463223, 0.007352001965045929
v,0.0004588327428791672, -0.013490713201463223, 0.007352001965045929
v,-0.0004588354495353997, -0.023415081202983856, 0.012442192994058132
v,0.00045883204438723624, -0.02319563739001751, 0.012279964052140713
v,-0.0004588354204315692, -0.02319563739001751, 0.012279964052140713
v,0.00045883370330557227, -0.011570008471608162, -0.0056632161140441895
v,-0.00045883373240940273, -0.01135056372731924, -0.005825444590300322
v,0.00045883373240940273, -0.011350564658641815, -0.005825444590300322
v,-0.0004588346346281469, -0.021229322999715805, -0.0010443181963637471
v,0.0004588327428791672, -0.021119510754942894, -0.0010601598769426346
v,-0.0004588346346281469, -0.021119510754942894, -0.0010601601097732782
v,-0.0004588346928358078, -0.014244540594518185, 0.013632956892251968
v,0.0004588327428791672, -0.013971497304737568, 0.013835817575454712
v,-0.00045883472193963826, -0.013971497304737568, 0.013835817575454712
v,-0.0004588346346281469, -0.011434289626777172, 0.014015629887580872
v,0.0004588326846715063, -0.011653734371066093, 0.014177859760820866
v,0.00045883271377533674, -0.011434289626777172, 0.014015630818903446
v,-0.00045883364509791136, -0.008758227340877056, -0.005442884750664234
v,0.0004588336742017418, -0.008594999089837074, -0.005224183667451143
v,0.00045883370330557227, -0.008758227340877056, -0.005442884750664234
v,0.0004588319279719144, -0.02601485326886177, 0.012058536522090435
v,-0.0004588354495353997, -0.023415081202983856, 0.012442192994058132
v,-0.0004588355077430606, -0.02601485326886177, 0.012058536522090435
v,0.00045883271377533674, -0.011434289626777172, 0.014015630818903446
v,0.0004588336742017418, -0.008594999089837074, -0.005224183667451143
v,-0.00045883370330557227, -0.008594999089837074, -0.005224183667451143
v,0.0004588328883983195, -0.023338790982961655, -0.00739997997879982
v,0.0004588319279719144, -0.026178082451224327, 0.011839834041893482
v,-0.0004588355077430606, -0.026178082451224327, 0.011839834041893482
v,-0.0004588337615132332, -0.011570008471608162, -0.0056632161140441895
v,0.00045883370330557227, -0.011570008471608162, -0.0056632161140441895
v,0.0004588327428791672, -0.013490713201463223, 0.007352001965045929
v,0.0004588327428791672, -0.013971497304737568, 0.013835817575454712
v,0.0004588326846715063, -0.011653734371066093, 0.014177859760820866
v,-0.0004588346928358078, -0.011653733439743519, 0.014177859760820866
v,-0.0004588354204315692, -0.02319563739001751, 0.012279964052140713
v,0.00045883204438723624, -0.02319563739001751, 0.012279964052140713
v,0.0004588327428791672, -0.021229322999715805, -0.0010443181963637471
v,0.00045883303391747177, -0.020676476880908012, -0.007201703730970621
v,0.00045883291750214994, -0.023119347169995308, -0.007562208455055952
v,-0.00045883446000516415, -0.023119347169995308, -0.007562208455055952
v,0.0004588327428791672, -0.013601311482489109, 0.007368207909166813
v,0.00045883303391747177, -0.02040264941751957, -0.006999208126217127
v,-0.00045883446000516415, -0.02040264755487442, -0.006999208126217127
v,0.0004588327428791672, -0.021119510754942894, -0.0010601598769426346
v,0.0004588327428791672, -0.014244540594518185, 0.013632956892251968
v,-0.0004588346928358078, -0.014244540594518185, 0.013632956892251968
v,0.00045883370330557227, -0.008758227340877056, -0.005442884750664234
v,0.00045883373240940273, -0.011350564658641815, -0.005825444590300322
v,-0.00045883373240940273, -0.01135056372731924, -0.005825444590300322
v,-0.0004588355077430606, -0.02601485326886177, 0.012058536522090435
v,-0.0004588354495353997, -0.023415081202983856, 0.012442192994058132
v,-0.0007124078692868352, -0.023377256467938423, 0.012185882776975632
v,-0.0007124078692868352, -0.023377256467938423, 0.012185882776975632
v,-0.0004588354204315692, -0.02319563739001751, 0.012279964052140713
v,-0.0004588346346281469, -0.021229322999715805, -0.0010443181963637471
v,-0.0004588346346281469, -0.021119510754942894, -0.0010601601097732782
v,-0.0004588346928358078, -0.014244540594518185, 0.013632956892251968
v,-0.0007124071707949042, -0.014031593687832355, 0.0136323357000947
v,-0.00045883472193963826, -0.013971497304737568, 0.013835817575454712
v,-0.0004588346928358078, -0.011653733439743519, 0.014177859760820866
v,-0.0007124071707949042, -0.011625626124441624, 0.01398739404976368
v,-0.0004588346346281469, -0.011434289626777172, 0.014015629887580872
v,-0.00045883370330557227, -0.008594999089837074, -0.005224183667451143
v,-0.0007124061812646687, -0.008786335587501526, -0.005252419970929623
v,-0.00045883364509791136, -0.008758227340877056, -0.005442884750664234
v,-0.00045883373240940273, -0.01135056372731924, -0.005825444590300322
v,-0.0007124062394723296, -0.01137867197394371, -0.00563497981056571
v,-0.0004588344891089946, -0.013601311482489109, 0.0073682083748281
v,-0.00045883446000516415, -0.02040264755487442, -0.006999208126217127
v,-0.0007124069379642606, -0.02050406113266945, -0.007016533985733986
v,-0.0007124078692868352, -0.026111625134944916, 0.011779671534895897
v,-0.0007124069379642606, -0.023257020860910416, -0.007428769953548908
v,-0.0004588344891089946, -0.023338790982961655, -0.00739997997879982
v,-0.0007124062394723296, -0.01137867197394371, -0.00563497981056571
v,-0.0004588337615132332, -0.011570008471608162, -0.0056632161140441895
v,-0.00045883446000516415, -0.013490713201463223, 0.007352001965045929
v,-0.0004588344309013337, -0.020676476880908012, -0.007201704196631908
v,-0.00045883446000516415, -0.023119347169995308, -0.007562208455055952
v,-0.0007124069379642606, -0.023257020860910416, -0.007428769953548908
v,0.0004588319279719144, -0.02601485326886177, 0.012058536522090435
v,0.0007124044932425022, -0.026111625134944916, 0.011779671534895897
v,0.000712404609657824, -0.023377256467938423, 0.012185882776975632
v,0.000712404609657824, -0.023377256467938423, 0.012185882776975632
v,0.000712405308149755, -0.021298713982105255, -0.001898889197036624
v,0.0004588327428791672, -0.021229322999715805, -0.0010443181963637471
v,0.0004588327428791672, -0.021119510754942894, -0.0010601598769426346
v,0.000712405308149755, -0.021298713982105255, -0.001898889197036624
v,0.0007124052499420941, -0.01403159461915493, 0.0136323357000947
v,0.0004588327428791672, -0.013971497304737568, 0.013835817575454712
v,0.0007124052499420941, -0.01403159461915493, 0.0136323357000947
v,0.0007124051917344332, -0.011625626124441624, 0.01398739404976368
v,0.0007124051917344332, -0.011625626124441624, 0.01398739404976368
v,0.0007124061812646687, -0.008786335587501526, -0.005252419970929623
v,0.0004588336742017418, -0.008594999089837074, -0.005224183667451143
v,0.0007124061812646687, -0.008786335587501526, -0.005252419970929623
v,0.0007124061812646687, -0.01137867197394371, -0.00563497981056571
v,0.00045883373240940273, -0.011350564658641815, -0.005825444590300322
v,0.0004588327428791672, -0.013601311482489109, 0.007368207909166813
v,0.0007124052499420941, -0.013393032364547253, 0.008014881052076817
v,0.0007124055409803987, -0.02050406113266945, -0.007016533985733986
v,0.0007124044932425022, -0.026111625134944916, 0.011779671534895897
v,0.0004588319279719144, -0.026178082451224327, 0.011839834041893482
v,0.0004588328883983195, -0.023338790982961655, -0.00739997997879982
v,0.0007124061812646687, -0.01137867197394371, -0.00563497981056571
v,0.0007124052499420941, -0.013393032364547253, 0.008014881052076817
v,0.0004588327428791672, -0.013490713201463223, 0.007352001965045929
v,0.00045883303391747177, -0.020676476880908012, -0.007201703730970621
v,0.0007124055409803987, -0.02050406113266945, -0.007016533985733986
v,0.0007124054245650768, -0.023257020860910416, -0.007428769953548908
v,-0.0004588355077430606, -0.026178082451224327, 0.011839834041893482
v,0.0004588319279719144, -0.026178082451224327, 0.011839834041893482
v,0.0004588319279719144, -0.02601485326886177, 0.012058536522090435
v,0.0004588328883983195, -0.023338790982961655, -0.00739997997879982
v,-0.0004588344891089946, -0.023338790982961655, -0.00739997997879982
v,-0.00045883446000516415, -0.023119347169995308, -0.007562208455055952
v,-0.00045883446000516415, -0.02040264755487442, -0.006999208126217127
v,0.00045883303391747177, -0.02040264941751957, -0.006999208126217127
v,0.00045883303391747177, -0.020676476880908012, -0.007201703730970621
v,0.0004588327428791672, -0.013601311482489109, 0.007368207909166813
v,-0.0004588344891089946, -0.013601311482489109, 0.0073682083748281
v,-0.00045883446000516415, -0.013490713201463223, 0.007352001965045929
v,-0.0004588354495353997, -0.023415081202983856, 0.012442192994058132
v,0.0004588321316987276, -0.023415081202983856, 0.012442192994058132
v,0.00045883204438723624, -0.02319563739001751, 0.012279964052140713
v,0.00045883370330557227, -0.011570008471608162, -0.0056632161140441895
v,-0.0004588337615132332, -0.011570008471608162, -0.0056632161140441895
v,-0.00045883373240940273, -0.01135056372731924, -0.005825444590300322
v,-0.0004588346346281469, -0.021229322999715805, -0.0010443181963637471
v,0.0004588327428791672, -0.021229322999715805, -0.0010443181963637471
v,0.0004588327428791672, -0.021119510754942894, -0.0010601598769426346
v,-0.0004588346928358078, -0.014244540594518185, 0.013632956892251968
v,0.0004588327428791672, -0.014244540594518185, 0.013632956892251968
v,0.0004588327428791672, -0.013971497304737568, 0.013835817575454712
v,-0.0004588346346281469, -0.011434289626777172, 0.014015629887580872
v,-0.0004588346928358078, -0.011653733439743519, 0.014177859760820866
v,0.0004588326846715063, -0.011653734371066093, 0.014177859760820866
v,-0.00045883364509791136, -0.008758227340877056, -0.005442884750664234
v,-0.00045883370330557227, -0.008594999089837074, -0.005224183667451143
v,0.0004588336742017418, -0.008594999089837074, -0.005224183667451143
v,0.0004588319279719144, -0.02601485326886177, 0.012058536522090435
v,0.0004588321316987276, -0.023415081202983856, 0.012442192994058132
v,-0.0004588354495353997, -0.023415081202983856, 0.012442192994058132
n,-26.108503341674805, 2.727613264141837e-06, -6.360390898407786e-07
n,1.480214336879726e-06, 33.86335372924805, 4.997341156005859
n,-26.108503341674805, 1.3202412674218067e-06, -7.631222729287401e-07
n,-26.108503341674805, 1.3078515621600673e-06, -1.1290114798612194e-06
n,-1.480214336879726e-06, -33.86335372924805, -4.997341156005859
n,-1.480214336879726e-06, -33.86335372924805, -4.997341156005859
n,-1.7225313513336005e-06, -5.0202155113220215, 34.018280029296875
n,-26.108503341674805, 1.3563496850110823e-06, -7.919167615000333e-07
n,26.108503341674805, -8.1891694208025e-06, -9.79545689006045e-07
n,26.108503341674805, 1.972508556491448e-08, 1.8707625031311181e-06
n,26.108503341674805, -1.3078515621600673e-06, 1.1290114798612194e-06
n,26.108503341674805, -1.3078515621600673e-06, 1.1290114798612194e-06
n,26.108503341674805, 1.4786039059799805e-07, -3.183811259077629e-08
n,26.108503341674805, -1.3078515621600673e-06, 1.1290114798612194e-06
n,26.108503341674805, 2.0750098883581813e-07, 1.3526376960726338e-06
n,1.480214336879726e-06, 33.86335372924805, 4.997341156005859
n,1.7225313513336005e-06, 5.020215034484863, -34.018280029296875
n,26.108503341674805, -1.3078515621600673e-06, 1.1290114798612194e-06
n,-26.108503341674805, 6.604923328268342e-07, -1.3567899941335781e-06
n,2.1862038011022378e-06, 30.982032775878906, -14.66646957397461
n,-3.13335913233459e-05, -31.04696273803711, 14.527000427246094
n,-26.108503341674805, 5.933663942414569e-07, -8.759894285503833e-07
n,-26.108503341674805, 5.501753435055434e-07, -1.2408245311235078e-06
n,1.722530328152061e-06, 5.020191669464111, -34.018280029296875
n,-26.108503341674805, 6.243547545636829e-07, -1.3663365052707377e-06
n,-10.959369659423828, -24.955242156982422, 18.625469207763672
n,-17.99769401550293, 14.775007247924805, 19.985883712768555
n,-25.4713134765625, 1.077716588973999, 7.470461845397949
n,-14.405024528503418, -17.086105346679688, 22.997291564941406
n,-15.07376480102539, 16.652599334716797, 22.525671005249023
n,-15.073762893676758, 22.449424743652344, -16.755245208740234
n,-15.073763847351074, -16.6525936126709, -22.525671005249023
n,-25.092426300048828, -1.3767943382263184, -9.39577865600586
n,-6.10725212097168, 19.858335494995117, -26.853750228881836
n,-3.414907455444336, -20.2199764251709, -27.351207733154297
n,10.95936393737793, -24.955245971679688, 18.625473022460938
n,17.99769401550293, 14.775009155273438, 19.98588752746582
n,25.4713134765625, 1.0776876211166382, 7.470468044281006
n,14.405020713806152, -17.08610725402832, 22.99729347229004
n,15.073763847351074, 16.65259552001953, 22.525672912597656
n,15.073765754699707, 22.449424743652344, -16.75524139404297
n,15.073763847351074, -16.65259552001953, -22.525671005249023
n,25.092426300048828, -1.3767690658569336, -9.395780563354492
n,6.107254505157471, 19.858335494995117, -26.853744506835938
n,3.4149067401885986, -20.2199764251709, -27.35120391845703
n,-21.028106689453125, -2.994962453842163, 20.1602783203125
n,-18.46150779724121, 23.944992065429688, 3.5336506366729736
n,-18.461605072021484, -21.95339584350586, 10.27208137512207
n,-18.461511611938477, -3.549825668334961, 24.054540634155273
n,-18.46150779724121, 23.944992065429688, 3.5336508750915527
n,-18.46150779724121, 3.5498101711273193, -24.054546356201172
n,-10.852535247802734, 28.181964874267578, -13.33226490020752
n,-7.376033306121826, -32.48386001586914, -4.793764591217041
n,-18.461511611938477, -23.944992065429688, -3.5336525440216064
n,-16.53745460510254, 3.940558910369873, -26.31552505493164
n,20.955957412719727, -2.99430513381958, 20.290273666381836
n,18.461511611938477, 23.94499397277832, 3.5336527824401855
n,18.46146583557129, -21.953556060791016, 10.272159576416016
n,18.46150779724121, -3.5498263835906982, 24.054542541503906
n,18.461511611938477, 23.944992065429688, 3.5336523056030273
n,18.461511611938477, 3.5498099327087402, -24.05454444885254
n,10.438764572143555, 28.397903442382812, -13.443178176879883
n,9.619100570678711, -31.476543426513672, -4.677789688110352
n,18.46150779724121, -23.944995880126953, -3.5336508750915527
n,16.185394287109375, 3.939154863357544, -26.692737579345703
n,-2.264682734676171e-06, -27.494827270507812, 20.520902633666992
n,1.7134357221948449e-07, -20.395187377929688, -27.58820915222168
n,2.217522478531464e-06, 20.42500114440918, -27.620031356811523
n,1.2210748536745086e-06, -4.983566761016846, -34.010467529296875
n,-1.7134357221948449e-07, 20.395187377929688, 27.58820915222168
n,1.7134357221948449e-07, -20.395187377929688, -27.58820915222168
n,-1.678052831266541e-05, 4.908080101013184, 34.02164077758789
n,-2.2186159185366705e-06, -20.486488342285156, 27.574092864990234
n,-1.7134357221948449e-07, 20.395187377929688, 27.58820915222168
n,2.264682734676171e-06, 27.494827270507812, -20.520902633666992
n,-1.722530328152061e-06, -5.020191669464111, 34.018280029296875
n,1.480214336879726e-06, 33.86335372924805, 4.997341156005859
n,-1.480214336879726e-06, -33.86335372924805, -4.997341156005859
n,-1.480214336879726e-06, -33.86335372924805, -4.997341156005859
n,-1.7225313513336005e-06, -5.0202155113220215, 34.018280029296875
n,1.480214336879726e-06, 33.86335372924805, 4.997341156005859
n,1.7225313513336005e-06, 5.020215034484863, -34.018280029296875
n,2.1862038011022378e-06, 30.982036590576172, -14.666471481323242
n,-2.1834252947883215e-06, -31.04696273803711, 14.527002334594727
n,1.722530328152061e-06, 5.020191669464111, -34.018280029296875
n,-20.955961227416992, -2.994302988052368, 20.290271759033203
n,-18.461511611938477, 23.944992065429688, 3.5336506366729736
n,-18.461469650268555, -21.95355224609375, 10.272159576416016
n,-18.461511611938477, -3.549826145172119, 24.054540634155273
n,-18.461509704589844, 23.944990158081055, 3.5336506366729736
n,-18.461509704589844, 3.5498099327087402, -24.054542541503906
n,-10.438764572143555, 28.397905349731445, -13.4431791305542
n,-9.619102478027344, -31.47654151916504, -4.677790641784668
n,-18.461511611938477, -23.944990158081055, -3.5336523056030273
n,-16.185392379760742, 3.9391555786132812, -26.692737579345703
n,21.028100967407227, -2.994965076446533, 20.160287857055664
n,18.461511611938477, 23.944992065429688, 3.5336523056030273
n,18.461606979370117, -21.953393936157227, 10.272078514099121
n,18.46150779724121, -3.549826145172119, 24.05454444885254
n,18.461511611938477, 23.944992065429688, 3.5336523056030273
n,18.461511611938477, 3.5498099327087402, -24.05454444885254
n,10.852558135986328, 28.181955337524414, -13.332259178161621
n,7.376028060913086, -32.483863830566406, -4.793764114379883
n,18.46150779724121, -23.944995880126953, -3.5336508750915527
n,16.53745460510254, 3.940558433532715, -26.315528869628906
n,-2.264682734676171e-06, -27.494827270507812, 20.520902633666992
n,1.7134357221948449e-07, -20.395187377929688, -27.58820915222168
n,2.217522478531464e-06, 20.42500114440918, -27.620031356811523
n,-1.4323682989925146e-05, -4.983692646026611, -34.01044845581055
n,-1.7134357221948449e-07, 20.395187377929688, 27.58820915222168
n,1.7134357221948449e-07, -20.395187377929688, -27.58820915222168
n,-1.225346409228223e-06, 4.907952308654785, 34.02165603637695
n,-2.2186159185366705e-06, -20.486488342285156, 27.574092864990234
n,-1.7134357221948449e-07, 20.395187377929688, 27.58820915222168
n,2.264682734676171e-06, 27.494827270507812, -20.520902633666992
n,-1.722530328152061e-06, -5.020191669464111, 34.018280029296875
u,0.3294813632965088, 0.08362036943435669, 0
u,0.27056023478507996, 0.3952832818031311, 0
u,0.2747962176799774, 0.5229165554046631, 0
u,0.9326973557472229, 0.6538425385951996, 0
u,0.9484358429908752, 0.9503842741250992, 0
u,0.9484357237815857, 0.6538425385951996, 0
u,0.06303513795137405, 0.08284324407577515, 0
u,0.06215817853808403, 0.19982260465621948, 0
u,0.27056023478507996, 0.3952832818031311, 0
u,0.06215817853808403, 0.19982260465621948, 0
u,0.0004436067247297615, 0.0827103853225708, 0
u,-7.2556760599695735e-09, 0.5213555693626404, 0
u,0.7979443073272705, 0.08359432220458984, 0
u,0.8136827945709229, 0.5228964984416962, 0
u,0.8136827349662781, 0.08359432220458984, 0
u,0.9842615723609924, 0.7028238475322723, 0
u,0.9685231447219849, 0.9999999968182882, 0
u,0.9842615723609924, 0.9999999961303403, 0
u,0.9239996671676636, 0.056543588638305664, 0
u,0.9397380948066711, 0.10563862323760986, 0
u,0.9397380948066711, 0.056543588638305664, 0
u,0.27056023478507996, 0.3952832818031311, 0
u,0.06215817853808403, 0.19982260465621948, 0
u,0.2747962176799774, 0.5229165554046631, 0
u,0.6633042693138123, 0.5228717923164368, 0
u,0.6086191534996033, 0.08357560634613037, 0
u,0.6043831706047058, 0.21120893955230713, 0
u,0.6633042693138123, 0.5228717923164368, 0
u,0.6043831706047058, 0.21120893955230713, 0
u,0.6043831706047058, 0.5228712260723114, 0
u,0.3968580365180969, 0.5236489176750183, 0
u,0.6043831706047058, 0.21120893955230713, 0
u,0.3959810733795166, 0.406669557094574, 0
u,0.3959810733795166, 0.406669557094574, 0
u,0.33382290601730347, 0.08513659238815308, 0
u,0.3342665135860443, 0.5237817466259003, 0
u,0.6043831706047058, 0.21120893955230713, 0
u,0.6086191534996033, 0.08357560634613037, 0
u,0.3959810733795166, 0.406669557094574, 0
u,0.3968580365180969, 0.5236489176750183, 0
u,0.3959810733795166, 0.406669557094574, 0
u,0.3342665135860443, 0.5237817466259003, 0
u,0.6633042693138123, 0.5228717923164368, 0
u,0.6633042693138123, 0.08357608318328857, 0
u,0.6086191534996033, 0.08357560634613037, 0
u,0.9598253965377808, 0.017198920249938965, 0
u,0.944087028503418, 0.22256499528884888, 0
u,0.9598253965377808, 0.22256499528884888, 0
u,0.822380542755127, 0.48627912998199463, 0
u,0.8381189703941345, 0.5272442400455475, 0
u,0.8381189703941345, 0.48627912998199463, 0
u,0.3959810733795166, 0.406669557094574, 0
u,0.3959810733795166, 0.08507704734802246, 0
u,0.33382290601730347, 0.08513659238815308, 0
u,0.06215817853808403, 0.19982260465621948, 0
u,-7.2556760599695735e-09, 0.5213555693626404, 0
u,0.06215817108750343, 0.521415114402771, 0
u,0.822380542755127, 0.13084620237350464, 0
u,0.8381189703941345, 0.47884970903396606, 0
u,0.8381189703941345, 0.13084620237350464, 0
u,0.9685231447219849, 1.0000000031817116, 0
u,0.9527847766876221, 0.6943841278553009, 0
u,0.9527847170829773, 1.000000012282209, 0
u,0.06303513795137405, 0.08284324407577515, 0
u,0.0004436067247297615, 0.0827103853225708, 0
u,0.06215817853808403, 0.19982260465621948, 0
u,0.3294813632965088, 0.08362036943435669, 0
u,0.2747962176799774, 0.5229165554046631, 0
u,0.3294813632965088, 0.5229160785675049, 0
u,0.9326974153518677, 0.9565284736454487, 0
u,0.9484358429908752, 0.9999999976963336, 0
u,0.9484358429908752, 0.9565284736454487, 0
u,0.3294813632965088, 0.08362036943435669, 0
u,0.27056023478507996, 0.08362090587615967, 0
u,0.27056023478507996, 0.3952832818031311, 0
u,0.8136827945709229, 0.5272442996501923, 0
u,0.8180316686630249, 0.5213326215744019, 0
u,0.8136827945709229, 0.5228964984416962, 0
u,0.06215079873800278, 0.5272436738014221, 0
u,0.06649968028068542, 0.5228947997093201, 0
u,0.06215817108750343, 0.521415114402771, 0
u,0.06649967283010483, 0.21866625547409058, 0
u,0.06889040768146515, 0.21795016527175903, 0
u,0.06215817853808403, 0.19982260465621948, 0
u,0.2700539827346802, 0.5236090123653412, 0
u,0.27679362893104553, 0.5272416770458221, 0
u,0.2747962176799774, 0.5229165554046631, 0
u,0.9397380948066711, 0.10563862323760986, 0
u,0.9397380948066711, 0.11126846075057983, 0
u,0.9440869688987732, 0.10721558332443237, 0
u,0.9484358429908752, 0.9503842741250992, 0
u,0.9484358429908752, 0.9565284736454487, 0
u,0.9527847170829773, 0.9535928480327129, 0
u,0.2705528736114502, 0.07924842834472656, 0
u,0.26620399951934814, 0.08359730243682861, 0
u,0.27056023478507996, 0.08362090587615967, 0
u,0.26379698514938354, 0.38149595260620117, 0
u,0.27056023478507996, 0.3952832818031311, 0
u,0.26620399951934814, 0.3807690143585205, 0
u,0.8381189703941345, 0.47884970903396606, 0
u,0.8381189703941345, 0.48627912998199463, 0
u,0.8424678444862366, 0.4805915951728821, 0
u,0.8136827349662781, 0.08359432220458984, 0
u,0.8180316090583801, 0.08268088102340698, 0
u,0.8136827349662781, 0.07924437522888184, 0
u,0.7979443669319153, 0.5272442996501923, 0
u,0.7979443669319153, 0.5228964984416962, 0
u,0.7935954928398132, 0.5213326215744019, 0
u,0.39597371220588684, 0.07924854755401611, 0
u,0.3959810733795166, 0.08507704734802246, 0
u,0.4003225862979889, 0.08359736204147339, 0
u,0.4003225862979889, 0.3878259062767029, 0
u,0.3959810733795166, 0.406669557094574, 0
u,0.4027132987976074, 0.3885420560836792, 0
u,0.6038768887519836, 0.08288317918777466, 0
u,0.6086191534996033, 0.08357560634613037, 0
u,0.6106165051460266, 0.0792505145072937, 0
u,0.9239996671676636, 0.10563862323760986, 0
u,0.9196507930755615, 0.10721558332443237, 0
u,0.9239996671676636, 0.11126846075057983, 0
u,0.9326974153518677, 0.9503842778503895, 0
u,0.9283485412597656, 0.9535928517580032, 0
u,0.9326974153518677, 0.9565284736454487, 0
u,0.6043757796287537, 0.5272437334060669, 0
u,0.6043831706047058, 0.5228712260723114, 0
u,0.6000269055366516, 0.5228948891162872, 0
u,0.597619891166687, 0.22499626874923706, 0
u,0.6000269055366516, 0.22572314739227295, 0
u,0.6043831706047058, 0.21120893955230713, 0
u,0.822380542755127, 0.47884970903396606, 0
u,0.8180316686630249, 0.4805915951728821, 0
u,0.822380542755127, 0.48627912998199463, 0
u,0.7979443073272705, 0.08359432220458984, 0
u,0.7979443073272705, 0.07924437522888184, 0
u,0.7935954332351685, 0.08268088102340698, 0
u,0.003060692921280861, 0.5272442400455475, 0
u,0.06215817108750343, 0.521415114402771, 0
u,-7.2556760599695735e-09, 0.5213555693626404, 0
u,0.06215817108750343, 0.521415114402771, 0
u,0.06649967283010483, 0.21866625547409058, 0
u,0.06215817853808403, 0.19982260465621948, 0
u,0.06889040768146515, 0.21795016527175903, 0
u,0.2747962176799774, 0.5229165554046631, 0
u,0.06215817853808403, 0.19982260465621948, 0
u,0.27679362893104553, 0.5272416770458221, 0
u,0.3294813632965088, 0.5229160785675049, 0
u,0.2747962176799774, 0.5229165554046631, 0
u,0.3338228762149811, 0.5228923857212067, 0
u,0.3294813632965088, 0.08362036943435669, 0
u,0.3294813632965088, 0.5229160785675049, 0
u,0.32947400212287903, 0.07924783229827881, 0
u,0.27056023478507996, 0.08362090587615967, 0
u,0.3294813632965088, 0.08362036943435669, 0
u,0.8381189703941345, 0.13084620237350464, 0
u,0.8424678444862366, 0.4805915951728821, 0
u,0.8424678444862366, 0.11657071113586426, 0
u,0.8180316686630249, 0.5213326215744019, 0
u,0.8136827349662781, 0.08359432220458984, 0
u,0.8136827945709229, 0.5228964984416962, 0
u,0.27056023478507996, 0.08362090587615967, 0
u,0.26620399951934814, 0.3807690143585205, 0
u,0.27056023478507996, 0.3952832818031311, 0
u,0.05858458951115608, 0.07925039529800415, 0
u,0.0004436067247297615, 0.0827103853225708, 0
u,0.06303513795137405, 0.08284324407577515, 0
u,0.3368836045265198, 0.07924795150756836, 0
u,0.3959810733795166, 0.08507704734802246, 0
u,0.39597371220588684, 0.07924854755401611, 0
u,0.3959810733795166, 0.08507704734802246, 0
u,0.4003225862979889, 0.3878259062767029, 0
u,0.4003225862979889, 0.08359736204147339, 0
u,0.4027132987976074, 0.3885420560836792, 0
u,0.6086191534996033, 0.08357560634613037, 0
u,0.6038768887519836, 0.08288317918777466, 0
u,0.6106165051460266, 0.0792505145072937, 0
u,0.6633042693138123, 0.08357608318328857, 0
u,0.6632968783378601, 0.0792509913444519, 0
u,0.6633042693138123, 0.08357608318328857, 0
u,0.6676457524299622, 0.5228955149650574, 0
u,0.6676457524299622, 0.08359980583190918, 0
u,0.6633042693138123, 0.5228717923164368, 0
u,0.6043757796287537, 0.5272437334060669, 0
u,0.6632968783378601, 0.5272442996501923, 0
u,0.822380542755127, 0.13084620237350464, 0
u,0.8180316686630249, 0.4805915951728821, 0
u,0.822380542755127, 0.47884970903396606, 0
u,0.7935954928398132, 0.5213326215744019, 0
u,0.7979443073272705, 0.08359432220458984, 0
u,0.7935954332351685, 0.08268088102340698, 0
u,0.6043831706047058, 0.5228712260723114, 0
u,0.6000269055366516, 0.22572314739227295, 0
u,0.6000269055366516, 0.5228948891162872, 0
u,0.39240750670433044, 0.5272417962551117, 0
u,0.3342665135860443, 0.5237817466259003, 0
u,0.3368836045265198, 0.5272412896156311, 0
u,0.8136827945709229, 0.5228964984416962, 0
u,0.7979443669319153, 0.5272442996501923, 0
u,0.8136827945709229, 0.5272442996501923, 0
u,0.7979443073272705, 0.08359432220458984, 0
u,0.8136827349662781, 0.07924437522888184, 0
u,0.7979443073272705, 0.07924437522888184, 0
u,0.8381189703941345, 0.47884970903396606, 0
u,0.822380542755127, 0.48627912998199463, 0
u,0.8381189703941345, 0.48627912998199463, 0
u,0.822380542755127, 0.13084620237350464, 0
u,0.8381189703941345, 0.12956100702285767, 0
u,0.822380542755127, 0.12956100702285767, 0
u,0.9283486008644104, 0.5987739562988281, 0
u,0.9440869688987732, 0.5931440889835358, 0
u,0.9283486008644104, 0.5931440889835358, 0
u,0.9685231447219849, 0.7028238475322723, 0
u,0.9842615723609924, 0.6984739005565643, 0
u,0.9685231447219849, 0.6984739005565643, 0
u,0.8938279747962952, 0.4294995665550232, 0
u,0.8913402557373047, 0.4137611389160156, 0
u,0.8913402557373047, 0.4294995665550232, 0
u,0.9397380948066711, 0.05157989263534546, 0
u,0.9239996671676636, 0.056543588638305664, 0
u,0.9397380948066711, 0.056543588638305664, 0
u,0.9397380948066711, 0.11126846075057983, 0
u,0.9239996671676636, 0.10563862323760986, 0
u,0.9239996671676636, 0.11126846075057983, 0
u,0.9484358429908752, 0.9565284736454487, 0
u,0.9326974153518677, 0.9503842778503895, 0
u,0.9326974153518677, 0.9565284736454487, 0
u,0.9440869688987732, 0.6538425385951996, 0
u,0.9283486008644104, 0.5987739562988281, 0
u,0.9283486008644104, 0.6538425385951996, 0
u,0.9326973557472229, 0.6538425385951996, 0
u,0.9326974153518677, 0.9503842778503895, 0
u,0.9484358429908752, 0.9503842741250992, 0
u,0.7979443073272705, 0.08359432220458984, 0
u,0.7979443669319153, 0.5228964984416962, 0
u,0.8136827945709229, 0.5228964984416962, 0
u,0.9842615723609924, 0.7028238475322723, 0
u,0.9685231447219849, 0.7028238475322723, 0
u,0.9685231447219849, 0.9999999968182882, 0
u,0.9239996671676636, 0.056543588638305664, 0
u,0.9239996671676636, 0.10563862323760986, 0
u,0.9397380948066711, 0.10563862323760986, 0
u,0.9598253965377808, 0.017198920249938965, 0
u,0.9440869688987732, 0.017198920249938965, 0
u,0.944087028503418, 0.22256499528884888, 0
u,0.822380542755127, 0.48627912998199463, 0
u,0.822380542755127, 0.5272442400455475, 0
u,0.8381189703941345, 0.5272442400455475, 0
u,0.822380542755127, 0.13084620237350464, 0
u,0.822380542755127, 0.47884970903396606, 0
u,0.8381189703941345, 0.47884970903396606, 0
u,0.9685231447219849, 1.0000000031817116, 0
u,0.9685231447219849, 0.6943841278553009, 0
u,0.9527847766876221, 0.6943841278553009, 0
u,0.9326974153518677, 0.9565284736454487, 0
u,0.9326974153518677, 0.9999999983842816, 0
u,0.9484358429908752, 0.9999999976963336, 0
u,0.003060692921280861, 0.5272442400455475, 0
u,0.06215079873800278, 0.5272436738014221, 0
u,0.06215817108750343, 0.521415114402771, 0
u,0.06215817108750343, 0.521415114402771, 0
u,0.06649968028068542, 0.5228947997093201, 0
u,0.06649967283010483, 0.21866625547409058, 0
u,0.06889040768146515, 0.21795016527175903, 0
u,0.2700539827346802, 0.5236090123653412, 0
u,0.2747962176799774, 0.5229165554046631, 0
u,0.27679362893104553, 0.5272416770458221, 0
u,0.32947397232055664, 0.5272412002086639, 0
u,0.3294813632965088, 0.5229160785675049, 0
u,0.3338228762149811, 0.5228923857212067, 0
u,0.3338228762149811, 0.08359664678573608, 0
u,0.3294813632965088, 0.08362036943435669, 0
u,0.32947400212287903, 0.07924783229827881, 0
u,0.2705528736114502, 0.07924842834472656, 0
u,0.27056023478507996, 0.08362090587615967, 0
u,0.8381189703941345, 0.13084620237350464, 0
u,0.8381189703941345, 0.47884970903396606, 0
u,0.8424678444862366, 0.4805915951728821, 0
u,0.8180316686630249, 0.5213326215744019, 0
u,0.8180316090583801, 0.08268088102340698, 0
u,0.8136827349662781, 0.08359432220458984, 0
u,0.27056023478507996, 0.08362090587615967, 0
u,0.26620399951934814, 0.08359730243682861, 0
u,0.26620399951934814, 0.3807690143585205, 0
u,0.05858458951115608, 0.07925039529800415, 0
u,0.003060699673369527, 0.07925087213516235, 0
u,0.0004436067247297615, 0.0827103853225708, 0
u,0.3368836045265198, 0.07924795150756836, 0
u,0.33382290601730347, 0.08513659238815308, 0
u,0.3959810733795166, 0.08507704734802246, 0
u,0.3959810733795166, 0.08507704734802246, 0
u,0.3959810733795166, 0.406669557094574, 0
u,0.4003225862979889, 0.3878259062767029, 0
u,0.4027132987976074, 0.3885420560836792, 0
u,0.3959810733795166, 0.406669557094574, 0
u,0.6086191534996033, 0.08357560634613037, 0
u,0.6106165051460266, 0.0792505145072937, 0
u,0.6086191534996033, 0.08357560634613037, 0
u,0.6633042693138123, 0.08357608318328857, 0
u,0.6633042693138123, 0.08357608318328857, 0
u,0.6633042693138123, 0.5228717923164368, 0
u,0.6676457524299622, 0.5228955149650574, 0
u,0.6633042693138123, 0.5228717923164368, 0
u,0.6043831706047058, 0.5228712260723114, 0
u,0.6043757796287537, 0.5272437334060669, 0
u,0.822380542755127, 0.13084620237350464, 0
u,0.8180316686630249, 0.11657071113586426, 0
u,0.8180316686630249, 0.4805915951728821, 0
u,0.7935954928398132, 0.5213326215744019, 0
u,0.7979443669319153, 0.5228964984416962, 0
u,0.7979443073272705, 0.08359432220458984, 0
u,0.6043831706047058, 0.5228712260723114, 0
u,0.6043831706047058, 0.21120893955230713, 0
u,0.6000269055366516, 0.22572314739227295, 0
u,0.39240750670433044, 0.5272417962551117, 0
u,0.3968580365180969, 0.5236489176750183, 0
u,0.3342665135860443, 0.5237817466259003, 0
u,0.8136827945709229, 0.5228964984416962, 0
u,0.7979443669319153, 0.5228964984416962, 0
u,0.7979443669319153, 0.5272442996501923, 0
u,0.7979443073272705, 0.08359432220458984, 0
u,0.8136827349662781, 0.08359432220458984, 0
u,0.8136827349662781, 0.07924437522888184, 0
u,0.8381189703941345, 0.47884970903396606, 0
u,0.822380542755127, 0.47884970903396606, 0
u,0.822380542755127, 0.48627912998199463, 0
u,0.822380542755127, 0.13084620237350464, 0
u,0.8381189703941345, 0.13084620237350464, 0
u,0.8381189703941345, 0.12956100702285767, 0
u,0.9283486008644104, 0.5987739562988281, 0
u,0.9440869688987732, 0.5987739562988281, 0
u,0.9440869688987732, 0.5931440889835358, 0
u,0.9685231447219849, 0.7028238475322723, 0
u,0.9842615723609924, 0.7028238475322723, 0
u,0.9842615723609924, 0.6984739005565643, 0
u,0.8938279747962952, 0.4294995665550232, 0
u,0.8938279747962952, 0.4137611389160156, 0
u,0.8913402557373047, 0.4137611389160156, 0
u,0.9397380948066711, 0.05157989263534546, 0
u,0.9239996671676636, 0.05157989263534546, 0
u,0.9239996671676636, 0.056543588638305664, 0
u,0.9397380948066711, 0.11126846075057983, 0
u,0.9397380948066711, 0.10563862323760986, 0
u,0.9239996671676636, 0.10563862323760986, 0
u,0.9484358429908752, 0.9565284736454487, 0
u,0.9484358429908752, 0.9503842741250992, 0
u,0.9326974153518677, 0.9503842778503895, 0
u,0.9440869688987732, 0.6538425385951996, 0
u,0.9440869688987732, 0.5987739562988281, 0
u,0.9283486008644104, 0.5987739562988281, 0
