v,0.0030830013565719128, -0.01556688267737627, -0.010412564501166344
v,0.00046635654871352017, -0.0157073512673378, 0.003385129850357771
v,0.000654472503811121, -0.01569725200533867, 0.009035622701048851
v,0.00333891692571342, -0.016726069152355194, 0.009035623632371426
v,0.0032897249329835176, -0.015809722244739532, -0.010412564501166344
v,0.0032897249329835176, -0.015809722244739532, 0.009035623632371426
v,-0.008749687112867832, -0.016202092170715332, -0.01044707652181387
v,-0.008788632228970528, -0.01620418205857277, -0.0052682505920529366
v,0.00046635654871352017, -0.0157073512673378, 0.003385129850357771
v,-0.008788632228970528, -0.01620418205857277, -0.0052682505920529366
v,-0.011529332958161831, -0.016351310536265373, -0.010452983900904655
v,-0.011549033224582672, -0.016352368518710136, 0.00896640308201313
v,-0.011543127708137035, -0.017524978145956993, -0.010412564501166344
v,-0.011592320166528225, -0.016608629375696182, 0.009035623632371426
v,-0.011592320166528225, -0.016608629375696182, -0.010412564501166344
v,0.0002868187439162284, -0.015970926731824875, -0.010412563569843769
v,0.00033601067843846977, -0.016887273639440536, 0.002743613440543413
v,0.00028681871481239796, -0.015970926731824875, 0.002743613440543413
v,0.0008062885608524084, -0.01686202734708786, 0.009228150360286236
v,0.0030965942423790693, -0.015820089727640152, 0.00922815129160881
v,0.0007570965681225061, -0.0159456804394722, 0.009228150360286236
v,0.00046635654871352017, -0.0157073512673378, 0.003385129850357771
v,-0.008788632228970528, -0.01620418205857277, -0.0052682505920529366
v,0.000654472503811121, -0.01569725200533867, 0.009035622701048851
v,0.003159379120916128, -0.01698964647948742, -0.010412564501166344
v,0.0007308502099476755, -0.017120014876127243, 0.009035622701048851
v,0.0005427342257462442, -0.017130114138126373, 0.003385129850357771
v,0.003159379120916128, -0.01698964647948742, -0.010412564501166344
v,0.0005427342257462442, -0.017130114138126373, 0.003385129850357771
v,0.0005427342839539051, -0.017130114138126373, -0.010412563569843769
v,-0.008673309348523617, -0.017624856904149055, -0.01044707652181387
v,0.0005427342257462442, -0.017130114138126373, 0.003385129850357771
v,-0.008712254464626312, -0.017626946792006493, -0.0052682505920529366
v,-0.008712254464626312, -0.017626946792006493, -0.0052682505920529366
v,-0.011472655460238457, -0.01777513138949871, 0.00896640308201313
v,-0.011452955193817616, -0.017774075269699097, -0.010452983900904655
v,0.0005427342257462442, -0.017130114138126373, 0.003385129850357771
v,0.0007308502099476755, -0.017120014876127243, 0.009035622701048851
v,-0.008712254464626312, -0.017626946792006493, -0.0052682505920529366
v,-0.008673309348523617, -0.017624856904149055, -0.01044707652181387
v,-0.008712254464626312, -0.017626946792006493, -0.0052682505920529366
v,-0.011452955193817616, -0.017774075269699097, -0.010452983900904655
v,0.003159379120916128, -0.01698964647948742, -0.010412564501166344
v,0.003159379120916128, -0.01698964461684227, 0.009035623632371426
v,0.0007308502099476755, -0.017120014876127243, 0.009035622701048851
v,-0.008581908419728279, -0.016447022557258606, 0.009035622701048851
v,-0.008532716892659664, -0.017363371327519417, -0.0044329664669930935
v,-0.008581908419728279, -0.016447022557258606, -0.0044329664669930935
v,-0.008884219452738762, -0.017382239922881126, -0.010605092160403728
v,-0.01139918901026249, -0.016598261892795563, -0.010605093091726303
v,-0.008933411911129951, -0.016465893015265465, -0.010605092160403728
v,-0.008712254464626312, -0.017626946792006493, -0.0052682505920529366
v,-0.008712254464626312, -0.017626944929361343, 0.008969064801931381
v,-0.011472655460238457, -0.01777513138949871, 0.00896640308201313
v,-0.008788632228970528, -0.01620418205857277, -0.0052682505920529366
v,-0.011549033224582672, -0.016352368518710136, 0.00896640308201313
v,-0.008788632228970528, -0.01620418205857277, 0.008969064801931381
v,0.0002291167329531163, -0.016893012449145317, 0.002775792498141527
v,-0.00863338727504015, -0.016449786722660065, -0.010444742627441883
v,0.0001799247693270445, -0.015976663678884506, 0.0027757929638028145
v,-0.0084265461191535, -0.01735767163336277, -0.004464670084416866
v,0.00045779370702803135, -0.015961747616529465, 0.009067325852811337
v,-0.00847573857754469, -0.01644132286310196, -0.004464670550078154
v,-0.008749687112867832, -0.016202092170715332, -0.01044707652181387
v,-0.011529332958161831, -0.016351310536265373, -0.010452983900904655
v,-0.008788632228970528, -0.01620418205857277, -0.0052682505920529366
v,0.0030830013565719128, -0.01556688267737627, -0.010412564501166344
v,0.000654472503811121, -0.01569725200533867, 0.009035622701048851
v,0.0030830013565719128, -0.015566881746053696, 0.009035623632371426
v,0.0031457862351089716, -0.016736438497900963, -0.010605093091726303
v,0.00047994943452067673, -0.015960559248924255, -0.010605092160403728
v,0.0030965942423790693, -0.015820089727640152, -0.010605093091726303
v,0.0030830013565719128, -0.01556688267737627, -0.010412564501166344
v,0.0004663565778173506, -0.0157073512673378, -0.010412563569843769
v,0.00046635654871352017, -0.0157073512673378, 0.003385129850357771
v,-0.01139918901026249, -0.016598261892795563, 0.00922815129160881
v,-0.011549033224582672, -0.016352368518710136, 0.00896640308201313
v,-0.011592320166528225, -0.016608629375696182, 0.009035623632371426
v,-0.008775039575994015, -0.016457390040159225, 0.009228150360286236
v,-0.008581908419728279, -0.016447022557258606, 0.009035622701048851
v,-0.008788632228970528, -0.01620418205857277, 0.008969064801931381
v,-0.008581908419728279, -0.016447022557258606, -0.0044329664669930935
v,-0.00847573857754469, -0.01644132286310196, -0.004464670550078154
v,-0.008788632228970528, -0.01620418205857277, -0.0052682505920529366
v,0.00045779370702803135, -0.015961747616529465, 0.009067325852811337
v,0.0007570965681225061, -0.0159456804394722, 0.009228150360286236
v,0.000654472503811121, -0.01569725200533867, 0.009035622701048851
v,0.0030965942423790693, -0.015820089727640152, 0.00922815129160881
v,0.0032897249329835176, -0.015809722244739532, 0.009035623632371426
v,0.0030830013565719128, -0.015566881746053696, 0.009035623632371426
v,0.0032897249329835176, -0.015809722244739532, -0.010412564501166344
v,0.0030965942423790693, -0.015820089727640152, -0.010605093091726303
v,0.0030830013565719128, -0.01556688267737627, -0.010412564501166344
v,0.00047994943452067673, -0.015960559248924255, -0.010605092160403728
v,0.0002868187439162284, -0.015970926731824875, -0.010412563569843769
v,0.0004663565778173506, -0.0157073512673378, -0.010412563569843769
v,0.0001799247693270445, -0.015976663678884506, 0.0027757929638028145
v,0.00046635654871352017, -0.0157073512673378, 0.003385129850357771
v,0.00028681871481239796, -0.015970926731824875, 0.002743613440543413
v,-0.00863338727504015, -0.016449786722660065, -0.010444742627441883
v,-0.008933411911129951, -0.016465893015265465, -0.010605092160403728
v,-0.008749687112867832, -0.016202092170715332, -0.01044707652181387
v,-0.011592320166528225, -0.016608629375696182, -0.010412564501166344
v,-0.011529332958161831, -0.016351310536265373, -0.010452983900904655
v,-0.01139918901026249, -0.016598261892795563, -0.010605093091726303
v,-0.011349997483193874, -0.017514608800411224, 0.00922815129160881
v,-0.011543127708137035, -0.017524976283311844, 0.009035623632371426
v,-0.011472655460238457, -0.01777513138949871, 0.00896640308201313
v,-0.008725847117602825, -0.017373738810420036, 0.009228150360286236
v,-0.008712254464626312, -0.017626944929361343, 0.008969064801931381
v,-0.008532716892659664, -0.017363369464874268, 0.009035622701048851
v,-0.008532716892659664, -0.017363371327519417, -0.0044329664669930935
v,-0.008712254464626312, -0.017626946792006493, -0.0052682505920529366
v,-0.0084265461191535, -0.01735767163336277, -0.004464670084416866
v,0.0005069856997579336, -0.016878094524145126, 0.009067325852811337
v,0.0007308502099476755, -0.017120014876127243, 0.009035622701048851
v,0.0008062885608524084, -0.01686202734708786, 0.009228150360286236
v,0.0031457862351089716, -0.016736436635255814, 0.00922815129160881
v,0.003159379120916128, -0.01698964461684227, 0.009035623632371426
v,0.00333891692571342, -0.016726069152355194, 0.009035623632371426
v,0.00333891692571342, -0.016726071015000343, -0.010412564501166344
v,0.003159379120916128, -0.01698964647948742, -0.010412564501166344
v,0.0031457862351089716, -0.016736438497900963, -0.010605093091726303
v,0.0005291413981467485, -0.016876906156539917, -0.010605092160403728
v,0.0005427342839539051, -0.017130114138126373, -0.010412563569843769
v,0.0003360107366461307, -0.016887275502085686, -0.010412563569843769
v,0.0002291167329531163, -0.016893012449145317, 0.002775792498141527
v,0.00033601067843846977, -0.016887273639440536, 0.002743613440543413
v,0.0005427342257462442, -0.017130114138126373, 0.003385129850357771
v,-0.00858419481664896, -0.017366133630275726, -0.010444742627441883
v,-0.008673309348523617, -0.017624856904149055, -0.01044707652181387
v,-0.008884219452738762, -0.017382239922881126, -0.010605092160403728
v,-0.011543127708137035, -0.017524978145956993, -0.010412564501166344
v,-0.011349997483193874, -0.017514610663056374, -0.010605093091726303
v,-0.011452955193817616, -0.017774075269699097, -0.010452983900904655
v,-0.01139918901026249, -0.016598261892795563, 0.00922815129160881
v,-0.008788632228970528, -0.01620418205857277, 0.008969064801931381
v,-0.011549033224582672, -0.016352368518710136, 0.00896640308201313
v,-0.008788632228970528, -0.01620418205857277, 0.008969064801931381
v,-0.008581908419728279, -0.016447022557258606, -0.0044329664669930935
v,-0.008788632228970528, -0.01620418205857277, -0.0052682505920529366
v,-0.00847573857754469, -0.01644132286310196, -0.004464670550078154
v,0.000654472503811121, -0.01569725200533867, 0.009035622701048851
v,-0.008788632228970528, -0.01620418205857277, -0.0052682505920529366
v,0.0007570965681225061, -0.0159456804394722, 0.009228150360286236
v,0.0030830013565719128, -0.015566881746053696, 0.009035623632371426
v,0.000654472503811121, -0.01569725200533867, 0.009035622701048851
v,0.0032897249329835176, -0.015809722244739532, 0.009035623632371426
v,0.0030830013565719128, -0.01556688267737627, -0.010412564501166344
v,0.0030830013565719128, -0.015566881746053696, 0.009035623632371426
v,0.0030965942423790693, -0.015820089727640152, -0.010605093091726303
v,0.0004663565778173506, -0.0157073512673378, -0.010412563569843769
v,0.0030830013565719128, -0.01556688267737627, -0.010412564501166344
v,0.0001799247693270445, -0.015976663678884506, 0.0027757929638028145
v,-0.008749687112867832, -0.016202092170715332, -0.01044707652181387
v,0.00046635654871352017, -0.0157073512673378, 0.003385129850357771
v,-0.011549033224582672, -0.016352368518710136, 0.00896640308201313
v,-0.011592320166528225, -0.016608629375696182, -0.010412564501166344
v,-0.011592320166528225, -0.016608629375696182, 0.009035623632371426
v,0.0004663565778173506, -0.0157073512673378, -0.010412563569843769
v,0.00028681871481239796, -0.015970926731824875, 0.002743613440543413
v,0.00046635654871352017, -0.0157073512673378, 0.003385129850357771
v,-0.008933411911129951, -0.016465893015265465, -0.010605092160403728
v,-0.011529332958161831, -0.016351310536265373, -0.010452983900904655
v,-0.008749687112867832, -0.016202092170715332, -0.01044707652181387
v,-0.011349997483193874, -0.017514608800411224, 0.00922815129160881
v,-0.008712254464626312, -0.017626944929361343, 0.008969064801931381
v,-0.008725847117602825, -0.017373738810420036, 0.009228150360286236
v,-0.008712254464626312, -0.017626944929361343, 0.008969064801931381
v,-0.008532716892659664, -0.017363371327519417, -0.0044329664669930935
v,-0.008532716892659664, -0.017363369464874268, 0.009035622701048851
v,-0.0084265461191535, -0.01735767163336277, -0.004464670084416866
v,0.0007308502099476755, -0.017120014876127243, 0.009035622701048851
v,0.0005069856997579336, -0.016878094524145126, 0.009067325852811337
v,0.0008062885608524084, -0.01686202734708786, 0.009228150360286236
v,0.003159379120916128, -0.01698964461684227, 0.009035623632371426
v,0.0031457862351089716, -0.016736436635255814, 0.00922815129160881
v,0.003159379120916128, -0.01698964461684227, 0.009035623632371426
v,0.00333891692571342, -0.016726071015000343, -0.010412564501166344
v,0.00333891692571342, -0.016726069152355194, 0.009035623632371426
v,0.003159379120916128, -0.01698964647948742, -0.010412564501166344
v,0.0005291413981467485, -0.016876906156539917, -0.010605092160403728
v,0.0031457862351089716, -0.016736438497900963, -0.010605093091726303
v,0.0002291167329531163, -0.016893012449145317, 0.002775792498141527
v,-0.008673309348523617, -0.017624856904149055, -0.01044707652181387
v,-0.00858419481664896, -0.017366133630275726, -0.010444742627441883
v,-0.011472655460238457, -0.01777513138949871, 0.00896640308201313
v,-0.011543127708137035, -0.017524978145956993, -0.010412564501166344
v,-0.011452955193817616, -0.017774075269699097, -0.010452983900904655
v,0.0005427342839539051, -0.017130114138126373, -0.010412563569843769
v,0.00033601067843846977, -0.016887273639440536, 0.002743613440543413
v,0.0003360107366461307, -0.016887275502085686, -0.010412563569843769
v,-0.008884219452738762, -0.017382239922881126, -0.010605092160403728
v,-0.011452955193817616, -0.017774075269699097, -0.010452983900904655
v,-0.011349997483193874, -0.017514610663056374, -0.010605093091726303
v,-0.011592320166528225, -0.016608629375696182, 0.009035623632371426
v,-0.011349997483193874, -0.017514608800411224, 0.00922815129160881
v,-0.01139918901026249, -0.016598261892795563, 0.00922815129160881
v,-0.011543127708137035, -0.017524978145956993, -0.010412564501166344
v,-0.01139918901026249, -0.016598261892795563, -0.010605093091726303
v,-0.011349997483193874, -0.017514610663056374, -0.010605093091726303
v,-0.00863338727504015, -0.016449786722660065, -0.010444742627441883
v,-0.008884219452738762, -0.017382239922881126, -0.010605092160403728
v,-0.008933411911129951, -0.016465893015265465, -0.010605092160403728
v,0.0002291167329531163, -0.016893012449145317, 0.002775792498141527
v,0.00028681871481239796, -0.015970926731824875, 0.002743613440543413
v,0.00033601067843846977, -0.016887273639440536, 0.002743613440543413
v,-0.008775039575994015, -0.016457390040159225, 0.009228150360286236
v,-0.008532716892659664, -0.017363369464874268, 0.009035622701048851
v,-0.008581908419728279, -0.016447022557258606, 0.009035622701048851
v,0.0003360107366461307, -0.016887275502085686, -0.010412563569843769
v,0.00047994943452067673, -0.015960559248924255, -0.010605092160403728
v,0.0005291413981467485, -0.016876906156539917, -0.010605092160403728
v,-0.008581908419728279, -0.016447022557258606, -0.0044329664669930935
v,-0.0084265461191535, -0.01735767163336277, -0.004464670084416866
v,-0.00847573857754469, -0.01644132286310196, -0.004464670550078154
v,0.00045779370702803135, -0.015961747616529465, 0.009067325852811337
v,0.0008062885608524084, -0.01686202734708786, 0.009228150360286236
v,0.0007570965681225061, -0.0159456804394722, 0.009228150360286236
v,0.0032897249329835176, -0.015809722244739532, 0.009035623632371426
v,0.0031457862351089716, -0.016736436635255814, 0.00922815129160881
v,0.00333891692571342, -0.016726069152355194, 0.009035623632371426
v,0.0030965942423790693, -0.015820089727640152, -0.010605093091726303
v,0.00333891692571342, -0.016726071015000343, -0.010412564501166344
v,0.0031457862351089716, -0.016736438497900963, -0.010605093091726303
v,-0.011349997483193874, -0.017514608800411224, 0.00922815129160881
v,-0.008775039575994015, -0.016457390040159225, 0.009228150360286236
v,-0.01139918901026249, -0.016598261892795563, 0.00922815129160881
v,0.00333891692571342, -0.016726069152355194, 0.009035623632371426
v,0.00333891692571342, -0.016726071015000343, -0.010412564501166344
v,0.0032897249329835176, -0.015809722244739532, -0.010412564501166344
v,-0.011543127708137035, -0.017524978145956993, -0.010412564501166344
v,-0.011543127708137035, -0.017524976283311844, 0.009035623632371426
v,-0.011592320166528225, -0.016608629375696182, 0.009035623632371426
v,0.0002868187439162284, -0.015970926731824875, -0.010412563569843769
v,0.0003360107366461307, -0.016887275502085686, -0.010412563569843769
v,0.00033601067843846977, -0.016887273639440536, 0.002743613440543413
v,0.0008062885608524084, -0.01686202734708786, 0.009228150360286236
v,0.0031457862351089716, -0.016736436635255814, 0.00922815129160881
v,0.0030965942423790693, -0.015820089727640152, 0.00922815129160881
v,-0.008581908419728279, -0.016447022557258606, 0.009035622701048851
v,-0.008532716892659664, -0.017363369464874268, 0.009035622701048851
v,-0.008532716892659664, -0.017363371327519417, -0.0044329664669930935
v,-0.008884219452738762, -0.017382239922881126, -0.010605092160403728
v,-0.011349997483193874, -0.017514610663056374, -0.010605093091726303
v,-0.01139918901026249, -0.016598261892795563, -0.010605093091726303
v,0.0002291167329531163, -0.016893012449145317, 0.002775792498141527
v,-0.00858419481664896, -0.017366133630275726, -0.010444742627441883
v,-0.00863338727504015, -0.016449786722660065, -0.010444742627441883
v,-0.0084265461191535, -0.01735767163336277, -0.004464670084416866
v,0.0005069856997579336, -0.016878094524145126, 0.009067325852811337
v,0.00045779370702803135, -0.015961747616529465, 0.009067325852811337
v,0.0031457862351089716, -0.016736438497900963, -0.010605093091726303
v,0.0005291413981467485, -0.016876906156539917, -0.010605092160403728
v,0.00047994943452067673, -0.015960559248924255, -0.010605092160403728
v,-0.01139918901026249, -0.016598261892795563, 0.00922815129160881
v,-0.008775039575994015, -0.016457390040159225, 0.009228150360286236
v,-0.008788632228970528, -0.01620418205857277, 0.008969064801931381
v,-0.008788632228970528, -0.01620418205857277, 0.008969064801931381
v,-0.008581908419728279, -0.016447022557258606, 0.009035622701048851
v,-0.008581908419728279, -0.016447022557258606, -0.0044329664669930935
v,-0.00847573857754469, -0.01644132286310196, -0.004464670550078154
v,0.00045779370702803135, -0.015961747616529465, 0.009067325852811337
v,0.000654472503811121, -0.01569725200533867, 0.009035622701048851
v,0.0007570965681225061, -0.0159456804394722, 0.009228150360286236
v,0.0030965942423790693, -0.015820089727640152, 0.00922815129160881
v,0.0030830013565719128, -0.015566881746053696, 0.009035623632371426
v,0.0032897249329835176, -0.015809722244739532, 0.009035623632371426
v,0.0032897249329835176, -0.015809722244739532, -0.010412564501166344
v,0.0030830013565719128, -0.01556688267737627, -0.010412564501166344
v,0.0030965942423790693, -0.015820089727640152, -0.010605093091726303
v,0.00047994943452067673, -0.015960559248924255, -0.010605092160403728
v,0.0004663565778173506, -0.0157073512673378, -0.010412563569843769
v,0.0001799247693270445, -0.015976663678884506, 0.0027757929638028145
v,-0.00863338727504015, -0.016449786722660065, -0.010444742627441883
v,-0.008749687112867832, -0.016202092170715332, -0.01044707652181387
v,-0.011549033224582672, -0.016352368518710136, 0.00896640308201313
v,-0.011529332958161831, -0.016351310536265373, -0.010452983900904655
v,-0.011592320166528225, -0.016608629375696182, -0.010412564501166344
v,0.0004663565778173506, -0.0157073512673378, -0.010412563569843769
v,0.0002868187439162284, -0.015970926731824875, -0.010412563569843769
v,0.00028681871481239796, -0.015970926731824875, 0.002743613440543413
v,-0.008933411911129951, -0.016465893015265465, -0.010605092160403728
v,-0.01139918901026249, -0.016598261892795563, -0.010605093091726303
v,-0.011529332958161831, -0.016351310536265373, -0.010452983900904655
v,-0.011349997483193874, -0.017514608800411224, 0.00922815129160881
v,-0.011472655460238457, -0.01777513138949871, 0.00896640308201313
v,-0.008712254464626312, -0.017626944929361343, 0.008969064801931381
v,-0.008712254464626312, -0.017626944929361343, 0.008969064801931381
v,-0.008712254464626312, -0.017626946792006493, -0.0052682505920529366
v,-0.008532716892659664, -0.017363371327519417, -0.0044329664669930935
v,-0.0084265461191535, -0.01735767163336277, -0.004464670084416866
v,-0.008712254464626312, -0.017626946792006493, -0.0052682505920529366
v,0.0007308502099476755, -0.017120014876127243, 0.009035622701048851
v,0.0008062885608524084, -0.01686202734708786, 0.009228150360286236
v,0.0007308502099476755, -0.017120014876127243, 0.009035622701048851
v,0.003159379120916128, -0.01698964461684227, 0.009035623632371426
v,0.003159379120916128, -0.01698964461684227, 0.009035623632371426
v,0.003159379120916128, -0.01698964647948742, -0.010412564501166344
v,0.00333891692571342, -0.016726071015000343, -0.010412564501166344
v,0.003159379120916128, -0.01698964647948742, -0.010412564501166344
v,0.0005427342839539051, -0.017130114138126373, -0.010412563569843769
v,0.0005291413981467485, -0.016876906156539917, -0.010605092160403728
v,0.0002291167329531163, -0.016893012449145317, 0.002775792498141527
v,0.0005427342257462442, -0.017130114138126373, 0.003385129850357771
v,-0.008673309348523617, -0.017624856904149055, -0.01044707652181387
v,-0.011472655460238457, -0.01777513138949871, 0.00896640308201313
v,-0.011543127708137035, -0.017524976283311844, 0.009035623632371426
v,-0.011543127708137035, -0.017524978145956993, -0.010412564501166344
v,0.0005427342839539051, -0.017130114138126373, -0.010412563569843769
v,0.0005427342257462442, -0.017130114138126373, 0.003385129850357771
v,0.00033601067843846977, -0.016887273639440536, 0.002743613440543413
v,-0.008884219452738762, -0.017382239922881126, -0.010605092160403728
v,-0.008673309348523617, -0.017624856904149055, -0.01044707652181387
v,-0.011452955193817616, -0.017774075269699097, -0.010452983900904655
v,-0.011592320166528225, -0.016608629375696182, 0.009035623632371426
v,-0.011543127708137035, -0.017524976283311844, 0.009035623632371426
v,-0.011349997483193874, -0.017514608800411224, 0.00922815129160881
v,-0.011543127708137035, -0.017524978145956993, -0.010412564501166344
v,-0.011592320166528225, -0.016608629375696182, -0.010412564501166344
v,-0.01139918901026249, -0.016598261892795563, -0.010605093091726303
v,-0.00863338727504015, -0.016449786722660065, -0.010444742627441883
v,-0.00858419481664896, -0.017366133630275726, -0.010444742627441883
v,-0.008884219452738762, -0.017382239922881126, -0.010605092160403728
v,0.0002291167329531163, -0.016893012449145317, 0.002775792498141527
v,0.0001799247693270445, -0.015976663678884506, 0.0027757929638028145
v,0.00028681871481239796, -0.015970926731824875, 0.002743613440543413
v,-0.008775039575994015, -0.016457390040159225, 0.009228150360286236
v,-0.008725847117602825, -0.017373738810420036, 0.009228150360286236
v,-0.008532716892659664, -0.017363369464874268, 0.009035622701048851
v,0.0003360107366461307, -0.016887275502085686, -0.010412563569843769
v,0.0002868187439162284, -0.015970926731824875, -0.010412563569843769
v,0.00047994943452067673, -0.015960559248924255, -0.010605092160403728
v,-0.008581908419728279, -0.016447022557258606, -0.0044329664669930935
v,-0.008532716892659664, -0.017363371327519417, -0.0044329664669930935
v,-0.0084265461191535, -0.01735767163336277, -0.004464670084416866
v,0.00045779370702803135, -0.015961747616529465, 0.009067325852811337
v,0.0005069856997579336, -0.016878094524145126, 0.009067325852811337
v,0.0008062885608524084, -0.01686202734708786, 0.009228150360286236
v,0.0032897249329835176, -0.015809722244739532, 0.009035623632371426
v,0.0030965942423790693, -0.015820089727640152, 0.00922815129160881
v,0.0031457862351089716, -0.016736436635255814, 0.00922815129160881
v,0.0030965942423790693, -0.015820089727640152, -0.010605093091726303
v,0.0032897249329835176, -0.015809722244739532, -0.010412564501166344
v,0.00333891692571342, -0.016726071015000343, -0.010412564501166344
v,-0.011349997483193874, -0.017514608800411224, 0.00922815129160881
v,-0.008725847117602825, -0.017373738810420036, 0.009228150360286236
v,-0.008775039575994015, -0.016457390040159225, 0.009228150360286236
n,-1.3995566368103027, 26.070968627929688, -8.608232633378066e-07
n,34.18088912963867, 1.8349201679229736, 6.663788190550872e-15
n,-1.3995579481124878, 26.070968627929688, -7.810790521034505e-07
n,-1.3995580673217773, 26.070968627929688, -1.1412391813792055e-06
n,-34.18088912963867, -1.8349201679229736, -6.663788190550872e-15
n,-34.18088912963867, -1.8349201679229736, -6.663788190550872e-15
n,-1.2782737940142397e-05, 8.190439757527201e-07, 34.38671112060547
n,-1.3995579481124878, 26.070968627929688, -8.148365395754809e-07
n,1.3995509147644043, -26.070968627929688, 5.989500095893163e-08
n,1.399559497833252, -26.070968627929688, 1.681226649452583e-06
n,1.3995580673217773, -26.070968627929688, 1.1412391813792055e-06
n,1.3995580673217773, -26.070968627929688, 1.1412391813792055e-06
n,1.3995593786239624, -26.070968627929688, -2.1969583485770272e-07
n,1.3995580673217773, -26.070968627929688, 1.1412391813792055e-06
n,1.3995596170425415, -26.070968627929688, 1.1412391813792055e-06
n,34.18088912963867, 1.8349201679229736, 6.663788190550872e-15
n,1.2132223673688713e-05, -8.539652753825067e-07, -34.38671112060547
n,1.3995580673217773, -26.070968627929688, 1.1412391813792055e-06
n,-1.3995587825775146, 26.070968627929688, -1.2720676068056491e-06
n,28.467897415161133, 1.528230905532837, -19.0324764251709
n,-28.552371978759766, -1.5327364206314087, 18.903980255126953
n,-1.3995587825775146, 26.070968627929688, -7.86618556958274e-07
n,-1.3995587825775146, 26.070968627929688, -1.1412391813792055e-06
n,-1.1276214536337648e-05, -2.110591822201968e-06, -34.38671112060547
n,-1.3995587825775146, 26.070968627929688, -1.2762360483975499e-06
n,-22.524578094482422, 9.765972137451172, 22.069190979003906
n,16.544506072998047, 18.911766052246094, 17.614709854125977
n,0.7882980108261108, 25.550310134887695, 7.233083248138428
n,-14.298318862915039, 13.658196449279785, 25.245338439941406
n,18.92630386352539, 16.111486434936523, 19.853168487548828
n,18.926300048828125, 16.11148452758789, -19.853172302246094
n,-20.54237174987793, 13.992700576782227, -19.853168487548828
n,-4.074917793273926, 24.909807205200195, -9.094107627868652
n,15.375128746032715, 6.941425323486328, -29.465198516845703
n,-24.144960403442383, 2.123659133911133, -24.106191635131836
n,-21.34961700439453, -12.12125015258789, 22.069194793701172
n,18.47406005859375, -17.031875610351562, 17.614709854125977
n,3.5190746784210205, -25.31907844543457, 7.233092784881592
n,-12.753942489624023, -15.110430717468262, 25.24534034729004
n,20.542373657226562, -13.992700576782227, 19.85317039489746
n,20.542375564575195, -13.99270248413086, -19.85317039489746
n,-18.926301956176758, -16.11148452758789, -19.85317039489746
n,-1.3847092390060425, -25.202896118164062, -9.09411334991455
n,16.029891967773438, -5.255521297454834, -29.46519660949707
n,-23.778844833374023, -4.696336269378662, -24.106189727783203
n,-1.1468169689178467, 20.996822357177734, 20.381521224975586
n,23.179885864257812, 19.732452392578125, -8.888539468898671e-07
n,-21.179105758666992, 17.351240158081055, 13.367055892944336
n,-0.9896467924118042, 18.434968948364258, 24.315061569213867
n,23.179885864257812, 19.732452392578125, -8.069784485087439e-07
n,-0.9896460175514221, 18.434967041015625, -24.3150634765625
n,25.31456184387207, 12.227116584777832, -17.303775787353516
n,-33.18385696411133, 5.605257034301758, -3.3594554338378657e-07
n,-25.159160614013672, 17.13748550415039, -8.914626619116461e-07
n,-0.8301115036010742, 16.516706466674805, -26.60886573791504
n,1.1233596801757812, -20.92582893371582, 20.51002311706543
n,25.159162521362305, -17.13748550415039, 8.069784485087439e-07
n,-19.199974060058594, -19.51875877380371, 13.367156982421875
n,0.9896295070648193, -18.434967041015625, 24.315061569213867
n,25.159160614013672, -17.13748550415039, 8.069784485087439e-07
n,0.9896305799484253, -18.43497085571289, -24.3150634765625
n,26.653039932250977, -9.022990226745605, -17.445026397705078
n,-31.26082420349121, -11.311117172241211, -0.03232891485095024
n,-23.179887771606445, -19.732452392578125, 1.2074260666850023e-06
n,0.8676347136497498, -16.16212272644043, -26.98183250427246
n,-24.169538497924805, -1.2974834442138672, 24.31507682800293
n,-24.169538497924805, -1.297485589981079, -24.31507682800293
n,16.150588989257812, 0.8670048117637634, -30.306001663208008
n,-9.881217956542969, -0.530451238155365, -32.91850662231445
n,24.169538497924805, 1.297485589981079, 24.31507682800293
n,-24.169538497924805, -1.297485589981079, -24.31507682800293
n,9.80827522277832, 0.5265510678291321, 32.94057846069336
n,-16.21802520751953, -0.8706250786781311, 30.26953125
n,24.169538497924805, 1.297485589981079, 24.31507682800293
n,24.169538497924805, 1.2974834442138672, -24.31507682800293
n,1.1243736480537336e-05, 2.1088483208586695e-06, 34.38671112060547
n,34.18088912963867, 1.8349201679229736, 6.663788190550872e-15
n,-34.18088912963867, -1.8349201679229736, -6.663788190550872e-15
n,-34.18088912963867, -1.8349201679229736, -6.663788190550872e-15
n,-1.2782738849637099e-05, 8.190439189093013e-07, 34.38671112060547
n,34.18088912963867, 1.8349201679229736, 6.663788190550872e-15
n,1.2132223673688713e-05, -8.539652753825067e-07, -34.38671112060547
n,28.467899322509766, 1.5282310247421265, -19.03247833251953
n,-28.552370071411133, -1.532765507698059, 18.903982162475586
n,-1.1276214536337648e-05, -2.110591822201968e-06, -34.38671112060547
n,-1.123347520828247, 20.925832748413086, 20.51002311706543
n,23.179885864257812, 19.73245620727539, -9.047683420249086e-07
n,-21.179243087768555, 17.351097106933594, 13.367156028747559
n,-0.9896471500396729, 18.434968948364258, 24.315061569213867
n,23.17988395690918, 19.732454299926758, -7.731169944236171e-07
n,-0.9896458983421326, 18.434968948364258, -24.315059661865234
n,25.533891677856445, 11.824524879455566, -17.445026397705078
n,-32.29209518432617, 7.899428844451904, -0.0323297493159771
n,-25.15915870666504, 17.13748550415039, -8.570344220970583e-07
n,-0.8676162362098694, 16.162124633789062, -26.981830596923828
n,1.1076256036758423, -20.998924255371094, 20.381526947021484
n,25.159160614013672, -17.13748550415039, 8.069784485087439e-07
n,-19.199817657470703, -19.518888473510742, 13.367053985595703
n,0.989629864692688, -18.434967041015625, 24.3150634765625
n,25.159160614013672, -17.13748550415039, 8.069784485087439e-07
n,0.9896305799484253, -18.43497085571289, -24.3150634765625
n,26.478063583374023, -9.446772575378418, -17.303770065307617
n,-32.39306640625, -9.12559700012207, 3.224165538995294e-07
n,-23.179887771606445, -19.732452392578125, 1.1888074595844955e-06
n,0.9428843259811401, -16.510652542114258, -26.608869552612305
n,-24.169538497924805, -1.2974834442138672, 24.31507682800293
n,-24.169538497924805, -1.297485589981079, -24.31507682800293
n,16.150588989257812, 0.8670048117637634, -30.306001663208008
n,-9.881340026855469, -0.5304422378540039, -32.9184684753418
n,24.169538497924805, 1.297485589981079, 24.31507682800293
n,-24.169538497924805, -1.297485589981079, -24.31507682800293
n,9.80815315246582, 0.5265288949012756, 32.94061279296875
n,-16.21802520751953, -0.8706250786781311, 30.26953125
n,24.169538497924805, 1.297485589981079, 24.31507682800293
n,24.169538497924805, 1.2974834442138672, -24.31507682800293
n,1.1243735571042635e-05, 2.1088483208586695e-06, 34.38671112060547
u,0.3294813632965088, 0.08362036943435669, 0
u,0.27056023478507996, 0.3952832818031311, 0
u,0.2747962176799774, 0.5229165554046631, 0
u,0.9326973557472229, 0.6538425385951996, 0
u,0.9484358429908752, 0.9503842741250992, 0
u,0.9484357237815857, 0.6538425385951996, 0
u,0.06303513795137405, 0.08284324407577515, 0
u,0.06215817853808403, 0.19982260465621948, 0
u,0.27056023478507996, 0.3952832818031311, 0
u,0.06215817853808403, 0.19982260465621948, 0
u,0.0004436067247297615, 0.0827103853225708, 0
u,-7.2556760599695735e-09, 0.5213555693626404, 0
u,0.7979443073272705, 0.08359432220458984, 0
u,0.8136827945709229, 0.5228964984416962, 0
u,0.8136827349662781, 0.08359432220458984, 0
u,0.9842615723609924, 0.7028238475322723, 0
u,0.9685231447219849, 0.9999999968182882, 0
u,0.9842615723609924, 0.9999999961303403, 0
u,0.9239996671676636, 0.056543588638305664, 0
u,0.9397380948066711, 0.10563862323760986, 0
u,0.9397380948066711, 0.056543588638305664, 0
u,0.27056023478507996, 0.3952832818031311, 0
u,0.06215817853808403, 0.19982260465621948, 0
u,0.2747962176799774, 0.5229165554046631, 0
u,0.6633042693138123, 0.5228717923164368, 0
u,0.6086191534996033, 0.08357560634613037, 0
u,0.6043831706047058, 0.21120893955230713, 0
u,0.6633042693138123, 0.5228717923164368, 0
u,0.6043831706047058, 0.21120893955230713, 0
u,0.6043831706047058, 0.5228712260723114, 0
u,0.3968580365180969, 0.5236489176750183, 0
u,0.6043831706047058, 0.21120893955230713, 0
u,0.3959810733795166, 0.406669557094574, 0
u,0.3959810733795166, 0.406669557094574, 0
u,0.33382290601730347, 0.08513659238815308, 0
u,0.3342665135860443, 0.5237817466259003, 0
u,0.6043831706047058, 0.21120893955230713, 0
u,0.6086191534996033, 0.08357560634613037, 0
u,0.3959810733795166, 0.406669557094574, 0
u,0.3968580365180969, 0.5236489176750183, 0
u,0.3959810733795166, 0.406669557094574, 0
u,0.3342665135860443, 0.5237817466259003, 0
u,0.6633042693138123, 0.5228717923164368, 0
u,0.6633042693138123, 0.08357608318328857, 0
u,0.6086191534996033, 0.08357560634613037, 0
u,0.9598253965377808, 0.017198920249938965, 0
u,0.944087028503418, 0.22256499528884888, 0
u,0.9598253965377808, 0.22256499528884888, 0
u,0.822380542755127, 0.48627912998199463, 0
u,0.8381189703941345, 0.5272442400455475, 0
u,0.8381189703941345, 0.48627912998199463, 0
u,0.3959810733795166, 0.406669557094574, 0
u,0.3959810733795166, 0.08507704734802246, 0
u,0.33382290601730347, 0.08513659238815308, 0
u,0.06215817853808403, 0.19982260465621948, 0
u,-7.2556760599695735e-09, 0.5213555693626404, 0
u,0.06215817108750343, 0.521415114402771, 0
u,0.822380542755127, 0.13084620237350464, 0
u,0.8381189703941345, 0.47884970903396606, 0
u,0.8381189703941345, 0.13084620237350464, 0
u,0.9685231447219849, 1.0000000031817116, 0
u,0.9527847766876221, 0.6943841278553009, 0
u,0.9527847170829773, 1.000000012282209, 0
u,0.06303513795137405, 0.08284324407577515, 0
u,0.0004436067247297615, 0.0827103853225708, 0
u,0.06215817853808403, 0.19982260465621948, 0
u,0.3294813632965088, 0.08362036943435669, 0
u,0.2747962176799774, 0.5229165554046631, 0
u,0.3294813632965088, 0.5229160785675049, 0
u,0.9326974153518677, 0.9565284736454487, 0
u,0.9484358429908752, 0.9999999976963336, 0
u,0.9484358429908752, 0.9565284736454487, 0
u,0.3294813632965088, 0.08362036943435669, 0
u,0.27056023478507996, 0.08362090587615967, 0
u,0.27056023478507996, 0.3952832818031311, 0
u,0.8136827945709229, 0.5272442996501923, 0
u,0.8180316686630249, 0.5213326215744019, 0
u,0.8136827945709229, 0.5228964984416962, 0
u,0.06215079873800278, 0.5272436738014221, 0
u,0.06649968028068542, 0.5228947997093201, 0
u,0.06215817108750343, 0.521415114402771, 0
u,0.06649967283010483, 0.21866625547409058, 0
u,0.06889040768146515, 0.21795016527175903, 0
u,0.06215817853808403, 0.19982260465621948, 0
u,0.2700539827346802, 0.5236090123653412, 0
u,0.27679362893104553, 0.5272416770458221, 0
u,0.2747962176799774, 0.5229165554046631, 0
u,0.9397380948066711, 0.10563862323760986, 0
u,0.9397380948066711, 0.11126846075057983, 0
u,0.9440869688987732, 0.10721558332443237, 0
u,0.9484358429908752, 0.9503842741250992, 0
u,0.9484358429908752, 0.9565284736454487, 0
u,0.9527847170829773, 0.9535928480327129, 0
u,0.2705528736114502, 0.07924842834472656, 0
u,0.26620399951934814, 0.08359730243682861, 0
u,0.27056023478507996, 0.08362090587615967, 0
u,0.26379698514938354, 0.38149595260620117, 0
u,0.27056023478507996, 0.3952832818031311, 0
u,0.26620399951934814, 0.3807690143585205, 0
u,0.8381189703941345, 0.47884970903396606, 0
u,0.8381189703941345, 0.48627912998199463, 0
u,0.8424678444862366, 0.4805915951728821, 0
u,0.8136827349662781, 0.08359432220458984, 0
u,0.8180316090583801, 0.08268088102340698, 0
u,0.8136827349662781, 0.07924437522888184, 0
u,0.7979443669319153, 0.5272442996501923, 0
u,0.7979443669319153, 0.5228964984416962, 0
u,0.7935954928398132, 0.5213326215744019, 0
u,0.39597371220588684, 0.07924854755401611, 0
u,0.3959810733795166, 0.08507704734802246, 0
u,0.4003225862979889, 0.08359736204147339, 0
u,0.4003225862979889, 0.3878259062767029, 0
u,0.3959810733795166, 0.406669557094574, 0
u,0.4027132987976074, 0.3885420560836792, 0
u,0.6038768887519836, 0.08288317918777466, 0
u,0.6086191534996033, 0.08357560634613037, 0
u,0.6106165051460266, 0.0792505145072937, 0
u,0.9239996671676636, 0.10563862323760986, 0
u,0.9196507930755615, 0.10721558332443237, 0
u,0.9239996671676636, 0.11126846075057983, 0
u,0.9326974153518677, 0.9503842778503895, 0
u,0.9283485412597656, 0.9535928517580032, 0
u,0.9326974153518677, 0.9565284736454487, 0
u,0.6043757796287537, 0.5272437334060669, 0
u,0.6043831706047058, 0.5228712260723114, 0
u,0.6000269055366516, 0.5228948891162872, 0
u,0.597619891166687, 0.22499626874923706, 0
u,0.6000269055366516, 0.22572314739227295, 0
u,0.6043831706047058, 0.21120893955230713, 0
u,0.822380542755127, 0.47884970903396606, 0
u,0.8180316686630249, 0.4805915951728821, 0
u,0.822380542755127, 0.48627912998199463, 0
u,0.7979443073272705, 0.08359432220458984, 0
u,0.7979443073272705, 0.07924437522888184, 0
u,0.7935954332351685, 0.08268088102340698, 0
u,0.003060692921280861, 0.5272442400455475, 0
u,0.06215817108750343, 0.521415114402771, 0
u,-7.2556760599695735e-09, 0.5213555693626404, 0
u,0.06215817108750343, 0.521415114402771, 0
u,0.06649967283010483, 0.21866625547409058, 0
u,0.06215817853808403, 0.19982260465621948, 0
u,0.06889040768146515, 0.21795016527175903, 0
u,0.2747962176799774, 0.5229165554046631, 0
u,0.06215817853808403, 0.19982260465621948, 0
u,0.27679362893104553, 0.5272416770458221, 0
u,0.3294813632965088, 0.5229160785675049, 0
u,0.2747962176799774, 0.5229165554046631, 0
u,0.3338228762149811, 0.5228923857212067, 0
u,0.3294813632965088, 0.08362036943435669, 0
u,0.3294813632965088, 0.5229160785675049, 0
u,0.32947400212287903, 0.07924783229827881, 0
u,0.27056023478507996, 0.08362090587615967, 0
u,0.3294813632965088, 0.08362036943435669, 0
u,0.8381189703941345, 0.13084620237350464, 0
u,0.8424678444862366, 0.4805915951728821, 0
u,0.8424678444862366, 0.11657071113586426, 0
u,0.8180316686630249, 0.5213326215744019, 0
u,0.8136827349662781, 0.08359432220458984, 0
u,0.8136827945709229, 0.5228964984416962, 0
u,0.27056023478507996, 0.08362090587615967, 0
u,0.26620399951934814, 0.3807690143585205, 0
u,0.27056023478507996, 0.3952832818031311, 0
u,0.05858458951115608, 0.07925039529800415, 0
u,0.0004436067247297615, 0.0827103853225708, 0
u,0.06303513795137405, 0.08284324407577515, 0
u,0.3368836045265198, 0.07924795150756836, 0
u,0.3959810733795166, 0.08507704734802246, 0
u,0.39597371220588684, 0.07924854755401611, 0
u,0.3959810733795166, 0.08507704734802246, 0
u,0.4003225862979889, 0.3878259062767029, 0
u,0.4003225862979889, 0.08359736204147339, 0
u,0.4027132987976074, 0.3885420560836792, 0
u,0.6086191534996033, 0.08357560634613037, 0
u,0.6038768887519836, 0.08288317918777466, 0
u,0.6106165051460266, 0.0792505145072937, 0
u,0.6633042693138123, 0.08357608318328857, 0
u,0.6632968783378601, 0.0792509913444519, 0
u,0.6633042693138123, 0.08357608318328857, 0
u,0.6676457524299622, 0.5228955149650574, 0
u,0.6676457524299622, 0.08359980583190918, 0
u,0.6633042693138123, 0.5228717923164368, 0
u,0.6043757796287537, 0.5272437334060669, 0
u,0.6632968783378601, 0.5272442996501923, 0
u,0.822380542755127, 0.13084620237350464, 0
u,0.8180316686630249, 0.4805915951728821, 0
u,0.822380542755127, 0.47884970903396606, 0
u,0.7935954928398132, 0.5213326215744019, 0
u,0.7979443073272705, 0.08359432220458984, 0
u,0.7935954332351685, 0.08268088102340698, 0
u,0.6043831706047058, 0.5228712260723114, 0
u,0.6000269055366516, 0.22572314739227295, 0
u,0.6000269055366516, 0.5228948891162872, 0
u,0.39240750670433044, 0.5272417962551117, 0
u,0.3342665135860443, 0.5237817466259003, 0
u,0.3368836045265198, 0.5272412896156311, 0
u,0.8136827945709229, 0.5228964984416962, 0
u,0.7979443669319153, 0.5272442996501923, 0
u,0.8136827945709229, 0.5272442996501923, 0
u,0.7979443073272705, 0.08359432220458984, 0
u,0.8136827349662781, 0.07924437522888184, 0
u,0.7979443073272705, 0.07924437522888184, 0
u,0.8381189703941345, 0.47884970903396606, 0
u,0.822380542755127, 0.48627912998199463, 0
u,0.8381189703941345, 0.48627912998199463, 0
u,0.822380542755127, 0.13084620237350464, 0
u,0.8381189703941345, 0.12956100702285767, 0
u,0.822380542755127, 0.12956100702285767, 0
u,0.9283486008644104, 0.5987739562988281, 0
u,0.9440869688987732, 0.5931440889835358, 0
u,0.9283486008644104, 0.5931440889835358, 0
u,0.9685231447219849, 0.7028238475322723, 0
u,0.9842615723609924, 0.6984739005565643, 0
u,0.9685231447219849, 0.6984739005565643, 0
u,0.8938279747962952, 0.4294995665550232, 0
u,0.8913402557373047, 0.4137611389160156, 0
u,0.8913402557373047, 0.4294995665550232, 0
u,0.9397380948066711, 0.05157989263534546, 0
u,0.9239996671676636, 0.056543588638305664, 0
u,0.9397380948066711, 0.056543588638305664, 0
u,0.9397380948066711, 0.11126846075057983, 0
u,0.9239996671676636, 0.10563862323760986, 0
u,0.9239996671676636, 0.11126846075057983, 0
u,0.9484358429908752, 0.9565284736454487, 0
u,0.9326974153518677, 0.9503842778503895, 0
u,0.9326974153518677, 0.9565284736454487, 0
u,0.9440869688987732, 0.6538425385951996, 0
u,0.9283486008644104, 0.5987739562988281, 0
u,0.9283486008644104, 0.6538425385951996, 0
u,0.9326973557472229, 0.6538425385951996, 0
u,0.9326974153518677, 0.9503842778503895, 0
u,0.9484358429908752, 0.9503842741250992, 0
u,0.7979443073272705, 0.08359432220458984, 0
u,0.7979443669319153, 0.5228964984416962, 0
u,0.8136827945709229, 0.5228964984416962, 0
u,0.9842615723609924, 0.7028238475322723, 0
u,0.9685231447219849, 0.7028238475322723, 0
u,0.9685231447219849, 0.9999999968182882, 0
u,0.9239996671676636, 0.056543588638305664, 0
u,0.9239996671676636, 0.10563862323760986, 0
u,0.9397380948066711, 0.10563862323760986, 0
u,0.9598253965377808, 0.017198920249938965, 0
u,0.9440869688987732, 0.017198920249938965, 0
u,0.944087028503418, 0.22256499528884888, 0
u,0.822380542755127, 0.48627912998199463, 0
u,0.822380542755127, 0.5272442400455475, 0
u,0.8381189703941345, 0.5272442400455475, 0
u,0.822380542755127, 0.13084620237350464, 0
u,0.822380542755127, 0.47884970903396606, 0
u,0.8381189703941345, 0.47884970903396606, 0
u,0.9685231447219849, 1.0000000031817116, 0
u,0.9685231447219849, 0.6943841278553009, 0
u,0.9527847766876221, 0.6943841278553009, 0
u,0.9326974153518677, 0.9565284736454487, 0
u,0.9326974153518677, 0.9999999983842816, 0
u,0.9484358429908752, 0.9999999976963336, 0
u,0.003060692921280861, 0.5272442400455475, 0
u,0.06215079873800278, 0.5272436738014221, 0
u,0.06215817108750343, 0.521415114402771, 0
u,0.06215817108750343, 0.521415114402771, 0
u,0.06649968028068542, 0.5228947997093201, 0
u,0.06649967283010483, 0.21866625547409058, 0
u,0.06889040768146515, 0.21795016527175903, 0
u,0.2700539827346802, 0.5236090123653412, 0
u,0.2747962176799774, 0.5229165554046631, 0
u,0.27679362893104553, 0.5272416770458221, 0
u,0.32947397232055664, 0.5272412002086639, 0
u,0.3294813632965088, 0.5229160785675049, 0
u,0.3338228762149811, 0.5228923857212067, 0
u,0.3338228762149811, 0.08359664678573608, 0
u,0.3294813632965088, 0.08362036943435669, 0
u,0.32947400212287903, 0.07924783229827881, 0
u,0.2705528736114502, 0.07924842834472656, 0
u,0.27056023478507996, 0.08362090587615967, 0
u,0.8381189703941345, 0.13084620237350464, 0
u,0.8381189703941345, 0.47884970903396606, 0
u,0.8424678444862366, 0.4805915951728821, 0
u,0.8180316686630249, 0.5213326215744019, 0
u,0.8180316090583801, 0.08268088102340698, 0
u,0.8136827349662781, 0.08359432220458984, 0
u,0.27056023478507996, 0.08362090587615967, 0
u,0.26620399951934814, 0.08359730243682861, 0
u,0.26620399951934814, 0.3807690143585205, 0
u,0.05858458951115608, 0.07925039529800415, 0
u,0.003060699673369527, 0.07925087213516235, 0
u,0.0004436067247297615, 0.0827103853225708, 0
u,0.3368836045265198, 0.07924795150756836, 0
u,0.33382290601730347, 0.08513659238815308, 0
u,0.3959810733795166, 0.08507704734802246, 0
u,0.3959810733795166, 0.08507704734802246, 0
u,0.3959810733795166, 0.406669557094574, 0
u,0.4003225862979889, 0.3878259062767029, 0
u,0.4027132987976074, 0.3885420560836792, 0
u,0.3959810733795166, 0.406669557094574, 0
u,0.6086191534996033, 0.08357560634613037, 0
u,0.6106165051460266, 0.0792505145072937, 0
u,0.6086191534996033, 0.08357560634613037, 0
u,0.6633042693138123, 0.08357608318328857, 0
u,0.6633042693138123, 0.08357608318328857, 0
u,0.6633042693138123, 0.5228717923164368, 0
u,0.6676457524299622, 0.5228955149650574, 0
u,0.6633042693138123, 0.5228717923164368, 0
u,0.6043831706047058, 0.5228712260723114, 0
u,0.6043757796287537, 0.5272437334060669, 0
u,0.822380542755127, 0.13084620237350464, 0
u,0.8180316686630249, 0.11657071113586426, 0
u,0.8180316686630249, 0.4805915951728821, 0
u,0.7935954928398132, 0.5213326215744019, 0
u,0.7979443669319153, 0.5228964984416962, 0
u,0.7979443073272705, 0.08359432220458984, 0
u,0.6043831706047058, 0.5228712260723114, 0
u,0.6043831706047058, 0.21120893955230713, 0
u,0.6000269055366516, 0.22572314739227295, 0
u,0.39240750670433044, 0.5272417962551117, 0
u,0.3968580365180969, 0.5236489176750183, 0
u,0.3342665135860443, 0.5237817466259003, 0
u,0.8136827945709229, 0.5228964984416962, 0
u,0.7979443669319153, 0.5228964984416962, 0
u,0.7979443669319153, 0.5272442996501923, 0
u,0.7979443073272705, 0.08359432220458984, 0
u,0.8136827349662781, 0.08359432220458984, 0
u,0.8136827349662781, 0.07924437522888184, 0
u,0.8381189703941345, 0.47884970903396606, 0
u,0.822380542755127, 0.47884970903396606, 0
u,0.822380542755127, 0.48627912998199463, 0
u,0.822380542755127, 0.13084620237350464, 0
u,0.8381189703941345, 0.13084620237350464, 0
u,0.8381189703941345, 0.12956100702285767, 0
u,0.9283486008644104, 0.5987739562988281, 0
u,0.9440869688987732, 0.5987739562988281, 0
u,0.9440869688987732, 0.5931440889835358, 0
u,0.9685231447219849, 0.7028238475322723, 0
u,0.9842615723609924, 0.7028238475322723, 0
u,0.9842615723609924, 0.6984739005565643, 0
u,0.8938279747962952, 0.4294995665550232, 0
u,0.8938279747962952, 0.4137611389160156, 0
u,0.8913402557373047, 0.4137611389160156, 0
u,0.9397380948066711, 0.05157989263534546, 0
u,0.9239996671676636, 0.05157989263534546, 0
u,0.9239996671676636, 0.056543588638305664, 0
u,0.9397380948066711, 0.11126846075057983, 0
u,0.9397380948066711, 0.10563862323760986, 0
u,0.9239996671676636, 0.10563862323760986, 0
u,0.9484358429908752, 0.9565284736454487, 0
u,0.9484358429908752, 0.9503842741250992, 0
u,0.9326974153518677, 0.9503842778503895, 0
u,0.9440869688987732, 0.6538425385951996, 0
u,0.9440869688987732, 0.5987739562988281, 0
u,0.9283486008644104, 0.5987739562988281, 0
