v,-1.8372395826915522e-09, 0.005850731395184994, 0.00046221737284213305
v,-1.97123184442205e-09, 0.003673900617286563, -1.4019562513567507e-05
v,-1.9087007530060873e-09, 0.004750819876790047, 0.0003180022758897394
v,-1.8372395826915522e-09, 0.005850731395184994, 0.00046221737284213305
v,-2.019716838219665e-09, 0.002709066029638052, -0.0005048908642493188
v,-1.97123184442205e-09, 0.003673900617286563, -1.4019562513567507e-05
v,-1.7604445678998104e-09, 0.00692058727145195, 0.00041552804759703577
v,-2.019716838219665e-09, 0.002709066029638052, -0.0005048908642493188
v,-1.8372395826915522e-09, 0.005850731395184994, 0.00046221737284213305
v,-1.7604445678998104e-09, 0.00692058727145195, 0.00041552804759703577
v,-2.054593162270635e-09, 0.0018576572183519602, -0.0011409983271732926
v,-2.019716838219665e-09, 0.002709066029638052, -0.0005048908642493188
v,-1.6793192392228207e-09, 0.007952714338898659, 0.00018987961811944842
v,-2.054593162270635e-09, 0.0018576572183519602, -0.0011409983271732926
v,-1.7604445678998104e-09, 0.00692058727145195, 0.00041552804759703577
v,-1.6793192392228207e-09, 0.007952714338898659, 0.00018987961811944842
v,-2.076296912179032e-09, 0.0011210154043510556, -0.0019087279215455055
v,-2.054593162270635e-09, 0.0018576572183519602, -0.0011409983271732926
v,-1.5948665721410293e-09, 0.00893944501876831, -0.00020277954172343016
v,-2.076296912179032e-09, 0.0011210154043510556, -0.0019087279215455055
v,-1.6793192392228207e-09, 0.007952714338898659, 0.00018987961811944842
v,-1.5948665721410293e-09, 0.00893944501876831, -0.00020277954172343016
v,-2.085264849682744e-09, 0.0005004804115742445, -0.002794467145577073
v,-2.076296912179032e-09, 0.0011210154043510556, -0.0019087279215455055
v,-1.5080899862240926e-09, 0.00987310241907835, -0.0007505048997700214
v,-2.085264849682744e-09, 0.0005004804115742445, -0.002794467145577073
v,-1.5948665721410293e-09, 0.00893944501876831, -0.00020277954172343016
v,-1.5080899862240926e-09, 0.00987310241907835, -0.0007505048997700214
v,-2.081933514475054e-09, -2.6064226403832436e-06, -0.003784604137763381
v,-2.085264849682744e-09, 0.0005004804115742445, -0.002794467145577073
v,-1.419992456952457e-09, 0.010746018961071968, -0.001441349508240819
v,-1.7710418687144625e-09, 0.005305882077664137, -0.0022161283995956182
v,-1.5080899862240926e-09, 0.00987310241907835, -0.0007505048997700214
v,-1.7710418687144625e-09, 0.005305882077664137, -0.0022161283995956182
v,-2.081933514475054e-09, -2.6064226403832436e-06, -0.003784604137763381
v,-1.5080899862240926e-09, 0.00987310241907835, -0.0007505048997700214
v,-1.419992456952457e-09, 0.010746018961071968, -0.001441349508240819
v,-1.7215728842501221e-09, 0.006067621987313032, -0.0021157069131731987
v,-1.7710418687144625e-09, 0.005305882077664137, -0.0022161283995956182
v,-1.8139091340074742e-09, 0.004567284602671862, -0.00244433362968266
v,-2.081933514475054e-09, -2.6064226403832436e-06, -0.003784604137763381
v,-1.7710418687144625e-09, 0.005305882077664137, -0.0022161283995956182
v,-1.419992456952457e-09, 0.010746018961071968, -0.001441349508240819
v,-1.6677971226286559e-09, 0.006818239577114582, -0.002145795151591301
v,-1.7215728842501221e-09, 0.006067621987313032, -0.0021157069131731987
v,-1.8477585017606657e-09, 0.0038941134698688984, -0.0027862803544849157
v,-2.081933514475054e-09, -2.6064226403832436e-06, -0.003784604137763381
v,-1.8139091340074742e-09, 0.004567284602671862, -0.00244433362968266
v,-1.419992456952457e-09, 0.010746018961071968, -0.001441349508240819
v,-1.6104046984821707e-09, 0.007551061920821667, -0.0023006817791610956
v,-1.6677971226286559e-09, 0.006818239577114582, -0.002145795151591301
v,-1.872647592549015e-09, 0.003289974294602871, -0.003234007628634572
v,-2.081933514475054e-09, -2.6064226403832436e-06, -0.003784604137763381
v,-1.8477585017606657e-09, 0.0038941134698688984, -0.0027862803544849157
v,-1.872647592549015e-09, 0.003289974294602871, -0.003234007628634572
v,-2.066739446249244e-09, -0.0003869044594466686, -0.004865522962063551
v,-2.081933514475054e-09, -2.6064226403832436e-06, -0.003784604137763381
v,-1.3315774038957784e-09, 0.011550520546734333, -0.0022633657790720463
v,-1.6104046984821707e-09, 0.007551061920821667, -0.0023006817791610956
v,-1.419992456952457e-09, 0.010746018961071968, -0.001441349508240819
v,-1.3315774038957784e-09, 0.011550520546734333, -0.0022633657790720463
v,-1.5500859484873786e-09, 0.008259418420493603, -0.0025746547617018223
v,-1.6104046984821707e-09, 0.007551061920821667, -0.0023006817791610956
v,-1.8886343600144073e-09, 0.002758471295237541, -0.0037795526441186666
v,-2.066739446249244e-09, -0.0003869044594466686, -0.004865522962063551
v,-1.872647592549015e-09, 0.003289974294602871, -0.003234007628634572
v,-1.3315774038957784e-09, 0.011550520546734333, -0.0022633657790720463
v,-1.4875307652317815e-09, 0.00893663614988327, -0.0029620041605085135
v,-1.5500859484873786e-09, 0.008259418420493603, -0.0025746547617018223
v,-1.895776202687216e-09, 0.00230320799164474, -0.0044149551540613174
v,-2.066739446249244e-09, -0.0003869044594466686, -0.004865522962063551
v,-1.8886343600144073e-09, 0.002758471295237541, -0.0037795526441186666
v,-1.895776202687216e-09, 0.00230320799164474, -0.0044149551540613174
v,-2.0401191846985967e-09, -0.000651072128675878, -0.00602361187338829
v,-2.066739446249244e-09, -0.0003869044594466686, -0.004865522962063551
v,-1.2438480245791084e-09, 0.012278934009373188, -0.0032046083360910416
v,-1.4875307652317815e-09, 0.00893663614988327, -0.0029620041605085135
v,-1.3315774038957784e-09, 0.011550520546734333, -0.0022633657790720463
v,-1.2438480245791084e-09, 0.012278934009373188, -0.0032046083360910416
v,-1.4234294853920915e-09, 0.00957604218274355, -0.0034570202697068453
v,-1.4875307652317815e-09, 0.00893663614988327, -0.0029620041605085135
v,-1.8941308521647215e-09, 0.0019277897663414478, -0.005132252816110849
v,-2.0401191846985967e-09, -0.000651072128675878, -0.00602361187338829
v,-1.895776202687216e-09, 0.00230320799164474, -0.0044149551540613174
v,-1.2438480245791084e-09, 0.012278934009373188, -0.0032046083360910416
v,-1.358472112578113e-09, 0.01017096545547247, -0.004053991753607988
v,-1.4234294853920915e-09, 0.00957604218274355, -0.0034570202697068453
v,-1.8837562620888093e-09, 0.0016358202556148171, -0.005923483520746231
v,-2.0401191846985967e-09, -0.000651072128675878, -0.00602361187338829
v,-1.8941308521647215e-09, 0.0019277897663414478, -0.005132252816110849
v,-1.8837562620888093e-09, 0.0016358202556148171, -0.005923483520746231
v,-2.0025094915609998e-09, -0.0007937712944112718, -0.007245257496833801
v,-2.0401191846985967e-09, -0.000651072128675878, -0.00602361187338829
v,-1.1578076275498006e-09, 0.012923589907586575, -0.004253129940479994
v,-1.358472112578113e-09, 0.01017096545547247, -0.004053991753607988
v,-1.2438480245791084e-09, 0.012278934009373188, -0.0032046083360910416
v,-1.1578076275498006e-09, 0.012923589907586575, -0.004253129940479994
v,-1.293348983466558e-09, 0.010714732110500336, -0.004747208207845688
v,-1.358472112578113e-09, 0.01017096545547247, -0.004053991753607988
v,-1.86470971996755e-09, 0.0014309033285826445, -0.006780687253922224
v,-2.0025094915609998e-09, -0.0007937712944112718, -0.007245257496833801
v,-1.8837562620888093e-09, 0.0016358202556148171, -0.005923483520746231
v,-1.86470971996755e-09, 0.0014309033285826445, -0.006780687253922224
v,-1.954346906529736e-09, -0.0008136587566696107, -0.008516846224665642
v,-2.0025094915609998e-09, -0.0007937712944112718, -0.007245257496833801
v,-1.0744591882883014e-09, 0.013476816937327385, -0.00539698451757431
v,-1.293348983466558e-09, 0.010714732110500336, -0.004747208207845688
v,-1.1578076275498006e-09, 0.012923589907586575, -0.004253129940479994
v,-1.0744591882883014e-09, 0.013476816937327385, -0.00539698451757431
v,-1.2287499906449284e-09, 0.011200671084225178, -0.005530958995223045
v,-1.293348983466558e-09, 0.010714732110500336, -0.004747208207845688
v,-1.8370492904651314e-09, 0.0013166447170078754, -0.007695901673287153
v,-1.954346906529736e-09, -0.0008136587566696107, -0.008516846224665642
v,-1.86470971996755e-09, 0.0014309033285826445, -0.006780687253922224
v,-1.8008323721119268e-09, 0.0012966471258550882, -0.008661165833473206
v,-1.954346906529736e-09, -0.0008136587566696107, -0.008516846224665642
v,-1.8370492904651314e-09, 0.0013166447170078754, -0.007695901673287153
v,-1.0744591882883014e-09, 0.013476816937327385, -0.00539698451757431
v,-1.1653654707899364e-09, 0.01162211038172245, -0.006399533245712519
v,-1.2287499906449284e-09, 0.011200671084225178, -0.005530958995223045
v,-1.8008323721119268e-09, 0.0012966471258550882, -0.008661165833473206
v,-1.8960677472534826e-09, -0.0007093952735885978, -0.009824764914810658
v,-1.954346906529736e-09, -0.0008136587566696107, -0.008516846224665642
v,-9.948061263642671e-10, 0.013930941931903362, -0.006624225527048111
v,-1.1653654707899364e-09, 0.01162211038172245, -0.006399533245712519
v,-1.0744591882883014e-09, 0.013476816937327385, -0.00539698451757431
v,-1.756116807527519e-09, 0.0013745161704719067, -0.009668516926467419
v,-1.8960677472534826e-09, -0.0007093952735885978, -0.009824764914810658
v,-1.8008323721119268e-09, 0.0012966471258550882, -0.008661165833473206
v,-9.948061263642671e-10, 0.013930941931903362, -0.006624225527048111
v,-1.1038855385336888e-09, 0.011972376145422459, -0.007347220554947853
v,-1.1653654707899364e-09, 0.01162211038172245, -0.006399533245712519
v,-1.756116807527519e-09, 0.0013745161704719067, -0.009668516926467419
v,-1.8281087754701275e-09, -0.0004796385474037379, -0.011155401356518269
v,-1.8960677472534826e-09, -0.0007093952735885978, -0.009824764914810658
v,-9.198515837915977e-10, 0.014278292655944824, -0.007922905497252941
v,-1.1038855385336888e-09, 0.011972376145422459, -0.007347220554947853
v,-9.948061263642671e-10, 0.013930941931903362, -0.006624225527048111
v,-1.7029602172868863e-09, 0.0015538549050688744, -0.010709996335208416
v,-1.8281087754701275e-09, -0.0004796385474037379, -0.011155401356518269
v,-1.756116807527519e-09, 0.0013745161704719067, -0.009668516926467419
v,-9.198515837915977e-10, 0.014278292655944824, -0.007922905497252941
v,-1.0450001974859902e-09, 0.012244799174368382, -0.008368310518562794
v,-1.1038855385336888e-09, 0.011972376145422459, -0.007347220554947853
v,-8.534734030618552e-10, 0.01450198981910944, -0.00922387558966875
v,-1.0450001974859902e-09, 0.012244799174368382, -0.008368310518562794
v,-9.198515837915977e-10, 0.014278292655944824, -0.007922905497252941
v,-8.534734030618552e-10, 0.01450198981910944, -0.00922387558966875
v,-9.921641286325666e-10, 0.012422855943441391, -0.00940387137234211
v,-1.0450001974859902e-09, 0.012244799174368382, -0.008368310518562794
v,-1.644395397626397e-09, 0.0018249938730150461, -0.01172516867518425
v,-1.8281087754701275e-09, -0.0004796385474037379, -0.011155401356518269
v,-1.7029602172868863e-09, 0.0015538549050688744, -0.010709996335208416
v,-1.644395397626397e-09, 0.0018249938730150461, -0.01172516867518425
v,-1.7549242059544667e-09, -0.00014141926658339798, -0.012425088323652744
v,-1.8281087754701275e-09, -0.0004796385474037379, -0.011155401356518269
v,-1.5831201904958903e-09, 0.00217449595220387, -0.012668976560235023
v,-1.7549242059544667e-09, -0.00014141926658339798, -0.012425088323652744
v,-1.644395397626397e-09, 0.0018249938730150461, -0.01172516867518425
v,-8.534734030618552e-10, 0.01450198981910944, -0.00922387558966875
v,-9.476532891738998e-10, 0.012499960139393806, -0.01040734350681305
v,-9.921641286325666e-10, 0.012422855943441391, -0.00940387137234211
v,-1.5831201904958903e-09, 0.00217449595220387, -0.012668976560235023
v,-1.676741523404246e-09, 0.00030162546318024397, -0.013634520582854748
v,-1.7549242059544667e-09, -0.00014141926658339798, -0.012425088323652744
v,-7.961657444433001e-10, 0.014603283256292343, -0.010512210428714752
v,-9.476532891738998e-10, 0.012499960139393806, -0.01040734350681305
v,-8.534734030618552e-10, 0.01450198981910944, -0.00922387558966875
v,-1.5198362568469292e-09, 0.0025956963654607534, -0.013535399921238422
v,-1.676741523404246e-09, 0.00030162546318024397, -0.013634520582854748
v,-1.5831201904958903e-09, 0.00217449595220387, -0.012668976560235023
v,-7.961657444433001e-10, 0.014603283256292343, -0.010512210428714752
v,-9.115369570267262e-10, 0.012479722499847412, -0.011370457708835602
v,-9.476532891738998e-10, 0.012499960139393806, -0.01040734350681305
v,-1.5198362568469292e-09, 0.0025956963654607534, -0.013535399921238422
v,-1.5945406106609994e-09, 0.0008431820897385478, -0.014769917353987694
v,-1.676741523404246e-09, 0.00030162546318024397, -0.013634520582854748
v,-7.484448616423833e-10, 0.014583191834390163, -0.011772830039262772
v,-9.115369570267262e-10, 0.012479722499847412, -0.011370457708835602
v,-7.961657444433001e-10, 0.014603283256292343, -0.010512210428714752
v,-1.4552453686533795e-09, 0.0030819273088127375, -0.014318420551717281
v,-1.5945406106609994e-09, 0.0008431820897385478, -0.014769917353987694
v,-1.5198362568469292e-09, 0.0025956963654607534, -0.013535399921238422
v,-7.484448616423833e-10, 0.014583191834390163, -0.011772830039262772
v,-8.838844101077825e-10, 0.012365755625069141, -0.012284942902624607
v,-9.115369570267262e-10, 0.012479722499847412, -0.011370457708835602
v,-1.4552453686533795e-09, 0.0030819273088127375, -0.014318420551717281
v,-1.5093009064770513e-09, 0.0014769361587241292, -0.015817496925592422
v,-1.5945406106609994e-09, 0.0008431820897385478, -0.014769917353987694
v,-7.108270083655555e-10, 0.014442733488976955, -0.012990654446184635
v,-8.838844101077825e-10, 0.012365755625069141, -0.012284942902624607
v,-7.484448616423833e-10, 0.014583191834390163, -0.011772830039262772
v,-1.3900491868668041e-09, 0.003626523306593299, -0.01501201931387186
v,-1.5093009064770513e-09, 0.0014769361587241292, -0.015817496925592422
v,-1.4552453686533795e-09, 0.0030819273088127375, -0.014318420551717281
v,-7.108270083655555e-10, 0.014442733488976955, -0.012990654446184635
v,-8.647649818449565e-10, 0.01216166839003563, -0.013142528012394905
v,-8.838844101077825e-10, 0.012365755625069141, -0.012284942902624607
v,-1.3249495944833711e-09, 0.004222816787660122, -0.01561017520725727
v,-1.5093009064770513e-09, 0.0014769361587241292, -0.015817496925592422
v,-1.3900491868668041e-09, 0.003626523306593299, -0.01501201931387186
v,-7.108270083655555e-10, 0.014442733488976955, -0.012990654446184635
v,-8.542480056661361e-10, 0.011871070601046085, -0.01393494475632906
v,-8.647649818449565e-10, 0.01216166839003563, -0.013142528012394905
v,-1.3249495944833711e-09, 0.004222816787660122, -0.01561017520725727
v,-1.4220019606270284e-09, 0.0021965717896819115, -0.016763480380177498
v,-1.5093009064770513e-09, 0.0014769361587241292, -0.015817496925592422
v,-6.838284383192672e-10, 0.014182929880917072, -0.014150605536997318
v,-8.542480056661361e-10, 0.011871070601046085, -0.01393494475632906
v,-7.108270083655555e-10, 0.014442733488976955, -0.012990654446184635
v,-1.260648363476946e-09, 0.004864141345024109, -0.016106871888041496
v,-1.4220019606270284e-09, 0.0021965717896819115, -0.016763480380177498
v,-1.3249495944833711e-09, 0.004222816787660122, -0.01561017520725727
v,-6.838284383192672e-10, 0.014182929880917072, -0.014150605536997318
v,-8.524028149992091e-10, 0.011497569270431995, -0.014653922989964485
v,-8.542480056661361e-10, 0.011871070601046085, -0.01393494475632906
v,-1.197847154799092e-09, 0.005543831270188093, -0.016496088355779648
v,-1.4220019606270284e-09, 0.0021965717896819115, -0.016763480380177498
v,-1.260648363476946e-09, 0.004864141345024109, -0.016106871888041496
v,-6.838284383192672e-10, 0.014182929880917072, -0.014150605536997318
v,-8.592986877609121e-10, 0.011044778861105442, -0.015291190706193447
v,-8.524028149992091e-10, 0.011497569270431995, -0.014653922989964485
v,-1.197847154799092e-09, 0.005543831270188093, -0.016496088355779648
v,-1.3336235449301626e-09, 0.0029957741498947144, -0.01759408600628376
v,-1.4220019606270284e-09, 0.0021965717896819115, -0.016763480380177498
v,-6.679652941876668e-10, 0.013804798945784569, -0.015237601473927498
v,-8.592986877609121e-10, 0.011044778861105442, -0.015291190706193447
v,-6.838284383192672e-10, 0.014182929880917072, -0.014150605536997318
v,-1.1372479624682796e-09, 0.006255219224840403, -0.01677180454134941
v,-1.3336235449301626e-09, 0.0029957741498947144, -0.01759408600628376
v,-1.197847154799092e-09, 0.005543831270188093, -0.016496088355779648
v,-6.679652941876668e-10, 0.013804798945784569, -0.015237601473927498
v,-8.75004957379133e-10, 0.010516307316720486, -0.01583847962319851
v,-8.592986877609121e-10, 0.011044778861105442, -0.015291190706193447
v,-1.0795524474360718e-09, 0.0069916388019919395, -0.01692800223827362
v,-1.3336235449301626e-09, 0.0029957741498947144, -0.01759408600628376
v,-1.1372479624682796e-09, 0.006255219224840403, -0.01677180454134941
v,-6.679652941876668e-10, 0.013804798945784569, -0.015237601473927498
v,-8.995909017706083e-10, 0.00991576537489891, -0.01628751866519451
v,-8.75004957379133e-10, 0.010516307316720486, -0.01583847962319851
v,-1.0795524474360718e-09, 0.0069916388019919395, -0.01692800223827362
v,-1.2451453201833829e-09, 0.0038682278245687485, -0.01829553209245205
v,-1.3336235449301626e-09, 0.0029957741498947144, -0.01759408600628376
v,-6.637540517218099e-10, 0.0133093586191535, -0.01623656414449215
v,-8.995909017706083e-10, 0.00991576537489891, -0.01628751866519451
v,-6.679652941876668e-10, 0.013804798945784569, -0.015237601473927498
v,-1.0254622706540317e-09, 0.007746424060314894, -0.01695866324007511
v,-1.2451453201833829e-09, 0.0038682278245687485, -0.01829553209245205
v,-1.0795524474360718e-09, 0.0069916388019919395, -0.01692800223827362
v,-6.637540517218099e-10, 0.0133093586191535, -0.01623656414449215
v,-9.331259098743772e-10, 0.009246761910617352, -0.016630038619041443
v,-8.995909017706083e-10, 0.00991576537489891, -0.01628751866519451
v,-9.756793151183274e-10, 0.008512906730175018, -0.01685776747763157
v,-1.2451453201833829e-09, 0.0038682278245687485, -0.01829553209245205
v,-1.0254622706540317e-09, 0.007746424060314894, -0.01695866324007511
v,-6.637540517218099e-10, 0.0133093586191535, -0.01623656414449215
v,-9.756793151183274e-10, 0.008512906730175018, -0.01685776747763157
v,-9.331259098743772e-10, 0.009246761910617352, -0.016630038619041443
v,-6.637540517218099e-10, 0.0133093586191535, -0.01623656414449215
v,-1.2451453201833829e-09, 0.0038682278245687485, -0.01829553209245205
v,-9.756793151183274e-10, 0.008512906730175018, -0.01685776747763157
v,-6.637540517218099e-10, 0.0133093586191535, -0.01623656414449215
v,-1.1575468361613162e-09, 0.004807617515325546, -0.018854040652513504
v,-1.2451453201833829e-09, 0.0038682278245687485, -0.01829553209245205
v,-6.717107425835422e-10, 0.012697632424533367, -0.017132412642240524
v,-1.1575468361613162e-09, 0.004807617515325546, -0.018854040652513504
v,-6.637540517218099e-10, 0.0133093586191535, -0.01623656414449215
v,-6.717107425835422e-10, 0.012697632424533367, -0.017132412642240524
v,-1.0718075316162867e-09, 0.0058076283894479275, -0.019255829975008965
v,-1.1575468361613162e-09, 0.004807617515325546, -0.018854040652513504
v,-6.923516759904658e-10, 0.011970636434853077, -0.017910068854689598
v,-1.0718075316162867e-09, 0.0058076283894479275, -0.019255829975008965
v,-6.717107425835422e-10, 0.012697632424533367, -0.017132412642240524
v,-6.923516759904658e-10, 0.011970636434853077, -0.017910068854689598
v,-9.889072893898287e-10, 0.006861945614218712, -0.01948712021112442
v,-1.0718075316162867e-09, 0.0058076283894479275, -0.019255829975008965
v,-7.261931056490312e-10, 0.011129392310976982, -0.018554450944066048
v,-9.889072893898287e-10, 0.006861945614218712, -0.01948712021112442
v,-6.923516759904658e-10, 0.011970636434853077, -0.017910068854689598
v,-7.261931056490312e-10, 0.011129392310976982, -0.018554450944066048
v,-9.09825659256569e-10, 0.00796425249427557, -0.019534127786755562
v,-9.889072893898287e-10, 0.006861945614218712, -0.01948712021112442
v,-7.737511742433867e-10, 0.010174918919801712, -0.01905048079788685
v,-9.09825659256569e-10, 0.00796425249427557, -0.019534127786755562
v,-7.261931056490312e-10, 0.011129392310976982, -0.018554450944066048
v,-7.737511742433867e-10, 0.010174918919801712, -0.01905048079788685
v,-8.355421909911342e-10, 0.00910823605954647, -0.019383078441023827
v,-9.09825659256569e-10, 0.00796425249427557, -0.019534127786755562
n,-34.692691802978516, 2.431259872537339e-06, -1.3520433412850252e-06
n,-34.692691802978516, 2.431260782032041e-06, -1.35204709295067e-06
n,-34.692691802978516, 2.4312600999110145e-06, -1.3520452739612665e-06
n,-34.692691802978516, 2.43126032728469e-06, -1.3520451602744288e-06
n,-34.692691802978516, 2.4312605546583654e-06, -1.352046297142806e-06
n,-34.692691802978516, 2.43126032728469e-06, -1.352045501334942e-06
n,-34.692691802978516, 2.431259872537339e-06, -1.3520439097192138e-06
n,-34.692691802978516, 2.4312600999110145e-06, -1.352045046587591e-06
n,-34.692691802978516, 2.43126032728469e-06, -1.3520460697691306e-06
n,-34.692691802978516, 2.43126032728469e-06, -1.352045501334942e-06
n,-34.692691802978516, 2.4312600999110145e-06, -1.3520452739612665e-06
n,-34.692691802978516, 2.4312616915267427e-06, -1.3520501624952885e-06
n,-34.692691802978516, 2.43125782617426e-06, -1.352027084067231e-06
n,-34.692691802978516, 2.431250550216646e-06, -1.3520163975044852e-06
n,-34.692691802978516, 2.4312600999110145e-06, -1.3520439097192138e-06
n,-34.692691802978516, 2.431259872537339e-06, -1.3520440234060516e-06
n,-34.692691802978516, 2.431260782032041e-06, -1.3520476613848587e-06
n,-34.692691802978516, 2.4312600999110145e-06, -1.3520452739612665e-06
n,-34.692691802978516, 2.4312600999110145e-06, -1.3520448192139156e-06
n,-34.692691802978516, 2.4312600999110145e-06, -1.3520452739612665e-06
n,-34.692691802978516, 2.4312600999110145e-06, -1.352044250779727e-06
n,-34.692691802978516, 2.43126032728469e-06, -1.3520458423954551e-06
n,-34.692691802978516, 2.4312600999110145e-06, -1.3520458423954551e-06
n,-34.692691802978516, 2.43126032728469e-06, -1.352045501334942e-06
n,-34.692691802978516, 2.43126032728469e-06, -1.3520456150217797e-06
n,-34.692691802978516, 2.4312600999110145e-06, -1.3520458423954551e-06
n,-34.692691802978516, 2.43126032728469e-06, -1.3520443644665647e-06
n,-34.692691802978516, 2.4312600999110145e-06, -1.3520452739612665e-06
n,-34.692691802978516, 2.43126032728469e-06, -1.3520449329007533e-06
n,-34.692691802978516, 2.43126032728469e-06, -1.3520456150217797e-06
n,-34.692691802978516, 2.43126032728469e-06, -1.3520451602744288e-06
n,-34.692691802978516, 2.4312605546583654e-06, -1.3520452739612665e-06
n,-34.692691802978516, 2.4312605546583654e-06, -1.3520451602744288e-06
n,-34.692691802978516, 2.43126032728469e-06, -1.3520451602744288e-06
n,-34.692691802978516, 2.43126032728469e-06, -1.3520457287086174e-06
n,-34.692691802978516, 2.43126032728469e-06, -1.3520448192139156e-06
n,-34.692691802978516, 2.43126032728469e-06, -1.3520451602744288e-06
n,-34.692691802978516, 2.43126032728469e-06, -1.3520456150217797e-06
n,-34.692691802978516, 2.4312600999110145e-06, -1.352045046587591e-06
n,-34.692691802978516, 2.43126032728469e-06, -1.3520453876481042e-06
n,-34.692691802978516, 2.4312600999110145e-06, -1.352045046587591e-06
n,-34.692691802978516, 2.4312605546583654e-06, -1.3520456150217797e-06
n,-34.692691802978516, 2.431259872537339e-06, -1.3520449329007533e-06
n,-34.692691802978516, 2.4312605546583654e-06, -1.3520452739612665e-06
n,-34.692691802978516, 2.4312600999110145e-06, -1.3520453876481042e-06
n,-34.692691802978516, 2.4312605546583654e-06, -1.3520453876481042e-06
n,-34.692691802978516, 2.43126032728469e-06, -1.3520456150217797e-06
n,-34.692691802978516, 2.4312605546583654e-06, -1.352045501334942e-06
n,-34.692691802978516, 2.43126032728469e-06, -1.3520451602744288e-06
n,-34.692691802978516, 2.4312605546583654e-06, -1.352045046587591e-06
n,-34.692691802978516, 2.43126032728469e-06, -1.3520456150217797e-06
n,-34.692691802978516, 2.43126032728469e-06, -1.3520451602744288e-06
n,-34.692691802978516, 2.43126032728469e-06, -1.3520453876481042e-06
n,-34.692691802978516, 2.4312605546583654e-06, -1.3520452739612665e-06
n,-34.692691802978516, 2.43126032728469e-06, -1.3520451602744288e-06
n,-34.692691802978516, 2.431260782032041e-06, -1.352045501334942e-06
n,-34.692691802978516, 2.4312605546583654e-06, -1.3520452739612665e-06
n,-34.692691802978516, 2.431260782032041e-06, -1.3520457287086174e-06
n,-34.692691802978516, 2.43126032728469e-06, -1.3520456150217797e-06
n,-34.692691802978516, 2.4312600999110145e-06, -1.3520444781534025e-06
n,-34.692691802978516, 2.431259872537339e-06, -1.3520449329007533e-06
n,-34.692691802978516, 2.4312600999110145e-06, -1.3520451602744288e-06
n,-34.692691802978516, 2.431259872537339e-06, -1.352044705527078e-06
n,-34.692691802978516, 2.4312600999110145e-06, -1.3520457287086174e-06
n,-34.692691802978516, 2.43126032728469e-06, -1.3520451602744288e-06
n,-34.692691802978516, 2.43126032728469e-06, -1.352045501334942e-06
n,-34.692691802978516, 2.4312605546583654e-06, -1.3520458423954551e-06
n,-34.692691802978516, 2.4312600999110145e-06, -1.3520445918402402e-06
n,-34.692691802978516, 2.4312605546583654e-06, -1.3520460697691306e-06
n,-34.692691802978516, 2.43126032728469e-06, -1.3520451602744288e-06
n,-34.692691802978516, 2.4312600999110145e-06, -1.3520452739612665e-06
n,-34.692691802978516, 2.43126032728469e-06, -1.3520460697691306e-06
n,-34.692691802978516, 2.4312600999110145e-06, -1.3520452739612665e-06
n,-34.692691802978516, 2.4312600999110145e-06, -1.352045046587591e-06
n,-34.692691802978516, 2.4312600999110145e-06, -1.3520449329007533e-06
n,-34.692691802978516, 2.4312600999110145e-06, -1.3520448192139156e-06
n,-34.692691802978516, 2.43126032728469e-06, -1.3520451602744288e-06
n,-34.692691802978516, 2.431259872537339e-06, -1.3520457287086174e-06
n,-34.692691802978516, 2.4312600999110145e-06, -1.3520444781534025e-06
n,-34.692691802978516, 2.4312594177899882e-06, -1.3520425454771612e-06
n,-34.692691802978516, 2.4312600999110145e-06, -1.3520449329007533e-06
n,-34.692691802978516, 2.43126032728469e-06, -1.3520459560822928e-06
n,-34.692691802978516, 2.43126032728469e-06, -1.3520451602744288e-06
n,-34.692691802978516, 2.43126032728469e-06, -1.3520460697691306e-06
n,-34.692691802978516, 2.431260782032041e-06, -1.352046297142806e-06
n,-34.692691802978516, 2.43126032728469e-06, -1.3520464108296437e-06
n,-34.692691802978516, 2.43126032728469e-06, -1.3520451602744288e-06
n,-34.692691802978516, 2.4312605546583654e-06, -1.3520458423954551e-06
n,-34.692691802978516, 2.4312600999110145e-06, -1.352044705527078e-06
n,-34.692691802978516, 2.4312600999110145e-06, -1.352045046587591e-06
n,-34.692691802978516, 2.43126032728469e-06, -1.3520460697691306e-06
n,-34.692691802978516, 2.43126032728469e-06, -1.3520456150217797e-06
n,-34.692691802978516, 2.4312605546583654e-06, -1.3520467518901569e-06
n,-34.692691802978516, 2.43126032728469e-06, -1.352045501334942e-06
n,-34.692691802978516, 2.4312596451636637e-06, -1.352043454971863e-06
n,-34.692691802978516, 2.4312600999110145e-06, -1.3520452739612665e-06
u,0.17284561693668365, 0.4951179623603821, 0
u,0.22873207926750183, 0.49764013290405273, 0
u,0.20067378878593445, 0.4940067529678345, 0
u,0.17284561693668365, 0.4951179623603821, 0
u,0.2546929121017456, 0.5056807398796082, 0
u,0.22873207926750183, 0.49764013290405273, 0
u,0.1465732902288437, 0.5008247792720795, 0
u,0.2546929121017456, 0.5056807398796082, 0
u,0.17284561693668365, 0.4951179623603821, 0
u,0.1465732902288437, 0.5008247792720795, 0
u,0.278465211391449, 0.5177974104881287, 0
u,0.2546929121017456, 0.5056807398796082, 0
u,0.12199582159519196, 0.510798990726471, 0
u,0.278465211391449, 0.5177974104881287, 0
u,0.1465732902288437, 0.5008247792720795, 0
u,0.12199582159519196, 0.510798990726471, 0
u,0.29995784163475037, 0.533659040927887, 0
u,0.278465211391449, 0.5177974104881287, 0
u,0.0992521196603775, 0.5247123539447784, 0
u,0.29995784163475037, 0.533659040927887, 0
u,0.12199582159519196, 0.510798990726471, 0
u,0.0992521196603775, 0.5247123539447784, 0
u,0.31907978653907776, 0.552934467792511, 0
u,0.29995784163475037, 0.533659040927887, 0
u,0.07848130166530609, 0.5422366559505463, 0
u,0.31907978653907776, 0.552934467792511, 0
u,0.0992521196603775, 0.5247123539447784, 0
u,0.07848130166530609, 0.5422366559505463, 0
u,0.3357398808002472, 0.5752926468849182, 0
u,0.31907978653907776, 0.552934467792511, 0
u,0.059822261333465576, 0.5630436539649963, 0
u,0.19772137701511383, 0.5590690672397614, 0
u,0.07848130166530609, 0.5422366559505463, 0
u,0.19772137701511383, 0.5590690672397614, 0
u,0.3357398808002472, 0.5752926468849182, 0
u,0.07848130166530609, 0.5422366559505463, 0
u,0.059822261333465576, 0.5630436539649963, 0
u,0.17844675481319427, 0.5598251223564148, 0
u,0.19772137701511383, 0.5590690672397614, 0
u,0.21696704626083374, 0.5615731477737427, 0
u,0.3357398808002472, 0.5752926468849182, 0
u,0.19772137701511383, 0.5590690672397614, 0
u,0.059822261333465576, 0.5630436539649963, 0
u,0.16000255942344666, 0.5637630224227905, 0
u,0.17844675481319427, 0.5598251223564148, 0
u,0.23507779836654663, 0.5671698451042175, 0
u,0.3357398808002472, 0.5752926468849182, 0
u,0.21696704626083374, 0.5615731477737427, 0
u,0.059822261333465576, 0.5630436539649963, 0
u,0.14252960681915283, 0.5707130432128906, 0
u,0.16000255942344666, 0.5637630224227905, 0
u,0.2519305646419525, 0.5756774842739105, 0
u,0.3357398808002472, 0.5752926468849182, 0
u,0.23507779836654663, 0.5671698451042175, 0
u,0.2519305646419525, 0.5756774842739105, 0
u,0.34984707832336426, 0.6004023849964142, 0
u,0.3357398808002472, 0.5752926468849182, 0
u,0.04341403767466545, 0.5868051052093506, 0
u,0.14252960681915283, 0.5707130432128906, 0
u,0.059822261333465576, 0.5630436539649963, 0
u,0.04341403767466545, 0.5868051052093506, 0
u,0.1261686533689499, 0.5805054903030396, 0
u,0.14252960681915283, 0.5707130432128906, 0
u,0.2674022912979126, 0.586914449930191, 0
u,0.34984707832336426, 0.6004023849964142, 0
u,0.2519305646419525, 0.5756774842739105, 0
u,0.04341403767466545, 0.5868051052093506, 0
u,0.11106051504611969, 0.5929706692695618, 0
u,0.1261686533689499, 0.5805054903030396, 0
u,0.2813699245452881, 0.6006990373134613, 0
u,0.34984707832336426, 0.6004023849964142, 0
u,0.2674022912979126, 0.586914449930191, 0
u,0.2813699245452881, 0.6006990373134613, 0
u,0.3613102436065674, 0.6279325783252716, 0
u,0.34984707832336426, 0.6004023849964142, 0
u,0.029395656660199165, 0.6131928265094757, 0
u,0.11106051504611969, 0.5929706692695618, 0
u,0.04341403767466545, 0.5868051052093506, 0
u,0.029395656660199165, 0.6131928265094757, 0
u,0.09734597057104111, 0.6079389154911041, 0
u,0.11106051504611969, 0.5929706692695618, 0
u,0.2937104105949402, 0.6168496310710907, 0
u,0.3613102436065674, 0.6279325783252716, 0
u,0.2813699245452881, 0.6006990373134613, 0
u,0.029395656660199165, 0.6131928265094757, 0
u,0.0851658284664154, 0.6252405643463135, 0
u,0.09734597057104111, 0.6079389154911041, 0
u,0.3043006956577301, 0.6351845264434814, 0
u,0.3613102436065674, 0.6279325783252716, 0
u,0.2937104105949402, 0.6168496310710907, 0
u,0.3043006956577301, 0.6351845264434814, 0
u,0.37003836035728455, 0.6575520932674408, 0
u,0.3613102436065674, 0.6279325783252716, 0
u,0.017906062304973602, 0.6418785750865936, 0
u,0.0851658284664154, 0.6252405643463135, 0
u,0.029395656660199165, 0.6131928265094757, 0
u,0.017906062304973602, 0.6418785750865936, 0
u,0.07466087490320206, 0.6447059214115143, 0
u,0.0851658284664154, 0.6252405643463135, 0
u,0.31301775574684143, 0.6555221378803253, 0
u,0.37003836035728455, 0.6575520932674408, 0
u,0.3043006956577301, 0.6351845264434814, 0
u,0.31301775574684143, 0.6555221378803253, 0
u,0.3759402930736542, 0.6889298558235168, 0
u,0.37003836035728455, 0.6575520932674408, 0
u,0.009084255434572697, 0.6725341081619263, 0
u,0.07466087490320206, 0.6447059214115143, 0
u,0.017906062304973602, 0.6418785750865936, 0
u,0.009084255434572697, 0.6725341081619263, 0
u,0.06597190350294113, 0.6661653220653534, 0
u,0.07466087490320206, 0.6447059214115143, 0
u,0.319738507270813, 0.6776807904243469, 0
u,0.3759402930736542, 0.6889298558235168, 0
u,0.31301775574684143, 0.6555221378803253, 0
u,0.32433992624282837, 0.7014788091182709, 0
u,0.3759402930736542, 0.6889298558235168, 0
u,0.319738507270813, 0.6776807904243469, 0
u,0.009084255434572697, 0.6725341081619263, 0
u,0.059239692986011505, 0.6894490420818329, 0
u,0.06597190350294113, 0.6661653220653534, 0
u,0.32433992624282837, 0.7014788091182709, 0
u,0.3789249658584595, 0.7217347025871277, 0
u,0.3759402930736542, 0.6889298558235168, 0
u,0.0030692419968545437, 0.7048312127590179, 0
u,0.059239692986011505, 0.6894490420818329, 0
u,0.009084255434572697, 0.6725341081619263, 0
u,0.3266989588737488, 0.7267345488071442, 0
u,0.3789249658584595, 0.7217347025871277, 0
u,0.32433992624282837, 0.7014788091182709, 0
u,0.0030692419968545437, 0.7048312127590179, 0
u,0.054605063050985336, 0.7143874168395996, 0
u,0.059239692986011505, 0.6894490420818329, 0
u,0.3266989588737488, 0.7267345488071442, 0
u,0.37890130281448364, 0.7556355148553848, 0
u,0.3789249658584595, 0.7217347025871277, 0
u,2.2452136150263868e-08, 0.7384416460990906, 0
u,0.054605063050985336, 0.7143874168395996, 0
u,0.0030692419968545437, 0.7048312127590179, 0
u,0.32669252157211304, 0.753266379237175, 0
u,0.37890130281448364, 0.7556355148553848, 0
u,0.3266989588737488, 0.7267345488071442, 0
u,2.2452136150263868e-08, 0.7384416460990906, 0
u,0.052208784967660904, 0.7408107817173004, 0
u,0.054605063050985336, 0.7143874168395996, 0
u,2.349522709721441e-08, 0.7715826779603958, 0
u,0.052208784967660904, 0.7408107817173004, 0
u,2.2452136150263868e-08, 0.7384416460990906, 0
u,2.349522709721441e-08, 0.7715826779603958, 0
u,0.052208900451660156, 0.7671907395124435, 0
u,0.052208784967660904, 0.7408107817173004, 0
u,0.3243028223514557, 0.7795378565788269, 0
u,0.37890130281448364, 0.7556355148553848, 0
u,0.32669252157211304, 0.753266379237175, 0
u,0.3243028223514557, 0.7795378565788269, 0
u,0.3759346604347229, 0.7884897291660309, 0
u,0.37890130281448364, 0.7556355148553848, 0
u,0.31967058777809143, 0.8043770045042038, 0
u,0.3759346604347229, 0.7884897291660309, 0
u,0.3243028223514557, 0.7795378565788269, 0
u,2.349522709721441e-08, 0.7715826779603958, 0
u,0.054570332169532776, 0.7923472374677658, 0
u,0.052208900451660156, 0.7671907395124435, 0
u,0.31967058777809143, 0.8043770045042038, 0
u,0.37011802196502686, 0.8202990740537643, 0
u,0.3759346604347229, 0.7884897291660309, 0
u,0.0029748817905783653, 0.8038903027772903, 0
u,0.054570332169532776, 0.7923472374677658, 0
u,2.349522709721441e-08, 0.7715826779603958, 0
u,0.31293514370918274, 0.8276064991950989, 0
u,0.37011802196502686, 0.8202990740537643, 0
u,0.31967058777809143, 0.8043770045042038, 0
u,0.0029748817905783653, 0.8038903027772903, 0
u,0.059168536216020584, 0.8160910457372665, 0
u,0.054570332169532776, 0.7923472374677658, 0
u,0.31293514370918274, 0.8276064991950989, 0
u,0.3615489900112152, 0.8506956994533539, 0
u,0.37011802196502686, 0.8202990740537643, 0
u,0.00883518997579813, 0.8349957764148712, 0
u,0.059168536216020584, 0.8160910457372665, 0
u,0.0029748817905783653, 0.8038903027772903, 0
u,0.3042358458042145, 0.8490490615367889, 0
u,0.3615489900112152, 0.8506956994533539, 0
u,0.31293514370918274, 0.8276064991950989, 0
u,0.00883518997579813, 0.8349957764148712, 0
u,0.0658789575099945, 0.8382328599691391, 0
u,0.059168536216020584, 0.8160910457372665, 0
u,0.3042358458042145, 0.8490490615367889, 0
u,0.3503251075744629, 0.8793117478489876, 0
u,0.3615489900112152, 0.8506956994533539, 0
u,0.017491616308689117, 0.8645303100347519, 0
u,0.0658789575099945, 0.8382328599691391, 0
u,0.00883518997579813, 0.8349957764148712, 0
u,0.2937120199203491, 0.8685273826122284, 0
u,0.3503251075744629, 0.8793117478489876, 0
u,0.3042358458042145, 0.8490490615367889, 0
u,0.017491616308689117, 0.8645303100347519, 0
u,0.07457713782787323, 0.8585834503173828, 0
u,0.0658789575099945, 0.8382328599691391, 0
u,0.28150299191474915, 0.885864183306694, 0
u,0.3503251075744629, 0.8793117478489876, 0
u,0.2937120199203491, 0.8685273826122284, 0
u,0.017491616308689117, 0.8645303100347519, 0
u,0.08513854444026947, 0.8769535347819328, 0
u,0.07457713782787323, 0.8585834503173828, 0
u,0.28150299191474915, 0.885864183306694, 0
u,0.33654409646987915, 0.9057794138789177, 0
u,0.3503251075744629, 0.8793117478489876, 0
u,0.028854751959443092, 0.8921251371502876, 0
u,0.08513854444026947, 0.8769535347819328, 0
u,0.017491616308689117, 0.8645303100347519, 0
u,0.2677481472492218, 0.9008821845054626, 0
u,0.33654409646987915, 0.9057794138789177, 0
u,0.28150299191474915, 0.885864183306694, 0
u,0.028854751959443092, 0.8921251371502876, 0
u,0.09743873029947281, 0.8931538611650467, 0
u,0.08513854444026947, 0.8769535347819328, 0
u,0.2525867521762848, 0.9134040623903275, 0
u,0.33654409646987915, 0.9057794138789177, 0
u,0.2677481472492218, 0.9008821845054626, 0
u,0.028854751959443092, 0.8921251371502876, 0
u,0.11135313659906387, 0.9069951549172401, 0
u,0.09743873029947281, 0.8931538611650467, 0
u,0.2525867521762848, 0.9134040623903275, 0
u,0.3203035295009613, 0.9297308400273323, 0
u,0.33654409646987915, 0.9057794138789177, 0
u,0.04283520206809044, 0.9174114689230919, 0
u,0.11135313659906387, 0.9069951549172401, 0
u,0.028854751959443092, 0.8921251371502876, 0
u,0.23615822196006775, 0.9232525378465652, 0
u,0.3203035295009613, 0.9297308400273323, 0
u,0.2525867521762848, 0.9134040623903275, 0
u,0.04283520206809044, 0.9174114689230919, 0
u,0.12675726413726807, 0.9182881340384483, 0
u,0.11135313659906387, 0.9069951549172401, 0
u,0.21860183775424957, 0.9302503168582916, 0
u,0.3203035295009613, 0.9297308400273323, 0
u,0.23615822196006775, 0.9232525378465652, 0
u,0.04283520206809044, 0.9174114689230919, 0
u,0.1435265988111496, 0.9268435537815094, 0
u,0.12675726413726807, 0.9182881340384483, 0
u,0.21860183775424957, 0.9302503168582916, 0
u,0.30170103907585144, 0.9507981985807419, 0
u,0.3203035295009613, 0.9297308400273323, 0
u,0.05934365466237068, 0.9400205463171005, 0
u,0.1435265988111496, 0.9268435537815094, 0
u,0.04283520206809044, 0.9174114689230919, 0
u,0.2000569850206375, 0.9342201054096222, 0
u,0.30170103907585144, 0.9507981985807419, 0
u,0.21860183775424957, 0.9302503168582916, 0
u,0.05934365466237068, 0.9400205463171005, 0
u,0.16153667867183685, 0.9324721395969391, 0
u,0.1435265988111496, 0.9268435537815094, 0
u,0.18066298961639404, 0.9349846392869949, 0
u,0.30170103907585144, 0.9507981985807419, 0
u,0.2000569850206375, 0.9342201054096222, 0
u,0.05934365466237068, 0.9400205463171005, 0
u,0.18066298961639404, 0.9349846392869949, 0
u,0.16153667867183685, 0.9324721395969391, 0
u,0.05934365466237068, 0.9400205463171005, 0
u,0.30170103907585144, 0.9507981985807419, 0
u,0.18066298961639404, 0.9349846392869949, 0
u,0.05934365466237068, 0.9400205463171005, 0
u,0.28083428740501404, 0.9686136692762375, 0
u,0.30170103907585144, 0.9507981985807419, 0
u,0.07829062640666962, 0.9595835842192173, 0
u,0.28083428740501404, 0.9686136692762375, 0
u,0.05934365466237068, 0.9400205463171005, 0
u,0.07829062640666962, 0.9595835842192173, 0
u,0.257800817489624, 0.9828094337135553, 0
u,0.28083428740501404, 0.9686136692762375, 0
u,0.0995868369936943, 0.9757318384945393, 0
u,0.257800817489624, 0.9828094337135553, 0
u,0.07829062640666962, 0.9595835842192173, 0
u,0.0995868369936943, 0.9757318384945393, 0
u,0.23269833624362946, 0.9930176213383675, 0
u,0.257800817489624, 0.9828094337135553, 0
u,0.12314285337924957, 0.9880965109914541, 0
u,0.23269833624362946, 0.9930176213383675, 0
u,0.0995868369936943, 0.9757318384945393, 0
u,0.12314285337924957, 0.9880965109914541, 0
u,0.20562443137168884, 0.998870428535156, 0
u,0.23269833624362946, 0.9930176213383675, 0
u,0.14886926114559174, 0.9963088394142687, 0
u,0.20562443137168884, 0.998870428535156, 0
u,0.12314285337924957, 0.9880965109914541, 0
u,0.14886926114559174, 0.9963088394142687, 0
u,0.17667672038078308, 1.0000000264576574, 0
u,0.20562443137168884, 0.998870428535156, 0
