v,-1.802019644614461e-09, 0.0066564688459038734, 0.004119105637073517
v,-1.9373762594199206e-09, 0.004448422696441412, 0.003819230943918228
v,-1.873831978471685e-09, 0.005548528395593166, 0.0040636914782226086
v,-1.802019644614461e-09, 0.0066564688459038734, 0.004119105637073517
v,-1.98744842805354e-09, 0.003447282360866666, 0.003407431999221444
v,-1.9373762594199206e-09, 0.004448422696441412, 0.003819230943918228
v,-1.7255396000948053e-09, 0.00771911907941103, 0.003986645955592394
v,-1.98744842805354e-09, 0.003447282360866666, 0.003407431999221444
v,-1.802019644614461e-09, 0.0066564688459038734, 0.004119105637073517
v,-1.7255396000948053e-09, 0.00771911907941103, 0.003986645955592394
v,-2.0244375065203712e-09, 0.0025475374422967434, 0.002841757144778967
v,-1.98744842805354e-09, 0.003447282360866666, 0.003407431999221444
v,-1.645352187829019e-09, 0.008729790337383747, 0.0036788368597626686
v,-2.0244375065203712e-09, 0.0025475374422967434, 0.002841757144778967
v,-1.7255396000948053e-09, 0.00771911907941103, 0.003986645955592394
v,-1.645352187829019e-09, 0.008729790337383747, 0.0036788368597626686
v,-2.0487325169682435e-09, 0.0017516175284981728, 0.0021356670185923576
v,-2.0244375065203712e-09, 0.0025475374422967434, 0.002841757144778967
v,-1.5624171956218902e-09, 0.009681799449026585, 0.0032082004472613335
v,-2.0487325169682435e-09, 0.0017516175284981728, 0.0021356670185923576
v,-1.645352187829019e-09, 0.008729790337383747, 0.0036788368597626686
v,-1.5624171956218902e-09, 0.009681799449026585, 0.0032082004472613335
v,-2.0607222595003805e-09, 0.001061952905729413, 0.0013026241213083267
v,-2.0487325169682435e-09, 0.0017516175284981728, 0.0021356670185923576
v,-1.4776951884343248e-09, 0.010568452998995781, 0.00258726067841053
v,-2.0607222595003805e-09, 0.001061952905729413, 0.0013026241213083267
v,-1.5624171956218902e-09, 0.009681799449026585, 0.0032082004472613335
v,-1.4776951884343248e-09, 0.010568452998995781, 0.00258726067841053
v,-2.0607955342200057e-09, 0.0004809722304344177, 0.00035608961479738355
v,-2.0607222595003805e-09, 0.001061952905729413, 0.0013026241213083267
v,-1.3921461761157161e-09, 0.01138306688517332, 0.0018285434925928712
v,-1.7451473599550127e-09, 0.005898279137909412, 0.0014931693440303206
v,-1.4776951884343248e-09, 0.010568452998995781, 0.00258726067841053
v,-1.7451473599550127e-09, 0.005898279137909412, 0.0014931693440303206
v,-2.0607955342200057e-09, 0.0004809722304344177, 0.00035608961479738355
v,-1.4776951884343248e-09, 0.010568452998995781, 0.00258726067841053
v,-1.3921461761157161e-09, 0.01138306688517332, 0.0018285434925928712
v,-1.69543346029144e-09, 0.006665623281151056, 0.001532090362161398
v,-1.7451473599550127e-09, 0.005898279137909412, 0.0014931693440303206
v,-1.7887115122405817e-09, 0.005143740214407444, 0.0013250185875222087
v,-2.0607955342200057e-09, 0.0004809722304344177, 0.00035608961479738355
v,-1.7451473599550127e-09, 0.005898279137909412, 0.0014931693440303206
v,-1.3921461761157161e-09, 0.01138306688517332, 0.0018285434925928712
v,-1.6418691961561649e-09, 0.007411400321871042, 0.0014418167993426323
v,-1.69543346029144e-09, 0.006665623281151056, 0.001532090362161398
v,-1.82366621803709e-09, 0.004445281345397234, 0.0010382392210885882
v,-2.0607955342200057e-09, 0.0004809722304344177, 0.00035608961479738355
v,-1.7887115122405817e-09, 0.005143740214407444, 0.0013250185875222087
v,-1.3921461761157161e-09, 0.01138306688517332, 0.0018285434925928712
v,-1.5851240320330362e-09, 0.008129416964948177, 0.0012285771081224084
v,-1.6418691961561649e-09, 0.007411400321871042, 0.0014418167993426323
v,-1.8500417864331098e-09, 0.003807136556133628, 0.0006404772284440696
v,-2.0607955342200057e-09, 0.0004809722304344177, 0.00035608961479738355
v,-1.82366621803709e-09, 0.004445281345397234, 0.0010382392210885882
v,-1.8500417864331098e-09, 0.003807136556133628, 0.0006404772284440696
v,-2.049341807364158e-09, 1.1106079909950495e-05, -0.0006904745823703706
v,-2.0607955342200057e-09, 0.0004809722304344177, 0.00035608961479738355
v,-1.306730501582365e-09, 0.012118952348828316, 0.000944572442676872
v,-1.5851240320330362e-09, 0.008129416964948177, 0.0012285771081224084
v,-1.3921461761157161e-09, 0.01138306688517332, 0.0018285434925928712
v,-1.306730501582365e-09, 0.012118952348828316, 0.000944572442676872
v,-1.5258670993389956e-09, 0.008813481777906418, 0.0008985999738797545
v,-1.5851240320330362e-09, 0.008129416964948177, 0.0012285771081224084
v,-1.8678685265172135e-09, 0.0032335370779037476, 0.00013938001939095557
v,-2.049341807364158e-09, 1.1106079909950495e-05, -0.0006904745823703706
v,-1.8500417864331098e-09, 0.003807136556133628, 0.0006404772284440696
v,-1.306730501582365e-09, 0.012118952348828316, 0.000944572442676872
v,-1.4647673074463796e-09, 0.009457402862608433, 0.0004581135872285813
v,-1.5258670993389956e-09, 0.008813481777906418, 0.0008985999738797545
v,-1.8771766363556708e-09, 0.002728714607656002, -0.0004574074409902096
v,-2.049341807364158e-09, 1.1106079909950495e-05, -0.0006904745823703706
v,-1.8678685265172135e-09, 0.0032335370779037476, 0.00013938001939095557
v,-1.8771766363556708e-09, 0.002728714607656002, -0.0004574074409902096
v,-2.0267498790360605e-09, -0.00034521560883149505, -0.0018236072501167655
v,-2.049341807364158e-09, 1.1106079909950495e-05, -0.0006904745823703706
v,-1.2224081746836646e-09, 0.012769421562552452, -5.212996620684862e-05
v,-1.4647673074463796e-09, 0.009457402862608433, 0.0004581135872285813
v,-1.306730501582365e-09, 0.012118952348828316, 0.000944572442676872
v,-1.2224081746836646e-09, 0.012769421562552452, -5.212996620684862e-05
v,-1.4024940098167349e-09, 0.010054988786578178, -8.665455970913172e-05
v,-1.4647673074463796e-09, 0.009457402862608433, 0.0004581135872285813
v,-1.877996425037054e-09, 0.0022969022393226624, -0.001142237801104784
v,-2.0267498790360605e-09, -0.00034521560883149505, -0.0018236072501167655
v,-1.8771766363556708e-09, 0.002728714607656002, -0.0004574074409902096
v,-1.2224081746836646e-09, 0.012769421562552452, -5.212996620684862e-05
v,-1.339716337867003e-09, 0.010600047186017036, -0.0007294768001884222
v,-1.4024940098167349e-09, 0.010054988786578178, -8.665455970913172e-05
v,-1.870358312672238e-09, 0.0019423310877755284, -0.001907465048134327
v,-2.0267498790360605e-09, -0.00034521560883149505, -0.0018236072501167655
v,-1.877996425037054e-09, 0.0022969022393226624, -0.001142237801104784
v,-1.870358312672238e-09, 0.0019423310877755284, -0.001907465048134327
v,-1.9934085493389375e-09, -0.0005855655181221664, -0.0030298461206257343
v,-2.0267498790360605e-09, -0.00034521560883149505, -0.0018236072501167655
v,-1.1401395383359159e-09, 0.01332778763025999, -0.0011490375036373734
v,-1.339716337867003e-09, 0.010600047186017036, -0.0007294768001884222
v,-1.2224081746836646e-09, 0.012769421562552452, -5.212996620684862e-05
v,-1.1401395383359159e-09, 0.01332778763025999, -0.0011490375036373734
v,-1.2771035340364278e-09, 0.011086384765803814, -0.0014641240704804659
v,-1.339716337867003e-09, 0.010600047186017036, -0.0007294768001884222
v,-1.8542920532382823e-09, 0.0016692335484549403, -0.0027454423252493143
v,-1.9934085493389375e-09, -0.0005855655181221664, -0.0030298461206257343
v,-1.870358312672238e-09, 0.0019423310877755284, -0.001907465048134327
v,-1.8542920532382823e-09, 0.0016692335484549403, -0.0027454423252493143
v,-1.9497070624652224e-09, -0.0007075108587741852, -0.004295730497688055
v,-1.9934085493389375e-09, -0.0005855655181221664, -0.0030298461206257343
v,-1.060884824433117e-09, 0.013787363655865192, -0.002333627315238118
v,-1.2771035340364278e-09, 0.011086384765803814, -0.0014641240704804659
v,-1.1401395383359159e-09, 0.01332778763025999, -0.0011490375036373734
v,-1.060884824433117e-09, 0.013787363655865192, -0.002333627315238118
v,-1.2153245076973462e-09, 0.011507810093462467, -0.002284369431436062
v,-1.2771035340364278e-09, 0.011086384765803814, -0.0014641240704804659
v,-1.829828288890667e-09, 0.001481842016801238, -0.0036485244054347277
v,-1.9497070624652224e-09, -0.0007075108587741852, -0.004295730497688055
v,-1.8542920532382823e-09, 0.0016692335484549403, -0.0027454423252493143
v,-1.7969971066733592e-09, 0.001384387956932187, -0.004609064199030399
v,-1.9497070624652224e-09, -0.0007075108587741852, -0.004295730497688055
v,-1.829828288890667e-09, 0.001481842016801238, -0.0036485244054347277
v,-1.060884824433117e-09, 0.013787363655865192, -0.002333627315238118
v,-1.1550486123113046e-09, 0.011858131736516953, -0.003183984197676182
v,-1.2153245076973462e-09, 0.011507810093462467, -0.002284369431436062
v,-1.7969971066733592e-09, 0.001384387956932187, -0.004609064199030399
v,-1.896033996473534e-09, -0.0007086237892508507, -0.005607798229902983
v,-1.9497070624652224e-09, -0.0007075108587741852, -0.004295730497688055
v,-9.856040428246615e-10, 0.014141460880637169, -0.003593374975025654
v,-1.1550486123113046e-09, 0.011858131736516953, -0.003183984197676182
v,-1.060884824433117e-09, 0.013787363655865192, -0.002333627315238118
v,-1.7558288156749313e-09, 0.0013811044627800584, -0.005619415547698736
v,-1.896033996473534e-09, -0.0007086237892508507, -0.005607798229902983
v,-1.7969971066733592e-09, 0.001384387956932187, -0.004609064199030399
v,-9.856040428246615e-10, 0.014141460880637169, -0.003593374975025654
v,-1.0969449792952446e-09, 0.012131157331168652, -0.004156740847975016
v,-1.1550486123113046e-09, 0.011858131736516953, -0.003183984197676182
v,-1.7558288156749313e-09, 0.0013811044627800584, -0.005619415547698736
v,-1.8327787065786083e-09, -0.0005864744307473302, -0.0069525884464383125
v,-1.896033996473534e-09, -0.0007086237892508507, -0.005607798229902983
v,-9.152575919380013e-10, 0.014383390545845032, -0.004915756173431873
v,-1.0969449792952446e-09, 0.012131157331168652, -0.004156740847975016
v,-9.856040428246615e-10, 0.014141460880637169, -0.003593374975025654
v,-1.706353613961653e-09, 0.0014762216014787555, -0.0066719334572553635
v,-1.8327787065786083e-09, -0.0005864744307473302, -0.0069525884464383125
v,-1.7558288156749313e-09, 0.0013811044627800584, -0.005619415547698736
v,-9.152575919380013e-10, 0.014383390545845032, -0.004915756173431873
v,-1.0416827400661077e-09, 0.012320694513618946, -0.005196410696953535
v,-1.0969449792952446e-09, 0.012131157331168652, -0.004156740847975016
v,-8.534780104874073e-10, 0.014501884579658508, -0.006230488885194063
v,-1.0416827400661077e-09, 0.012320694513618946, -0.005196410696953535
v,-9.152575919380013e-10, 0.014383390545845032, -0.004915756173431873
v,-8.534780104874073e-10, 0.014501884579658508, -0.006230488885194063
v,-9.925070765248734e-10, 0.012415009550750256, -0.006242926698178053
v,-1.0416827400661077e-09, 0.012320694513618946, -0.005196410696953535
v,-1.65139091290456e-09, 0.0016649555182084441, -0.007705601863563061
v,-1.8327787065786083e-09, -0.0005864744307473302, -0.0069525884464383125
v,-1.706353613961653e-09, 0.0014762216014787555, -0.0066719334572553635
v,-1.65139091290456e-09, 0.0016649555182084441, -0.007705601863563061
v,-1.764099089029969e-09, -0.00035131684853695333, -0.008245336823165417
v,-1.8327787065786083e-09, -0.0005864744307473302, -0.0069525884464383125
v,-1.593478349271038e-09, 0.001937530585564673, -0.00867442972958088
v,-1.764099089029969e-09, -0.00035131684853695333, -0.008245336823165417
v,-1.65139091290456e-09, 0.0016649555182084441, -0.007705601863563061
v,-8.534780104874073e-10, 0.014501884579658508, -0.006230488885194063
v,-9.515298549089835e-10, 0.012411275878548622, -0.007249350193887949
v,-9.925070765248734e-10, 0.012415009550750256, -0.006242926698178053
v,-1.593478349271038e-09, 0.001937530585564673, -0.00867442972958088
v,-1.6902247379491087e-09, -6.833841325715184e-06, -0.009486444294452667
v,-1.764099089029969e-09, -0.00035131684853695333, -0.008245336823165417
v,-8.007073892812855e-10, 0.014499383047223091, -0.007522797677665949
v,-9.515298549089835e-10, 0.012411275878548622, -0.007249350193887949
v,-8.534780104874073e-10, 0.014501884579658508, -0.006230488885194063
v,-1.5332953795521576e-09, 0.0022877869196236134, -0.009571881964802742
v,-1.6902247379491087e-09, -6.833841325715184e-06, -0.009486444294452667
v,-1.593478349271038e-09, 0.001937530585564673, -0.00867442972958088
v,-8.007073892812855e-10, 0.014499383047223091, -0.007522797677665949
v,-9.187916538699881e-10, 0.012313755229115486, -0.008207728154957294
v,-9.515298549089835e-10, 0.012411275878548622, -0.007249350193887949
v,-1.5332953795521576e-09, 0.0022877869196236134, -0.009571881964802742
v,-1.612086020230663e-09, 0.0004417886375449598, -0.01066166628152132
v,-1.6902247379491087e-09, -6.833841325715184e-06, -0.009486444294452667
v,-7.574090243878118e-10, 0.01437811553478241, -0.008777731098234653
v,-9.187916538699881e-10, 0.012313755229115486, -0.008207728154957294
v,-8.007073892812855e-10, 0.014499383047223091, -0.007522797677665949
v,-1.471521904328199e-09, 0.002709562424570322, -0.010391422547399998
v,-1.612086020230663e-09, 0.0004417886375449598, -0.01066166628152132
v,-1.5332953795521576e-09, 0.0022877869196236134, -0.009571881964802742
v,-7.574090243878118e-10, 0.01437811553478241, -0.008777731098234653
v,-8.943332741040422e-10, 0.012126713059842587, -0.009110106155276299
v,-9.187916538699881e-10, 0.012313755229115486, -0.008207728154957294
v,-1.471521904328199e-09, 0.002709562424570322, -0.010391422547399998
v,-1.5306134137915706e-09, 0.0009893637616187334, -0.011756759136915207
v,-1.612086020230663e-09, 0.0004417886375449598, -0.01066166628152132
v,-7.240465449420697e-10, 0.014140306040644646, -0.009980342350900173
v,-8.943332741040422e-10, 0.012126713059842587, -0.009110106155276299
v,-7.574090243878118e-10, 0.01437811553478241, -0.008777731098234653
v,-1.4088374911125356e-09, 0.003196695586666465, -0.011126517318189144
v,-1.5306134137915706e-09, 0.0009893637616187334, -0.011756759136915207
v,-1.471521904328199e-09, 0.002709562424570322, -0.010391422547399998
v,-7.240465449420697e-10, 0.014140306040644646, -0.009980342350900173
v,-8.781956273296032e-10, 0.011854411102831364, -0.009948531165719032
v,-8.943332741040422e-10, 0.012126713059842587, -0.009110106155276299
v,-1.3459219294631453e-09, 0.003743024542927742, -0.011770631186664104
v,-1.5306134137915706e-09, 0.0009893637616187334, -0.011756759136915207
v,-1.4088374911125356e-09, 0.003196695586666465, -0.011126517318189144
v,-7.240465449420697e-10, 0.014140306040644646, -0.009980342350900173
v,-8.704193477093725e-10, 0.011501112021505833, -0.01071504969149828
v,-8.781956273296032e-10, 0.011854411102831364, -0.009948531165719032
v,-1.3459219294631453e-09, 0.003743024542927742, -0.011770631186664104
v,-1.4467368414372572e-09, 0.0016307024052366614, -0.012757481075823307
v,-1.5306134137915706e-09, 0.0009893637616187334, -0.011756759136915207
v,-7.010833025233865e-10, 0.013788184151053429, -0.011115681380033493
v,-8.704193477093725e-10, 0.011501112021505833, -0.01071504969149828
v,-7.240465449420697e-10, 0.014140306040644646, -0.009980342350900173
v,-1.2834548979157034e-09, 0.004342387896031141, -0.012317228130996227
v,-1.4467368414372572e-09, 0.0016307024052366614, -0.012757481075823307
v,-1.3459219294631453e-09, 0.003743024542927742, -0.011770631186664104
v,-7.010833025233865e-10, 0.013788184151053429, -0.011115681380033493
v,-8.710454579841098e-10, 0.01107107661664486, -0.011401709169149399
v,-8.704193477093725e-10, 0.011501112021505833, -0.01071504969149828
v,-1.2221160750058857e-09, 0.004988623782992363, -0.012759773060679436
v,-1.4467368414372572e-09, 0.0016307024052366614, -0.012757481075823307
v,-1.2834548979157034e-09, 0.004342387896031141, -0.012317228130996227
v,-7.010833025233865e-10, 0.013788184151053429, -0.011115681380033493
v,-8.801144812942141e-10, 0.010568569414317608, -0.0120005551725626
v,-8.710454579841098e-10, 0.01107107661664486, -0.011401709169149399
v,-1.2221160750058857e-09, 0.004988623782992363, -0.012759773060679436
v,-1.3613872251738712e-09, 0.0023606161121279, -0.013649588450789452
v,-1.4467368414372572e-09, 0.0016307024052366614, -0.012757481075823307
v,-6.889827042222407e-10, 0.013323977589607239, -0.01216879766434431
v,-8.801144812942141e-10, 0.010568569414317608, -0.0120005551725626
v,-7.010833025233865e-10, 0.013788184151053429, -0.011115681380033493
v,-1.16258525029167e-09, 0.005675571039319038, -0.013091731816530228
v,-1.3613872251738712e-09, 0.0023606161121279, -0.013649588450789452
v,-1.2221160750058857e-09, 0.004988623782992363, -0.012759773060679436
v,-6.889827042222407e-10, 0.013323977589607239, -0.01216879766434431
v,-8.97667384869294e-10, 0.009997851215302944, -0.01250363327562809
v,-8.801144812942141e-10, 0.010568569414317608, -0.0120005551725626
v,-1.1055419912864295e-09, 0.006397067103534937, -0.013306568376719952
v,-1.3613872251738712e-09, 0.0023606161121279, -0.013649588450789452
v,-1.16258525029167e-09, 0.005675571039319038, -0.013091731816530228
v,-6.889827042222407e-10, 0.013323977589607239, -0.01216879766434431
v,-9.237449138943532e-10, 0.009363186545670033, -0.012902992777526379
v,-8.97667384869294e-10, 0.009997851215302944, -0.01250363327562809
v,-1.1055419912864295e-09, 0.006397067103534937, -0.013306568376719952
v,-1.275494598829141e-09, 0.0031739179976284504, -0.014418836683034897
v,-1.3613872251738712e-09, 0.0023606161121279, -0.013649588450789452
v,-6.882083791737159e-10, 0.012749910354614258, -0.013124744407832623
v,-9.237449138943532e-10, 0.009363186545670033, -0.012902992777526379
v,-6.889827042222407e-10, 0.013323977589607239, -0.01216879766434431
v,-1.0516659765258396e-09, 0.0071469517424702644, -0.01339774765074253
v,-1.275494598829141e-09, 0.0031739179976284504, -0.014418836683034897
v,-1.1055419912864295e-09, 0.006397067103534937, -0.013306568376719952
v,-6.882083791737159e-10, 0.012749910354614258, -0.013124744407832623
v,-9.58387924576698e-10, 0.008668835274875164, -0.013190677389502525
v,-9.237449138943532e-10, 0.009363186545670033, -0.012902992777526379
v,-1.0016371065901808e-09, 0.007919061928987503, -0.013358734548091888
v,-1.275494598829141e-09, 0.0031739179976284504, -0.014418836683034897
v,-1.0516659765258396e-09, 0.0071469517424702644, -0.01339774765074253
v,-6.882083791737159e-10, 0.012749910354614258, -0.013124744407832623
v,-1.0016371065901808e-09, 0.007919061928987503, -0.013358734548091888
v,-9.58387924576698e-10, 0.008668835274875164, -0.013190677389502525
v,-6.882083791737159e-10, 0.012749910354614258, -0.013124744407832623
v,-1.275494598829141e-09, 0.0031739179976284504, -0.014418836683034897
v,-1.0016371065901808e-09, 0.007919061928987503, -0.013358734548091888
v,-6.882083791737159e-10, 0.012749910354614258, -0.013124744407832623
v,-1.1899893292977026e-09, 0.004065418615937233, -0.015050983056426048
v,-1.275494598829141e-09, 0.0031739179976284504, -0.014418836683034897
v,-6.992235679348369e-10, 0.012068213894963264, -0.013968571089208126
v,-1.1899893292977026e-09, 0.004065418615937233, -0.015050983056426048
v,-6.882083791737159e-10, 0.012749910354614258, -0.013124744407832623
v,-6.992235679348369e-10, 0.012068213894963264, -0.013968571089208126
v,-1.1058017834741918e-09, 0.005029931664466858, -0.01553178671747446
v,-1.1899893292977026e-09, 0.004065418615937233, -0.015050983056426048
v,-7.224917886183846e-10, 0.011281111277639866, -0.014685328118503094
v,-1.1058017834741918e-09, 0.005029931664466858, -0.01553178671747446
v,-6.992235679348369e-10, 0.012068213894963264, -0.013968571089208126
v,-7.224917886183846e-10, 0.011281111277639866, -0.014685328118503094
v,-1.0238623282532444e-09, 0.006062267813831568, -0.01584700308740139
v,-1.1058017834741918e-09, 0.005029931664466858, -0.01553178671747446
v,-7.584765593371401e-10, 0.010390833020210266, -0.015260068699717522
v,-1.0238623282532444e-09, 0.006062267813831568, -0.01584700308740139
v,-7.224917886183846e-10, 0.011281111277639866, -0.014685328118503094
v,-7.584765593371401e-10, 0.010390833020210266, -0.015260068699717522
v,-9.451013305294964e-10, 0.007157239131629467, -0.015982387587428093
v,-1.0238623282532444e-09, 0.006062267813831568, -0.01584700308740139
v,-8.076411206481282e-10, 0.009399606846272945, -0.015677843242883682
v,-9.451013305294964e-10, 0.007157239131629467, -0.015982387587428093
v,-7.584765593371401e-10, 0.010390833020210266, -0.015260068699717522
v,-8.076411206481282e-10, 0.009399606846272945, -0.015677843242883682
v,-8.704491571975836e-10, 0.008309658616781235, -0.015923699364066124
v,-9.451013305294964e-10, 0.007157239131629467, -0.015982387587428093
n,-34.692691802978516, 2.3197210339276353e-06, -1.4211437928679516e-06
n,-34.692691802978516, 2.3197217160486616e-06, -1.421147658220434e-06
n,-34.692691802978516, 2.3197212613013107e-06, -1.4211457255441928e-06
n,-34.692691802978516, 2.3197212613013107e-06, -1.4211457255441928e-06
n,-34.692691802978516, 2.319721488674986e-06, -1.42114686241257e-06
n,-34.692691802978516, 2.3197212613013107e-06, -1.421146066604706e-06
n,-34.692691802978516, 2.31972080655396e-06, -1.4211443613021402e-06
n,-34.692691802978516, 2.3197210339276353e-06, -1.4211456118573551e-06
n,-34.692691802978516, 2.3197212613013107e-06, -1.4211466350388946e-06
n,-34.692691802978516, 2.3197212613013107e-06, -1.421146066604706e-06
n,-34.692691802978516, 2.3197212613013107e-06, -1.4211457255441928e-06
n,-34.692691802978516, 2.3197221707960125e-06, -1.4211508414518903e-06
n,-34.692691802978516, 2.3197201244329335e-06, -1.4211274219633196e-06
n,-34.692691802978516, 2.3197139853436965e-06, -1.4211161669663852e-06
n,-34.692691802978516, 2.3197212613013107e-06, -1.4211444749889779e-06
n,-34.692691802978516, 2.3197210339276353e-06, -1.4211444749889779e-06
n,-34.692691802978516, 2.319721488674986e-06, -1.4211482266546227e-06
n,-34.692691802978516, 2.3197210339276353e-06, -1.4211457255441928e-06
n,-34.692691802978516, 2.3197210339276353e-06, -1.421145270796842e-06
n,-34.692691802978516, 2.3197210339276353e-06, -1.4211457255441928e-06
n,-34.692691802978516, 2.3197212613013107e-06, -1.4211447023626533e-06
n,-34.692691802978516, 2.3197212613013107e-06, -1.4211464076652192e-06
n,-34.692691802978516, 2.3197210339276353e-06, -1.4211464076652192e-06
n,-34.692691802978516, 2.3197212613013107e-06, -1.4211459529178683e-06
n,-34.692691802978516, 2.3197212613013107e-06, -1.421146066604706e-06
n,-34.692691802978516, 2.3197210339276353e-06, -1.4211464076652192e-06
n,-34.692691802978516, 2.319721488674986e-06, -1.4211449297363288e-06
n,-34.692691802978516, 2.3197212613013107e-06, -1.4211457255441928e-06
n,-34.692691802978516, 2.319721488674986e-06, -1.4211454981705174e-06
n,-34.692691802978516, 2.3197212613013107e-06, -1.4211461802915437e-06
n,-34.692691802978516, 2.3197212613013107e-06, -1.4211457255441928e-06
n,-34.692691802978516, 2.319721488674986e-06, -1.4211458392310305e-06
n,-34.692691802978516, 2.319721488674986e-06, -1.4211457255441928e-06
n,-34.692691802978516, 2.3197212613013107e-06, -1.4211457255441928e-06
n,-34.692691802978516, 2.3197212613013107e-06, -1.4211461802915437e-06
n,-34.692691802978516, 2.319721488674986e-06, -1.4211453844836797e-06
n,-34.692691802978516, 2.319721488674986e-06, -1.4211457255441928e-06
n,-34.692691802978516, 2.3197212613013107e-06, -1.4211461802915437e-06
n,-34.692691802978516, 2.3197210339276353e-06, -1.4211454981705174e-06
n,-34.692691802978516, 2.319721488674986e-06, -1.4211459529178683e-06
n,-34.692691802978516, 2.3197210339276353e-06, -1.4211456118573551e-06
n,-34.692691802978516, 2.319721488674986e-06, -1.4211461802915437e-06
n,-34.692691802978516, 2.3197210339276353e-06, -1.4211454981705174e-06
n,-34.692691802978516, 2.319721488674986e-06, -1.4211458392310305e-06
n,-34.692691802978516, 2.3197210339276353e-06, -1.4211458392310305e-06
n,-34.692691802978516, 2.319721488674986e-06, -1.4211458392310305e-06
n,-34.692691802978516, 2.3197212613013107e-06, -1.4211461802915437e-06
n,-34.692691802978516, 2.319721488674986e-06, -1.421146066604706e-06
n,-34.692691802978516, 2.319721488674986e-06, -1.4211457255441928e-06
n,-34.692691802978516, 2.319721488674986e-06, -1.4211456118573551e-06
n,-34.692691802978516, 2.3197212613013107e-06, -1.421146066604706e-06
n,-34.692691802978516, 2.319721488674986e-06, -1.4211457255441928e-06
n,-34.692691802978516, 2.319721488674986e-06, -1.4211458392310305e-06
n,-34.692691802978516, 2.319721488674986e-06, -1.4211458392310305e-06
n,-34.692691802978516, 2.319721488674986e-06, -1.4211457255441928e-06
n,-34.692691802978516, 2.3197217160486616e-06, -1.421146066604706e-06
n,-34.692691802978516, 2.319721488674986e-06, -1.4211457255441928e-06
n,-34.692691802978516, 2.3197217160486616e-06, -1.4211462939783814e-06
n,-34.692691802978516, 2.319721488674986e-06, -1.4211461802915437e-06
n,-34.692691802978516, 2.3197212613013107e-06, -1.4211449297363288e-06
n,-34.692691802978516, 2.3197210339276353e-06, -1.4211453844836797e-06
n,-34.692691802978516, 2.3197210339276353e-06, -1.4211456118573551e-06
n,-34.692691802978516, 2.3197210339276353e-06, -1.4211451571100042e-06
n,-34.692691802978516, 2.3197210339276353e-06, -1.4211462939783814e-06
n,-34.692691802978516, 2.3197212613013107e-06, -1.4211457255441928e-06
n,-34.692691802978516, 2.3197212613013107e-06, -1.421146066604706e-06
n,-34.692691802978516, 2.319721488674986e-06, -1.4211464076652192e-06
n,-34.692691802978516, 2.3197212613013107e-06, -1.4211450434231665e-06
n,-34.692691802978516, 2.319721488674986e-06, -1.4211466350388946e-06
n,-34.692691802978516, 2.319721488674986e-06, -1.4211457255441928e-06
n,-34.692691802978516, 2.3197210339276353e-06, -1.4211457255441928e-06
n,-34.692691802978516, 2.3197212613013107e-06, -1.4211466350388946e-06
n,-34.692691802978516, 2.3197212613013107e-06, -1.4211457255441928e-06
n,-34.692691802978516, 2.3197210339276353e-06, -1.4211456118573551e-06
n,-34.692691802978516, 2.3197210339276353e-06, -1.4211454981705174e-06
n,-34.692691802978516, 2.3197210339276353e-06, -1.421145270796842e-06
n,-34.692691802978516, 2.3197212613013107e-06, -1.4211457255441928e-06
n,-34.692691802978516, 2.3197210339276353e-06, -1.4211461802915437e-06
n,-34.692691802978516, 2.3197210339276353e-06, -1.4211450434231665e-06
n,-34.692691802978516, 2.3197205791802844e-06, -1.4211429970600875e-06
n,-34.692691802978516, 2.3197210339276353e-06, -1.4211454981705174e-06
n,-34.692691802978516, 2.3197212613013107e-06, -1.4211464076652192e-06
n,-34.692691802978516, 2.3197212613013107e-06, -1.4211457255441928e-06
n,-34.692691802978516, 2.3197212613013107e-06, -1.4211466350388946e-06
n,-34.692691802978516, 2.3197217160486616e-06, -1.42114686241257e-06
n,-34.692691802978516, 2.3197212613013107e-06, -1.4211469760994078e-06
n,-34.692691802978516, 2.3197212613013107e-06, -1.4211457255441928e-06
n,-34.692691802978516, 2.319721488674986e-06, -1.4211464076652192e-06
n,-34.692691802978516, 2.3197210339276353e-06, -1.4211451571100042e-06
n,-34.692691802978516, 2.3197210339276353e-06, -1.4211456118573551e-06
n,-34.692691802978516, 2.3197212613013107e-06, -1.4211465213520569e-06
n,-34.692691802978516, 2.3197212613013107e-06, -1.421146066604706e-06
n,-34.692691802978516, 2.319721488674986e-06, -1.421147317159921e-06
n,-34.692691802978516, 2.3197212613013107e-06, -1.421146066604706e-06
n,-34.692691802978516, 2.31972080655396e-06, -1.4211439065547893e-06
n,-34.692691802978516, 2.3197210339276353e-06, -1.4211457255441928e-06
u,0.17284561693668365, 0.4951179623603821, 0
u,0.22873207926750183, 0.49764013290405273, 0
u,0.20067378878593445, 0.4940067529678345, 0
u,0.17284561693668365, 0.4951179623603821, 0
u,0.2546929121017456, 0.5056807398796082, 0
u,0.22873207926750183, 0.49764013290405273, 0
u,0.1465732902288437, 0.5008247792720795, 0
u,0.2546929121017456, 0.5056807398796082, 0
u,0.17284561693668365, 0.4951179623603821, 0
u,0.1465732902288437, 0.5008247792720795, 0
u,0.278465211391449, 0.5177974104881287, 0
u,0.2546929121017456, 0.5056807398796082, 0
u,0.12199582159519196, 0.510798990726471, 0
u,0.278465211391449, 0.5177974104881287, 0
u,0.1465732902288437, 0.5008247792720795, 0
u,0.12199582159519196, 0.510798990726471, 0
u,0.29995784163475037, 0.533659040927887, 0
u,0.278465211391449, 0.5177974104881287, 0
u,0.0992521196603775, 0.5247123539447784, 0
u,0.29995784163475037, 0.533659040927887, 0
u,0.12199582159519196, 0.510798990726471, 0
u,0.0992521196603775, 0.5247123539447784, 0
u,0.31907978653907776, 0.552934467792511, 0
u,0.29995784163475037, 0.533659040927887, 0
u,0.07848130166530609, 0.5422366559505463, 0
u,0.31907978653907776, 0.552934467792511, 0
u,0.0992521196603775, 0.5247123539447784, 0
u,0.07848130166530609, 0.5422366559505463, 0
u,0.3357398808002472, 0.5752926468849182, 0
u,0.31907978653907776, 0.552934467792511, 0
u,0.059822261333465576, 0.5630436539649963, 0
u,0.19772137701511383, 0.5590690672397614, 0
u,0.07848130166530609, 0.5422366559505463, 0
u,0.19772137701511383, 0.5590690672397614, 0
u,0.3357398808002472, 0.5752926468849182, 0
u,0.07848130166530609, 0.5422366559505463, 0
u,0.059822261333465576, 0.5630436539649963, 0
u,0.17844675481319427, 0.5598251223564148, 0
u,0.19772137701511383, 0.5590690672397614, 0
u,0.21696704626083374, 0.5615731477737427, 0
u,0.3357398808002472, 0.5752926468849182, 0
u,0.19772137701511383, 0.5590690672397614, 0
u,0.059822261333465576, 0.5630436539649963, 0
u,0.16000255942344666, 0.5637630224227905, 0
u,0.17844675481319427, 0.5598251223564148, 0
u,0.23507779836654663, 0.5671698451042175, 0
u,0.3357398808002472, 0.5752926468849182, 0
u,0.21696704626083374, 0.5615731477737427, 0
u,0.059822261333465576, 0.5630436539649963, 0
u,0.14252960681915283, 0.5707130432128906, 0
u,0.16000255942344666, 0.5637630224227905, 0
u,0.2519305646419525, 0.5756774842739105, 0
u,0.3357398808002472, 0.5752926468849182, 0
u,0.23507779836654663, 0.5671698451042175, 0
u,0.2519305646419525, 0.5756774842739105, 0
u,0.34984707832336426, 0.6004023849964142, 0
u,0.3357398808002472, 0.5752926468849182, 0
u,0.04341403767466545, 0.5868051052093506, 0
u,0.14252960681915283, 0.5707130432128906, 0
u,0.059822261333465576, 0.5630436539649963, 0
u,0.04341403767466545, 0.5868051052093506, 0
u,0.1261686533689499, 0.5805054903030396, 0
u,0.14252960681915283, 0.5707130432128906, 0
u,0.2674022912979126, 0.586914449930191, 0
u,0.34984707832336426, 0.6004023849964142, 0
u,0.2519305646419525, 0.5756774842739105, 0
u,0.04341403767466545, 0.5868051052093506, 0
u,0.11106051504611969, 0.5929706692695618, 0
u,0.1261686533689499, 0.5805054903030396, 0
u,0.2813699245452881, 0.6006990373134613, 0
u,0.34984707832336426, 0.6004023849964142, 0
u,0.2674022912979126, 0.586914449930191, 0
u,0.2813699245452881, 0.6006990373134613, 0
u,0.3613102436065674, 0.6279325783252716, 0
u,0.34984707832336426, 0.6004023849964142, 0
u,0.029395656660199165, 0.6131928265094757, 0
u,0.11106051504611969, 0.5929706692695618, 0
u,0.04341403767466545, 0.5868051052093506, 0
u,0.029395656660199165, 0.6131928265094757, 0
u,0.09734597057104111, 0.6079389154911041, 0
u,0.11106051504611969, 0.5929706692695618, 0
u,0.2937104105949402, 0.6168496310710907, 0
u,0.3613102436065674, 0.6279325783252716, 0
u,0.2813699245452881, 0.6006990373134613, 0
u,0.029395656660199165, 0.6131928265094757, 0
u,0.0851658284664154, 0.6252405643463135, 0
u,0.09734597057104111, 0.6079389154911041, 0
u,0.3043006956577301, 0.6351845264434814, 0
u,0.3613102436065674, 0.6279325783252716, 0
u,0.2937104105949402, 0.6168496310710907, 0
u,0.3043006956577301, 0.6351845264434814, 0
u,0.37003836035728455, 0.6575520932674408, 0
u,0.3613102436065674, 0.6279325783252716, 0
u,0.017906062304973602, 0.6418785750865936, 0
u,0.0851658284664154, 0.6252405643463135, 0
u,0.029395656660199165, 0.6131928265094757, 0
u,0.017906062304973602, 0.6418785750865936, 0
u,0.07466087490320206, 0.6447059214115143, 0
u,0.0851658284664154, 0.6252405643463135, 0
u,0.31301775574684143, 0.6555221378803253, 0
u,0.37003836035728455, 0.6575520932674408, 0
u,0.3043006956577301, 0.6351845264434814, 0
u,0.31301775574684143, 0.6555221378803253, 0
u,0.3759402930736542, 0.6889298558235168, 0
u,0.37003836035728455, 0.6575520932674408, 0
u,0.009084255434572697, 0.6725341081619263, 0
u,0.07466087490320206, 0.6447059214115143, 0
u,0.017906062304973602, 0.6418785750865936, 0
u,0.009084255434572697, 0.6725341081619263, 0
u,0.06597190350294113, 0.6661653220653534, 0
u,0.07466087490320206, 0.6447059214115143, 0
u,0.319738507270813, 0.6776807904243469, 0
u,0.3759402930736542, 0.6889298558235168, 0
u,0.31301775574684143, 0.6555221378803253, 0
u,0.32433992624282837, 0.7014788091182709, 0
u,0.3759402930736542, 0.6889298558235168, 0
u,0.319738507270813, 0.6776807904243469, 0
u,0.009084255434572697, 0.6725341081619263, 0
u,0.059239692986011505, 0.6894490420818329, 0
u,0.06597190350294113, 0.6661653220653534, 0
u,0.32433992624282837, 0.7014788091182709, 0
u,0.3789249658584595, 0.7217347025871277, 0
u,0.3759402930736542, 0.6889298558235168, 0
u,0.0030692419968545437, 0.7048312127590179, 0
u,0.059239692986011505, 0.6894490420818329, 0
u,0.009084255434572697, 0.6725341081619263, 0
u,0.3266989588737488, 0.7267345488071442, 0
u,0.3789249658584595, 0.7217347025871277, 0
u,0.32433992624282837, 0.7014788091182709, 0
u,0.0030692419968545437, 0.7048312127590179, 0
u,0.054605063050985336, 0.7143874168395996, 0
u,0.059239692986011505, 0.6894490420818329, 0
u,0.3266989588737488, 0.7267345488071442, 0
u,0.37890130281448364, 0.7556355148553848, 0
u,0.3789249658584595, 0.7217347025871277, 0
u,2.2452136150263868e-08, 0.7384416460990906, 0
u,0.054605063050985336, 0.7143874168395996, 0
u,0.0030692419968545437, 0.7048312127590179, 0
u,0.32669252157211304, 0.753266379237175, 0
u,0.37890130281448364, 0.7556355148553848, 0
u,0.3266989588737488, 0.7267345488071442, 0
u,2.2452136150263868e-08, 0.7384416460990906, 0
u,0.052208784967660904, 0.7408107817173004, 0
u,0.054605063050985336, 0.7143874168395996, 0
u,2.349522709721441e-08, 0.7715826779603958, 0
u,0.052208784967660904, 0.7408107817173004, 0
u,2.2452136150263868e-08, 0.7384416460990906, 0
u,2.349522709721441e-08, 0.7715826779603958, 0
u,0.052208900451660156, 0.7671907395124435, 0
u,0.052208784967660904, 0.7408107817173004, 0
u,0.3243028223514557, 0.7795378565788269, 0
u,0.37890130281448364, 0.7556355148553848, 0
u,0.32669252157211304, 0.753266379237175, 0
u,0.3243028223514557, 0.7795378565788269, 0
u,0.3759346604347229, 0.7884897291660309, 0
u,0.37890130281448364, 0.7556355148553848, 0
u,0.31967058777809143, 0.8043770045042038, 0
u,0.3759346604347229, 0.7884897291660309, 0
u,0.3243028223514557, 0.7795378565788269, 0
u,2.349522709721441e-08, 0.7715826779603958, 0
u,0.054570332169532776, 0.7923472374677658, 0
u,0.052208900451660156, 0.7671907395124435, 0
u,0.31967058777809143, 0.8043770045042038, 0
u,0.37011802196502686, 0.8202990740537643, 0
u,0.3759346604347229, 0.7884897291660309, 0
u,0.0029748817905783653, 0.8038903027772903, 0
u,0.054570332169532776, 0.7923472374677658, 0
u,2.349522709721441e-08, 0.7715826779603958, 0
u,0.31293514370918274, 0.8276064991950989, 0
u,0.37011802196502686, 0.8202990740537643, 0
u,0.31967058777809143, 0.8043770045042038, 0
u,0.0029748817905783653, 0.8038903027772903, 0
u,0.059168536216020584, 0.8160910457372665, 0
u,0.054570332169532776, 0.7923472374677658, 0
u,0.31293514370918274, 0.8276064991950989, 0
u,0.3615489900112152, 0.8506956994533539, 0
u,0.37011802196502686, 0.8202990740537643, 0
u,0.00883518997579813, 0.8349957764148712, 0
u,0.059168536216020584, 0.8160910457372665, 0
u,0.0029748817905783653, 0.8038903027772903, 0
u,0.3042358458042145, 0.8490490615367889, 0
u,0.3615489900112152, 0.8506956994533539, 0
u,0.31293514370918274, 0.8276064991950989, 0
u,0.00883518997579813, 0.8349957764148712, 0
u,0.0658789575099945, 0.8382328599691391, 0
u,0.059168536216020584, 0.8160910457372665, 0
u,0.3042358458042145, 0.8490490615367889, 0
u,0.3503251075744629, 0.8793117478489876, 0
u,0.3615489900112152, 0.8506956994533539, 0
u,0.017491616308689117, 0.8645303100347519, 0
u,0.0658789575099945, 0.8382328599691391, 0
u,0.00883518997579813, 0.8349957764148712, 0
u,0.2937120199203491, 0.8685273826122284, 0
u,0.3503251075744629, 0.8793117478489876, 0
u,0.3042358458042145, 0.8490490615367889, 0
u,0.017491616308689117, 0.8645303100347519, 0
u,0.07457713782787323, 0.8585834503173828, 0
u,0.0658789575099945, 0.8382328599691391, 0
u,0.28150299191474915, 0.885864183306694, 0
u,0.3503251075744629, 0.8793117478489876, 0
u,0.2937120199203491, 0.8685273826122284, 0
u,0.017491616308689117, 0.8645303100347519, 0
u,0.08513854444026947, 0.8769535347819328, 0
u,0.07457713782787323, 0.8585834503173828, 0
u,0.28150299191474915, 0.885864183306694, 0
u,0.33654409646987915, 0.9057794138789177, 0
u,0.3503251075744629, 0.8793117478489876, 0
u,0.028854751959443092, 0.8921251371502876, 0
u,0.08513854444026947, 0.8769535347819328, 0
u,0.017491616308689117, 0.8645303100347519, 0
u,0.2677481472492218, 0.9008821845054626, 0
u,0.33654409646987915, 0.9057794138789177, 0
u,0.28150299191474915, 0.885864183306694, 0
u,0.028854751959443092, 0.8921251371502876, 0
u,0.09743873029947281, 0.8931538611650467, 0
u,0.08513854444026947, 0.8769535347819328, 0
u,0.2525867521762848, 0.9134040623903275, 0
u,0.33654409646987915, 0.9057794138789177, 0
u,0.2677481472492218, 0.9008821845054626, 0
u,0.028854751959443092, 0.8921251371502876, 0
u,0.11135313659906387, 0.9069951549172401, 0
u,0.09743873029947281, 0.8931538611650467, 0
u,0.2525867521762848, 0.9134040623903275, 0
u,0.3203035295009613, 0.9297308400273323, 0
u,0.33654409646987915, 0.9057794138789177, 0
u,0.04283520206809044, 0.9174114689230919, 0
u,0.11135313659906387, 0.9069951549172401, 0
u,0.028854751959443092, 0.8921251371502876, 0
u,0.23615822196006775, 0.9232525378465652, 0
u,0.3203035295009613, 0.9297308400273323, 0
u,0.2525867521762848, 0.9134040623903275, 0
u,0.04283520206809044, 0.9174114689230919, 0
u,0.12675726413726807, 0.9182881340384483, 0
u,0.11135313659906387, 0.9069951549172401, 0
u,0.21860183775424957, 0.9302503168582916, 0
u,0.3203035295009613, 0.9297308400273323, 0
u,0.23615822196006775, 0.9232525378465652, 0
u,0.04283520206809044, 0.9174114689230919, 0
u,0.1435265988111496, 0.9268435537815094, 0
u,0.12675726413726807, 0.9182881340384483, 0
u,0.21860183775424957, 0.9302503168582916, 0
u,0.30170103907585144, 0.9507981985807419, 0
u,0.3203035295009613, 0.9297308400273323, 0
u,0.05934365466237068, 0.9400205463171005, 0
u,0.1435265988111496, 0.9268435537815094, 0
u,0.04283520206809044, 0.9174114689230919, 0
u,0.2000569850206375, 0.9342201054096222, 0
u,0.30170103907585144, 0.9507981985807419, 0
u,0.21860183775424957, 0.9302503168582916, 0
u,0.05934365466237068, 0.9400205463171005, 0
u,0.16153667867183685, 0.9324721395969391, 0
u,0.1435265988111496, 0.9268435537815094, 0
u,0.18066298961639404, 0.9349846392869949, 0
u,0.30170103907585144, 0.9507981985807419, 0
u,0.2000569850206375, 0.9342201054096222, 0
u,0.05934365466237068, 0.9400205463171005, 0
u,0.18066298961639404, 0.9349846392869949, 0
u,0.16153667867183685, 0.9324721395969391, 0
u,0.05934365466237068, 0.9400205463171005, 0
u,0.30170103907585144, 0.9507981985807419, 0
u,0.18066298961639404, 0.9349846392869949, 0
u,0.05934365466237068, 0.9400205463171005, 0
u,0.28083428740501404, 0.9686136692762375, 0
u,0.30170103907585144, 0.9507981985807419, 0
u,0.07829062640666962, 0.9595835842192173, 0
u,0.28083428740501404, 0.9686136692762375, 0
u,0.05934365466237068, 0.9400205463171005, 0
u,0.07829062640666962, 0.9595835842192173, 0
u,0.257800817489624, 0.9828094337135553, 0
u,0.28083428740501404, 0.9686136692762375, 0
u,0.0995868369936943, 0.9757318384945393, 0
u,0.257800817489624, 0.9828094337135553, 0
u,0.07829062640666962, 0.9595835842192173, 0
u,0.0995868369936943, 0.9757318384945393, 0
u,0.23269833624362946, 0.9930176213383675, 0
u,0.257800817489624, 0.9828094337135553, 0
u,0.12314285337924957, 0.9880965109914541, 0
u,0.23269833624362946, 0.9930176213383675, 0
u,0.0995868369936943, 0.9757318384945393, 0
u,0.12314285337924957, 0.9880965109914541, 0
u,0.20562443137168884, 0.998870428535156, 0
u,0.23269833624362946, 0.9930176213383675, 0
u,0.14886926114559174, 0.9963088394142687, 0
u,0.20562443137168884, 0.998870428535156, 0
u,0.12314285337924957, 0.9880965109914541, 0
u,0.14886926114559174, 0.9963088394142687, 0
u,0.17667672038078308, 1.0000000264576574, 0
u,0.20562443137168884, 0.998870428535156, 0
