v,-1.7618330128144066e-09, 0.007575832307338715, 0.008205359801650047
v,-1.8979839921939856e-09, 0.005349615588784218, 0.008108659647405148
v,-1.833663887396142e-09, 0.0064674667082726955, 0.008251494728028774
v,-1.7618330128144066e-09, 0.007575832307338715, 0.008205359801650047
v,-1.949518768640246e-09, 0.004315012600272894, 0.0077901375479996204
v,-1.8979839921939856e-09, 0.005349615588784218, 0.008108659647405148
v,-1.6860770557514115e-09, 0.008621917106211185, 0.007976279594004154
v,-1.949518768640246e-09, 0.004315012600272894, 0.0077901375479996204
v,-1.7618330128144066e-09, 0.007575832307338715, 0.008205359801650047
v,-1.6860770557514115e-09, 0.008621917106211185, 0.007976279594004154
v,-1.9886041702221746e-09, 0.0033673082944005728, 0.007309110835194588
v,-1.949518768640246e-09, 0.004315012600272894, 0.0077901375479996204
v,-1.6073050668197197e-09, 0.009600205346941948, 0.007577336858958006
v,-1.9886041702221746e-09, 0.0033673082944005728, 0.007309110835194588
v,-1.6860770557514115e-09, 0.008621917106211185, 0.007976279594004154
v,-1.6073050668197197e-09, 0.009600205346941948, 0.007577336858958006
v,-2.0155757063378132e-09, 0.002510154154151678, 0.006678764242678881
v,-1.9886041702221746e-09, 0.0033673082944005728, 0.007309110835194588
v,-1.526425763564987e-09, 0.010505187325179577, 0.007021613884717226
v,-2.0155757063378132e-09, 0.002510154154151678, 0.006678764242678881
v,-1.6073050668197197e-09, 0.009600205346941948, 0.007577336858958006
v,-1.526425763564987e-09, 0.010505187325179577, 0.007021613884717226
v,-2.0307691084298085e-09, 0.0017471997998654842, 0.005912279710173607
v,-2.0155757063378132e-09, 0.002510154154151678, 0.006678764242678881
v,-1.4443481965997762e-09, 0.011331342160701752, 0.006322194822132587
v,-2.0307691084298085e-09, 0.0017471997998654842, 0.005912279710173607
v,-1.526425763564987e-09, 0.010505187325179577, 0.007021613884717226
v,-1.4443481965997762e-09, 0.011331342160701752, 0.006322194822132587
v,-2.0345196638515972e-09, 0.0010820962488651276, 0.005022839177399874
v,-2.0307691084298085e-09, 0.0017471997998654842, 0.005912279710173607
v,-1.3619811944920457e-09, 0.012073161080479622, 0.005492162890732288
v,-1.7153184428408963e-09, 0.006580686662346125, 0.005659759975969791
v,-1.4443481965997762e-09, 0.011331342160701752, 0.006322194822132587
v,-1.7153184428408963e-09, 0.006580686662346125, 0.005659759975969791
v,-2.0345196638515972e-09, 0.0010820962488651276, 0.005022839177399874
v,-1.4443481965997762e-09, 0.011331342160701752, 0.006322194822132587
v,-1.3619811944920457e-09, 0.012073161080479622, 0.005492162890732288
v,-1.6655894441441887e-09, 0.007348374463617802, 0.005628346931189299
v,-1.7153184428408963e-09, 0.006580686662346125, 0.005659759975969791
v,-1.7594165013790075e-09, 0.005813932046294212, 0.005561314057558775
v,-2.0345196638515972e-09, 0.0010820962488651276, 0.005022839177399874
v,-1.7153184428408963e-09, 0.006580686662346125, 0.005659759975969791
v,-1.3619811944920457e-09, 0.012073161080479622, 0.005492162890732288
v,-1.6125226709462481e-09, 0.008082771673798561, 0.005470252130180597
v,-1.6655894441441887e-09, 0.007348374463617802, 0.005628346931189299
v,-1.7953896147560044e-09, 0.005092174746096134, 0.005339608062058687
v,-2.0345196638515972e-09, 0.0010820962488651276, 0.005022839177399874
v,-1.7594165013790075e-09, 0.005813932046294212, 0.005561314057558775
v,-1.3619811944920457e-09, 0.012073161080479622, 0.005492162890732288
v,-1.5567613864675423e-09, 0.008778278715908527, 0.005192245822399855
v,-1.6125226709462481e-09, 0.008082771673798561, 0.005470252130180597
v,-1.8232383380833994e-09, 0.004420329816639423, 0.005001868586987257
v,-2.0345196638515972e-09, 0.0010820962488651276, 0.005022839177399874
v,-1.7953896147560044e-09, 0.005092174746096134, 0.005339608062058687
v,-1.8232383380833994e-09, 0.004420329816639423, 0.005001868586987257
v,-2.027163326090431e-09, 0.0005184936453588307, 0.004023628309369087
v,-2.0345196638515972e-09, 0.0010820962488651276, 0.005022839177399874
v,-1.280233696832056e-09, 0.01272512786090374, 0.00454460084438324
v,-1.5567613864675423e-09, 0.008778278715908527, 0.005192245822399855
v,-1.3619811944920457e-09, 0.012073161080479622, 0.005492162890732288
v,-1.280233696832056e-09, 0.01272512786090374, 0.00454460084438324
v,-1.498948631883934e-09, 0.00942930206656456, 0.004801096394658089
v,-1.5567613864675423e-09, 0.008778278715908527, 0.005192245822399855
v,-1.8429630044280998e-09, 0.0038033099845051765, 0.004555325023829937
v,-2.027163326090431e-09, 0.0005184936453588307, 0.004023628309369087
v,-1.8232383380833994e-09, 0.004420329816639423, 0.005001868586987257
v,-1.280233696832056e-09, 0.01272512786090374, 0.00454460084438324
v,-1.4397276704158912e-09, 0.010030245408415794, 0.0043035708367824554
v,-1.498948631883934e-09, 0.00942930206656456, 0.004801096394658089
v,-1.8545642799239204e-09, 0.0032460286747664213, 0.004007202573120594
v,-2.027163326090431e-09, 0.0005184936453588307, 0.004023628309369087
v,-1.8429630044280998e-09, 0.0038033099845051765, 0.004555325023829937
v,-1.8545642799239204e-09, 0.0032460286747664213, 0.004007202573120594
v,-2.0090353824997464e-09, 6.004390888847411e-05, 0.002927828347310424
v,-2.027163326090431e-09, 0.0005184936453588307, 0.004023628309369087
v,-1.2000146432100678e-09, 0.013281725347042084, 0.003492592368274927
v,-1.4397276704158912e-09, 0.010030245408415794, 0.0043035708367824554
v,-1.280233696832056e-09, 0.01272512786090374, 0.00454460084438324
v,-1.2000146432100678e-09, 0.013281725347042084, 0.003492592368274927
v,-1.3797413211946719e-09, 0.010575509630143642, 0.0037064380012452602
v,-1.4397276704158912e-09, 0.010030245408415794, 0.0043035708367824554
v,-1.858042386615466e-09, 0.0027534000109881163, 0.0033647294621914625
v,-2.0090353824997464e-09, 6.004390888847411e-05, 0.002927828347310424
v,-1.8545642799239204e-09, 0.0032460286747664213, 0.004007202573120594
v,-1.2000146432100678e-09, 0.013281725347042084, 0.003492592368274927
v,-1.3196330694853486e-09, 0.011059499345719814, 0.00301646557636559
v,-1.3797413211946719e-09, 0.010575509630143642, 0.0037064380012452602
v,-1.8533979906365516e-09, 0.0023303371854126453, 0.002635133219882846
v,-2.0090353824997464e-09, 6.004390888847411e-05, 0.002927828347310424
v,-1.858042386615466e-09, 0.0027534000109881163, 0.0033647294621914625
v,-1.8533979906365516e-09, 0.0023303371854126453, 0.002635133219882846
v,-1.9804717865667953e-09, -0.00028960517374798656, 0.0017486223950982094
v,-2.0090353824997464e-09, 6.004390888847411e-05, 0.002927828347310424
v,-1.1222329732163416e-09, 0.013737443834543228, 0.002349219750612974
v,-1.3196330694853486e-09, 0.011059499345719814, 0.00301646557636559
v,-1.2000146432100678e-09, 0.013281725347042084, 0.003492592368274927
v,-1.1222329732163416e-09, 0.013737443834543228, 0.002349219750612974
v,-1.260045845441482e-09, 0.011476618237793446, 0.0022404221817851067
v,-1.3196330694853486e-09, 0.011059499345719814, 0.00301646557636559
v,-1.8406314250540845e-09, 0.00198175385594368, 0.001825640443712473
v,-1.9804717865667953e-09, -0.00028960517374798656, 0.0017486223950982094
v,-1.8533979906365516e-09, 0.0023303371854126453, 0.002635133219882846
v,-1.8406314250540845e-09, 0.00198175385594368, 0.001825640443712473
v,-1.9418078256450144e-09, -0.0005268006934784353, 0.000499193964060396
v,-1.9804717865667953e-09, -0.00028960517374798656, 0.0017486223950982094
v,-1.0477974043965332e-09, 0.014086767099797726, 0.0011275666765868664
v,-1.260045845441482e-09, 0.011476618237793446, 0.0022404221817851067
v,-1.1222329732163416e-09, 0.013737443834543228, 0.002349219750612974
v,-1.0477974043965332e-09, 0.014086767099797726, 0.0011275666765868664
v,-1.2016228012612373e-09, 0.011821269057691097, 0.0013850758550688624
v,-1.260045845441482e-09, 0.011476618237793446, 0.0022404221817851067
v,-1.8197431339572745e-09, 0.0017125633312389255, 0.0009434790699742734
v,-1.9418078256450144e-09, -0.0005268006934784353, 0.000499193964060396
v,-1.8406314250540845e-09, 0.00198175385594368, 0.001825640443712473
v,-1.790733672457634e-09, 0.0015276792692020535, -4.124623956158757e-06
v,-1.9418078256450144e-09, -0.0005268006934784353, 0.000499193964060396
v,-1.8197431339572745e-09, 0.0017125633312389255, 0.0009434790699742734
v,-1.0477974043965332e-09, 0.014086767099797726, 0.0011275666765868664
v,-1.14500708914278e-09, 0.01208785641938448, 0.00045719454647041857
v,-1.2016228012612373e-09, 0.011821269057691097, 0.0013850758550688624
v,-1.790733672457634e-09, 0.0015276792692020535, -4.124623956158757e-06
v,-1.8933794532216552e-09, -0.0006478934665210545, -0.0008072745986282825
v,-1.9418078256450144e-09, -0.0005268006934784353, 0.000499193964060396
v,-9.776170983855081e-10, 0.014324179850518703, -0.0001592836924828589
v,-1.14500708914278e-09, 0.01208785641938448, 0.00045719454647041857
v,-1.0477974043965332e-09, 0.014086767099797726, 0.0011275666765868664
v,-1.7536033736220702e-09, 0.00143201625905931, -0.0010099421488121152
v,-1.8933794532216552e-09, -0.0006478934665210545, -0.0008072745986282825
v,-1.790733672457634e-09, 0.0015276792692020535, -4.124623956158757e-06
v,-9.776170983855081e-10, 0.014324179850518703, -0.0001592836924828589
v,-1.0908417502619727e-09, 0.012270782142877579, -0.0005364532116800547
v,-1.14500708914278e-09, 0.01208785641938448, 0.00045719454647041857
v,-1.7536033736220702e-09, 0.00143201625905931, -0.0010099421488121152
v,-1.835522067672457e-09, -0.000649232417345047, -0.002157600363716483
v,-1.8933794532216552e-09, -0.0006478934665210545, -0.0008072745986282825
v,-9.126008837512245e-10, 0.014444169588387012, -0.0014982473803684115
v,-1.0908417502619727e-09, 0.012270782142877579, -0.0005364532116800547
v,-9.776170983855081e-10, 0.014324179850518703, -0.0001592836924828589
v,-1.7083527925620956e-09, 0.0014304853975772858, -0.0020667482167482376
v,-1.835522067672457e-09, -0.000649232417345047, -0.002157600363716483
v,-1.7536033736220702e-09, 0.00143201625905931, -0.0010099421488121152
v,-9.126008837512245e-10, 0.014444169588387012, -0.0014982473803684115
v,-1.0397700478392835e-09, 0.01236445177346468, -0.001589099527336657
v,-1.0908417502619727e-09, 0.012270782142877579, -0.0005364532116800547
v,-8.560983588701276e-10, 0.014441939070820808, -0.0028183076065033674
v,-1.0397700478392835e-09, 0.01236445177346468, -0.001589099527336657
v,-9.126008837512245e-10, 0.014444169588387012, -0.0014982473803684115
v,-8.560983588701276e-10, 0.014441939070820808, -0.0028183076065033674
v,-9.947949131117184e-10, 0.012362671084702015, -0.00263985525816679
v,-1.0397700478392835e-09, 0.01236445177346468, -0.001589099527336657
v,-1.6575565364718159e-09, 0.0015239031054079533, -0.003113344544544816
v,-1.835522067672457e-09, -0.000649232417345047, -0.002157600363716483
v,-1.7083527925620956e-09, 0.0014304853975772858, -0.0020667482167482376
v,-1.6575565364718159e-09, 0.0015239031054079533, -0.003113344544544816
v,-1.7720528378006861e-09, -0.0005332782748155296, -0.0034664361737668514
v,-1.835522067672457e-09, -0.000649232417345047, -0.002157600363716483
v,-1.603566501806597e-09, 0.0017067397711798549, -0.004103039391338825
v,-1.7720528378006861e-09, -0.0005332782748155296, -0.0034664361737668514
v,-1.6575565364718159e-09, 0.0015239031054079533, -0.003113344544544816
v,-8.560983588701276e-10, 0.014441939070820808, -0.0028183076065033674
v,-9.57839918491743e-10, 0.012266918085515499, -0.003641720162704587
v,-9.947949131117184e-10, 0.012362671084702015, -0.00263985525816679
v,-1.603566501806597e-09, 0.0017067397711798549, -0.004103039391338825
v,-1.7032026899954644e-09, -0.0003037337155546993, -0.004733845125883818
v,-1.7720528378006861e-09, -0.0005332782748155296, -0.0034664361737668514
v,-8.084929392637719e-10, 0.014321270398795605, -0.00410497235134244
v,-9.57839918491743e-10, 0.012266918085515499, -0.003641720162704587
v,-8.560983588701276e-10, 0.014441939070820808, -0.0028183076065033674
v,-1.5470350556157086e-09, 0.001973459729924798, -0.005028760526329279
v,-1.7032026899954644e-09, -0.0003037337155546993, -0.004733845125883818
v,-1.603566501806597e-09, 0.0017067397711798549, -0.004103039391338825
v,-8.084929392637719e-10, 0.014321270398795605, -0.00410497235134244
v,-9.289147229196715e-10, 0.012082166038453579, -0.004587164148688316
v,-9.57839918491743e-10, 0.012266918085515499, -0.003641720162704587
v,-1.5470350556157086e-09, 0.001973459729924798, -0.005028760526329279
v,-1.6298438154649375e-09, 3.553893475327641e-05, -0.005945167504251003
v,-1.7032026899954644e-09, -0.0003037337155546993, -0.004733845125883818
v,-7.701886906019695e-10, 0.01408575102686882, -0.005343558732420206
v,-9.289147229196715e-10, 0.012082166038453579, -0.004587164148688316
v,-8.084929392637719e-10, 0.014321270398795605, -0.00410497235134244
v,-1.4886147869930255e-09, 0.0023185235913842916, -0.00588343758136034
v,-1.6298438154649375e-09, 3.553893475327641e-05, -0.005945167504251003
v,-1.5470350556157086e-09, 0.001973459729924798, -0.005028760526329279
v,-7.701886906019695e-10, 0.01408575102686882, -0.005343558732420206
v,-9.080291518692718e-10, 0.011813388206064701, -0.005468656774610281
v,-9.289147229196715e-10, 0.012082166038453579, -0.004587164148688316
v,-1.4886147869930255e-09, 0.0023185235913842916, -0.00588343758136034
v,-1.5528487384841583e-09, 0.00048067691386677325, -0.00708574615418911
v,-1.6298438154649375e-09, 3.553893475327641e-05, -0.005945167504251003
v,-7.415897895768353e-10, 0.013738963752985, -0.006519383285194635
v,-9.080291518692718e-10, 0.011813388206064701, -0.005468656774610281
v,-7.701886906019695e-10, 0.01408575102686882, -0.005343558732420206
v,-1.4289579519655149e-09, 0.0027363933622837067, -0.006659999024122953
v,-1.5528487384841583e-09, 0.00048067691386677325, -0.00708574615418911
v,-1.4886147869930255e-09, 0.0023185235913842916, -0.00588343758136034
v,-7.415897895768353e-10, 0.013738963752985, -0.006519383285194635
v,-8.951930308143119e-10, 0.011465555988252163, -0.006278667598962784
v,-9.080291518692718e-10, 0.011813388206064701, -0.005468656774610281
v,-1.3687171396270514e-09, 0.0032215311657637358, -0.0073513733223080635
v,-1.5528487384841583e-09, 0.00048067691386677325, -0.00708574615418911
v,-1.4289579519655149e-09, 0.0027363933622837067, -0.006659999024122953
v,-7.415897895768353e-10, 0.013738963752985, -0.006519383285194635
v,-8.904160742062572e-10, 0.011043641716241837, -0.007009666878730059
v,-8.951930308143119e-10, 0.011465555988252163, -0.006278667598962784
v,-1.3687171396270514e-09, 0.0032215311657637358, -0.0073513733223080635
v,-1.4730898723058772e-09, 0.0010278155095875263, -0.008140923455357552
v,-1.5528487384841583e-09, 0.00048067691386677325, -0.00708574615418911
v,-7.231003018581816e-10, 0.013284494169056416, -0.007617764640599489
v,-8.904160742062572e-10, 0.011043641716241837, -0.007009666878730059
v,-7.415897895768353e-10, 0.013738963752985, -0.006519383285194635
v,-1.3085448280492074e-09, 0.0037683984264731407, -0.007950490340590477
v,-1.4730898723058772e-09, 0.0010278155095875263, -0.008140923455357552
v,-1.3687171396270514e-09, 0.0032215311657637358, -0.0073513733223080635
v,-7.231003018581816e-10, 0.013284494169056416, -0.007617764640599489
v,-8.937081075188757e-10, 0.01055261492729187, -0.007654123939573765
v,-8.904160742062572e-10, 0.011043641716241837, -0.007009666878730059
v,-1.24909327325895e-09, 0.0043714577332139015, -0.008450277149677277
v,-1.4730898723058772e-09, 0.0010278155095875263, -0.008140923455357552
v,-1.3085448280492074e-09, 0.0037683984264731407, -0.007950490340590477
v,-7.231003018581816e-10, 0.013284494169056416, -0.007617764640599489
v,-9.050788452036329e-10, 0.009997449815273285, -0.008204507641494274
v,-8.937081075188757e-10, 0.01055261492729187, -0.007654123939573765
v,-1.24909327325895e-09, 0.0043714577332139015, -0.008450277149677277
v,-1.391439963249752e-09, 0.0016730906208977103, -0.009096040390431881
v,-1.4730898723058772e-09, 0.0010278155095875263, -0.008140923455357552
v,-7.151242376046696e-10, 0.012725927866995335, -0.008624019101262093
v,-9.050788452036329e-10, 0.009997449815273285, -0.008204507641494274
v,-7.231003018581816e-10, 0.013284494169056416, -0.007617764640599489
v,-1.1910151753724563e-09, 0.005025169346481562, -0.008843663148581982
v,-1.391439963249752e-09, 0.0016730906208977103, -0.009096040390431881
v,-1.24909327325895e-09, 0.0043714577332139015, -0.008450277149677277
v,-7.151242376046696e-10, 0.012725927866995335, -0.008624019101262093
v,-9.245381682454479e-10, 0.009383118711411953, -0.008653287775814533
v,-9.050788452036329e-10, 0.009997449815273285, -0.008204507641494274
v,-1.1349627904166937e-09, 0.005723997019231319, -0.009123577736318111
v,-1.391439963249752e-09, 0.0016730906208977103, -0.009096040390431881
v,-1.1910151753724563e-09, 0.005025169346481562, -0.008843663148581982
v,-7.151242376046696e-10, 0.012725927866995335, -0.008624019101262093
v,-9.520958466069374e-10, 0.008714593015611172, -0.00899293553084135
v,-9.245381682454479e-10, 0.009383118711411953, -0.008653287775814533
v,-1.1349627904166937e-09, 0.005723997019231319, -0.009123577736318111
v,-1.308771091501626e-09, 0.0024126393254846334, -0.0099364398047328
v,-1.391439963249752e-09, 0.0016730906208977103, -0.009096040390431881
v,-7.180659400418676e-10, 0.012066847644746304, -0.009523462504148483
v,-9.520958466069374e-10, 0.008714593015611172, -0.00899293553084135
v,-7.151242376046696e-10, 0.012725927866995335, -0.008624019101262093
v,-1.0815887074855368e-09, 0.006462401244789362, -0.009282950311899185
v,-1.308771091501626e-09, 0.0024126393254846334, -0.0099364398047328
v,-1.1349627904166937e-09, 0.005723997019231319, -0.009123577736318111
v,-7.180659400418676e-10, 0.012066847644746304, -0.009523462504148483
v,-9.877615392284156e-10, 0.007996844127774239, -0.009215918369591236
v,-9.520958466069374e-10, 0.008714593015611172, -0.00899293553084135
v,-1.031545182605953e-09, 0.007234843447804451, -0.009314707480370998
v,-1.308771091501626e-09, 0.0024126393254846334, -0.0099364398047328
v,-1.0815887074855368e-09, 0.006462401244789362, -0.009282950311899185
v,-7.180659400418676e-10, 0.012066847644746304, -0.009523462504148483
v,-1.031545182605953e-09, 0.007234843447804451, -0.009314707480370998
v,-9.877615392284156e-10, 0.007996844127774239, -0.009215918369591236
v,-7.180659400418676e-10, 0.012066847644746304, -0.009523462504148483
v,-1.308771091501626e-09, 0.0024126393254846334, -0.0099364398047328
v,-1.031545182605953e-09, 0.007234843447804451, -0.009314707480370998
v,-7.180659400418676e-10, 0.012066847644746304, -0.009523462504148483
v,-1.2259560033811567e-09, 0.003242596983909607, -0.01064746268093586
v,-1.308771091501626e-09, 0.0024126393254846334, -0.0099364398047328
v,-7.323292527949832e-10, 0.01131084281951189, -0.010301414877176285
v,-1.2259560033811567e-09, 0.003242596983909607, -0.01064746268093586
v,-7.180659400418676e-10, 0.012066847644746304, -0.009523462504148483
v,-7.323292527949832e-10, 0.01131084281951189, -0.010301414877176285
v,-1.1438670011187924e-09, 0.004159100353717804, -0.011214453727006912
v,-1.2259560033811567e-09, 0.003242596983909607, -0.01064746268093586
v,-7.583184080672822e-10, 0.010461493395268917, -0.010943192057311535
v,-1.1438670011187924e-09, 0.004159100353717804, -0.011214453727006912
v,-7.323292527949832e-10, 0.01131084281951189, -0.010301414877176285
v,-7.583184080672822e-10, 0.010461493395268917, -0.010943192057311535
v,-1.0633766089895857e-09, 0.0051582856103777885, -0.01162275206297636
v,-1.1438670011187924e-09, 0.004159100353717804, -0.011214453727006912
v,-7.964374715285771e-10, 0.009522387757897377, -0.01143411174416542
v,-1.0633766089895857e-09, 0.0051582856103777885, -0.01162275206297636
v,-7.583184080672822e-10, 0.010461493395268917, -0.010943192057311535
v,-7.964374715285771e-10, 0.009522387757897377, -0.01143411174416542
v,-9.853573512685898e-10, 0.006236288696527481, -0.01185770146548748
v,-1.0633766089895857e-09, 0.0051582856103777885, -0.01162275206297636
v,-8.470905088486802e-10, 0.008497110567986965, -0.011759488843381405
v,-9.853573512685898e-10, 0.006236288696527481, -0.01185770146548748
v,-7.964374715285771e-10, 0.009522387757897377, -0.01143411174416542
v,-8.470905088486802e-10, 0.008497110567986965, -0.011759488843381405
v,-9.10681641208555e-10, 0.007389246020466089, -0.011904642917215824
v,-9.853573512685898e-10, 0.006236288696527481, -0.01185770146548748
n,-34.692691802978516, 2.1863966139790136e-06, -1.4886444432704593e-06
n,-34.692691802978516, 2.186396841352689e-06, -1.4886483086229418e-06
n,-34.692691802978516, 2.1863966139790136e-06, -1.4886463759467006e-06
n,-34.692691802978516, 2.1863966139790136e-06, -1.4886463759467006e-06
n,-34.692691802978516, 2.1863966139790136e-06, -1.4886475128150778e-06
n,-34.692691802978516, 2.1863966139790136e-06, -1.488646603320376e-06
n,-34.692691802978516, 2.186396386605338e-06, -1.488645011704648e-06
n,-34.692691802978516, 2.1863966139790136e-06, -1.4886461485730251e-06
n,-34.692691802978516, 2.1863966139790136e-06, -1.4886472854414023e-06
n,-34.692691802978516, 2.1863966139790136e-06, -1.488646603320376e-06
n,-34.692691802978516, 2.1863966139790136e-06, -1.4886463759467006e-06
n,-34.692691802978516, 2.1863970687263645e-06, -1.488651491854398e-06
n,-34.692691802978516, 2.18639729610004e-06, -1.4886280723658274e-06
n,-34.692691802978516, 2.1863920665055048e-06, -1.4886162489347043e-06
n,-34.692691802978516, 2.1863966139790136e-06, -1.4886451253914856e-06
n,-34.692691802978516, 2.1863966139790136e-06, -1.4886451253914856e-06
n,-34.692691802978516, 2.1863966139790136e-06, -1.4886487633702927e-06
n,-34.692691802978516, 2.1863966139790136e-06, -1.4886463759467006e-06
n,-34.692691802978516, 2.1863966139790136e-06, -1.4886459211993497e-06
n,-34.692691802978516, 2.186396386605338e-06, -1.4886463759467006e-06
n,-34.692691802978516, 2.1863966139790136e-06, -1.488645352765161e-06
n,-34.692691802978516, 2.1863966139790136e-06, -1.488647058067727e-06
n,-34.692691802978516, 2.186396386605338e-06, -1.4886469443808892e-06
n,-34.692691802978516, 2.1863966139790136e-06, -1.488646603320376e-06
n,-34.692691802978516, 2.1863966139790136e-06, -1.4886467170072137e-06
n,-34.692691802978516, 2.186396386605338e-06, -1.4886469443808892e-06
n,-34.692691802978516, 2.186396841352689e-06, -1.4886455801388365e-06
n,-34.692691802978516, 2.1863966139790136e-06, -1.4886463759467006e-06
n,-34.692691802978516, 2.186396841352689e-06, -1.4886461485730251e-06
n,-34.692691802978516, 2.1863966139790136e-06, -1.4886467170072137e-06
n,-34.692691802978516, 2.1863966139790136e-06, -1.4886463759467006e-06
n,-34.692691802978516, 2.186396841352689e-06, -1.4886464896335383e-06
n,-34.692691802978516, 2.186396841352689e-06, -1.4886463759467006e-06
n,-34.692691802978516, 2.1863966139790136e-06, -1.4886462622598629e-06
n,-34.692691802978516, 2.1863966139790136e-06, -1.4886468306940515e-06
n,-34.692691802978516, 2.186396841352689e-06, -1.4886460348861874e-06
n,-34.692691802978516, 2.186396841352689e-06, -1.4886462622598629e-06
n,-34.692691802978516, 2.1863966139790136e-06, -1.4886467170072137e-06
n,-34.692691802978516, 2.186396386605338e-06, -1.4886461485730251e-06
n,-34.692691802978516, 2.186396841352689e-06, -1.4886464896335383e-06
n,-34.692691802978516, 2.186396386605338e-06, -1.4886461485730251e-06
n,-34.692691802978516, 2.186396841352689e-06, -1.4886468306940515e-06
n,-34.692691802978516, 2.186396386605338e-06, -1.4886460348861874e-06
n,-34.692691802978516, 2.186396841352689e-06, -1.4886463759467006e-06
n,-34.692691802978516, 2.186396386605338e-06, -1.4886464896335383e-06
n,-34.692691802978516, 2.186396841352689e-06, -1.4886464896335383e-06
n,-34.692691802978516, 2.1863966139790136e-06, -1.4886468306940515e-06
n,-34.692691802978516, 2.186396841352689e-06, -1.4886467170072137e-06
n,-34.692691802978516, 2.186396841352689e-06, -1.4886462622598629e-06
n,-34.692691802978516, 2.186396841352689e-06, -1.4886461485730251e-06
n,-34.692691802978516, 2.1863966139790136e-06, -1.4886467170072137e-06
n,-34.692691802978516, 2.186396841352689e-06, -1.4886463759467006e-06
n,-34.692691802978516, 2.186396841352689e-06, -1.4886464896335383e-06
n,-34.692691802978516, 2.186396841352689e-06, -1.4886464896335383e-06
n,-34.692691802978516, 2.186396841352689e-06, -1.4886463759467006e-06
n,-34.692691802978516, 2.1863970687263645e-06, -1.4886467170072137e-06
n,-34.692691802978516, 2.186396841352689e-06, -1.4886463759467006e-06
n,-34.692691802978516, 2.1863970687263645e-06, -1.4886469443808892e-06
n,-34.692691802978516, 2.186396841352689e-06, -1.4886467170072137e-06
n,-34.692691802978516, 2.1863966139790136e-06, -1.4886455801388365e-06
n,-34.692691802978516, 2.186396386605338e-06, -1.4886460348861874e-06
n,-34.692691802978516, 2.186396386605338e-06, -1.4886462622598629e-06
n,-34.692691802978516, 2.186396386605338e-06, -1.488645807512512e-06
n,-34.692691802978516, 2.186396386605338e-06, -1.4886468306940515e-06
n,-34.692691802978516, 2.1863966139790136e-06, -1.4886462622598629e-06
n,-34.692691802978516, 2.1863966139790136e-06, -1.488646603320376e-06
n,-34.692691802978516, 2.186396841352689e-06, -1.4886469443808892e-06
n,-34.692691802978516, 2.1863966139790136e-06, -1.4886456938256742e-06
n,-34.692691802978516, 2.186396841352689e-06, -1.4886472854414023e-06
n,-34.692691802978516, 2.186396841352689e-06, -1.4886462622598629e-06
n,-34.692691802978516, 2.1863966139790136e-06, -1.4886463759467006e-06
n,-34.692691802978516, 2.1863966139790136e-06, -1.4886471717545646e-06
n,-34.692691802978516, 2.1863966139790136e-06, -1.4886463759467006e-06
n,-34.692691802978516, 2.186396386605338e-06, -1.4886461485730251e-06
n,-34.692691802978516, 2.1863966139790136e-06, -1.4886460348861874e-06
n,-34.692691802978516, 2.1863966139790136e-06, -1.4886459211993497e-06
n,-34.692691802978516, 2.1863966139790136e-06, -1.4886463759467006e-06
n,-34.692691802978516, 2.1863961592316628e-06, -1.4886468306940515e-06
n,-34.692691802978516, 2.1863966139790136e-06, -1.4886455801388365e-06
n,-34.692691802978516, 2.186396386605338e-06, -1.4886435337757575e-06
n,-34.692691802978516, 2.1863966139790136e-06, -1.4886460348861874e-06
n,-34.692691802978516, 2.1863966139790136e-06, -1.488647058067727e-06
n,-34.692691802978516, 2.1863966139790136e-06, -1.4886463759467006e-06
n,-34.692691802978516, 2.1863966139790136e-06, -1.4886471717545646e-06
n,-34.692691802978516, 2.1863970687263645e-06, -1.4886475128150778e-06
n,-34.692691802978516, 2.1863966139790136e-06, -1.4886476265019155e-06
n,-34.692691802978516, 2.1863966139790136e-06, -1.4886462622598629e-06
n,-34.692691802978516, 2.186396841352689e-06, -1.488647058067727e-06
n,-34.692691802978516, 2.1863966139790136e-06, -1.488645807512512e-06
n,-34.692691802978516, 2.1863966139790136e-06, -1.4886461485730251e-06
n,-34.692691802978516, 2.1863966139790136e-06, -1.4886471717545646e-06
n,-34.692691802978516, 2.1863966139790136e-06, -1.4886467170072137e-06
n,-34.692691802978516, 2.186396841352689e-06, -1.4886479675624287e-06
n,-34.692691802978516, 2.1863966139790136e-06, -1.488646603320376e-06
n,-34.692691802978516, 2.1863961592316628e-06, -1.4886444432704593e-06
n,-34.692691802978516, 2.186396386605338e-06, -1.4886463759467006e-06
u,0.17284561693668365, 0.4951179623603821, 0
u,0.22873207926750183, 0.49764013290405273, 0
u,0.20067378878593445, 0.4940067529678345, 0
u,0.17284561693668365, 0.4951179623603821, 0
u,0.2546929121017456, 0.5056807398796082, 0
u,0.22873207926750183, 0.49764013290405273, 0
u,0.1465732902288437, 0.5008247792720795, 0
u,0.2546929121017456, 0.5056807398796082, 0
u,0.17284561693668365, 0.4951179623603821, 0
u,0.1465732902288437, 0.5008247792720795, 0
u,0.278465211391449, 0.5177974104881287, 0
u,0.2546929121017456, 0.5056807398796082, 0
u,0.12199582159519196, 0.510798990726471, 0
u,0.278465211391449, 0.5177974104881287, 0
u,0.1465732902288437, 0.5008247792720795, 0
u,0.12199582159519196, 0.510798990726471, 0
u,0.29995784163475037, 0.533659040927887, 0
u,0.278465211391449, 0.5177974104881287, 0
u,0.0992521196603775, 0.5247123539447784, 0
u,0.29995784163475037, 0.533659040927887, 0
u,0.12199582159519196, 0.510798990726471, 0
u,0.0992521196603775, 0.5247123539447784, 0
u,0.31907978653907776, 0.552934467792511, 0
u,0.29995784163475037, 0.533659040927887, 0
u,0.07848130166530609, 0.5422366559505463, 0
u,0.31907978653907776, 0.552934467792511, 0
u,0.0992521196603775, 0.5247123539447784, 0
u,0.07848130166530609, 0.5422366559505463, 0
u,0.3357398808002472, 0.5752926468849182, 0
u,0.31907978653907776, 0.552934467792511, 0
u,0.059822261333465576, 0.5630436539649963, 0
u,0.19772137701511383, 0.5590690672397614, 0
u,0.07848130166530609, 0.5422366559505463, 0
u,0.19772137701511383, 0.5590690672397614, 0
u,0.3357398808002472, 0.5752926468849182, 0
u,0.07848130166530609, 0.5422366559505463, 0
u,0.059822261333465576, 0.5630436539649963, 0
u,0.17844675481319427, 0.5598251223564148, 0
u,0.19772137701511383, 0.5590690672397614, 0
u,0.21696704626083374, 0.5615731477737427, 0
u,0.3357398808002472, 0.5752926468849182, 0
u,0.19772137701511383, 0.5590690672397614, 0
u,0.059822261333465576, 0.5630436539649963, 0
u,0.16000255942344666, 0.5637630224227905, 0
u,0.17844675481319427, 0.5598251223564148, 0
u,0.23507779836654663, 0.5671698451042175, 0
u,0.3357398808002472, 0.5752926468849182, 0
u,0.21696704626083374, 0.5615731477737427, 0
u,0.059822261333465576, 0.5630436539649963, 0
u,0.14252960681915283, 0.5707130432128906, 0
u,0.16000255942344666, 0.5637630224227905, 0
u,0.2519305646419525, 0.5756774842739105, 0
u,0.3357398808002472, 0.5752926468849182, 0
u,0.23507779836654663, 0.5671698451042175, 0
u,0.2519305646419525, 0.5756774842739105, 0
u,0.34984707832336426, 0.6004023849964142, 0
u,0.3357398808002472, 0.5752926468849182, 0
u,0.04341403767466545, 0.5868051052093506, 0
u,0.14252960681915283, 0.5707130432128906, 0
u,0.059822261333465576, 0.5630436539649963, 0
u,0.04341403767466545, 0.5868051052093506, 0
u,0.1261686533689499, 0.5805054903030396, 0
u,0.14252960681915283, 0.5707130432128906, 0
u,0.2674022912979126, 0.586914449930191, 0
u,0.34984707832336426, 0.6004023849964142, 0
u,0.2519305646419525, 0.5756774842739105, 0
u,0.04341403767466545, 0.5868051052093506, 0
u,0.11106051504611969, 0.5929706692695618, 0
u,0.1261686533689499, 0.5805054903030396, 0
u,0.2813699245452881, 0.6006990373134613, 0
u,0.34984707832336426, 0.6004023849964142, 0
u,0.2674022912979126, 0.586914449930191, 0
u,0.2813699245452881, 0.6006990373134613, 0
u,0.3613102436065674, 0.6279325783252716, 0
u,0.34984707832336426, 0.6004023849964142, 0
u,0.029395656660199165, 0.6131928265094757, 0
u,0.11106051504611969, 0.5929706692695618, 0
u,0.04341403767466545, 0.5868051052093506, 0
u,0.029395656660199165, 0.6131928265094757, 0
u,0.09734597057104111, 0.6079389154911041, 0
u,0.11106051504611969, 0.5929706692695618, 0
u,0.2937104105949402, 0.6168496310710907, 0
u,0.3613102436065674, 0.6279325783252716, 0
u,0.2813699245452881, 0.6006990373134613, 0
u,0.029395656660199165, 0.6131928265094757, 0
u,0.0851658284664154, 0.6252405643463135, 0
u,0.09734597057104111, 0.6079389154911041, 0
u,0.3043006956577301, 0.6351845264434814, 0
u,0.3613102436065674, 0.6279325783252716, 0
u,0.2937104105949402, 0.6168496310710907, 0
u,0.3043006956577301, 0.6351845264434814, 0
u,0.37003836035728455, 0.6575520932674408, 0
u,0.3613102436065674, 0.6279325783252716, 0
u,0.017906062304973602, 0.6418785750865936, 0
u,0.0851658284664154, 0.6252405643463135, 0
u,0.029395656660199165, 0.6131928265094757, 0
u,0.017906062304973602, 0.6418785750865936, 0
u,0.07466087490320206, 0.6447059214115143, 0
u,0.0851658284664154, 0.6252405643463135, 0
u,0.31301775574684143, 0.6555221378803253, 0
u,0.37003836035728455, 0.6575520932674408, 0
u,0.3043006956577301, 0.6351845264434814, 0
u,0.31301775574684143, 0.6555221378803253, 0
u,0.3759402930736542, 0.6889298558235168, 0
u,0.37003836035728455, 0.6575520932674408, 0
u,0.009084255434572697, 0.6725341081619263, 0
u,0.07466087490320206, 0.6447059214115143, 0
u,0.017906062304973602, 0.6418785750865936, 0
u,0.009084255434572697, 0.6725341081619263, 0
u,0.06597190350294113, 0.6661653220653534, 0
u,0.07466087490320206, 0.6447059214115143, 0
u,0.319738507270813, 0.6776807904243469, 0
u,0.3759402930736542, 0.6889298558235168, 0
u,0.31301775574684143, 0.6555221378803253, 0
u,0.32433992624282837, 0.7014788091182709, 0
u,0.3759402930736542, 0.6889298558235168, 0
u,0.319738507270813, 0.6776807904243469, 0
u,0.009084255434572697, 0.6725341081619263, 0
u,0.059239692986011505, 0.6894490420818329, 0
u,0.06597190350294113, 0.6661653220653534, 0
u,0.32433992624282837, 0.7014788091182709, 0
u,0.3789249658584595, 0.7217347025871277, 0
u,0.3759402930736542, 0.6889298558235168, 0
u,0.0030692419968545437, 0.7048312127590179, 0
u,0.059239692986011505, 0.6894490420818329, 0
u,0.009084255434572697, 0.6725341081619263, 0
u,0.3266989588737488, 0.7267345488071442, 0
u,0.3789249658584595, 0.7217347025871277, 0
u,0.32433992624282837, 0.7014788091182709, 0
u,0.0030692419968545437, 0.7048312127590179, 0
u,0.054605063050985336, 0.7143874168395996, 0
u,0.059239692986011505, 0.6894490420818329, 0
u,0.3266989588737488, 0.7267345488071442, 0
u,0.37890130281448364, 0.7556355148553848, 0
u,0.3789249658584595, 0.7217347025871277, 0
u,2.2452136150263868e-08, 0.7384416460990906, 0
u,0.054605063050985336, 0.7143874168395996, 0
u,0.0030692419968545437, 0.7048312127590179, 0
u,0.32669252157211304, 0.753266379237175, 0
u,0.37890130281448364, 0.7556355148553848, 0
u,0.3266989588737488, 0.7267345488071442, 0
u,2.2452136150263868e-08, 0.7384416460990906, 0
u,0.052208784967660904, 0.7408107817173004, 0
u,0.054605063050985336, 0.7143874168395996, 0
u,2.349522709721441e-08, 0.7715826779603958, 0
u,0.052208784967660904, 0.7408107817173004, 0
u,2.2452136150263868e-08, 0.7384416460990906, 0
u,2.349522709721441e-08, 0.7715826779603958, 0
u,0.052208900451660156, 0.7671907395124435, 0
u,0.052208784967660904, 0.7408107817173004, 0
u,0.3243028223514557, 0.7795378565788269, 0
u,0.37890130281448364, 0.7556355148553848, 0
u,0.32669252157211304, 0.753266379237175, 0
u,0.3243028223514557, 0.7795378565788269, 0
u,0.3759346604347229, 0.7884897291660309, 0
u,0.37890130281448364, 0.7556355148553848, 0
u,0.31967058777809143, 0.8043770045042038, 0
u,0.3759346604347229, 0.7884897291660309, 0
u,0.3243028223514557, 0.7795378565788269, 0
u,2.349522709721441e-08, 0.7715826779603958, 0
u,0.054570332169532776, 0.7923472374677658, 0
u,0.052208900451660156, 0.7671907395124435, 0
u,0.31967058777809143, 0.8043770045042038, 0
u,0.37011802196502686, 0.8202990740537643, 0
u,0.3759346604347229, 0.7884897291660309, 0
u,0.0029748817905783653, 0.8038903027772903, 0
u,0.054570332169532776, 0.7923472374677658, 0
u,2.349522709721441e-08, 0.7715826779603958, 0
u,0.31293514370918274, 0.8276064991950989, 0
u,0.37011802196502686, 0.8202990740537643, 0
u,0.31967058777809143, 0.8043770045042038, 0
u,0.0029748817905783653, 0.8038903027772903, 0
u,0.059168536216020584, 0.8160910457372665, 0
u,0.054570332169532776, 0.7923472374677658, 0
u,0.31293514370918274, 0.8276064991950989, 0
u,0.3615489900112152, 0.8506956994533539, 0
u,0.37011802196502686, 0.8202990740537643, 0
u,0.00883518997579813, 0.8349957764148712, 0
u,0.059168536216020584, 0.8160910457372665, 0
u,0.0029748817905783653, 0.8038903027772903, 0
u,0.3042358458042145, 0.8490490615367889, 0
u,0.3615489900112152, 0.8506956994533539, 0
u,0.31293514370918274, 0.8276064991950989, 0
u,0.00883518997579813, 0.8349957764148712, 0
u,0.0658789575099945, 0.8382328599691391, 0
u,0.059168536216020584, 0.8160910457372665, 0
u,0.3042358458042145, 0.8490490615367889, 0
u,0.3503251075744629, 0.8793117478489876, 0
u,0.3615489900112152, 0.8506956994533539, 0
u,0.017491616308689117, 0.8645303100347519, 0
u,0.0658789575099945, 0.8382328599691391, 0
u,0.00883518997579813, 0.8349957764148712, 0
u,0.2937120199203491, 0.8685273826122284, 0
u,0.3503251075744629, 0.8793117478489876, 0
u,0.3042358458042145, 0.8490490615367889, 0
u,0.017491616308689117, 0.8645303100347519, 0
u,0.07457713782787323, 0.8585834503173828, 0
u,0.0658789575099945, 0.8382328599691391, 0
u,0.28150299191474915, 0.885864183306694, 0
u,0.3503251075744629, 0.8793117478489876, 0
u,0.2937120199203491, 0.8685273826122284, 0
u,0.017491616308689117, 0.8645303100347519, 0
u,0.08513854444026947, 0.8769535347819328, 0
u,0.07457713782787323, 0.8585834503173828, 0
u,0.28150299191474915, 0.885864183306694, 0
u,0.33654409646987915, 0.9057794138789177, 0
u,0.3503251075744629, 0.8793117478489876, 0
u,0.028854751959443092, 0.8921251371502876, 0
u,0.08513854444026947, 0.8769535347819328, 0
u,0.017491616308689117, 0.8645303100347519, 0
u,0.2677481472492218, 0.9008821845054626, 0
u,0.33654409646987915, 0.9057794138789177, 0
u,0.28150299191474915, 0.885864183306694, 0
u,0.028854751959443092, 0.8921251371502876, 0
u,0.09743873029947281, 0.8931538611650467, 0
u,0.08513854444026947, 0.8769535347819328, 0
u,0.2525867521762848, 0.9134040623903275, 0
u,0.33654409646987915, 0.9057794138789177, 0
u,0.2677481472492218, 0.9008821845054626, 0
u,0.028854751959443092, 0.8921251371502876, 0
u,0.11135313659906387, 0.9069951549172401, 0
u,0.09743873029947281, 0.8931538611650467, 0
u,0.2525867521762848, 0.9134040623903275, 0
u,0.3203035295009613, 0.9297308400273323, 0
u,0.33654409646987915, 0.9057794138789177, 0
u,0.04283520206809044, 0.9174114689230919, 0
u,0.11135313659906387, 0.9069951549172401, 0
u,0.028854751959443092, 0.8921251371502876, 0
u,0.23615822196006775, 0.9232525378465652, 0
u,0.3203035295009613, 0.9297308400273323, 0
u,0.2525867521762848, 0.9134040623903275, 0
u,0.04283520206809044, 0.9174114689230919, 0
u,0.12675726413726807, 0.9182881340384483, 0
u,0.11135313659906387, 0.9069951549172401, 0
u,0.21860183775424957, 0.9302503168582916, 0
u,0.3203035295009613, 0.9297308400273323, 0
u,0.23615822196006775, 0.9232525378465652, 0
u,0.04283520206809044, 0.9174114689230919, 0
u,0.1435265988111496, 0.9268435537815094, 0
u,0.12675726413726807, 0.9182881340384483, 0
u,0.21860183775424957, 0.9302503168582916, 0
u,0.30170103907585144, 0.9507981985807419, 0
u,0.3203035295009613, 0.9297308400273323, 0
u,0.05934365466237068, 0.9400205463171005, 0
u,0.1435265988111496, 0.9268435537815094, 0
u,0.04283520206809044, 0.9174114689230919, 0
u,0.2000569850206375, 0.9342201054096222, 0
u,0.30170103907585144, 0.9507981985807419, 0
u,0.21860183775424957, 0.9302503168582916, 0
u,0.05934365466237068, 0.9400205463171005, 0
u,0.16153667867183685, 0.9324721395969391, 0
u,0.1435265988111496, 0.9268435537815094, 0
u,0.18066298961639404, 0.9349846392869949, 0
u,0.30170103907585144, 0.9507981985807419, 0
u,0.2000569850206375, 0.9342201054096222, 0
u,0.05934365466237068, 0.9400205463171005, 0
u,0.18066298961639404, 0.9349846392869949, 0
u,0.16153667867183685, 0.9324721395969391, 0
u,0.05934365466237068, 0.9400205463171005, 0
u,0.30170103907585144, 0.9507981985807419, 0
u,0.18066298961639404, 0.9349846392869949, 0
u,0.05934365466237068, 0.9400205463171005, 0
u,0.28083428740501404, 0.9686136692762375, 0
u,0.30170103907585144, 0.9507981985807419, 0
u,0.07829062640666962, 0.9595835842192173, 0
u,0.28083428740501404, 0.9686136692762375, 0
u,0.05934365466237068, 0.9400205463171005, 0
u,0.07829062640666962, 0.9595835842192173, 0
u,0.257800817489624, 0.9828094337135553, 0
u,0.28083428740501404, 0.9686136692762375, 0
u,0.0995868369936943, 0.9757318384945393, 0
u,0.257800817489624, 0.9828094337135553, 0
u,0.07829062640666962, 0.9595835842192173, 0
u,0.0995868369936943, 0.9757318384945393, 0
u,0.23269833624362946, 0.9930176213383675, 0
u,0.257800817489624, 0.9828094337135553, 0
u,0.12314285337924957, 0.9880965109914541, 0
u,0.23269833624362946, 0.9930176213383675, 0
u,0.0995868369936943, 0.9757318384945393, 0
u,0.12314285337924957, 0.9880965109914541, 0
u,0.20562443137168884, 0.998870428535156, 0
u,0.23269833624362946, 0.9930176213383675, 0
u,0.14886926114559174, 0.9963088394142687, 0
u,0.20562443137168884, 0.998870428535156, 0
u,0.12314285337924957, 0.9880965109914541, 0
u,0.14886926114559174, 0.9963088394142687, 0
u,0.17667672038078308, 1.0000000264576574, 0
u,0.20562443137168884, 0.998870428535156, 0
