v,-2.68993538554696e-09, -0.011548275128006935, 0.0003182644722983241
v,-2.7451738660033698e-09, -0.012779472395777702, 0.00010595249477773905
v,-2.7296154225808777e-09, -0.012413929216563702, 0.00018862720753531903
v,-2.68993538554696e-09, -0.011548275128006935, 0.0003182644722983241
v,-2.7597109042432066e-09, -0.013140864670276642, 4.509798600338399e-06
v,-2.7451738660033698e-09, -0.012779472395777702, 0.00010595249477773905
v,-2.68993538554696e-09, -0.011548275128006935, 0.0003182644722983241
v,-2.773209439865809e-09, -0.013497714884579182, -0.00011562072904780507
v,-2.7597109042432066e-09, -0.013140864670276642, 4.509798600338399e-06
v,-2.648342434241613e-09, -0.010721028782427311, 0.00035645649768412113
v,-2.773209439865809e-09, -0.013497714884579182, -0.00011562072904780507
v,-2.68993538554696e-09, -0.011548275128006935, 0.0003182644722983241
v,-2.648342434241613e-09, -0.010721028782427311, 0.00035645649768412113
v,-2.785652153391993e-09, -0.013849630020558834, -0.0002543636364862323
v,-2.773209439865809e-09, -0.013497714884579182, -0.00011562072904780507
v,-2.648342434241613e-09, -0.010721028782427311, 0.00035645649768412113
v,-2.7970221694317843e-09, -0.014196217991411686, -0.00041163782589137554
v,-2.785652153391993e-09, -0.013849630020558834, -0.0002543636364862323
v,-2.6051660828585455e-09, -0.009936627000570297, 0.0003054837288800627
v,-2.7970221694317843e-09, -0.014196217991411686, -0.00041163782589137554
v,-2.648342434241613e-09, -0.010721028782427311, 0.00035645649768412113
v,-2.6051660828585455e-09, -0.009936627000570297, 0.0003054837288800627
v,-2.8073021685059985e-09, -0.01453708577901125, -0.0005873659974895418
v,-2.7970221694317843e-09, -0.014196217991411686, -0.00041163782589137554
v,-2.6051660828585455e-09, -0.009936627000570297, 0.0003054837288800627
v,-2.8164748311354515e-09, -0.014871840365231037, -0.000781470793299377
v,-2.8073021685059985e-09, -0.01453708577901125, -0.0005873659974895418
v,-2.5607360676360713e-09, -0.009199503809213638, 0.00016762531595304608
v,-2.8164748311354515e-09, -0.014871840365231037, -0.000781470793299377
v,-2.6051660828585455e-09, -0.009936627000570297, 0.0003054837288800627
v,-2.5607360676360713e-09, -0.009199503809213638, 0.00016762531595304608
v,-2.824523281930169e-09, -0.015200089663267136, -0.000993872992694378
v,-2.8164748311354515e-09, -0.014871840365231037, -0.000781470793299377
v,-2.5607360676360713e-09, -0.009199503809213638, 0.00016762531595304608
v,-2.831430201410967e-09, -0.015521439723670483, -0.0012244940735399723
v,-2.824523281930169e-09, -0.015200089663267136, -0.000993872992694378
v,-2.5153812366340844e-09, -0.008514094166457653, -5.483889253810048e-05
v,-2.831430201410967e-09, -0.015521439723670483, -0.0012244940735399723
v,-2.5607360676360713e-09, -0.009199503809213638, 0.00016762531595304608
v,-2.5153812366340844e-09, -0.008514094166457653, -5.483889253810048e-05
v,-2.8371782700986614e-09, -0.01583549939095974, -0.0014732559211552143
v,-2.831430201410967e-09, -0.015521439723670483, -0.0012244940735399723
v,-2.5153812366340844e-09, -0.008514094166457653, -5.483889253810048e-05
v,-2.8417508346478826e-09, -0.016141876578330994, -0.0017400805372744799
v,-2.8371782700986614e-09, -0.01583549939095974, -0.0014732559211552143
v,-2.4694317701801083e-09, -0.007884832099080086, -0.0003596287569962442
v,-2.8417508346478826e-09, -0.016141876578330994, -0.0017400805372744799
v,-2.5153812366340844e-09, -0.008514094166457653, -5.483889253810048e-05
v,-2.4694317701801083e-09, -0.007884832099080086, -0.0003596287569962442
v,-2.8451301314902366e-09, -0.016440175473690033, -0.0020248903892934322
v,-2.8417508346478826e-09, -0.016141876578330994, -0.0017400805372744799
v,-2.4694317701801083e-09, -0.007884832099080086, -0.0003596287569962442
v,-2.6384505691368076e-09, -0.01304316334426403, -0.002705094637349248
v,-2.8451301314902366e-09, -0.016440175473690033, -0.0020248903892934322
v,-2.6384505691368076e-09, -0.01304316334426403, -0.002705094637349248
v,-2.648886443523679e-09, -0.013391783460974693, -0.0028866378124803305
v,-2.8451301314902366e-09, -0.016440175473690033, -0.0020248903892934322
v,-2.648886443523679e-09, -0.013391783460974693, -0.0028866378124803305
v,-2.658059772286947e-09, -0.013742249459028244, -0.0030998801812529564
v,-2.8451301314902366e-09, -0.016440175473690033, -0.0020248903892934322
v,-2.658059772286947e-09, -0.013742249459028244, -0.0030998801812529564
v,-2.6658160123815833e-09, -0.014093323610723019, -0.003346922341734171
v,-2.8451301314902366e-09, -0.016440175473690033, -0.0020248903892934322
v,-2.6658160123815833e-09, -0.014093323610723019, -0.003346922341734171
v,-2.67200062076256e-09, -0.014443771913647652, -0.003629865124821663
v,-2.8451301314902366e-09, -0.016440175473690033, -0.0020248903892934322
v,-2.67200062076256e-09, -0.014443771913647652, -0.003629865124821663
v,-2.67645905438485e-09, -0.014792358502745628, -0.003950808197259903
v,-2.8451301314902366e-09, -0.016440175473690033, -0.0020248903892934322
v,-2.67645905438485e-09, -0.014792358502745628, -0.003950808197259903
v,-2.6790363261142147e-09, -0.015137850306928158, -0.00431185495108366
v,-2.8451301314902366e-09, -0.016440175473690033, -0.0020248903892934322
v,-2.6790363261142147e-09, -0.015137850306928158, -0.00431185495108366
v,-2.6795781149502318e-09, -0.015479009598493576, -0.004715105053037405
v,-2.8451301314902366e-09, -0.016440175473690033, -0.0020248903892934322
v,-2.6795781149502318e-09, -0.015479009598493576, -0.004715105053037405
v,-2.6779298778478733e-09, -0.01581460051238537, -0.0051626586355268955
v,-2.8451301314902366e-09, -0.016440175473690033, -0.0020248903892934322
v,-2.423216516334037e-09, -0.007316151633858681, -0.0007444665534421802
v,-2.6144102438507844e-09, -0.012356397695839405, -0.0024286985863000154
v,-2.4694317701801083e-09, -0.007884832099080086, -0.0003596287569962442
v,-2.6144102438507844e-09, -0.012356397695839405, -0.0024286985863000154
v,-2.626906914215965e-09, -0.012697622179985046, -0.002553147729486227
v,-2.4694317701801083e-09, -0.007884832099080086, -0.0003596287569962442
v,-2.626906914215965e-09, -0.012697622179985046, -0.002553147729486227
v,-2.6384505691368076e-09, -0.01304316334426403, -0.002705094637349248
v,-2.4694317701801083e-09, -0.007884832099080086, -0.0003596287569962442
v,-2.377065433378789e-09, -0.006812487728893757, -0.001207071589305997
v,-2.5871751407890997e-09, -0.011691833846271038, -0.0022538863122463226
v,-2.423216516334037e-09, -0.007316151633858681, -0.0007444665534421802
v,-2.5871751407890997e-09, -0.011691833846271038, -0.0022538863122463226
v,-2.6011146569970833e-09, -0.012020723894238472, -0.0023296447470784187
v,-2.423216516334037e-09, -0.007316151633858681, -0.0007444665534421802
v,-2.6011146569970833e-09, -0.012020723894238472, -0.0023296447470784187
v,-2.6144102438507844e-09, -0.012356397695839405, -0.0024286985863000154
v,-2.423216516334037e-09, -0.007316151633858681, -0.0007444665534421802
v,-2.331307591418863e-09, -0.006378276273608208, -0.0017451636958867311
v,-2.567176471401922e-09, -0.011253835633397102, -0.0021864641457796097
v,-2.377065433378789e-09, -0.006812487728893757, -0.001207071589305997
v,-2.567176471401922e-09, -0.011253835633397102, -0.0021864641457796097
v,-2.5871751407890997e-09, -0.011691833846271038, -0.0022538863122463226
v,-2.377065433378789e-09, -0.006812487728893757, -0.001207071589305997
v,-2.331307591418863e-09, -0.006378276273608208, -0.0017451636958867311
v,-2.5462434383172194e-09, -0.010832292027771473, -0.00216089840978384
v,-2.567176471401922e-09, -0.011253835633397102, -0.0021864641457796097
v,-2.331307591418863e-09, -0.006378276273608208, -0.0017451636958867311
v,-2.5245860957312516e-09, -0.01043020561337471, -0.002175951609387994
v,-2.5462434383172194e-09, -0.010832292027771473, -0.00216089840978384
v,-2.331307591418863e-09, -0.006378276273608208, -0.0017451636958867311
v,-2.5024140537510675e-09, -0.010050577111542225, -0.0022303848527371883
v,-2.5245860957312516e-09, -0.01043020561337471, -0.002175951609387994
v,-2.331307591418863e-09, -0.006378276273608208, -0.0017451636958867311
v,-2.4799375886175312e-09, -0.009696411900222301, -0.0023229606449604034
v,-2.5024140537510675e-09, -0.010050577111542225, -0.0022303848527371883
v,-2.331307591418863e-09, -0.006378276273608208, -0.0017451636958867311
v,-2.457366532482297e-09, -0.009370708838105202, -0.0024524403270334005
v,-2.4799375886175312e-09, -0.009696411900222301, -0.0023229606449604034
v,-2.286272726692573e-09, -0.006017950363457203, -0.0023564635775983334
v,-2.457366532482297e-09, -0.009370708838105202, -0.0024524403270334005
v,-2.331307591418863e-09, -0.006378276273608208, -0.0017451636958867311
v,-2.286272726692573e-09, -0.006017950363457203, -0.0023564635775983334
v,-2.4349109395416235e-09, -0.009076474234461784, -0.002617585239931941
v,-2.457366532482297e-09, -0.009370708838105202, -0.0024524403270334005
v,-2.286272726692573e-09, -0.006017950363457203, -0.0023564635775983334
v,-2.4127808639917703e-09, -0.008816706016659737, -0.0028171574231237173
v,-2.4349109395416235e-09, -0.009076474234461784, -0.002617585239931941
v,-2.286272726692573e-09, -0.006017950363457203, -0.0023564635775983334
v,-2.391186360028996e-09, -0.008594409562647343, -0.003049916587769985
v,-2.4127808639917703e-09, -0.008816706016659737, -0.0028171574231237173
v,-2.242290131349023e-09, -0.005735945887863636, -0.003038692520931363
v,-2.391186360028996e-09, -0.008594409562647343, -0.003049916587769985
v,-2.286272726692573e-09, -0.006017950363457203, -0.0023564635775983334
v,-2.242290131349023e-09, -0.005735945887863636, -0.003038692520931363
v,-2.3703370377603505e-09, -0.008412586525082588, -0.00331462686881423
v,-2.391186360028996e-09, -0.008594409562647343, -0.003049916587769985
v,-2.242290131349023e-09, -0.005735945887863636, -0.003038692520931363
v,-2.3504431734266973e-09, -0.008274238556623459, -0.00361004751175642
v,-2.3703370377603505e-09, -0.008412586525082588, -0.00331462686881423
v,-2.199689319581921e-09, -0.005536697804927826, -0.0037895699497312307
v,-2.3504431734266973e-09, -0.008274238556623459, -0.00361004751175642
v,-2.242290131349023e-09, -0.005735945887863636, -0.003038692520931363
v,-2.199689319581921e-09, -0.005536697804927826, -0.0037895699497312307
v,-2.3317148212242955e-09, -0.00818236917257309, -0.003934942185878754
v,-2.3504431734266973e-09, -0.008274238556623459, -0.00361004751175642
v,-2.199689319581921e-09, -0.005536697804927826, -0.0037895699497312307
v,-2.293422562971159e-09, -0.0081763481721282, -0.004820869769901037
v,-2.3317148212242955e-09, -0.00818236917257309, -0.003934942185878754
v,-2.1415498263621657e-09, -0.005456415005028248, -0.005047956947237253
v,-2.293422562971159e-09, -0.0081763481721282, -0.004820869769901037
v,-2.199689319581921e-09, -0.005536697804927826, -0.0037895699497312307
v,-2.1415498263621657e-09, -0.005456415005028248, -0.005047956947237253
v,-2.274292976167658e-09, -0.008484218269586563, -0.005642422940582037
v,-2.293422562971159e-09, -0.0081763481721282, -0.004820869769901037
v,-2.1415498263621657e-09, -0.005456415005028248, -0.005047956947237253
v,-2.2699544466320276e-09, -0.00904118549078703, -0.006422604434192181
v,-2.274292976167658e-09, -0.008484218269586563, -0.005642422940582037
v,-2.105251306616651e-09, -0.005700048059225082, -0.006191714201122522
v,-2.2699544466320276e-09, -0.00904118549078703, -0.006422604434192181
v,-2.1415498263621657e-09, -0.005456415005028248, -0.005047956947237253
v,-2.105251306616651e-09, -0.005700048059225082, -0.006191714201122522
v,-2.276034027914875e-09, -0.009782452136278152, -0.007184420712292194
v,-2.2699544466320276e-09, -0.00904118549078703, -0.006422604434192181
v,-2.0867143568636948e-09, -0.006203893572092056, -0.007238350342959166
v,-2.276034027914875e-09, -0.009782452136278152, -0.007184420712292194
v,-2.105251306616651e-09, -0.005700048059225082, -0.006191714201122522
v,-2.0867143568636948e-09, -0.006203893572092056, -0.007238350342959166
v,-2.288159661745226e-09, -0.010643217712640762, -0.007950874976813793
v,-2.276034027914875e-09, -0.009782452136278152, -0.007184420712292194
v,-2.0867143568636948e-09, -0.006203893572092056, -0.007238350342959166
v,-2.301959067807502e-09, -0.011558685451745987, -0.008744971826672554
v,-2.288159661745226e-09, -0.010643217712640762, -0.007950874976813793
v,-2.081859351577009e-09, -0.006904249079525471, -0.008205371908843517
v,-2.301959067807502e-09, -0.011558685451745987, -0.008744971826672554
v,-2.0867143568636948e-09, -0.006203893572092056, -0.007238350342959166
v,-2.081859351577009e-09, -0.006904249079525471, -0.008205371908843517
v,-2.313059521696914e-09, -0.01246405579149723, -0.009589715860784054
v,-2.301959067807502e-09, -0.011558685451745987, -0.008744971826672554
v,-2.086606887274911e-09, -0.007737410720437765, -0.009110288694500923
v,-2.313059521696914e-09, -0.01246405579149723, -0.009589715860784054
v,-2.081859351577009e-09, -0.006904249079525471, -0.008205371908843517
v,-2.086606887274911e-09, -0.007737410720437765, -0.009110288694500923
v,-2.3170887430978837e-09, -0.013294529169797897, -0.01050811167806387
v,-2.313059521696914e-09, -0.01246405579149723, -0.009589715860784054
v,-2.0968775604757184e-09, -0.008639677427709103, -0.009970606304705143
v,-2.3170887430978837e-09, -0.013294529169797897, -0.01050811167806387
v,-2.086606887274911e-09, -0.007737410720437765, -0.009110288694500923
v,-2.0968775604757184e-09, -0.008639677427709103, -0.009970606304705143
v,-2.309674451694832e-09, -0.01398530788719654, -0.011523162946105003
v,-2.3170887430978837e-09, -0.013294529169797897, -0.01050811167806387
v,-2.1085917456531433e-09, -0.009547345340251923, -0.010803834535181522
v,-2.309674451694832e-09, -0.01398530788719654, -0.011523162946105003
v,-2.0968775604757184e-09, -0.008639677427709103, -0.009970606304705143
v,-2.1085917456531433e-09, -0.009547345340251923, -0.010803834535181522
v,-2.28644436717218e-09, -0.014471594244241714, -0.012657875195145607
v,-2.309674451694832e-09, -0.01398530788719654, -0.011523162946105003
v,-2.1176700393255032e-09, -0.010396710596978664, -0.011627480387687683
v,-2.28644436717218e-09, -0.014471594244241714, -0.012657875195145607
v,-2.1085917456531433e-09, -0.009547345340251923, -0.010803834535181522
v,-2.1200328159665105e-09, -0.011124071665108204, -0.012459050863981247
v,-2.28644436717218e-09, -0.014471594244241714, -0.012657875195145607
v,-2.1176700393255032e-09, -0.010396710596978664, -0.011627480387687683
v,-2.1200328159665105e-09, -0.011124071665108204, -0.012459050863981247
v,-2.2430257651251395e-09, -0.014688588678836823, -0.013935253024101257
v,-2.28644436717218e-09, -0.014471594244241714, -0.012657875195145607
v,-2.1116006720944824e-09, -0.011665725149214268, -0.013316054828464985
v,-2.2430257651251395e-09, -0.014688588678836823, -0.013935253024101257
v,-2.1200328159665105e-09, -0.011124071665108204, -0.012459050863981247
v,-2.0882942042277364e-09, -0.011957967653870583, -0.014216000214219093
v,-2.2430257651251395e-09, -0.014688588678836823, -0.013935253024101257
v,-2.1116006720944824e-09, -0.011665725149214268, -0.013316054828464985
v,-2.0882942042277364e-09, -0.011957967653870583, -0.014216000214219093
v,-2.1750463652381313e-09, -0.01457149162888527, -0.015378299169242382
v,-2.2430257651251395e-09, -0.014688588678836823, -0.013935253024101257
v,-2.0460335647953798e-09, -0.011937093921005726, -0.015176390297710896
v,-2.1750463652381313e-09, -0.01457149162888527, -0.015378299169242382
v,-2.0882942042277364e-09, -0.011957967653870583, -0.014216000214219093
v,-1.5192614943870808e-09, -0.003085475880652666, -0.016674136742949486
v,-1.6986317907807802e-09, -0.004058428108692169, -0.013675941154360771
v,-1.7060437507154802e-09, -0.0037843165919184685, -0.013168882578611374
v,-2.0460335647953798e-09, -0.011937093921005726, -0.015176390297710896
v,-2.1336574729247104e-09, -0.01437744963914156, -0.01610725186765194
v,-2.1750463652381313e-09, -0.01457149162888527, -0.015378299169242382
v,-2.0305550574306608e-09, -0.011861857958137989, -0.015445749275386333
v,-2.1336574729247104e-09, -0.01437744963914156, -0.01610725186765194
v,-2.0460335647953798e-09, -0.011937093921005726, -0.015176390297710896
v,-1.5192614943870808e-09, -0.003085475880652666, -0.016674136742949486
v,-1.6937020674845371e-09, -0.004353896714746952, -0.014151129871606827
v,-1.6986317907807802e-09, -0.004058428108692169, -0.013675941154360771
v,-2.0129244937550084e-09, -0.011743595823645592, -0.015712857246398926
v,-2.1336574729247104e-09, -0.01437744963914156, -0.01610725186765194
v,-2.0305550574306608e-09, -0.011861857958137989, -0.015445749275386333
v,-2.0129244937550084e-09, -0.011743595823645592, -0.015712857246398926
v,-2.090397632770191e-09, -0.014100871048867702, -0.016779234632849693
v,-2.1336574729247104e-09, -0.01437744963914156, -0.01610725186765194
v,-1.5192614943870808e-09, -0.003085475880652666, -0.016674136742949486
v,-1.6912473643770909e-09, -0.004669955000281334, -0.014593684114515781
v,-1.6937020674845371e-09, -0.004353896714746952, -0.014151129871606827
v,-1.9934196515691838e-09, -0.011582852341234684, -0.01597190462052822
v,-2.090397632770191e-09, -0.014100871048867702, -0.016779234632849693
v,-2.0129244937550084e-09, -0.011743595823645592, -0.015712857246398926
v,-1.5192614943870808e-09, -0.003085475880652666, -0.016674136742949486
v,-1.691260353986479e-09, -0.005005837418138981, -0.015002839267253876
v,-1.6912473643770909e-09, -0.004669955000281334, -0.014593684114515781
v,-1.9723180866293433e-09, -0.01138017512857914, -0.016217080876231194
v,-2.090397632770191e-09, -0.014100871048867702, -0.016779234632849693
v,-1.9934196515691838e-09, -0.011582852341234684, -0.01597190462052822
v,-1.949897354691643e-09, -0.011136109940707684, -0.016442574560642242
v,-2.090397632770191e-09, -0.014100871048867702, -0.016779234632849693
v,-1.9723180866293433e-09, -0.01138017512857914, -0.016217080876231194
v,-1.949897354691643e-09, -0.011136109940707684, -0.016442574560642242
v,-2.0457466831658166e-09, -0.013747824355959892, -0.017390456050634384
v,-2.090397632770191e-09, -0.014100871048867702, -0.016779234632849693
v,-1.5192614943870808e-09, -0.003085475880652666, -0.016674136742949486
v,-1.6937338198630414e-09, -0.005360777955502272, -0.015377829782664776
v,-1.691260353986479e-09, -0.005005837418138981, -0.015002839267253876
v,-1.9264350115122397e-09, -0.01085120253264904, -0.016642577946186066
v,-2.0457466831658166e-09, -0.013747824355959892, -0.017390456050634384
v,-1.949897354691643e-09, -0.011136109940707684, -0.016442574560642242
v,-1.5192614943870808e-09, -0.003085475880652666, -0.016674136742949486
v,-1.698660545557118e-09, -0.005734010133892298, -0.015717888250947
v,-1.6937338198630414e-09, -0.005360777955502272, -0.015377829782664776
v,-1.902208834891894e-09, -0.010525998659431934, -0.016811277717351913
v,-2.0457466831658166e-09, -0.013747824355959892, -0.017390456050634384
v,-1.9264350115122397e-09, -0.01085120253264904, -0.016642577946186066
v,-1.5192614943870808e-09, -0.003085475880652666, -0.016674136742949486
v,-1.7060333146190487e-09, -0.006124768406152725, -0.016022253781557083
v,-1.698660545557118e-09, -0.005734010133892298, -0.015717888250947
v,-1.902208834891894e-09, -0.010525998659431934, -0.016811277717351913
v,-2.000183352279805e-09, -0.013324370607733727, -0.01793712191283703
v,-2.0457466831658166e-09, -0.013747824355959892, -0.017390456050634384
v,-1.877496158542158e-09, -0.01016104407608509, -0.016942864283919334
v,-2.000183352279805e-09, -0.013324370607733727, -0.01793712191283703
v,-1.902208834891894e-09, -0.010525998659431934, -0.016811277717351913
v,-1.5192614943870808e-09, -0.003085475880652666, -0.016674136742949486
v,-1.7158449105991735e-09, -0.006532286759465933, -0.01629015989601612
v,-1.7060333146190487e-09, -0.006124768406152725, -0.016022253781557083
v,-1.8525748712860945e-09, -0.009756884537637234, -0.017031528055667877
v,-2.000183352279805e-09, -0.013324370607733727, -0.01793712191283703
v,-1.877496158542158e-09, -0.01016104407608509, -0.016942864283919334
v,-1.5192614943870808e-09, -0.003085475880652666, -0.016674136742949486
v,-1.7280881170478324e-09, -0.006955800577998161, -0.01652083918452263
v,-1.7158449105991735e-09, -0.006532286759465933, -0.01629015989601612
v,-1.827722417857558e-09, -0.009314068593084812, -0.01707145757973194
v,-2.000183352279805e-09, -0.013324370607733727, -0.01793712191283703
v,-1.8525748712860945e-09, -0.009756884537637234, -0.017031528055667877
v,-1.5192614943870808e-09, -0.003085475880652666, -0.016674136742949486
v,-1.7427556064930627e-09, -0.00739454198628664, -0.01671352982521057
v,-1.7280881170478324e-09, -0.006955800577998161, -0.01652083918452263
v,-1.8032165760573093e-09, -0.008833140134811401, -0.017056845128536224
v,-2.000183352279805e-09, -0.013324370607733727, -0.01793712191283703
v,-1.827722417857558e-09, -0.009314068593084812, -0.01707145757973194
v,-1.5192614943870808e-09, -0.003085475880652666, -0.016674136742949486
v,-1.7598401624852045e-09, -0.007847744040191174, -0.016867464408278465
v,-1.7427556064930627e-09, -0.00739454198628664, -0.01671352982521057
v,-1.8032165760573093e-09, -0.008833140134811401, -0.017056845128536224
v,-1.9541877005480046e-09, -0.012836572714149952, -0.01841544173657894
v,-2.000183352279805e-09, -0.013324370607733727, -0.01793712191283703
v,-1.7793346795969e-09, -0.008314643986523151, -0.016981879249215126
v,-1.9541877005480046e-09, -0.012836572714149952, -0.01841544173657894
v,-1.8032165760573093e-09, -0.008833140134811401, -0.017056845128536224
v,-1.5192614943870808e-09, -0.003085475880652666, -0.016674136742949486
v,-1.7793346795969e-09, -0.008314643986523151, -0.016981879249215126
v,-1.7598401624852045e-09, -0.007847744040191174, -0.016867464408278465
v,-1.5192614943870808e-09, -0.003085475880652666, -0.016674136742949486
v,-1.9541877005480046e-09, -0.012836572714149952, -0.01841544173657894
v,-1.7793346795969e-09, -0.008314643986523151, -0.016981879249215126
v,-1.5192614943870808e-09, -0.003085475880652666, -0.016674136742949486
v,-1.9082386781832383e-09, -0.01229049451649189, -0.018821625038981438
v,-1.9541877005480046e-09, -0.012836572714149952, -0.01841544173657894
v,-1.5214808302133065e-09, -0.003432349767535925, -0.017045222222805023
v,-1.9082386781832383e-09, -0.01229049451649189, -0.018821625038981438
v,-1.5192614943870808e-09, -0.003085475880652666, -0.016674136742949486
v,-1.5253296403727745e-09, -0.0037891792599111795, -0.017390431836247444
v,-1.9082386781832383e-09, -0.01229049451649189, -0.018821625038981438
v,-1.5214808302133065e-09, -0.003432349767535925, -0.017045222222805023
v,-1.5253296403727745e-09, -0.0037891792599111795, -0.017390431836247444
v,-1.8628156794875395e-09, -0.011692197993397713, -0.019151877611875534
v,-1.9082386781832383e-09, -0.01229049451649189, -0.018821625038981438
v,-1.5308394551993842e-09, -0.004156985320150852, -0.01771027408540249
v,-1.8628156794875395e-09, -0.011692197993397713, -0.019151877611875534
v,-1.5253296403727745e-09, -0.0037891792599111795, -0.017390431836247444
v,-1.5308394551993842e-09, -0.004156985320150852, -0.01771027408540249
v,-1.818398320807546e-09, -0.011047746054828167, -0.019402407109737396
v,-1.8628156794875395e-09, -0.011692197993397713, -0.019151877611875534
v,-1.5380419160493375e-09, -0.004536788910627365, -0.018005259335041046
v,-1.818398320807546e-09, -0.011047746054828167, -0.019402407109737396
v,-1.5308394551993842e-09, -0.004156985320150852, -0.01771027408540249
v,-1.5469682201896262e-09, -0.004929611459374428, -0.018275897949934006
v,-1.818398320807546e-09, -0.011047746054828167, -0.019402407109737396
v,-1.5380419160493375e-09, -0.004536788910627365, -0.018005259335041046
v,-1.5469682201896262e-09, -0.004929611459374428, -0.018275897949934006
v,-1.7754657744006863e-09, -0.010363201610744, -0.01956942491233349
v,-1.818398320807546e-09, -0.011047746054828167, -0.019402407109737396
v,-1.5576502310210572e-09, -0.005336472764611244, -0.018522700294852257
v,-1.7754657744006863e-09, -0.010363201610744, -0.01956942491233349
v,-1.5469682201896262e-09, -0.004929611459374428, -0.018275897949934006
v,-1.5701191458106223e-09, -0.005758394952863455, -0.01874617300927639
v,-1.7754657744006863e-09, -0.010363201610744, -0.01956942491233349
v,-1.5576502310210572e-09, -0.005336472764611244, -0.018522700294852257
v,-1.5701191458106223e-09, -0.005758394952863455, -0.01874617300927639
v,-1.7344975455912959e-09, -0.009644627571105957, -0.019649136811494827
v,-1.7754657744006863e-09, -0.010363201610744, -0.01956942491233349
v,-1.5844066059145234e-09, -0.006196398288011551, -0.018946830183267593
v,-1.7344975455912959e-09, -0.009644627571105957, -0.019649136811494827
v,-1.5701191458106223e-09, -0.005758394952863455, -0.01874617300927639
v,-1.6005440306443575e-09, -0.006651504430919886, -0.019125180318951607
v,-1.7344975455912959e-09, -0.009644627571105957, -0.019649136811494827
v,-1.5844066059145234e-09, -0.006196398288011551, -0.018946830183267593
v,-1.6005440306443575e-09, -0.006651504430919886, -0.019125180318951607
v,-1.6959730286814079e-09, -0.008898086845874786, -0.01963774859905243
v,-1.7344975455912959e-09, -0.009644627571105957, -0.019649136811494827
v,-1.6185630613563262e-09, -0.00712473364546895, -0.01928173005580902
v,-1.6959730286814079e-09, -0.008898086845874786, -0.01963774859905243
v,-1.6005440306443575e-09, -0.006651504430919886, -0.019125180318951607
v,-1.6384951173620266e-09, -0.007617106661200523, -0.019416991621255875
v,-1.6959730286814079e-09, -0.008898086845874786, -0.01963774859905243
v,-1.6185630613563262e-09, -0.00712473364546895, -0.01928173005580902
v,-1.6384951173620266e-09, -0.007617106661200523, -0.019416991621255875
v,-1.6603716179730554e-09, -0.008129643276333809, -0.019531473517417908
v,-1.6959730286814079e-09, -0.008898086845874786, -0.01963774859905243
n,-34.692691802978516, 1.812967639125418e-06, -1.4871969824525877e-06
n,-34.692691802978516, 1.812967639125418e-06, -1.4871969824525877e-06
n,-34.692691802978516, 1.812967639125418e-06, -1.4871969824525877e-06
n,-34.692691802978516, 1.812967639125418e-06, -1.4871969824525877e-06
n,-34.692691802978516, 1.812967639125418e-06, -1.4871969824525877e-06
n,-34.692691802978516, 1.812967639125418e-06, -1.4871969824525877e-06
n,-34.692691802978516, 1.812967639125418e-06, -1.4871969824525877e-06
n,-34.692691802978516, 1.812967639125418e-06, -1.4871969824525877e-06
n,-34.692691802978516, 1.812967639125418e-06, -1.4871969824525877e-06
n,-34.692691802978516, 1.812967639125418e-06, -1.4871969824525877e-06
n,-34.692691802978516, 1.812967639125418e-06, -1.4871969824525877e-06
n,-34.692691802978516, 1.812967639125418e-06, -1.4871969824525877e-06
n,-34.692691802978516, 1.812967639125418e-06, -1.4871969824525877e-06
n,-34.692691802978516, 1.812967639125418e-06, -1.4871969824525877e-06
n,-34.692691802978516, 1.812967639125418e-06, -1.4871969824525877e-06
n,-34.692691802978516, 1.812967639125418e-06, -1.4871969824525877e-06
n,-34.692691802978516, 1.812967639125418e-06, -1.4871969824525877e-06
n,-34.692691802978516, 1.812967639125418e-06, -1.4871969824525877e-06
n,-34.692691802978516, 1.812967639125418e-06, -1.4871969824525877e-06
n,-34.692691802978516, 1.812967639125418e-06, -1.4871969824525877e-06
n,-34.692691802978516, 1.812967639125418e-06, -1.4871969824525877e-06
n,-34.692691802978516, 1.812967639125418e-06, -1.4871969824525877e-06
n,-34.692691802978516, 1.812967639125418e-06, -1.4871969824525877e-06
n,-34.692691802978516, 1.812967639125418e-06, -1.4871969824525877e-06
n,-34.692691802978516, 1.812967639125418e-06, -1.4871969824525877e-06
n,-34.692691802978516, 1.812967639125418e-06, -1.4871969824525877e-06
n,-34.692691802978516, 1.812967639125418e-06, -1.4871969824525877e-06
n,-34.692691802978516, 1.812967639125418e-06, -1.4871969824525877e-06
n,-34.692691802978516, 1.812967639125418e-06, -1.4871969824525877e-06
n,-34.692691802978516, 1.812967639125418e-06, -1.4871969824525877e-06
n,-34.692691802978516, 1.812967639125418e-06, -1.4871969824525877e-06
n,-34.692691802978516, 1.812967639125418e-06, -1.4871969824525877e-06
n,-34.692691802978516, 1.812967639125418e-06, -1.4871969824525877e-06
n,-34.692691802978516, 1.812967639125418e-06, -1.4871969824525877e-06
n,-34.692691802978516, 1.812967639125418e-06, -1.4871969824525877e-06
n,-34.692691802978516, 1.812967639125418e-06, -1.4871969824525877e-06
n,-34.692691802978516, 1.812967639125418e-06, -1.4871969824525877e-06
n,-34.692691802978516, 1.812967639125418e-06, -1.4871969824525877e-06
n,-34.692691802978516, 1.812967639125418e-06, -1.4871969824525877e-06
n,-34.692691802978516, 1.812967639125418e-06, -1.4871969824525877e-06
n,-34.692691802978516, 1.812967639125418e-06, -1.4871969824525877e-06
n,-34.692691802978516, 1.812967639125418e-06, -1.4871969824525877e-06
n,-34.692691802978516, 1.812967639125418e-06, -1.4871969824525877e-06
n,-34.692691802978516, 1.812967639125418e-06, -1.4871969824525877e-06
n,-34.692691802978516, 1.812967639125418e-06, -1.4871969824525877e-06
n,-34.692691802978516, 1.812967639125418e-06, -1.4871969824525877e-06
n,-34.692691802978516, 1.812967639125418e-06, -1.4871969824525877e-06
n,-34.692691802978516, 1.812967639125418e-06, -1.4871969824525877e-06
n,-34.692691802978516, 1.812967639125418e-06, -1.4871969824525877e-06
n,-34.692691802978516, 1.812967639125418e-06, -1.4871969824525877e-06
n,-34.692691802978516, 1.812967639125418e-06, -1.4871969824525877e-06
n,-34.692691802978516, 1.812967639125418e-06, -1.4871969824525877e-06
n,-34.692691802978516, 1.812967639125418e-06, -1.4871969824525877e-06
n,-34.692691802978516, 1.812967639125418e-06, -1.4871969824525877e-06
n,-34.692691802978516, 1.812967639125418e-06, -1.4871969824525877e-06
n,-34.692691802978516, 1.812967639125418e-06, -1.4871969824525877e-06
n,-34.692691802978516, 1.812967639125418e-06, -1.4871969824525877e-06
n,-34.692691802978516, 1.812967639125418e-06, -1.4871969824525877e-06
n,-34.692691802978516, 1.812967639125418e-06, -1.4871969824525877e-06
n,-34.692691802978516, 1.812967639125418e-06, -1.4871969824525877e-06
n,-34.692691802978516, 1.812967639125418e-06, -1.4871969824525877e-06
n,-34.692691802978516, 1.812967639125418e-06, -1.4871969824525877e-06
n,-34.692691802978516, 1.812967639125418e-06, -1.4871969824525877e-06
n,-34.692691802978516, 1.812967639125418e-06, -1.4871969824525877e-06
n,-34.692691802978516, 1.812967639125418e-06, -1.4871969824525877e-06
n,-34.692691802978516, 1.812967639125418e-06, -1.4871969824525877e-06
n,-34.692691802978516, 1.812967639125418e-06, -1.4871969824525877e-06
n,-34.692691802978516, 1.812967639125418e-06, -1.4871969824525877e-06
n,-34.692691802978516, 1.812967639125418e-06, -1.4871969824525877e-06
n,-34.692691802978516, 1.812967639125418e-06, -1.4871969824525877e-06
n,-34.692691802978516, 1.812967639125418e-06, -1.4871969824525877e-06
n,-34.692691802978516, 1.812967639125418e-06, -1.4871969824525877e-06
n,-34.692691802978516, 1.812967639125418e-06, -1.4871969824525877e-06
n,-34.692691802978516, 1.812967639125418e-06, -1.4871969824525877e-06
n,-34.692691802978516, 1.812967639125418e-06, -1.4871969824525877e-06
n,-34.692691802978516, 1.812967639125418e-06, -1.4871969824525877e-06
n,-34.692691802978516, 1.812967639125418e-06, -1.4871969824525877e-06
n,-34.692691802978516, 1.812967639125418e-06, -1.4871969824525877e-06
n,-34.692691802978516, 1.812967639125418e-06, -1.4871969824525877e-06
n,-34.692691802978516, 1.812967639125418e-06, -1.4871969824525877e-06
n,-34.692691802978516, 1.812967639125418e-06, -1.4871969824525877e-06
n,-34.692691802978516, 1.812967639125418e-06, -1.4871969824525877e-06
n,-34.692691802978516, 1.812967639125418e-06, -1.4871969824525877e-06
n,-34.692691802978516, 1.812967639125418e-06, -1.4871969824525877e-06
n,-34.692691802978516, 1.812967639125418e-06, -1.4871969824525877e-06
n,-34.692691802978516, 1.812967639125418e-06, -1.4871969824525877e-06
n,-34.692691802978516, 1.812967639125418e-06, -1.4871969824525877e-06
n,-34.692691802978516, 1.812967639125418e-06, -1.4871969824525877e-06
n,-34.692691802978516, 1.812967639125418e-06, -1.4871969824525877e-06
n,-34.692691802978516, 1.812967639125418e-06, -1.4871969824525877e-06
n,-34.692691802978516, 1.812967639125418e-06, -1.4871969824525877e-06
n,-34.692691802978516, 1.812967639125418e-06, -1.4871969824525877e-06
n,-34.692691802978516, 1.812967639125418e-06, -1.4871969824525877e-06
n,-34.692691802978516, 1.812967639125418e-06, -1.4871969824525877e-06
n,-34.692691802978516, 1.812967639125418e-06, -1.4871969824525877e-06
n,-34.692691802978516, 1.812967639125418e-06, -1.4871969824525877e-06
n,-34.692691802978516, 1.812967639125418e-06, -1.4871969824525877e-06
n,-34.692691802978516, 1.812967639125418e-06, -1.4871969824525877e-06
n,-34.692691802978516, 1.812967639125418e-06, -1.4871969824525877e-06
n,-34.692691802978516, 1.812967639125418e-06, -1.4871969824525877e-06
n,-34.692691802978516, 1.812967639125418e-06, -1.4871969824525877e-06
n,-34.692691802978516, 1.812967639125418e-06, -1.4871969824525877e-06
n,-34.692691802978516, 1.812967639125418e-06, -1.4871969824525877e-06
n,-34.692691802978516, 1.812967639125418e-06, -1.4871969824525877e-06
n,-34.692691802978516, 1.812967639125418e-06, -1.4871969824525877e-06
n,-34.692691802978516, 1.812967639125418e-06, -1.4871969824525877e-06
n,-34.692691802978516, 1.812967639125418e-06, -1.4871969824525877e-06
n,-34.692691802978516, 1.812967639125418e-06, -1.4871969824525877e-06
n,-34.692691802978516, 1.812967639125418e-06, -1.4871969824525877e-06
n,-34.692691802978516, 1.812967639125418e-06, -1.4871969824525877e-06
n,-34.692691802978516, 1.812967639125418e-06, -1.4871969824525877e-06
n,-34.692691802978516, 1.812967639125418e-06, -1.4871969824525877e-06
n,-34.692691802978516, 1.812967639125418e-06, -1.4871969824525877e-06
n,-34.692691802978516, 1.812967639125418e-06, -1.4871969824525877e-06
n,-34.692691802978516, 1.812967639125418e-06, -1.4871969824525877e-06
n,-34.692691802978516, 1.812967639125418e-06, -1.4871969824525877e-06
n,-34.692691802978516, 1.812967639125418e-06, -1.4871969824525877e-06
n,-34.692691802978516, 1.812967639125418e-06, -1.4871969824525877e-06
n,-34.692691802978516, 1.812967639125418e-06, -1.4871969824525877e-06
n,-34.692691802978516, 1.812967639125418e-06, -1.4871969824525877e-06
u,0.10743801295757294, 1.0, 0
u,0.09090909361839294, 1.0, 0
u,0.09917355328798294, 1.0, 0
u,0.10743801295757294, 1.0, 0
u,0.08264462649822235, 1.0, 0
u,0.09090909361839294, 1.0, 0
u,0.10743801295757294, 1.0, 0
u,0.07438016682863235, 1.0, 0
u,0.08264462649822235, 1.0, 0
u,0.11570248007774353, 1.0, 0
u,0.07438016682863235, 1.0, 0
u,0.10743801295757294, 1.0, 0
u,0.11570248007774353, 1.0, 0
u,0.06611569970846176, 1.0, 0
u,0.07438016682863235, 1.0, 0
u,0.11570248007774353, 1.0, 0
u,0.057851240038871765, 1.0, 0
u,0.06611569970846176, 1.0, 0
u,0.12396693974733353, 1.0, 0
u,0.057851240038871765, 1.0, 0
u,0.11570248007774353, 1.0, 0
u,0.12396693974733353, 1.0, 0
u,0.04958677664399147, 1.0, 0
u,0.057851240038871765, 1.0, 0
u,0.12396693974733353, 1.0, 0
u,0.041322313249111176, 1.0, 0
u,0.04958677664399147, 1.0, 0
u,0.13223139941692352, 1.0, 0
u,0.041322313249111176, 1.0, 0
u,0.12396693974733353, 1.0, 0
u,0.13223139941692352, 1.0, 0
u,0.03305784985423088, 1.0, 0
u,0.041322313249111176, 1.0, 0
u,0.13223139941692352, 1.0, 0
u,0.024793388321995735, 1.0, 0
u,0.03305784985423088, 1.0, 0
u,0.14049586653709412, 1.0, 0
u,0.024793388321995735, 1.0, 0
u,0.13223139941692352, 1.0, 0
u,0.14049586653709412, 1.0, 0
u,0.01652892492711544, 1.0, 0
u,0.024793388321995735, 1.0, 0
u,0.14049586653709412, 1.0, 0
u,0.00826446246355772, 1.0, 0
u,0.01652892492711544, 1.0, 0
u,0.1487603336572647, 1.0, 0
u,0.00826446246355772, 1.0, 0
u,0.14049586653709412, 1.0, 0
u,0.1487603336572647, 1.0, 0
u,0.0, 1.0, 0
u,0.00826446246355772, 1.0, 0
u,0.1487603336572647, 1.0, 0
u,0.93388432264328, 1.0, 0
u,0.0, 1.0, 0
u,0.93388432264328, 1.0, 0
u,0.942148745059967, 1.0, 0
u,0.0, 1.0, 0
u,0.942148745059967, 1.0, 0
u,0.9504132270812988, 1.0, 0
u,0.0, 1.0, 0
u,0.9504132270812988, 1.0, 0
u,0.9586777091026306, 1.0, 0
u,0.0, 1.0, 0
u,0.9586777091026306, 1.0, 0
u,0.9669421315193176, 1.0, 0
u,0.0, 1.0, 0
u,0.9669421315193176, 1.0, 0
u,0.9752066135406494, 1.0, 0
u,0.0, 1.0, 0
u,0.9752066135406494, 1.0, 0
u,0.9834710955619812, 1.0, 0
u,0.0, 1.0, 0
u,0.9834710955619812, 1.0, 0
u,0.9917355179786682, 1.0, 0
u,0.0, 1.0, 0
u,0.9917355179786682, 1.0, 0
u,1.0, 1.0, 0
u,0.0, 1.0, 0
u,0.1570248007774353, 1.0, 0
u,0.9173553586006165, 1.0, 0
u,0.1487603336572647, 1.0, 0
u,0.9173553586006165, 1.0, 0
u,0.9256198406219482, 1.0, 0
u,0.1487603336572647, 1.0, 0
u,0.9256198406219482, 1.0, 0
u,0.93388432264328, 1.0, 0
u,0.1487603336572647, 1.0, 0
u,0.1652892529964447, 1.0, 0
u,0.9008264541625977, 1.0, 0
u,0.1570248007774353, 1.0, 0
u,0.9008264541625977, 1.0, 0
u,0.9090909361839294, 1.0, 0
u,0.1570248007774353, 1.0, 0
u,0.9090909361839294, 1.0, 0
u,0.9173553586006165, 1.0, 0
u,0.1570248007774353, 1.0, 0
u,0.1735537201166153, 1.0, 0
u,0.8925619721412659, 1.0, 0
u,0.1652892529964447, 1.0, 0
u,0.8925619721412659, 1.0, 0
u,0.9008264541625977, 1.0, 0
u,0.1652892529964447, 1.0, 0
u,0.1735537201166153, 1.0, 0
u,0.8842975497245789, 1.0, 0
u,0.8925619721412659, 1.0, 0
u,0.1735537201166153, 1.0, 0
u,0.8760330677032471, 1.0, 0
u,0.8842975497245789, 1.0, 0
u,0.1735537201166153, 1.0, 0
u,0.8677685856819153, 1.0, 0
u,0.8760330677032471, 1.0, 0
u,0.1735537201166153, 1.0, 0
u,0.8595041036605835, 1.0, 0
u,0.8677685856819153, 1.0, 0
u,0.1735537201166153, 1.0, 0
u,0.8512396812438965, 1.0, 0
u,0.8595041036605835, 1.0, 0
u,0.1818181872367859, 1.0, 0
u,0.8512396812438965, 1.0, 0
u,0.1735537201166153, 1.0, 0
u,0.1818181872367859, 1.0, 0
u,0.8429751992225647, 1.0, 0
u,0.8512396812438965, 1.0, 0
u,0.1818181872367859, 1.0, 0
u,0.8347107172012329, 1.0, 0
u,0.8429751992225647, 1.0, 0
u,0.1818181872367859, 1.0, 0
u,0.8264462947845459, 1.0, 0
u,0.8347107172012329, 1.0, 0
u,0.1900826394557953, 1.0, 0
u,0.8264462947845459, 1.0, 0
u,0.1818181872367859, 1.0, 0
u,0.1900826394557953, 1.0, 0
u,0.8181818127632141, 1.0, 0
u,0.8264462947845459, 1.0, 0
u,0.1900826394557953, 1.0, 0
u,0.8099173307418823, 1.0, 0
u,0.8181818127632141, 1.0, 0
u,0.19834710657596588, 1.0, 0
u,0.8099173307418823, 1.0, 0
u,0.1900826394557953, 1.0, 0
u,0.19834710657596588, 1.0, 0
u,0.8016529083251953, 1.0, 0
u,0.8099173307418823, 1.0, 0
u,0.19834710657596588, 1.0, 0
u,0.7933884263038635, 1.0, 0
u,0.8016529083251953, 1.0, 0
u,0.20661157369613647, 1.0, 0
u,0.7933884263038635, 1.0, 0
u,0.19834710657596588, 1.0, 0
u,0.20661157369613647, 1.0, 0
u,0.7851239442825317, 1.0, 0
u,0.7933884263038635, 1.0, 0
u,0.20661157369613647, 1.0, 0
u,0.7768595218658447, 1.0, 0
u,0.7851239442825317, 1.0, 0
u,0.21487602591514587, 1.0, 0
u,0.7768595218658447, 1.0, 0
u,0.20661157369613647, 1.0, 0
u,0.21487602591514587, 1.0, 0
u,0.7685950398445129, 1.0, 0
u,0.7768595218658447, 1.0, 0
u,0.22314049303531647, 1.0, 0
u,0.7685950398445129, 1.0, 0
u,0.21487602591514587, 1.0, 0
u,0.22314049303531647, 1.0, 0
u,0.7603305578231812, 1.0, 0
u,0.7685950398445129, 1.0, 0
u,0.22314049303531647, 1.0, 0
u,0.7520661354064941, 1.0, 0
u,0.7603305578231812, 1.0, 0
u,0.23140496015548706, 1.0, 0
u,0.7520661354064941, 1.0, 0
u,0.22314049303531647, 1.0, 0
u,0.23140496015548706, 1.0, 0
u,0.7438016533851624, 1.0, 0
u,0.7520661354064941, 1.0, 0
u,0.23966942727565765, 1.0, 0
u,0.7438016533851624, 1.0, 0
u,0.23140496015548706, 1.0, 0
u,0.23966942727565765, 1.0, 0
u,0.7355371713638306, 1.0, 0
u,0.7438016533851624, 1.0, 0
u,0.24793387949466705, 1.0, 0
u,0.7355371713638306, 1.0, 0
u,0.23966942727565765, 1.0, 0
u,0.24793387949466705, 1.0, 0
u,0.7272727489471436, 1.0, 0
u,0.7355371713638306, 1.0, 0
u,0.25619834661483765, 1.0, 0
u,0.7272727489471436, 1.0, 0
u,0.24793387949466705, 1.0, 0
u,0.25619834661483765, 1.0, 0
u,0.7190082669258118, 1.0, 0
u,0.7272727489471436, 1.0, 0
u,0.26446279883384705, 1.0, 0
u,0.7190082669258118, 1.0, 0
u,0.25619834661483765, 1.0, 0
u,0.27272728085517883, 1.0, 0
u,0.7190082669258118, 1.0, 0
u,0.26446279883384705, 1.0, 0
u,0.27272728085517883, 1.0, 0
u,0.71074378490448, 1.0, 0
u,0.7190082669258118, 1.0, 0
u,0.28099173307418823, 1.0, 0
u,0.71074378490448, 1.0, 0
u,0.27272728085517883, 1.0, 0
u,0.28925618529319763, 1.0, 0
u,0.71074378490448, 1.0, 0
u,0.28099173307418823, 1.0, 0
u,0.28925618529319763, 1.0, 0
u,0.702479362487793, 1.0, 0
u,0.71074378490448, 1.0, 0
u,0.2975206673145294, 1.0, 0
u,0.702479362487793, 1.0, 0
u,0.28925618529319763, 1.0, 0
u,0.5041322112083435, 1.0, 0
u,0.4876033067703247, 1.0, 0
u,0.4958677589893341, 1.0, 0
u,0.2975206673145294, 1.0, 0
u,0.6942148804664612, 1.0, 0
u,0.702479362487793, 1.0, 0
u,0.3057851195335388, 1.0, 0
u,0.6942148804664612, 1.0, 0
u,0.2975206673145294, 1.0, 0
u,0.5041322112083435, 1.0, 0
u,0.4793388545513153, 1.0, 0
u,0.4876033067703247, 1.0, 0
u,0.3140496015548706, 1.0, 0
u,0.6942148804664612, 1.0, 0
u,0.3057851195335388, 1.0, 0
u,0.3140496015548706, 1.0, 0
u,0.6859503984451294, 1.0, 0
u,0.6942148804664612, 1.0, 0
u,0.5041322112083435, 1.0, 0
u,0.4710743725299835, 1.0, 0
u,0.4793388545513153, 1.0, 0
u,0.32231405377388, 1.0, 0
u,0.6859503984451294, 1.0, 0
u,0.3140496015548706, 1.0, 0
u,0.5041322112083435, 1.0, 0
u,0.4628099203109741, 1.0, 0
u,0.4710743725299835, 1.0, 0
u,0.3305785059928894, 1.0, 0
u,0.6859503984451294, 1.0, 0
u,0.32231405377388, 1.0, 0
u,0.3388429880142212, 1.0, 0
u,0.6859503984451294, 1.0, 0
u,0.3305785059928894, 1.0, 0
u,0.3388429880142212, 1.0, 0
u,0.6776859760284424, 1.0, 0
u,0.6859503984451294, 1.0, 0
u,0.5041322112083435, 1.0, 0
u,0.4545454680919647, 1.0, 0
u,0.4628099203109741, 1.0, 0
u,0.3471074402332306, 1.0, 0
u,0.6776859760284424, 1.0, 0
u,0.3388429880142212, 1.0, 0
u,0.5041322112083435, 1.0, 0
u,0.44628098607063293, 1.0, 0
u,0.4545454680919647, 1.0, 0
u,0.35537189245224, 1.0, 0
u,0.6776859760284424, 1.0, 0
u,0.3471074402332306, 1.0, 0
u,0.5041322112083435, 1.0, 0
u,0.43801653385162354, 1.0, 0
u,0.44628098607063293, 1.0, 0
u,0.35537189245224, 1.0, 0
u,0.6694214940071106, 1.0, 0
u,0.6776859760284424, 1.0, 0
u,0.3636363744735718, 1.0, 0
u,0.6694214940071106, 1.0, 0
u,0.35537189245224, 1.0, 0
u,0.5041322112083435, 1.0, 0
u,0.42975205183029175, 1.0, 0
u,0.43801653385162354, 1.0, 0
u,0.3719008266925812, 1.0, 0
u,0.6694214940071106, 1.0, 0
u,0.3636363744735718, 1.0, 0
u,0.5041322112083435, 1.0, 0
u,0.42148759961128235, 1.0, 0
u,0.42975205183029175, 1.0, 0
u,0.3801652789115906, 1.0, 0
u,0.6694214940071106, 1.0, 0
u,0.3719008266925812, 1.0, 0
u,0.5041322112083435, 1.0, 0
u,0.41322314739227295, 1.0, 0
u,0.42148759961128235, 1.0, 0
u,0.38842976093292236, 1.0, 0
u,0.6694214940071106, 1.0, 0
u,0.3801652789115906, 1.0, 0
u,0.5041322112083435, 1.0, 0
u,0.40495866537094116, 1.0, 0
u,0.41322314739227295, 1.0, 0
u,0.38842976093292236, 1.0, 0
u,0.6611570119857788, 1.0, 0
u,0.6694214940071106, 1.0, 0
u,0.39669421315193176, 1.0, 0
u,0.6611570119857788, 1.0, 0
u,0.38842976093292236, 1.0, 0
u,0.5041322112083435, 1.0, 0
u,0.39669421315193176, 1.0, 0
u,0.40495866537094116, 1.0, 0
u,0.5041322112083435, 1.0, 0
u,0.6611570119857788, 1.0, 0
u,0.39669421315193176, 1.0, 0
u,0.5041322112083435, 1.0, 0
u,0.6528925895690918, 1.0, 0
u,0.6611570119857788, 1.0, 0
u,0.5123966932296753, 1.0, 0
u,0.6528925895690918, 1.0, 0
u,0.5041322112083435, 1.0, 0
u,0.5206611752510071, 1.0, 0
u,0.6528925895690918, 1.0, 0
u,0.5123966932296753, 1.0, 0
u,0.5206611752510071, 1.0, 0
u,0.64462810754776, 1.0, 0
u,0.6528925895690918, 1.0, 0
u,0.5289255976676941, 1.0, 0
u,0.64462810754776, 1.0, 0
u,0.5206611752510071, 1.0, 0
u,0.5289255976676941, 1.0, 0
u,0.6363636255264282, 1.0, 0
u,0.64462810754776, 1.0, 0
u,0.5371900796890259, 1.0, 0
u,0.6363636255264282, 1.0, 0
u,0.5289255976676941, 1.0, 0
u,0.5454545617103577, 1.0, 0
u,0.6363636255264282, 1.0, 0
u,0.5371900796890259, 1.0, 0
u,0.5454545617103577, 1.0, 0
u,0.6280992031097412, 1.0, 0
u,0.6363636255264282, 1.0, 0
u,0.5537189841270447, 1.0, 0
u,0.6280992031097412, 1.0, 0
u,0.5454545617103577, 1.0, 0
u,0.5619834661483765, 1.0, 0
u,0.6280992031097412, 1.0, 0
u,0.5537189841270447, 1.0, 0
u,0.5619834661483765, 1.0, 0
u,0.6198347210884094, 1.0, 0
u,0.6280992031097412, 1.0, 0
u,0.5702479481697083, 1.0, 0
u,0.6198347210884094, 1.0, 0
u,0.5619834661483765, 1.0, 0
u,0.5785123705863953, 1.0, 0
u,0.6198347210884094, 1.0, 0
u,0.5702479481697083, 1.0, 0
u,0.5785123705863953, 1.0, 0
u,0.6115702390670776, 1.0, 0
u,0.6198347210884094, 1.0, 0
u,0.586776852607727, 1.0, 0
u,0.6115702390670776, 1.0, 0
u,0.5785123705863953, 1.0, 0
u,0.5950413346290588, 1.0, 0
u,0.6115702390670776, 1.0, 0
u,0.586776852607727, 1.0, 0
u,0.5950413346290588, 1.0, 0
u,0.6033057570457458, 1.0, 0
u,0.6115702390670776, 1.0, 0
