v,-2.699481305157292e-09, -0.011766662821173668, -0.0008217705762945116
v,-2.754499739410221e-09, -0.012992825359106064, -0.0010614549973979592
v,-2.7390258949822055e-09, -0.012629215605556965, -0.0009706570417620242
v,-2.699481305157292e-09, -0.011766662821173668, -0.0008217705762945116
v,-2.7689341930425826e-09, -0.013351868838071823, -0.0011709218379110098
v,-2.754499739410221e-09, -0.012992825359106064, -0.0010614549973979592
v,-2.699481305157292e-09, -0.011766662821173668, -0.0008217705762945116
v,-2.782311714355501e-09, -0.013705954886972904, -0.0012989714741706848
v,-2.7689341930425826e-09, -0.013351868838071823, -0.0011709218379110098
v,-2.6579347611743742e-09, -0.010940473526716232, -0.0007651609485037625
v,-2.782311714355501e-09, -0.013705954886972904, -0.0012989714741706848
v,-2.699481305157292e-09, -0.011766662821173668, -0.0008217705762945116
v,-2.6579347611743742e-09, -0.010940473526716232, -0.0007651609485037625
v,-2.7946156500036068e-09, -0.014054691419005394, -0.0014455189229920506
v,-2.782311714355501e-09, -0.013705954886972904, -0.0012989714741706848
v,-2.6579347611743742e-09, -0.010940473526716232, -0.0007651609485037625
v,-2.805828680507716e-09, -0.014397690072655678, -0.001610474195331335
v,-2.7946156500036068e-09, -0.014054691419005394, -0.0014455189229920506
v,-2.6147173315393957e-09, -0.010155130177736282, -0.0007986488053575158
v,-2.805828680507716e-09, -0.014397690072655678, -0.001610474195331335
v,-2.6579347611743742e-09, -0.010940473526716232, -0.0007651609485037625
v,-2.6147173315393957e-09, -0.010155130177736282, -0.0007986488053575158
v,-2.815933930477854e-09, -0.014734558761119843, -0.0017937514930963516
v,-2.805828680507716e-09, -0.014397690072655678, -0.001610474195331335
v,-2.6147173315393957e-09, -0.010155130177736282, -0.0007986488053575158
v,-2.824914080434837e-09, -0.015064907260239124, -0.0019952645525336266
v,-2.815933930477854e-09, -0.014734558761119843, -0.0017937514930963516
v,-2.5701607508921143e-09, -0.009415119886398315, -0.0009200538625009358
v,-2.824914080434837e-09, -0.015064907260239124, -0.0019952645525336266
v,-2.6147173315393957e-09, -0.010155130177736282, -0.0007986488053575158
v,-2.5701607508921143e-09, -0.009415119886398315, -0.0009200538625009358
v,-2.832752032944086e-09, -0.015388344414532185, -0.0022149253636598587
v,-2.824914080434837e-09, -0.015064907260239124, -0.0019952645525336266
v,-2.5701607508921143e-09, -0.009415119886398315, -0.0009200538625009358
v,-2.839430912615626e-09, -0.015704477205872536, -0.0024526475463062525
v,-2.832752032944086e-09, -0.015388344414532185, -0.0022149253636598587
v,-2.524596975916893e-09, -0.008724924176931381, -0.0011271954281255603
v,-2.839430912615626e-09, -0.015704477205872536, -0.0024526475463062525
v,-2.5701607508921143e-09, -0.009415119886398315, -0.0009200538625009358
v,-2.524596975916893e-09, -0.008724924176931381, -0.0011271954281255603
v,-2.844933622014878e-09, -0.016012918204069138, -0.0027083437889814377
v,-2.839430912615626e-09, -0.015704477205872536, -0.0024526475463062525
v,-2.524596975916893e-09, -0.008724924176931381, -0.0011271954281255603
v,-2.849242841662658e-09, -0.016313275322318077, -0.002981926780194044
v,-2.844933622014878e-09, -0.016012918204069138, -0.0027083437889814377
v,-2.4783575192088847e-09, -0.008089029230177402, -0.0014178934507071972
v,-2.849242841662658e-09, -0.016313275322318077, -0.002981926780194044
v,-2.524596975916893e-09, -0.008724924176931381, -0.0011271954281255603
v,-2.4783575192088847e-09, -0.008089029230177402, -0.0014178934507071972
v,-2.852341696168992e-09, -0.016605157405138016, -0.003273309674113989
v,-2.849242841662658e-09, -0.016313275322318077, -0.002981926780194044
v,-2.4783575192088847e-09, -0.008089029230177402, -0.0014178934507071972
v,-2.645036634163489e-09, -0.013193835504353046, -0.0038776772562414408
v,-2.852341696168992e-09, -0.016605157405138016, -0.003273309674113989
v,-2.645036634163489e-09, -0.013193835504353046, -0.0038776772562414408
v,-2.6552919862865565e-09, -0.01353832520544529, -0.004066941328346729
v,-2.852341696168992e-09, -0.016605157405138016, -0.003273309674113989
v,-2.6552919862865565e-09, -0.01353832520544529, -0.004066941328346729
v,-2.6642539285859357e-09, -0.013883953914046288, -0.004287937190383673
v,-2.852341696168992e-09, -0.016605157405138016, -0.003273309674113989
v,-2.6642539285859357e-09, -0.013883953914046288, -0.004287937190383673
v,-2.6717659196151544e-09, -0.014229439198970795, -0.0045427377335727215
v,-2.852341696168992e-09, -0.016605157405138016, -0.003273309674113989
v,-2.6717659196151544e-09, -0.014229439198970795, -0.0045427377335727215
v,-2.6776711958831356e-09, -0.014573497697710991, -0.004833417013287544
v,-2.852341696168992e-09, -0.016605157405138016, -0.003273309674113989
v,-2.6776711958831356e-09, -0.014573497697710991, -0.004833417013287544
v,-2.681813215943407e-09, -0.01491484884172678, -0.005162045359611511
v,-2.852341696168992e-09, -0.016605157405138016, -0.003273309674113989
v,-2.681813215943407e-09, -0.01491484884172678, -0.005162045359611511
v,-2.684035216304892e-09, -0.015252212062478065, -0.00553069869056344
v,-2.852341696168992e-09, -0.016605157405138016, -0.003273309674113989
v,-2.684035216304892e-09, -0.015252212062478065, -0.00553069869056344
v,-2.6841808775657228e-09, -0.015584304928779602, -0.005941447801887989
v,-2.852341696168992e-09, -0.016605157405138016, -0.003273309674113989
v,-2.6841808775657228e-09, -0.015584304928779602, -0.005941447801887989
v,-2.6820932141902176e-09, -0.015909843146800995, -0.006396364886313677
v,-2.852341696168992e-09, -0.016605157405138016, -0.003273309674113989
v,-2.4317738933632427e-09, -0.0075119175016880035, -0.0017899679951369762
v,-2.6212727544105974e-09, -0.012513397261500359, -0.003586052916944027
v,-2.4783575192088847e-09, -0.008089029230177402, -0.0014178934507071972
v,-2.6212727544105974e-09, -0.012513397261500359, -0.003586052916944027
v,-2.6336446357078103e-09, -0.012851765379309654, -0.003718072082847357
v,-2.4783575192088847e-09, -0.008089029230177402, -0.0014178934507071972
v,-2.6336446357078103e-09, -0.012851765379309654, -0.003718072082847357
v,-2.645036634163489e-09, -0.013193835504353046, -0.0038776772562414408
v,-2.4783575192088847e-09, -0.008089029230177402, -0.0014178934507071972
v,-2.38517761097512e-09, -0.00699807470664382, -0.0022412389516830444
v,-2.5942152870328528e-09, -0.011852892115712166, -0.0033964805770665407
v,-2.4317738933632427e-09, -0.0075119175016880035, -0.0017899679951369762
v,-2.5942152870328528e-09, -0.011852892115712166, -0.0033964805770665407
v,-2.6080775317183225e-09, -0.01218001265078783, -0.003479546634480357
v,-2.4317738933632427e-09, -0.0075119175016880035, -0.0017899679951369762
v,-2.6080775317183225e-09, -0.01218001265078783, -0.003479546634480357
v,-2.6212727544105974e-09, -0.012513397261500359, -0.003586052916944027
v,-2.4317738933632427e-09, -0.0075119175016880035, -0.0017899679951369762
v,-2.3389006287288794e-09, -0.0065519846975803375, -0.0027695256285369396
v,-2.574287005785436e-09, -0.01141650415956974, -0.0033193191047757864
v,-2.38517761097512e-09, -0.00699807470664382, -0.0022412389516830444
v,-2.574287005785436e-09, -0.01141650415956974, -0.0033193191047757864
v,-2.5942152870328528e-09, -0.011852892115712166, -0.0033964805770665407
v,-2.38517761097512e-09, -0.00699807470664382, -0.0022412389516830444
v,-2.3389006287288794e-09, -0.0065519846975803375, -0.0027695256285369396
v,-2.5533835046331887e-09, -0.010995634831488132, -0.003284369595348835
v,-2.574287005785436e-09, -0.01141650415956974, -0.0033193191047757864
v,-2.3389006287288794e-09, -0.0065519846975803375, -0.0027695256285369396
v,-2.5317157259507894e-09, -0.010593312792479992, -0.0032904627732932568
v,-2.5533835046331887e-09, -0.010995634831488132, -0.003284369595348835
v,-2.3389006287288794e-09, -0.0065519846975803375, -0.0027695256285369396
v,-2.509494834157522e-09, -0.010212566703557968, -0.0033364263363182545
v,-2.5317157259507894e-09, -0.010593312792479992, -0.0032904627732932568
v,-2.3389006287288794e-09, -0.0065519846975803375, -0.0027695256285369396
v,-2.4869319936726697e-09, -0.009856426157057285, -0.003421090543270111
v,-2.509494834157522e-09, -0.010212566703557968, -0.0033364263363182545
v,-2.3389006287288794e-09, -0.0065519846975803375, -0.0027695256285369396
v,-2.4642383689155167e-09, -0.009527920745313168, -0.0035432830918580294
v,-2.4869319936726697e-09, -0.009856426157057285, -0.003421090543270111
v,-2.293274459219674e-09, -0.0061781322583556175, -0.0033726480323821306
v,-2.4642383689155167e-09, -0.009527920745313168, -0.0035432830918580294
v,-2.3389006287288794e-09, -0.0065519846975803375, -0.0027695256285369396
v,-2.293274459219674e-09, -0.0061781322583556175, -0.0033726480323821306
v,-2.4416253463499515e-09, -0.009230080060660839, -0.0037018326111137867
v,-2.4642383689155167e-09, -0.009527920745313168, -0.0035432830918580294
v,-2.293274459219674e-09, -0.0061781322583556175, -0.0033726480323821306
v,-2.419303646306048e-09, -0.0089659309014678, -0.003895568661391735
v,-2.4416253463499515e-09, -0.009230080060660839, -0.0037018326111137867
v,-2.293274459219674e-09, -0.0061781322583556175, -0.0033726480323821306
v,-2.3974848772922996e-09, -0.008738504722714424, -0.004123318940401077
v,-2.419303646306048e-09, -0.0089659309014678, -0.003895568661391735
v,-2.248630615042657e-09, -0.005881000310182571, -0.004048425704240799
v,-2.3974848772922996e-09, -0.008738504722714424, -0.004123318940401077
v,-2.293274459219674e-09, -0.0061781322583556175, -0.0033726480323821306
v,-2.248630615042657e-09, -0.005881000310182571, -0.004048425704240799
v,-2.3763797596387803e-09, -0.00855083018541336, -0.004383913241326809
v,-2.3974848772922996e-09, -0.008738504722714424, -0.004123318940401077
v,-2.248630615042657e-09, -0.005881000310182571, -0.004048425704240799
v,-2.3561999018539836e-09, -0.008405936881899834, -0.0046761794947087765
v,-2.3763797596387803e-09, -0.00855083018541336, -0.004383913241326809
v,-2.2053010528821915e-09, -0.0056650759652256966, -0.004794678650796413
v,-2.3561999018539836e-09, -0.008405936881899834, -0.0046761794947087765
v,-2.248630615042657e-09, -0.005881000310182571, -0.004048425704240799
v,-2.2053010528821915e-09, -0.0056650759652256966, -0.004794678650796413
v,-2.3371562463125883e-09, -0.008306852541863918, -0.004998947028070688
v,-2.3561999018539836e-09, -0.008405936881899834, -0.0046761794947087765
v,-2.2053010528821915e-09, -0.0056650759652256966, -0.004794678650796413
v,-2.298001344769318e-09, -0.008281099610030651, -0.005884520243853331
v,-2.3371562463125883e-09, -0.008306852541863918, -0.004998947028070688
v,-2.1459369836662745e-09, -0.005556783173233271, -0.006050964817404747
v,-2.298001344769318e-09, -0.008281099610030651, -0.005884520243853331
v,-2.2053010528821915e-09, -0.0056650759652256966, -0.004794678650796413
v,-2.1459369836662745e-09, -0.005556783173233271, -0.006050964817404747
v,-2.278068622629803e-09, -0.008570593781769276, -0.006712727248668671
v,-2.298001344769318e-09, -0.008281099610030651, -0.005884520243853331
v,-2.1459369836662745e-09, -0.005556783173233271, -0.006050964817404747
v,-2.2729642612517864e-09, -0.009110044687986374, -0.007505121640861034
v,-2.278068622629803e-09, -0.008570593781769276, -0.006712727248668671
v,-2.108522245691802e-09, -0.0057748788967728615, -0.0071998657658696175
v,-2.2729642612517864e-09, -0.009110044687986374, -0.007505121640861034
v,-2.1459369836662745e-09, -0.005556783173233271, -0.006050964817404747
v,-2.108522245691802e-09, -0.0057748788967728615, -0.0071998657658696175
v,-2.278294219948407e-09, -0.009834157302975655, -0.008283260278403759
v,-2.2729642612517864e-09, -0.009110044687986374, -0.007505121640861034
v,-2.0889607821317213e-09, -0.006255285814404488, -0.00825746450573206
v,-2.278294219948407e-09, -0.009834157302975655, -0.008283260278403759
v,-2.108522245691802e-09, -0.0057748788967728615, -0.0071998657658696175
v,-2.0889607821317213e-09, -0.006255285814404488, -0.00825746450573206
v,-2.289664235988198e-09, -0.010677637532353401, -0.009068697690963745
v,-2.278294219948407e-09, -0.009834157302975655, -0.008283260278403759
v,-2.0889607821317213e-09, -0.006255285814404488, -0.00825746450573206
v,-2.3026804907289034e-09, -0.011575189419090748, -0.009882989339530468
v,-2.289664235988198e-09, -0.010677637532353401, -0.009068697690963745
v,-2.083156536158981e-09, -0.006933927070349455, -0.009239846840500832
v,-2.3026804907289034e-09, -0.011575189419090748, -0.009882989339530468
v,-2.0889607821317213e-09, -0.006255285814404488, -0.00825746450573206
v,-2.083156536158981e-09, -0.006933927070349455, -0.009239846840500832
v,-2.3129484993944516e-09, -0.012461517937481403, -0.010747690685093403
v,-2.3026804907289034e-09, -0.011575189419090748, -0.009882989339530468
v,-2.0870141170803436e-09, -0.007746725343167782, -0.010163097642362118
v,-2.3129484993944516e-09, -0.012461517937481403, -0.010747690685093403
v,-2.083156536158981e-09, -0.006933927070349455, -0.009239846840500832
v,-2.0870141170803436e-09, -0.007746725343167782, -0.010163097642362118
v,-2.316074665387191e-09, -0.013271328061819077, -0.011684357188642025
v,-2.3129484993944516e-09, -0.012461517937481403, -0.010747690685093403
v,-2.096437246024152e-09, -0.008629604242742062, -0.011043299920856953
v,-2.316074665387191e-09, -0.013271328061819077, -0.011684357188642025
v,-2.0870141170803436e-09, -0.007746725343167782, -0.010163097642362118
v,-2.096437246024152e-09, -0.008629604242742062, -0.011043299920856953
v,-2.3076645039310506e-09, -0.01393932569772005, -0.01271454431116581
v,-2.316074665387191e-09, -0.013271328061819077, -0.011684357188642025
v,-2.1073303102525642e-09, -0.009518487378954887, -0.011896539479494095
v,-2.3076645039310506e-09, -0.01393932569772005, -0.01271454431116581
v,-2.096437246024152e-09, -0.008629604242742062, -0.011043299920856953
v,-2.1073303102525642e-09, -0.009518487378954887, -0.011896539479494095
v,-2.2833241963837736e-09, -0.014400215819478035, -0.013859806582331657
v,-2.3076645039310506e-09, -0.01393932569772005, -0.01271454431116581
v,-2.115597474983133e-09, -0.010349296033382416, -0.012738899327814579
v,-2.2833241963837736e-09, -0.014400215819478035, -0.013859806582331657
v,-2.1073303102525642e-09, -0.009518487378954887, -0.011896539479494095
v,-2.1171426833888063e-09, -0.011057953350245953, -0.013586466200649738
v,-2.2833241963837736e-09, -0.014400215819478035, -0.013859806582331657
v,-2.115597474983133e-09, -0.010349296033382416, -0.012738899327814579
v,-2.1171426833888063e-09, -0.011057953350245953, -0.013586466200649738
v,-2.2386594800138937e-09, -0.014588702470064163, -0.015141700394451618
v,-2.2833241963837736e-09, -0.014400215819478035, -0.013859806582331657
v,-2.107870322731742e-09, -0.011580382473766804, -0.014455322176218033
v,-2.2386594800138937e-09, -0.014588702470064163, -0.015141700394451618
v,-2.1171426833888063e-09, -0.011057953350245953, -0.013586466200649738
v,-2.083684336184888e-09, -0.0118525056168437, -0.015361553989350796
v,-2.2386594800138937e-09, -0.014588702470064163, -0.015141700394451618
v,-2.107870322731742e-09, -0.011580382473766804, -0.014455322176218033
v,-2.083684336184888e-09, -0.0118525056168437, -0.015361553989350796
v,-2.1692763141345495e-09, -0.014439491555094719, -0.016581781208515167
v,-2.2386594800138937e-09, -0.014588702470064163, -0.015141700394451618
v,-2.040488888965797e-09, -0.011810244992375374, -0.016321241855621338
v,-2.1692763141345495e-09, -0.014439491555094719, -0.016581781208515167
v,-2.083684336184888e-09, -0.0118525056168437, -0.015361553989350796
v,-1.5123544638839803e-09, -0.0029274614062160254, -0.017621448263525963
v,-1.6946334335798952e-09, -0.003966956399381161, -0.014645668677985668
v,-1.7025421072958125e-09, -0.0037042077165097, -0.014132630079984665
v,-2.040488888965797e-09, -0.011810244992375374, -0.016321241855621338
v,-2.1271799877098374e-09, -0.014229259453713894, -0.01730623096227646
v,-2.1692763141345495e-09, -0.014439491555094719, -0.016581781208515167
v,-2.024748813056476e-09, -0.011729027144610882, -0.016588857397437096
v,-2.1271799877098374e-09, -0.014229259453713894, -0.01730623096227646
v,-2.040488888965797e-09, -0.011810244992375374, -0.016321241855621338
v,-1.5123544638839803e-09, -0.0029274614062160254, -0.017621448263525963
v,-1.6892378607025194e-09, -0.004251766949892044, -0.015127320773899555
v,-1.6946334335798952e-09, -0.003966956399381161, -0.014645668677985668
v,-2.006859567416086e-09, -0.011604844592511654, -0.016853265464305878
v,-2.1271799877098374e-09, -0.014229259453713894, -0.01730623096227646
v,-2.024748813056476e-09, -0.011729027144610882, -0.016588857397437096
v,-2.006859567416086e-09, -0.011604844592511654, -0.016853265464305878
v,-2.083268890729073e-09, -0.013937782496213913, -0.017971886321902275
v,-2.1271799877098374e-09, -0.014229259453713894, -0.01730623096227646
v,-1.5123544638839803e-09, -0.0029274614062160254, -0.017621448263525963
v,-1.6863488383478398e-09, -0.004557888954877853, -0.015576805919408798
v,-1.6892378607025194e-09, -0.004251766949892044, -0.015127320773899555
v,-1.987104258915906e-09, -0.011438371613621712, -0.017108667641878128
v,-2.083268890729073e-09, -0.013937782496213913, -0.017971886321902275
v,-2.006859567416086e-09, -0.011604844592511654, -0.016853265464305878
v,-1.5123544638839803e-09, -0.0029274614062160254, -0.017621448263525963
v,-1.6859597051777087e-09, -0.0048845745623111725, -0.01599333994090557
v,-1.6863488383478398e-09, -0.004557888954877853, -0.015576805919408798
v,-1.9657662164718204e-09, -0.011230283416807652, -0.01734926924109459
v,-2.083268890729073e-09, -0.013937782496213913, -0.017971886321902275
v,-1.987104258915906e-09, -0.011438371613621712, -0.017108667641878128
v,-1.9431283249105036e-09, -0.01098125521093607, -0.017569269984960556
v,-2.083268890729073e-09, -0.013937782496213913, -0.017971886321902275
v,-1.9657662164718204e-09, -0.011230283416807652, -0.01734926924109459
v,-1.9431283249105036e-09, -0.01098125521093607, -0.017569269984960556
v,-2.0380264142971782e-09, -0.013571208342909813, -0.018575090914964676
v,-2.083268890729073e-09, -0.013937782496213913, -0.017971886321902275
v,-1.5123544638839803e-09, -0.0029274614062160254, -0.017621448263525963
v,-1.688064243943188e-09, -0.005231074057519436, -0.01637614332139492
v,-1.6859597051777087e-09, -0.0048845745623111725, -0.01599333994090557
v,-1.9194745792816548e-09, -0.010691964067518711, -0.01776287518441677
v,-2.0380264142971782e-09, -0.013571208342909813, -0.018575090914964676
v,-1.9431283249105036e-09, -0.01098125521093607, -0.017569269984960556
v,-1.5123544638839803e-09, -0.0029274614062160254, -0.017621448263525963
v,-1.6926559043284328e-09, -0.005596638657152653, -0.01672443188726902
v,-1.688064243943188e-09, -0.005231074057519436, -0.01637614332139492
v,-1.8950874203227386e-09, -0.010363083332777023, -0.017924290150403976
v,-2.0380264142971782e-09, -0.013571208342909813, -0.018575090914964676
v,-1.9194745792816548e-09, -0.010691964067518711, -0.01776287518441677
v,-1.5123544638839803e-09, -0.0029274614062160254, -0.017621448263525963
v,-1.699728024995295e-09, -0.005980520509183407, -0.01703742705285549
v,-1.6926559043284328e-09, -0.005596638657152653, -0.01672443188726902
v,-1.8950874203227386e-09, -0.010363083332777023, -0.017924290150403976
v,-1.991935505429865e-09, -0.013135681860148907, -0.01911219023168087
v,-2.0380264142971782e-09, -0.013571208342909813, -0.018575090914964676
v,-1.870250843083454e-09, -0.009995287284255028, -0.018047714605927467
v,-1.991935505429865e-09, -0.013135681860148907, -0.01911219023168087
v,-1.8950874203227386e-09, -0.010363083332777023, -0.017924290150403976
v,-1.5123544638839803e-09, -0.0029274614062160254, -0.017621448263525963
v,-1.709274388694837e-09, -0.006381969898939133, -0.01731434278190136
v,-1.699728024995295e-09, -0.005980520509183407, -0.01703742705285549
v,-1.845247510345871e-09, -0.009589253924787045, -0.018127353861927986
v,-1.991935505429865e-09, -0.013135681860148907, -0.01911219023168087
v,-1.870250843083454e-09, -0.009995287284255028, -0.018047714605927467
v,-1.5123544638839803e-09, -0.0029274614062160254, -0.017621448263525963
v,-1.7212883340889107e-09, -0.006800239905714989, -0.017554398626089096
v,-1.709274388694837e-09, -0.006381969898939133, -0.01731434278190136
v,-1.8203609730704784e-09, -0.00914565846323967, -0.018157411366701126
v,-1.991935505429865e-09, -0.013135681860148907, -0.01911219023168087
v,-1.845247510345871e-09, -0.009589253924787045, -0.018127353861927986
v,-1.5123544638839803e-09, -0.0029274614062160254, -0.017621448263525963
v,-1.735763532906276e-09, -0.007234580814838409, -0.017756814137101173
v,-1.7212883340889107e-09, -0.006800239905714989, -0.017554398626089096
v,-1.7958745601731607e-09, -0.008665175177156925, -0.01813209056854248
v,-1.991935505429865e-09, -0.013135681860148907, -0.01911219023168087
v,-1.8203609730704784e-09, -0.00914565846323967, -0.018157411366701126
v,-1.5123544638839803e-09, -0.0029274614062160254, -0.017621448263525963
v,-1.752693323808785e-09, -0.007684241980314255, -0.017920805141329765
v,-1.735763532906276e-09, -0.007234580814838409, -0.017756814137101173
v,-1.7958745601731607e-09, -0.008665175177156925, -0.01813209056854248
v,-1.94547933318745e-09, -0.012637351639568806, -0.01957952417433262
v,-1.991935505429865e-09, -0.013135681860148907, -0.01911219023168087
v,-1.772071267502895e-09, -0.008148476481437683, -0.018045593053102493
v,-1.94547933318745e-09, -0.012637351639568806, -0.01957952417433262
v,-1.7958745601731607e-09, -0.008665175177156925, -0.01813209056854248
v,-1.5123544638839803e-09, -0.0029274614062160254, -0.017621448263525963
v,-1.772071267502895e-09, -0.008148476481437683, -0.018045593053102493
v,-1.752693323808785e-09, -0.007684241980314255, -0.017920805141329765
v,-1.5123544638839803e-09, -0.0029274614062160254, -0.017621448263525963
v,-1.94547933318745e-09, -0.012637351639568806, -0.01957952417433262
v,-1.772071267502895e-09, -0.008148476481437683, -0.018045593053102493
v,-1.5123544638839803e-09, -0.0029274614062160254, -0.017621448263525963
v,-1.899140844585645e-09, -0.012082360684871674, -0.01997344195842743
v,-1.94547933318745e-09, -0.012637351639568806, -0.01957952417433262
v,-1.5142087583797093e-09, -0.003265983425080776, -0.018000168725848198
v,-1.899140844585645e-09, -0.012082360684871674, -0.01997344195842743
v,-1.5123544638839803e-09, -0.0029274614062160254, -0.017621448263525963
v,-1.5177175072267346e-09, -0.003615034744143486, -0.018353238701820374
v,-1.899140844585645e-09, -0.012082360684871674, -0.01997344195842743
v,-1.5142087583797093e-09, -0.003265983425080776, -0.018000168725848198
v,-1.5177175072267346e-09, -0.003615034744143486, -0.018353238701820374
v,-1.8534027645955575e-09, -0.011476855725049973, -0.02029028721153736
v,-1.899140844585645e-09, -0.012082360684871674, -0.01997344195842743
v,-1.5229120187143508e-09, -0.003975625149905682, -0.018681194633245468
v,-1.8534027645955575e-09, -0.011476855725049973, -0.02029028721153736
v,-1.5177175072267346e-09, -0.003615034744143486, -0.018353238701820374
v,-1.5229120187143508e-09, -0.003975625149905682, -0.018681194633245468
v,-1.8087484843221091e-09, -0.01082698442041874, -0.020526399835944176
v,-1.8534027645955575e-09, -0.011476855725049973, -0.02029028721153736
v,-1.52982304602034e-09, -0.004348764196038246, -0.018984569236636162
v,-1.8087484843221091e-09, -0.01082698442041874, -0.020526399835944176
v,-1.5229120187143508e-09, -0.003975625149905682, -0.018681194633245468
v,-1.5384816753893915e-09, -0.004735460504889488, -0.019263889640569687
v,-1.8087484843221091e-09, -0.01082698442041874, -0.020526399835944176
v,-1.52982304602034e-09, -0.004348764196038246, -0.018984569236636162
v,-1.5384816753893915e-09, -0.004735460504889488, -0.019263889640569687
v,-1.7656608397587092e-09, -0.010138889774680138, -0.02067812718451023
v,-1.8087484843221091e-09, -0.01082698442041874, -0.020526399835944176
v,-1.5489188820438926e-09, -0.005136723630130291, -0.01951969414949417
v,-1.7656608397587092e-09, -0.010138889774680138, -0.02067812718451023
v,-1.5384816753893915e-09, -0.004735460504889488, -0.019263889640569687
v,-1.5611656412062302e-09, -0.005553563125431538, -0.019752509891986847
v,-1.7656608397587092e-09, -0.010138889774680138, -0.02067812718451023
v,-1.5489188820438926e-09, -0.005136723630130291, -0.01951969414949417
v,-1.5611656412062302e-09, -0.005553563125431538, -0.019752509891986847
v,-1.7246227779210699e-09, -0.00941871851682663, -0.020741812884807587
v,-1.7656608397587092e-09, -0.010138889774680138, -0.02067812718451023
v,-1.575253039121094e-09, -0.005986988544464111, -0.019962873309850693
v,-1.7246227779210699e-09, -0.00941871851682663, -0.020741812884807587
v,-1.5611656412062302e-09, -0.005553563125431538, -0.019752509891986847
v,-1.5912118289662658e-09, -0.006438008509576321, -0.02015131525695324
v,-1.7246227779210699e-09, -0.00941871851682663, -0.020741812884807587
v,-1.575253039121094e-09, -0.005986988544464111, -0.019962873309850693
v,-1.5912118289662658e-09, -0.006438008509576321, -0.02015131525695324
v,-1.6861173568472054e-09, -0.008672616444528103, -0.020713800564408302
v,-1.7246227779210699e-09, -0.00941871851682663, -0.020741812884807587
v,-1.6090733190310402e-09, -0.006907633040100336, -0.020318366587162018
v,-1.6861173568472054e-09, -0.008672616444528103, -0.020713800564408302
v,-1.5912118289662658e-09, -0.006438008509576321, -0.02015131525695324
v,-1.6288683735155018e-09, -0.0073968712240457535, -0.020464561879634857
v,-1.6861173568472054e-09, -0.008672616444528103, -0.020713800564408302
v,-1.6090733190310402e-09, -0.006907633040100336, -0.020318366587162018
v,-1.6288683735155018e-09, -0.0073968712240457535, -0.020464561879634857
v,-1.6506278566197352e-09, -0.00790673028677702, -0.020590433850884438
v,-1.6861173568472054e-09, -0.008672616444528103, -0.020713800564408302
n,-34.692691802978516, 1.8460210640114383e-06, -1.4802235455135815e-06
n,-34.692691802978516, 1.8460210640114383e-06, -1.4802235455135815e-06
n,-34.692691802978516, 1.8460210640114383e-06, -1.4802235455135815e-06
n,-34.692691802978516, 1.8460210640114383e-06, -1.4802235455135815e-06
n,-34.692691802978516, 1.8460210640114383e-06, -1.4802235455135815e-06
n,-34.692691802978516, 1.8460210640114383e-06, -1.4802235455135815e-06
n,-34.692691802978516, 1.8460210640114383e-06, -1.4802235455135815e-06
n,-34.692691802978516, 1.8460210640114383e-06, -1.4802235455135815e-06
n,-34.692691802978516, 1.8460210640114383e-06, -1.4802235455135815e-06
n,-34.692691802978516, 1.8460210640114383e-06, -1.4802235455135815e-06
n,-34.692691802978516, 1.8460210640114383e-06, -1.4802235455135815e-06
n,-34.692691802978516, 1.8460210640114383e-06, -1.4802235455135815e-06
n,-34.692691802978516, 1.8460210640114383e-06, -1.4802235455135815e-06
n,-34.692691802978516, 1.8460210640114383e-06, -1.4802235455135815e-06
n,-34.692691802978516, 1.8460210640114383e-06, -1.4802235455135815e-06
n,-34.692691802978516, 1.8460210640114383e-06, -1.4802235455135815e-06
n,-34.692691802978516, 1.8460210640114383e-06, -1.4802235455135815e-06
n,-34.692691802978516, 1.8460210640114383e-06, -1.4802235455135815e-06
n,-34.692691802978516, 1.8460210640114383e-06, -1.4802235455135815e-06
n,-34.692691802978516, 1.8460210640114383e-06, -1.4802235455135815e-06
n,-34.692691802978516, 1.8460210640114383e-06, -1.4802235455135815e-06
n,-34.692691802978516, 1.8460210640114383e-06, -1.4802235455135815e-06
n,-34.692691802978516, 1.8460210640114383e-06, -1.4802235455135815e-06
n,-34.692691802978516, 1.8460210640114383e-06, -1.4802235455135815e-06
n,-34.692691802978516, 1.8460210640114383e-06, -1.4802235455135815e-06
n,-34.692691802978516, 1.8460210640114383e-06, -1.4802235455135815e-06
n,-34.692691802978516, 1.8460210640114383e-06, -1.4802235455135815e-06
n,-34.692691802978516, 1.8460210640114383e-06, -1.4802235455135815e-06
n,-34.692691802978516, 1.8460210640114383e-06, -1.4802235455135815e-06
n,-34.692691802978516, 1.8460210640114383e-06, -1.4802235455135815e-06
n,-34.692691802978516, 1.8460210640114383e-06, -1.4802235455135815e-06
n,-34.692691802978516, 1.8460210640114383e-06, -1.4802235455135815e-06
n,-34.692691802978516, 1.8460210640114383e-06, -1.4802235455135815e-06
n,-34.692691802978516, 1.8460210640114383e-06, -1.4802235455135815e-06
n,-34.692691802978516, 1.8460210640114383e-06, -1.4802235455135815e-06
n,-34.692691802978516, 1.8460210640114383e-06, -1.4802235455135815e-06
n,-34.692691802978516, 1.8460210640114383e-06, -1.4802235455135815e-06
n,-34.692691802978516, 1.8460210640114383e-06, -1.4802235455135815e-06
n,-34.692691802978516, 1.8460210640114383e-06, -1.4802235455135815e-06
n,-34.692691802978516, 1.8460210640114383e-06, -1.4802235455135815e-06
n,-34.692691802978516, 1.8460210640114383e-06, -1.4802235455135815e-06
n,-34.692691802978516, 1.8460210640114383e-06, -1.4802235455135815e-06
n,-34.692691802978516, 1.8460210640114383e-06, -1.4802235455135815e-06
n,-34.692691802978516, 1.8460210640114383e-06, -1.4802235455135815e-06
n,-34.692691802978516, 1.8460210640114383e-06, -1.4802235455135815e-06
n,-34.692691802978516, 1.8460210640114383e-06, -1.4802235455135815e-06
n,-34.692691802978516, 1.8460210640114383e-06, -1.4802235455135815e-06
n,-34.692691802978516, 1.8460210640114383e-06, -1.4802235455135815e-06
n,-34.692691802978516, 1.8460210640114383e-06, -1.4802235455135815e-06
n,-34.692691802978516, 1.8460210640114383e-06, -1.4802235455135815e-06
n,-34.692691802978516, 1.8460210640114383e-06, -1.4802235455135815e-06
n,-34.692691802978516, 1.8460210640114383e-06, -1.4802235455135815e-06
n,-34.692691802978516, 1.8460210640114383e-06, -1.4802235455135815e-06
n,-34.692691802978516, 1.8460210640114383e-06, -1.4802235455135815e-06
n,-34.692691802978516, 1.8460210640114383e-06, -1.4802235455135815e-06
n,-34.692691802978516, 1.8460210640114383e-06, -1.4802235455135815e-06
n,-34.692691802978516, 1.8460210640114383e-06, -1.4802235455135815e-06
n,-34.692691802978516, 1.8460210640114383e-06, -1.4802235455135815e-06
n,-34.692691802978516, 1.8460210640114383e-06, -1.4802235455135815e-06
n,-34.692691802978516, 1.8460210640114383e-06, -1.4802235455135815e-06
n,-34.692691802978516, 1.8460210640114383e-06, -1.4802235455135815e-06
n,-34.692691802978516, 1.8460210640114383e-06, -1.4802235455135815e-06
n,-34.692691802978516, 1.8460210640114383e-06, -1.4802235455135815e-06
n,-34.692691802978516, 1.8460210640114383e-06, -1.4802235455135815e-06
n,-34.692691802978516, 1.8460210640114383e-06, -1.4802235455135815e-06
n,-34.692691802978516, 1.8460210640114383e-06, -1.4802235455135815e-06
n,-34.692691802978516, 1.8460210640114383e-06, -1.4802235455135815e-06
n,-34.692691802978516, 1.8460210640114383e-06, -1.4802235455135815e-06
n,-34.692691802978516, 1.8460210640114383e-06, -1.4802235455135815e-06
n,-34.692691802978516, 1.8460210640114383e-06, -1.4802235455135815e-06
n,-34.692691802978516, 1.8460210640114383e-06, -1.4802235455135815e-06
n,-34.692691802978516, 1.8460210640114383e-06, -1.4802235455135815e-06
n,-34.692691802978516, 1.8460210640114383e-06, -1.4802235455135815e-06
n,-34.692691802978516, 1.8460210640114383e-06, -1.4802235455135815e-06
n,-34.692691802978516, 1.8460210640114383e-06, -1.4802235455135815e-06
n,-34.692691802978516, 1.8460210640114383e-06, -1.4802235455135815e-06
n,-34.692691802978516, 1.8460210640114383e-06, -1.4802235455135815e-06
n,-34.692691802978516, 1.8460210640114383e-06, -1.4802235455135815e-06
n,-34.692691802978516, 1.8460210640114383e-06, -1.4802235455135815e-06
n,-34.692691802978516, 1.8460210640114383e-06, -1.4802235455135815e-06
n,-34.692691802978516, 1.8460210640114383e-06, -1.4802235455135815e-06
n,-34.692691802978516, 1.8460210640114383e-06, -1.4802235455135815e-06
n,-34.692691802978516, 1.8460210640114383e-06, -1.4802235455135815e-06
n,-34.692691802978516, 1.8460210640114383e-06, -1.4802235455135815e-06
n,-34.692691802978516, 1.8460210640114383e-06, -1.4802235455135815e-06
n,-34.692691802978516, 1.8460210640114383e-06, -1.4802235455135815e-06
n,-34.692691802978516, 1.8460210640114383e-06, -1.4802235455135815e-06
n,-34.692691802978516, 1.8460210640114383e-06, -1.4802235455135815e-06
n,-34.692691802978516, 1.8460210640114383e-06, -1.4802235455135815e-06
n,-34.692691802978516, 1.8460210640114383e-06, -1.4802235455135815e-06
n,-34.692691802978516, 1.8460210640114383e-06, -1.4802235455135815e-06
n,-34.692691802978516, 1.8460210640114383e-06, -1.4802235455135815e-06
n,-34.692691802978516, 1.8460210640114383e-06, -1.4802235455135815e-06
n,-34.692691802978516, 1.8460210640114383e-06, -1.4802235455135815e-06
n,-34.692691802978516, 1.8460210640114383e-06, -1.4802235455135815e-06
n,-34.692691802978516, 1.8460210640114383e-06, -1.4802235455135815e-06
n,-34.692691802978516, 1.8460210640114383e-06, -1.4802235455135815e-06
n,-34.692691802978516, 1.8460210640114383e-06, -1.4802235455135815e-06
n,-34.692691802978516, 1.8460210640114383e-06, -1.4802235455135815e-06
n,-34.692691802978516, 1.8460210640114383e-06, -1.4802235455135815e-06
n,-34.692691802978516, 1.8460210640114383e-06, -1.4802235455135815e-06
n,-34.692691802978516, 1.8460210640114383e-06, -1.4802235455135815e-06
n,-34.692691802978516, 1.8460210640114383e-06, -1.4802235455135815e-06
n,-34.692691802978516, 1.8460210640114383e-06, -1.4802235455135815e-06
n,-34.692691802978516, 1.8460210640114383e-06, -1.4802235455135815e-06
n,-34.692691802978516, 1.8460210640114383e-06, -1.4802235455135815e-06
n,-34.692691802978516, 1.8460210640114383e-06, -1.4802235455135815e-06
n,-34.692691802978516, 1.8460210640114383e-06, -1.4802235455135815e-06
n,-34.692691802978516, 1.8460210640114383e-06, -1.4802235455135815e-06
n,-34.692691802978516, 1.8460210640114383e-06, -1.4802235455135815e-06
n,-34.692691802978516, 1.8460210640114383e-06, -1.4802235455135815e-06
n,-34.692691802978516, 1.8460210640114383e-06, -1.4802235455135815e-06
n,-34.692691802978516, 1.8460210640114383e-06, -1.4802235455135815e-06
n,-34.692691802978516, 1.8460210640114383e-06, -1.4802235455135815e-06
n,-34.692691802978516, 1.8460210640114383e-06, -1.4802235455135815e-06
n,-34.692691802978516, 1.8460210640114383e-06, -1.4802235455135815e-06
n,-34.692691802978516, 1.8460210640114383e-06, -1.4802235455135815e-06
n,-34.692691802978516, 1.8460210640114383e-06, -1.4802235455135815e-06
n,-34.692691802978516, 1.8460210640114383e-06, -1.4802235455135815e-06
n,-34.692691802978516, 1.8460210640114383e-06, -1.4802235455135815e-06
u,0.10743801295757294, 1.0, 0
u,0.09090909361839294, 1.0, 0
u,0.09917355328798294, 1.0, 0
u,0.10743801295757294, 1.0, 0
u,0.08264462649822235, 1.0, 0
u,0.09090909361839294, 1.0, 0
u,0.10743801295757294, 1.0, 0
u,0.07438016682863235, 1.0, 0
u,0.08264462649822235, 1.0, 0
u,0.11570248007774353, 1.0, 0
u,0.07438016682863235, 1.0, 0
u,0.10743801295757294, 1.0, 0
u,0.11570248007774353, 1.0, 0
u,0.06611569970846176, 1.0, 0
u,0.07438016682863235, 1.0, 0
u,0.11570248007774353, 1.0, 0
u,0.057851240038871765, 1.0, 0
u,0.06611569970846176, 1.0, 0
u,0.12396693974733353, 1.0, 0
u,0.057851240038871765, 1.0, 0
u,0.11570248007774353, 1.0, 0
u,0.12396693974733353, 1.0, 0
u,0.04958677664399147, 1.0, 0
u,0.057851240038871765, 1.0, 0
u,0.12396693974733353, 1.0, 0
u,0.041322313249111176, 1.0, 0
u,0.04958677664399147, 1.0, 0
u,0.13223139941692352, 1.0, 0
u,0.041322313249111176, 1.0, 0
u,0.12396693974733353, 1.0, 0
u,0.13223139941692352, 1.0, 0
u,0.03305784985423088, 1.0, 0
u,0.041322313249111176, 1.0, 0
u,0.13223139941692352, 1.0, 0
u,0.024793388321995735, 1.0, 0
u,0.03305784985423088, 1.0, 0
u,0.14049586653709412, 1.0, 0
u,0.024793388321995735, 1.0, 0
u,0.13223139941692352, 1.0, 0
u,0.14049586653709412, 1.0, 0
u,0.01652892492711544, 1.0, 0
u,0.024793388321995735, 1.0, 0
u,0.14049586653709412, 1.0, 0
u,0.00826446246355772, 1.0, 0
u,0.01652892492711544, 1.0, 0
u,0.1487603336572647, 1.0, 0
u,0.00826446246355772, 1.0, 0
u,0.14049586653709412, 1.0, 0
u,0.1487603336572647, 1.0, 0
u,0.0, 1.0, 0
u,0.00826446246355772, 1.0, 0
u,0.1487603336572647, 1.0, 0
u,0.93388432264328, 1.0, 0
u,0.0, 1.0, 0
u,0.93388432264328, 1.0, 0
u,0.942148745059967, 1.0, 0
u,0.0, 1.0, 0
u,0.942148745059967, 1.0, 0
u,0.9504132270812988, 1.0, 0
u,0.0, 1.0, 0
u,0.9504132270812988, 1.0, 0
u,0.9586777091026306, 1.0, 0
u,0.0, 1.0, 0
u,0.9586777091026306, 1.0, 0
u,0.9669421315193176, 1.0, 0
u,0.0, 1.0, 0
u,0.9669421315193176, 1.0, 0
u,0.9752066135406494, 1.0, 0
u,0.0, 1.0, 0
u,0.9752066135406494, 1.0, 0
u,0.9834710955619812, 1.0, 0
u,0.0, 1.0, 0
u,0.9834710955619812, 1.0, 0
u,0.9917355179786682, 1.0, 0
u,0.0, 1.0, 0
u,0.9917355179786682, 1.0, 0
u,1.0, 1.0, 0
u,0.0, 1.0, 0
u,0.1570248007774353, 1.0, 0
u,0.9173553586006165, 1.0, 0
u,0.1487603336572647, 1.0, 0
u,0.9173553586006165, 1.0, 0
u,0.9256198406219482, 1.0, 0
u,0.1487603336572647, 1.0, 0
u,0.9256198406219482, 1.0, 0
u,0.93388432264328, 1.0, 0
u,0.1487603336572647, 1.0, 0
u,0.1652892529964447, 1.0, 0
u,0.9008264541625977, 1.0, 0
u,0.1570248007774353, 1.0, 0
u,0.9008264541625977, 1.0, 0
u,0.9090909361839294, 1.0, 0
u,0.1570248007774353, 1.0, 0
u,0.9090909361839294, 1.0, 0
u,0.9173553586006165, 1.0, 0
u,0.1570248007774353, 1.0, 0
u,0.1735537201166153, 1.0, 0
u,0.8925619721412659, 1.0, 0
u,0.1652892529964447, 1.0, 0
u,0.8925619721412659, 1.0, 0
u,0.9008264541625977, 1.0, 0
u,0.1652892529964447, 1.0, 0
u,0.1735537201166153, 1.0, 0
u,0.8842975497245789, 1.0, 0
u,0.8925619721412659, 1.0, 0
u,0.1735537201166153, 1.0, 0
u,0.8760330677032471, 1.0, 0
u,0.8842975497245789, 1.0, 0
u,0.1735537201166153, 1.0, 0
u,0.8677685856819153, 1.0, 0
u,0.8760330677032471, 1.0, 0
u,0.1735537201166153, 1.0, 0
u,0.8595041036605835, 1.0, 0
u,0.8677685856819153, 1.0, 0
u,0.1735537201166153, 1.0, 0
u,0.8512396812438965, 1.0, 0
u,0.8595041036605835, 1.0, 0
u,0.1818181872367859, 1.0, 0
u,0.8512396812438965, 1.0, 0
u,0.1735537201166153, 1.0, 0
u,0.1818181872367859, 1.0, 0
u,0.8429751992225647, 1.0, 0
u,0.8512396812438965, 1.0, 0
u,0.1818181872367859, 1.0, 0
u,0.8347107172012329, 1.0, 0
u,0.8429751992225647, 1.0, 0
u,0.1818181872367859, 1.0, 0
u,0.8264462947845459, 1.0, 0
u,0.8347107172012329, 1.0, 0
u,0.1900826394557953, 1.0, 0
u,0.8264462947845459, 1.0, 0
u,0.1818181872367859, 1.0, 0
u,0.1900826394557953, 1.0, 0
u,0.8181818127632141, 1.0, 0
u,0.8264462947845459, 1.0, 0
u,0.1900826394557953, 1.0, 0
u,0.8099173307418823, 1.0, 0
u,0.8181818127632141, 1.0, 0
u,0.19834710657596588, 1.0, 0
u,0.8099173307418823, 1.0, 0
u,0.1900826394557953, 1.0, 0
u,0.19834710657596588, 1.0, 0
u,0.8016529083251953, 1.0, 0
u,0.8099173307418823, 1.0, 0
u,0.19834710657596588, 1.0, 0
u,0.7933884263038635, 1.0, 0
u,0.8016529083251953, 1.0, 0
u,0.20661157369613647, 1.0, 0
u,0.7933884263038635, 1.0, 0
u,0.19834710657596588, 1.0, 0
u,0.20661157369613647, 1.0, 0
u,0.7851239442825317, 1.0, 0
u,0.7933884263038635, 1.0, 0
u,0.20661157369613647, 1.0, 0
u,0.7768595218658447, 1.0, 0
u,0.7851239442825317, 1.0, 0
u,0.21487602591514587, 1.0, 0
u,0.7768595218658447, 1.0, 0
u,0.20661157369613647, 1.0, 0
u,0.21487602591514587, 1.0, 0
u,0.7685950398445129, 1.0, 0
u,0.7768595218658447, 1.0, 0
u,0.22314049303531647, 1.0, 0
u,0.7685950398445129, 1.0, 0
u,0.21487602591514587, 1.0, 0
u,0.22314049303531647, 1.0, 0
u,0.7603305578231812, 1.0, 0
u,0.7685950398445129, 1.0, 0
u,0.22314049303531647, 1.0, 0
u,0.7520661354064941, 1.0, 0
u,0.7603305578231812, 1.0, 0
u,0.23140496015548706, 1.0, 0
u,0.7520661354064941, 1.0, 0
u,0.22314049303531647, 1.0, 0
u,0.23140496015548706, 1.0, 0
u,0.7438016533851624, 1.0, 0
u,0.7520661354064941, 1.0, 0
u,0.23966942727565765, 1.0, 0
u,0.7438016533851624, 1.0, 0
u,0.23140496015548706, 1.0, 0
u,0.23966942727565765, 1.0, 0
u,0.7355371713638306, 1.0, 0
u,0.7438016533851624, 1.0, 0
u,0.24793387949466705, 1.0, 0
u,0.7355371713638306, 1.0, 0
u,0.23966942727565765, 1.0, 0
u,0.24793387949466705, 1.0, 0
u,0.7272727489471436, 1.0, 0
u,0.7355371713638306, 1.0, 0
u,0.25619834661483765, 1.0, 0
u,0.7272727489471436, 1.0, 0
u,0.24793387949466705, 1.0, 0
u,0.25619834661483765, 1.0, 0
u,0.7190082669258118, 1.0, 0
u,0.7272727489471436, 1.0, 0
u,0.26446279883384705, 1.0, 0
u,0.7190082669258118, 1.0, 0
u,0.25619834661483765, 1.0, 0
u,0.27272728085517883, 1.0, 0
u,0.7190082669258118, 1.0, 0
u,0.26446279883384705, 1.0, 0
u,0.27272728085517883, 1.0, 0
u,0.71074378490448, 1.0, 0
u,0.7190082669258118, 1.0, 0
u,0.28099173307418823, 1.0, 0
u,0.71074378490448, 1.0, 0
u,0.27272728085517883, 1.0, 0
u,0.28925618529319763, 1.0, 0
u,0.71074378490448, 1.0, 0
u,0.28099173307418823, 1.0, 0
u,0.28925618529319763, 1.0, 0
u,0.702479362487793, 1.0, 0
u,0.71074378490448, 1.0, 0
u,0.2975206673145294, 1.0, 0
u,0.702479362487793, 1.0, 0
u,0.28925618529319763, 1.0, 0
u,0.5041322112083435, 1.0, 0
u,0.4876033067703247, 1.0, 0
u,0.4958677589893341, 1.0, 0
u,0.2975206673145294, 1.0, 0
u,0.6942148804664612, 1.0, 0
u,0.702479362487793, 1.0, 0
u,0.3057851195335388, 1.0, 0
u,0.6942148804664612, 1.0, 0
u,0.2975206673145294, 1.0, 0
u,0.5041322112083435, 1.0, 0
u,0.4793388545513153, 1.0, 0
u,0.4876033067703247, 1.0, 0
u,0.3140496015548706, 1.0, 0
u,0.6942148804664612, 1.0, 0
u,0.3057851195335388, 1.0, 0
u,0.3140496015548706, 1.0, 0
u,0.6859503984451294, 1.0, 0
u,0.6942148804664612, 1.0, 0
u,0.5041322112083435, 1.0, 0
u,0.4710743725299835, 1.0, 0
u,0.4793388545513153, 1.0, 0
u,0.32231405377388, 1.0, 0
u,0.6859503984451294, 1.0, 0
u,0.3140496015548706, 1.0, 0
u,0.5041322112083435, 1.0, 0
u,0.4628099203109741, 1.0, 0
u,0.4710743725299835, 1.0, 0
u,0.3305785059928894, 1.0, 0
u,0.6859503984451294, 1.0, 0
u,0.32231405377388, 1.0, 0
u,0.3388429880142212, 1.0, 0
u,0.6859503984451294, 1.0, 0
u,0.3305785059928894, 1.0, 0
u,0.3388429880142212, 1.0, 0
u,0.6776859760284424, 1.0, 0
u,0.6859503984451294, 1.0, 0
u,0.5041322112083435, 1.0, 0
u,0.4545454680919647, 1.0, 0
u,0.4628099203109741, 1.0, 0
u,0.3471074402332306, 1.0, 0
u,0.6776859760284424, 1.0, 0
u,0.3388429880142212, 1.0, 0
u,0.5041322112083435, 1.0, 0
u,0.44628098607063293, 1.0, 0
u,0.4545454680919647, 1.0, 0
u,0.35537189245224, 1.0, 0
u,0.6776859760284424, 1.0, 0
u,0.3471074402332306, 1.0, 0
u,0.5041322112083435, 1.0, 0
u,0.43801653385162354, 1.0, 0
u,0.44628098607063293, 1.0, 0
u,0.35537189245224, 1.0, 0
u,0.6694214940071106, 1.0, 0
u,0.6776859760284424, 1.0, 0
u,0.3636363744735718, 1.0, 0
u,0.6694214940071106, 1.0, 0
u,0.35537189245224, 1.0, 0
u,0.5041322112083435, 1.0, 0
u,0.42975205183029175, 1.0, 0
u,0.43801653385162354, 1.0, 0
u,0.3719008266925812, 1.0, 0
u,0.6694214940071106, 1.0, 0
u,0.3636363744735718, 1.0, 0
u,0.5041322112083435, 1.0, 0
u,0.42148759961128235, 1.0, 0
u,0.42975205183029175, 1.0, 0
u,0.3801652789115906, 1.0, 0
u,0.6694214940071106, 1.0, 0
u,0.3719008266925812, 1.0, 0
u,0.5041322112083435, 1.0, 0
u,0.41322314739227295, 1.0, 0
u,0.42148759961128235, 1.0, 0
u,0.38842976093292236, 1.0, 0
u,0.6694214940071106, 1.0, 0
u,0.3801652789115906, 1.0, 0
u,0.5041322112083435, 1.0, 0
u,0.40495866537094116, 1.0, 0
u,0.41322314739227295, 1.0, 0
u,0.38842976093292236, 1.0, 0
u,0.6611570119857788, 1.0, 0
u,0.6694214940071106, 1.0, 0
u,0.39669421315193176, 1.0, 0
u,0.6611570119857788, 1.0, 0
u,0.38842976093292236, 1.0, 0
u,0.5041322112083435, 1.0, 0
u,0.39669421315193176, 1.0, 0
u,0.40495866537094116, 1.0, 0
u,0.5041322112083435, 1.0, 0
u,0.6611570119857788, 1.0, 0
u,0.39669421315193176, 1.0, 0
u,0.5041322112083435, 1.0, 0
u,0.6528925895690918, 1.0, 0
u,0.6611570119857788, 1.0, 0
u,0.5123966932296753, 1.0, 0
u,0.6528925895690918, 1.0, 0
u,0.5041322112083435, 1.0, 0
u,0.5206611752510071, 1.0, 0
u,0.6528925895690918, 1.0, 0
u,0.5123966932296753, 1.0, 0
u,0.5206611752510071, 1.0, 0
u,0.64462810754776, 1.0, 0
u,0.6528925895690918, 1.0, 0
u,0.5289255976676941, 1.0, 0
u,0.64462810754776, 1.0, 0
u,0.5206611752510071, 1.0, 0
u,0.5289255976676941, 1.0, 0
u,0.6363636255264282, 1.0, 0
u,0.64462810754776, 1.0, 0
u,0.5371900796890259, 1.0, 0
u,0.6363636255264282, 1.0, 0
u,0.5289255976676941, 1.0, 0
u,0.5454545617103577, 1.0, 0
u,0.6363636255264282, 1.0, 0
u,0.5371900796890259, 1.0, 0
u,0.5454545617103577, 1.0, 0
u,0.6280992031097412, 1.0, 0
u,0.6363636255264282, 1.0, 0
u,0.5537189841270447, 1.0, 0
u,0.6280992031097412, 1.0, 0
u,0.5454545617103577, 1.0, 0
u,0.5619834661483765, 1.0, 0
u,0.6280992031097412, 1.0, 0
u,0.5537189841270447, 1.0, 0
u,0.5619834661483765, 1.0, 0
u,0.6198347210884094, 1.0, 0
u,0.6280992031097412, 1.0, 0
u,0.5702479481697083, 1.0, 0
u,0.6198347210884094, 1.0, 0
u,0.5619834661483765, 1.0, 0
u,0.5785123705863953, 1.0, 0
u,0.6198347210884094, 1.0, 0
u,0.5702479481697083, 1.0, 0
u,0.5785123705863953, 1.0, 0
u,0.6115702390670776, 1.0, 0
u,0.6198347210884094, 1.0, 0
u,0.586776852607727, 1.0, 0
u,0.6115702390670776, 1.0, 0
u,0.5785123705863953, 1.0, 0
u,0.5950413346290588, 1.0, 0
u,0.6115702390670776, 1.0, 0
u,0.586776852607727, 1.0, 0
u,0.5950413346290588, 1.0, 0
u,0.6033057570457458, 1.0, 0
u,0.6115702390670776, 1.0, 0
