v,-2.681591171338482e-09, -0.011357382871210575, 0.0013075080933049321
v,-2.7369997379622646e-09, -0.012592468410730362, 0.0011191294761374593
v,-2.7213742370690852e-09, -0.012225390411913395, 0.0011946953600272536
v,-2.681591171338482e-09, -0.011357382871210575, 0.0013075080933049321
v,-2.7516198208843434e-09, -0.012955761514604092, 0.0010247199097648263
v,-2.7369997379622646e-09, -0.012592468410730362, 0.0011191294761374593
v,-2.681591171338482e-09, -0.011357382871210575, 0.0013075080933049321
v,-2.7652171663561376e-09, -0.013314876705408096, 0.0009115365101024508
v,-2.7516198208843434e-09, -0.012955761514604092, 0.0010247199097648263
v,-2.6399726849035687e-09, -0.010529551655054092, 0.0013296396937221289
v,-2.7652171663561376e-09, -0.013314876705408096, 0.0009115365101024508
v,-2.681591171338482e-09, -0.011357382871210575, 0.0013075080933049321
v,-2.6399726849035687e-09, -0.010529551655054092, 0.0013296396937221289
v,-2.7777748989876727e-09, -0.013669418171048164, 0.00077964982483536
v,-2.7652171663561376e-09, -0.013314876705408096, 0.0009115365101024508
v,-2.6399726849035687e-09, -0.010529551655054092, 0.0013296396937221289
v,-2.789275255210555e-09, -0.014018991962075233, 0.0006291315075941384
v,-2.7777748989876727e-09, -0.013669418171048164, 0.00077964982483536
v,-2.5968460715120045e-09, -0.009746287018060684, 0.0012634540908038616
v,-2.789275255210555e-09, -0.014018991962075233, 0.0006291315075941384
v,-2.6399726849035687e-09, -0.010529551655054092, 0.0013296396937221289
v,-2.5968460715120045e-09, -0.009746287018060684, 0.0012634540908038616
v,-2.7997015816794146e-09, -0.01436320599168539, 0.00046005117474123836
v,-2.789275255210555e-09, -0.014018991962075233, 0.0006291315075941384
v,-2.5968460715120045e-09, -0.009746287018060684, 0.0012634540908038616
v,-2.809036114825858e-09, -0.014701664447784424, 0.0002724794903770089
v,-2.7997015816794146e-09, -0.01436320599168539, 0.00046005117474123836
v,-2.552539069000659e-09, -0.009011978283524513, 0.0011113162618130445
v,-2.809036114825858e-09, -0.014701664447784424, 0.0002724794903770089
v,-2.5968460715120045e-09, -0.009746287018060684, 0.0012634540908038616
v,-2.552539069000659e-09, -0.009011978283524513, 0.0011113162618130445
v,-2.8172622013045157e-09, -0.015033974312245846, 6.648711860179901e-05
v,-2.809036114825858e-09, -0.014701664447784424, 0.0002724794903770089
v,-2.552539069000659e-09, -0.009011978283524513, 0.0011113162618130445
v,-2.8243620775469935e-09, -0.015359739772975445, -0.00015785411233082414
v,-2.8172622013045157e-09, -0.015033974312245846, 6.648711860179901e-05
v,-2.5073787490725863e-09, -0.008331014774739742, 0.0008755925227887928
v,-2.8243620775469935e-09, -0.015359739772975445, -0.00015785411233082414
v,-2.552539069000659e-09, -0.009011978283524513, 0.0011113162618130445
v,-2.5073787490725863e-09, -0.008331014774739742, 0.0008755925227887928
v,-2.8303186461187124e-09, -0.015678567811846733, -0.0004004748188890517
v,-2.8243620775469935e-09, -0.015359739772975445, -0.00015785411233082414
v,-2.5073787490725863e-09, -0.008331014774739742, 0.0008755925227887928
v,-2.835114809585093e-09, -0.015990063548088074, -0.0006613033474422991
v,-2.8303186461187124e-09, -0.015678567811846733, -0.0004004748188890517
v,-2.461692849564656e-09, -0.007707785815000534, 0.000558647676371038
v,-2.835114809585093e-09, -0.015990063548088074, -0.0006613033474422991
v,-2.5073787490725863e-09, -0.008331014774739742, 0.0008755925227887928
v,-2.461692849564656e-09, -0.007707785815000534, 0.000558647676371038
v,-2.8387334705115563e-09, -0.016293834894895554, -0.0009402700234204531
v,-2.835114809585093e-09, -0.015990063548088074, -0.0006613033474422991
v,-2.461692849564656e-09, -0.007707785815000534, 0.000558647676371038
v,-2.632658757661943e-09, -0.012910663150250912, -0.0016862702323123813
v,-2.8387334705115563e-09, -0.016293834894895554, -0.0009402700234204531
v,-2.632658757661943e-09, -0.012910663150250912, -0.0016862702323123813
v,-2.6432458444247686e-09, -0.013262740336358547, -0.0018610142869874835
v,-2.8387334705115563e-09, -0.016293834894895554, -0.0009402700234204531
v,-2.6432458444247686e-09, -0.013262740336358547, -0.0018610142869874835
v,-2.6525972529611863e-09, -0.013617279008030891, -0.0020674150437116623
v,-2.8387334705115563e-09, -0.016293834894895554, -0.0009402700234204531
v,-2.6525972529611863e-09, -0.013617279008030891, -0.0020674150437116623
v,-2.6605602165830078e-09, -0.013973081484436989, -0.002307597082108259
v,-2.8387334705115563e-09, -0.016293834894895554, -0.0009402700234204531
v,-2.6605602165830078e-09, -0.013973081484436989, -0.002307597082108259
v,-2.6669817465574397e-09, -0.014328954741358757, -0.0025836857967078686
v,-2.8387334705115563e-09, -0.016293834894895554, -0.0009402700234204531
v,-2.6669817465574397e-09, -0.014328954741358757, -0.0025836857967078686
v,-2.6717095202855035e-09, -0.014683703891932964, -0.0028978039044886827
v,-2.8387334705115563e-09, -0.016293834894895554, -0.0009402700234204531
v,-2.6717095202855035e-09, -0.014683703891932964, -0.0028978039044886827
v,-2.674590326989801e-09, -0.015036136843264103, -0.0032520778477191925
v,-2.8387334705115563e-09, -0.016293834894895554, -0.0009402700234204531
v,-2.674590326989801e-09, -0.015036136843264103, -0.0032520778477191925
v,-2.6754713999821433e-09, -0.015385057777166367, -0.0036486315075308084
v,-2.8387334705115563e-09, -0.016293834894895554, -0.0009402700234204531
v,-2.6754713999821433e-09, -0.015385057777166367, -0.0036486315075308084
v,-2.6741999725743426e-09, -0.01572927087545395, -0.004089587368071079
v,-2.8387334705115563e-09, -0.016293834894895554, -0.0009402700234204531
v,-2.415808886269133e-09, -0.007146680727601051, 0.0001628460013307631
v,-2.608389504388242e-09, -0.012218663468956947, -0.001423254725523293
v,-2.461692849564656e-09, -0.007707785815000534, 0.000558647676371038
v,-2.608389504388242e-09, -0.012218663468956947, -0.001423254725523293
v,-2.620989203450108e-09, -0.012562238611280918, -0.0015410585328936577
v,-2.461692849564656e-09, -0.007707785815000534, 0.000558647676371038
v,-2.620989203450108e-09, -0.012562238611280918, -0.0015410585328936577
v,-2.632658757661943e-09, -0.012910663150250912, -0.0016862702323123813
v,-2.461692849564656e-09, -0.007707785815000534, 0.000558647676371038
v,-2.370054152933676e-09, -0.0066520897671580315, -0.0003094456624239683
v,-2.5810118486901956e-09, -0.011550831608474255, -0.0012613721191883087
v,-2.415808886269133e-09, -0.007146680727601051, 0.0001628460013307631
v,-2.5810118486901956e-09, -0.011550831608474255, -0.0012613721191883087
v,-2.5950128712537435e-09, -0.011881129816174507, -0.001330733997747302
v,-2.415808886269133e-09, -0.007146680727601051, 0.0001628460013307631
v,-2.5950128712537435e-09, -0.011881129816174507, -0.001330733997747302
v,-2.608389504388242e-09, -0.012218663468956947, -0.001423254725523293
v,-2.415808886269133e-09, -0.007146680727601051, 0.0001628460013307631
v,-2.324756387395155e-09, -0.006228402256965637, -0.0008558631525374949
v,-2.560959666553231e-09, -0.011111607775092125, -0.0012024625902995467
v,-2.370054152933676e-09, -0.0066520897671580315, -0.0003094456624239683
v,-2.560959666553231e-09, -0.011111607775092125, -0.0012024625902995467
v,-2.5810118486901956e-09, -0.011550831608474255, -0.0012613721191883087
v,-2.370054152933676e-09, -0.0066520897671580315, -0.0003094456624239683
v,-2.324756387395155e-09, -0.006228402256965637, -0.0008558631525374949
v,-2.5400084258109246e-09, -0.010689646936953068, -0.0011850825976580381
v,-2.560959666553231e-09, -0.011111607775092125, -0.0012024625902995467
v,-2.324756387395155e-09, -0.006228402256965637, -0.0008558631525374949
v,-2.5183668483919064e-09, -0.010287928394973278, -0.0012079356238245964
v,-2.5400084258109246e-09, -0.010689646936953068, -0.0011850825976580381
v,-2.324756387395155e-09, -0.006228402256965637, -0.0008558631525374949
v,-2.4962443223586206e-09, -0.009909428656101227, -0.0012697261990979314
v,-2.5183668483919064e-09, -0.010287928394973278, -0.0012079356238245964
v,-2.324756387395155e-09, -0.006228402256965637, -0.0008558631525374949
v,-2.473849125550487e-09, -0.009557126089930534, -0.0013691580388695002
v,-2.4962443223586206e-09, -0.009909428656101227, -0.0012697261990979314
v,-2.324756387395155e-09, -0.006228402256965637, -0.0008558631525374949
v,-2.4513906460299495e-09, -0.009233997203409672, -0.0015049341600388288
v,-2.473849125550487e-09, -0.009557126089930534, -0.0013691580388695002
v,-2.280243105445834e-09, -0.005880007985979319, -0.0014740405604243279
v,-2.4513906460299495e-09, -0.009233997203409672, -0.0015049341600388288
v,-2.324756387395155e-09, -0.006228402256965637, -0.0008558631525374949
v,-2.280243105445834e-09, -0.005880007985979319, -0.0014740405604243279
v,-2.429077605725638e-09, -0.008943022228777409, -0.0016757576959207654
v,-2.4513906460299495e-09, -0.009233997203409672, -0.0015049341600388288
v,-2.280243105445834e-09, -0.005880007985979319, -0.0014740405604243279
v,-2.407118948610787e-09, -0.008687176741659641, -0.0018803330603986979
v,-2.429077605725638e-09, -0.008943022228777409, -0.0016757576959207654
v,-2.280243105445834e-09, -0.005880007985979319, -0.0014740405604243279
v,-2.3857236186586306e-09, -0.00846943911164999, -0.0021173625718802214
v,-2.407118948610787e-09, -0.008687176741659641, -0.0018803330603986979
v,-2.2368416008333725e-09, -0.005611295346170664, -0.002161613665521145
v,-2.3857236186586306e-09, -0.00846943911164999, -0.0021173625718802214
v,-2.280243105445834e-09, -0.005880007985979319, -0.0014740405604243279
v,-2.2368416008333725e-09, -0.005611295346170664, -0.002161613665521145
v,-2.3651005598424035e-09, -0.0082927867770195, -0.0023855515755712986
v,-2.3857236186586306e-09, -0.00846943911164999, -0.0021173625718802214
v,-2.2368416008333725e-09, -0.005611295346170664, -0.002161613665521145
v,-2.3454584940907353e-09, -0.008160198107361794, -0.0026836020406335592
v,-2.3651005598424035e-09, -0.0082927867770195, -0.0023855515755712986
v,-2.194879389350035e-09, -0.005426657386124134, -0.0029162163846194744
v,-2.3454584940907353e-09, -0.008160198107361794, -0.0026836020406335592
v,-2.2368416008333725e-09, -0.005611295346170664, -0.002161613665521145
v,-2.194879389350035e-09, -0.005426657386124134, -0.0029162163846194744
v,-2.3270063653768602e-09, -0.008074650540947914, -0.003010218031704426
v,-2.3454584940907353e-09, -0.008160198107361794, -0.0026836020406335592
v,-2.194879389350035e-09, -0.005426657386124134, -0.0029162163846194744
v,-2.289465728111395e-09, -0.00808582454919815, -0.003896095557138324
v,-2.3270063653768602e-09, -0.008074650540947914, -0.003010218031704426
v,-2.137807930679969e-09, -0.005370810627937317, -0.004175924230366945
v,-2.289465728111395e-09, -0.00808582454919815, -0.003896095557138324
v,-2.194879389350035e-09, -0.005426657386124134, -0.0029162163846194744
v,-2.137807930679969e-09, -0.005370810627937317, -0.004175924230366945
v,-2.2710304747874943e-09, -0.00840958021581173, -0.004711518995463848
v,-2.289465728111395e-09, -0.00808582454919815, -0.003896095557138324
v,-2.137807930679969e-09, -0.005370810627937317, -0.004175924230366945
v,-2.2673491972824422e-09, -0.008981583639979362, -0.00548074534162879
v,-2.2710304747874943e-09, -0.00840958021581173, -0.004711518995463848
v,-2.1024775254119277e-09, -0.005636594258248806, -0.005314738489687443
v,-2.2673491972824422e-09, -0.008981583639979362, -0.00548074534162879
v,-2.137807930679969e-09, -0.005370810627937317, -0.004175924230366945
v,-2.1024775254119277e-09, -0.005636594258248806, -0.005314738489687443
v,-2.2740689331612884e-09, -0.00973749440163374, -0.0062280320562422276
v,-2.2673491972824422e-09, -0.008981583639979362, -0.00548074534162879
v,-2.084824313186573e-09, -0.006160656921565533, -0.00635139923542738
v,-2.2740689331612884e-09, -0.00973749440163374, -0.0062280320562422276
v,-2.1024775254119277e-09, -0.005636594258248806, -0.005314738489687443
v,-2.084824313186573e-09, -0.006160656921565533, -0.00635139923542738
v,-2.2868376081675024e-09, -0.01061297208070755, -0.0069776372984051704
v,-2.2740689331612884e-09, -0.00973749440163374, -0.0062280320562422276
v,-2.084824313186573e-09, -0.006160656921565533, -0.00635139923542738
v,-2.3013029259999485e-09, -0.011543678119778633, -0.007753818761557341
v,-2.2868376081675024e-09, -0.01061297208070755, -0.0069776372984051704
v,-2.080783989555357e-09, -0.006879646331071854, -0.007304647471755743
v,-2.3013029259999485e-09, -0.011543678119778633, -0.007753818761557341
v,-2.084824313186573e-09, -0.006160656921565533, -0.00635139923542738
v,-2.080783989555357e-09, -0.006879646331071854, -0.007304647471755743
v,-2.313112590357491e-09, -0.012465271167457104, -0.008580833673477173
v,-2.3013029259999485e-09, -0.011543678119778633, -0.007753818761557341
v,-2.0862922500697323e-09, -0.007730212528258562, -0.008193224668502808
v,-2.313112590357491e-09, -0.012465271167457104, -0.008580833673477173
v,-2.080783989555357e-09, -0.006879646331071854, -0.007304647471755743
v,-2.0862922500697323e-09, -0.007730212528258562, -0.008193224668502808
v,-2.31791408289439e-09, -0.013313410803675652, -0.00948293972760439
v,-2.313112590357491e-09, -0.012465271167457104, -0.008580833673477173
v,-2.0972852343703607e-09, -0.008649005554616451, -0.009035870432853699
v,-2.31791408289439e-09, -0.013313410803675652, -0.00948293972760439
v,-2.0862922500697323e-09, -0.007730212528258562, -0.008193224668502808
v,-2.0972852343703607e-09, -0.008649005554616451, -0.009035870432853699
v,-2.3113551073095095e-09, -0.014023758471012115, -0.010484394617378712
v,-2.31791408289439e-09, -0.013313410803675652, -0.00948293972760439
v,-2.1096988600532995e-09, -0.009572671726346016, -0.009851327165961266
v,-2.3113551073095095e-09, -0.014023758471012115, -0.010484394617378712
v,-2.0972852343703607e-09, -0.008649005554616451, -0.009035870432853699
v,-2.1096988600532995e-09, -0.009572671726346016, -0.009851327165961266
v,-2.289083589346319e-09, -0.01453197468072176, -0.011609455570578575
v,-2.3113551073095095e-09, -0.014023758471012115, -0.010484394617378712
v,-2.119468822670001e-09, -0.010437862016260624, -0.010658334009349346
v,-2.289083589346319e-09, -0.01453197468072176, -0.011609455570578575
v,-2.1096988600532995e-09, -0.009572671726346016, -0.009851327165961266
v,-2.122531039816522e-09, -0.011181224137544632, -0.011475632898509502
v,-2.289083589346319e-09, -0.01453197468072176, -0.011609455570578575
v,-2.119468822670001e-09, -0.010437862016260624, -0.010658334009349346
v,-2.122531039816522e-09, -0.011181224137544632, -0.011475632898509502
v,-2.246746788614473e-09, -0.014773717150092125, -0.012882381677627563
v,-2.289083589346319e-09, -0.01453197468072176, -0.011609455570578575
v,-2.11482142908892e-09, -0.011739406734704971, -0.012321963906288147
v,-2.246746788614473e-09, -0.014773717150092125, -0.012882381677627563
v,-2.122531039816522e-09, -0.011181224137544632, -0.011475632898509502
v,-2.092275908083252e-09, -0.012049059383571148, -0.013216068036854267
v,-2.246746788614473e-09, -0.014773717150092125, -0.012882381677627563
v,-2.11482142908892e-09, -0.011739406734704971, -0.012321963906288147
v,-2.092275908083252e-09, -0.012049059383571148, -0.013216068036854267
v,-2.1799924088128364e-09, -0.014684646390378475, -0.014327429234981537
v,-2.246746788614473e-09, -0.014773717150092125, -0.012882381677627563
v,-2.0508301723509703e-09, -0.012046827003359795, -0.014176682569086552
v,-2.1799924088128364e-09, -0.014684646390378475, -0.014327429234981537
v,-2.092275908083252e-09, -0.012049059383571148, -0.013216068036854267
v,-1.5254014718024678e-09, -0.0032259421423077583, -0.015845926478505135
v,-1.7022204756855785e-09, -0.00414052652195096, -0.012829413637518883
v,-1.709204555666588e-09, -0.0038566263392567635, -0.0123277697712183
v,-2.0508301723509703e-09, -0.012046827003359795, -0.014176682569086552
v,-2.139223465036366e-09, -0.014504787512123585, -0.015060010366141796
v,-2.1799924088128364e-09, -0.014684646390378475, -0.014327429234981537
v,-2.035580815018534e-09, -0.011976832523941994, -0.014447450637817383
v,-2.139223465036366e-09, -0.014504787512123585, -0.015060010366141796
v,-2.0508301723509703e-09, -0.012046827003359795, -0.014176682569086552
v,-1.5254014718024678e-09, -0.0032259421423077583, -0.015845926478505135
v,-1.6976914318789227e-09, -0.0044451612047851086, -0.013298778794705868
v,-1.7022204756855785e-09, -0.00414052652195096, -0.012829413637518883
v,-2.0181778470629297e-09, -0.011863775551319122, -0.014716804027557373
v,-2.139223465036366e-09, -0.014504787512123585, -0.015060010366141796
v,-2.035580815018534e-09, -0.011976832523941994, -0.014447450637817383
v,-2.0181778470629297e-09, -0.011863775551319122, -0.014716804027557373
v,-2.0965360558733437e-09, -0.014241302385926247, -0.01573723368346691
v,-2.139223465036366e-09, -0.014504787512123585, -0.015060010366141796
v,-1.5254014718024678e-09, -0.0032259421423077583, -0.015845926478505135
v,-1.6956094306408431e-09, -0.004769748076796532, -0.013735116459429264
v,-1.6976914318789227e-09, -0.0044451612047851086, -0.013298778794705868
v,-1.9988939392590055e-09, -0.011708090081810951, -0.014978921972215176
v,-2.0965360558733437e-09, -0.014241302385926247, -0.01573723368346691
v,-2.0181778470629297e-09, -0.011863775551319122, -0.014716804027557373
v,-1.5254014718024678e-09, -0.0032259421423077583, -0.015845926478505135
v,-1.6959667004101675e-09, -0.005113508086651564, -0.014137675985693932
v,-1.6956094306408431e-09, -0.004769748076796532, -0.013735116459429264
v,-1.9780019844262142e-09, -0.011510209180414677, -0.015227985568344593
v,-2.0965360558733437e-09, -0.014241302385926247, -0.01573723368346691
v,-1.9988939392590055e-09, -0.011708090081810951, -0.014978921972215176
v,-1.955774653339404e-09, -0.011270565912127495, -0.015458173118531704
v,-2.0965360558733437e-09, -0.014241302385926247, -0.01573723368346691
v,-1.9780019844262142e-09, -0.011510209180414677, -0.015227985568344593
v,-1.955774653339404e-09, -0.011270565912127495, -0.015458173118531704
v,-2.052406467001333e-09, -0.013900184072554111, -0.01635519042611122
v,-2.0965360558733437e-09, -0.014241302385926247, -0.01573723368346691
v,-1.5254014718024678e-09, -0.0032259421423077583, -0.015845926478505135
v,-1.698755358603421e-09, -0.0054756589233875275, -0.01450570672750473
v,-1.6959667004101675e-09, -0.005113508086651564, -0.014137675985693932
v,-1.9324841726842124e-09, -0.010989593341946602, -0.015663666650652885
v,-2.052406467001333e-09, -0.013900184072554111, -0.01635519042611122
v,-1.955774653339404e-09, -0.011270565912127495, -0.015458173118531704
v,-1.5254014718024678e-09, -0.0032259421423077583, -0.015845926478505135
v,-1.7039675226371287e-09, -0.005855420138686895, -0.014838458970189095
v,-1.698755358603421e-09, -0.0054756589233875275, -0.01450570672750473
v,-1.9084038793693026e-09, -0.010667725466191769, -0.01583864539861679
v,-2.052406467001333e-09, -0.013900184072554111, -0.01635519042611122
v,-1.9324841726842124e-09, -0.010989593341946602, -0.015663666650652885
v,-1.5254014718024678e-09, -0.0032259421423077583, -0.015845926478505135
v,-1.7115953099278158e-09, -0.006252011749893427, -0.015135184861719608
v,-1.7039675226371287e-09, -0.005855420138686895, -0.014838458970189095
v,-1.9084038793693026e-09, -0.010667725466191769, -0.01583864539861679
v,-2.007310317964084e-09, -0.013487419113516808, -0.016909971833229065
v,-2.052406467001333e-09, -0.013900184072554111, -0.01635519042611122
v,-1.8838057780357076e-09, -0.010305392555892467, -0.015977289527654648
v,-2.007310317964084e-09, -0.013487419113516808, -0.016909971833229065
v,-1.9084038793693026e-09, -0.010667725466191769, -0.01583864539861679
v,-1.5254014718024678e-09, -0.0032259421423077583, -0.015845926478505135
v,-1.721630726869705e-09, -0.00666465237736702, -0.015395130030810833
v,-1.7115953099278158e-09, -0.006252011749893427, -0.015135184861719608
v,-1.8589629835474852e-09, -0.009903030470013618, -0.01607378013432026
v,-2.007310317964084e-09, -0.013487419113516808, -0.016909971833229065
v,-1.8838057780357076e-09, -0.010305392555892467, -0.015977289527654648
v,-1.5254014718024678e-09, -0.0032259421423077583, -0.015845926478505135
v,-1.7340661129239265e-09, -0.0070925625041127205, -0.015617547556757927
v,-1.721630726869705e-09, -0.00666465237736702, -0.015395130030810833
v,-1.8341481666794834e-09, -0.009461072273552418, -0.016122298315167427
v,-2.007310317964084e-09, -0.013487419113516808, -0.016909971833229065
v,-1.8589629835474852e-09, -0.009903030470013618, -0.01607378013432026
v,-1.5254014718024678e-09, -0.0032259421423077583, -0.015845926478505135
v,-1.7488935855070054e-09, -0.007534961216151714, -0.01580168679356575
v,-1.7340661129239265e-09, -0.0070925625041127205, -0.015617547556757927
v,-1.8096337761619452e-09, -0.008979951031506062, -0.016117021441459656
v,-2.007310317964084e-09, -0.013487419113516808, -0.016909971833229065
v,-1.8341481666794834e-09, -0.009461072273552418, -0.016122298315167427
v,-1.5254014718024678e-09, -0.0032259421423077583, -0.015845926478505135
v,-1.7661049289685593e-09, -0.00799106527119875, -0.015946798026561737
v,-1.7488935855070054e-09, -0.007534961216151714, -0.01580168679356575
v,-1.8096337761619452e-09, -0.008979951031506062, -0.016117021441459656
v,-1.96172433852837e-09, -0.013008995912969112, -0.017397668212652206
v,-2.007310317964084e-09, -0.013487419113516808, -0.016909971833229065
v,-1.785692593792021e-09, -0.008460097014904022, -0.016052130609750748
v,-1.96172433852837e-09, -0.013008995912969112, -0.017397668212652206
v,-1.8096337761619452e-09, -0.008979951031506062, -0.016117021441459656
v,-1.5254014718024678e-09, -0.0032259421423077583, -0.015845926478505135
v,-1.785692593792021e-09, -0.008460097014904022, -0.016052130609750748
v,-1.7661049289685593e-09, -0.00799106527119875, -0.015946798026561737
v,-1.5254014718024678e-09, -0.0032259421423077583, -0.015845926478505135
v,-1.96172433852837e-09, -0.013008995912969112, -0.017397668212652206
v,-1.785692593792021e-09, -0.008460097014904022, -0.016052130609750748
v,-1.5254014718024678e-09, -0.0032259421423077583, -0.015845926478505135
v,-1.916124370282546e-09, -0.012470902875065804, -0.01781437173485756
v,-1.96172433852837e-09, -0.013008995912969112, -0.017397668212652206
v,-1.5279326692763107e-09, -0.0035799522884190083, -0.01621021144092083
v,-1.916124370282546e-09, -0.012470902875065804, -0.01781437173485756
v,-1.5254014718024678e-09, -0.0032259421423077583, -0.015845926478505135
v,-1.5320714696898108e-09, -0.003943413961678743, -0.016548430547118187
v,-1.916124370282546e-09, -0.012470902875065804, -0.01781437173485756
v,-1.5279326692763107e-09, -0.0035799522884190083, -0.01621021144092083
v,-1.5320714696898108e-09, -0.003943413961678743, -0.016548430547118187
v,-1.8709866989041757e-09, -0.011879127472639084, -0.018156172707676888
v,-1.916124370282546e-09, -0.012470902875065804, -0.01781437173485756
v,-1.5378496254214724e-09, -0.004317358136177063, -0.016861073672771454
v,-1.8709866989041757e-09, -0.011879127472639084, -0.018156172707676888
v,-1.5320714696898108e-09, -0.003943413961678743, -0.016548430547118187
v,-1.5378496254214724e-09, -0.004317358136177063, -0.016861073672771454
v,-1.8267870549593113e-09, -0.011239659041166306, -0.018419163301587105
v,-1.8709866989041757e-09, -0.011879127472639084, -0.018156172707676888
v,-1.5452991108944047e-09, -0.004702814854681492, -0.017148632556200027
v,-1.8267870549593113e-09, -0.011239659041166306, -0.018419163301587105
v,-1.5378496254214724e-09, -0.004317358136177063, -0.016861073672771454
v,-1.5544517895094145e-09, -0.005100815091282129, -0.017411597073078156
v,-1.8267870549593113e-09, -0.011239659041166306, -0.018419163301587105
v,-1.5452991108944047e-09, -0.004702814854681492, -0.017148632556200027
v,-1.5544517895094145e-09, -0.005100815091282129, -0.017411597073078156
v,-1.7840018351478193e-09, -0.010558485053479671, -0.018599433824419975
v,-1.8267870549593113e-09, -0.011239659041166306, -0.018419163301587105
v,-1.5653397467119134e-09, -0.005512389354407787, -0.017650457099080086
v,-1.7840018351478193e-09, -0.010558485053479671, -0.018599433824419975
v,-1.5544517895094145e-09, -0.005100815091282129, -0.017411597073078156
v,-1.5779947348804058e-09, -0.005938569083809853, -0.017865700647234917
v,-1.7840018351478193e-09, -0.010558485053479671, -0.018599433824419975
v,-1.5653397467119134e-09, -0.005512389354407787, -0.017650457099080086
v,-1.5779947348804058e-09, -0.005938569083809853, -0.017865700647234917
v,-1.743107103102659e-09, -0.009841592982411385, -0.018693074584007263
v,-1.7840018351478193e-09, -0.010558485053479671, -0.018599433824419975
v,-1.5924488394603031e-09, -0.00638038432225585, -0.018057819455862045
v,-1.743107103102659e-09, -0.009841592982411385, -0.018693074584007263
v,-1.5779947348804058e-09, -0.005938569083809853, -0.017865700647234917
v,-1.6087338128301099e-09, -0.006838865578174591, -0.01822730340063572
v,-1.743107103102659e-09, -0.009841592982411385, -0.018693074584007263
v,-1.5924488394603031e-09, -0.00638038432225585, -0.018057819455862045
v,-1.6087338128301099e-09, -0.006838865578174591, -0.01822730340063572
v,-1.7045791445013947e-09, -0.009094972163438797, -0.018696177750825882
v,-1.743107103102659e-09, -0.009841592982411385, -0.018693074584007263
v,-1.6268817404352376e-09, -0.007315043825656176, -0.018374640494585037
v,-1.7045791445013947e-09, -0.009094972163438797, -0.018696177750825882
v,-1.6087338128301099e-09, -0.006838865578174591, -0.01822730340063572
v,-1.646924485676493e-09, -0.007809948641806841, -0.018500320613384247
v,-1.7045791445013947e-09, -0.009094972163438797, -0.018696177750825882
v,-1.6268817404352376e-09, -0.007315043825656176, -0.018374640494585037
v,-1.646924485676493e-09, -0.007809948641806841, -0.018500320613384247
v,-1.668893911954683e-09, -0.008324611000716686, -0.018604835495352745
v,-1.7045791445013947e-09, -0.009094972163438797, -0.018696177750825882
n,-34.69269561767578, 1.7840503687693854e-06, -1.4926713447493967e-06
n,-34.69269561767578, 1.7840503687693854e-06, -1.4926713447493967e-06
n,-34.69269561767578, 1.7840503687693854e-06, -1.4926713447493967e-06
n,-34.69269561767578, 1.7840503687693854e-06, -1.4926713447493967e-06
n,-34.69269561767578, 1.7840503687693854e-06, -1.4926713447493967e-06
n,-34.69269561767578, 1.7840503687693854e-06, -1.4926713447493967e-06
n,-34.69269561767578, 1.7840503687693854e-06, -1.4926713447493967e-06
n,-34.69269561767578, 1.7840503687693854e-06, -1.4926713447493967e-06
n,-34.69269561767578, 1.7840503687693854e-06, -1.4926713447493967e-06
n,-34.69269561767578, 1.7840503687693854e-06, -1.4926713447493967e-06
n,-34.69269561767578, 1.7840503687693854e-06, -1.4926713447493967e-06
n,-34.69269561767578, 1.7840503687693854e-06, -1.4926713447493967e-06
n,-34.69269561767578, 1.7840503687693854e-06, -1.4926713447493967e-06
n,-34.69269561767578, 1.7840503687693854e-06, -1.4926713447493967e-06
n,-34.69269561767578, 1.7840503687693854e-06, -1.4926713447493967e-06
n,-34.69269561767578, 1.7840503687693854e-06, -1.4926713447493967e-06
n,-34.69269561767578, 1.7840503687693854e-06, -1.4926713447493967e-06
n,-34.69269561767578, 1.7840503687693854e-06, -1.4926713447493967e-06
n,-34.69269561767578, 1.7840503687693854e-06, -1.4926713447493967e-06
n,-34.69269561767578, 1.7840503687693854e-06, -1.4926713447493967e-06
n,-34.69269561767578, 1.7840503687693854e-06, -1.4926713447493967e-06
n,-34.69269561767578, 1.7840503687693854e-06, -1.4926713447493967e-06
n,-34.69269561767578, 1.7840503687693854e-06, -1.4926713447493967e-06
n,-34.69269561767578, 1.7840503687693854e-06, -1.4926713447493967e-06
n,-34.69269561767578, 1.7840503687693854e-06, -1.4926713447493967e-06
n,-34.69269561767578, 1.7840503687693854e-06, -1.4926713447493967e-06
n,-34.69269561767578, 1.7840503687693854e-06, -1.4926713447493967e-06
n,-34.69269561767578, 1.7840503687693854e-06, -1.4926713447493967e-06
n,-34.69269561767578, 1.7840503687693854e-06, -1.4926713447493967e-06
n,-34.69269561767578, 1.7840503687693854e-06, -1.4926713447493967e-06
n,-34.69269561767578, 1.7840503687693854e-06, -1.4926713447493967e-06
n,-34.69269561767578, 1.7840503687693854e-06, -1.4926713447493967e-06
n,-34.69269561767578, 1.7840503687693854e-06, -1.4926713447493967e-06
n,-34.69269561767578, 1.7840503687693854e-06, -1.4926713447493967e-06
n,-34.69269561767578, 1.7840503687693854e-06, -1.4926713447493967e-06
n,-34.69269561767578, 1.7840503687693854e-06, -1.4926713447493967e-06
n,-34.69269561767578, 1.7840503687693854e-06, -1.4926713447493967e-06
n,-34.69269561767578, 1.7840503687693854e-06, -1.4926713447493967e-06
n,-34.69269561767578, 1.7840503687693854e-06, -1.4926713447493967e-06
n,-34.69269561767578, 1.7840503687693854e-06, -1.4926713447493967e-06
n,-34.69269561767578, 1.7840503687693854e-06, -1.4926713447493967e-06
n,-34.69269561767578, 1.7840503687693854e-06, -1.4926713447493967e-06
n,-34.69269561767578, 1.7840503687693854e-06, -1.4926713447493967e-06
n,-34.69269561767578, 1.7840503687693854e-06, -1.4926713447493967e-06
n,-34.69269561767578, 1.7840503687693854e-06, -1.4926713447493967e-06
n,-34.69269561767578, 1.7840503687693854e-06, -1.4926713447493967e-06
n,-34.69269561767578, 1.7840503687693854e-06, -1.4926713447493967e-06
n,-34.69269561767578, 1.7840503687693854e-06, -1.4926713447493967e-06
n,-34.69269561767578, 1.7840503687693854e-06, -1.4926713447493967e-06
n,-34.69269561767578, 1.7840503687693854e-06, -1.4926713447493967e-06
n,-34.69269561767578, 1.7840503687693854e-06, -1.4926713447493967e-06
n,-34.69269561767578, 1.7840503687693854e-06, -1.4926713447493967e-06
n,-34.69269561767578, 1.7840503687693854e-06, -1.4926713447493967e-06
n,-34.69269561767578, 1.7840503687693854e-06, -1.4926713447493967e-06
n,-34.69269561767578, 1.7840503687693854e-06, -1.4926713447493967e-06
n,-34.69269561767578, 1.7840503687693854e-06, -1.4926713447493967e-06
n,-34.69269561767578, 1.7840503687693854e-06, -1.4926713447493967e-06
n,-34.69269561767578, 1.7840503687693854e-06, -1.4926713447493967e-06
n,-34.69269561767578, 1.7840503687693854e-06, -1.4926713447493967e-06
n,-34.69269561767578, 1.7840503687693854e-06, -1.4926713447493967e-06
n,-34.69269561767578, 1.7840503687693854e-06, -1.4926713447493967e-06
n,-34.69269561767578, 1.7840503687693854e-06, -1.4926713447493967e-06
n,-34.69269561767578, 1.7840503687693854e-06, -1.4926713447493967e-06
n,-34.69269561767578, 1.7840503687693854e-06, -1.4926713447493967e-06
n,-34.69269561767578, 1.7840503687693854e-06, -1.4926713447493967e-06
n,-34.69269561767578, 1.7840503687693854e-06, -1.4926713447493967e-06
n,-34.69269561767578, 1.7840503687693854e-06, -1.4926713447493967e-06
n,-34.69269561767578, 1.7840503687693854e-06, -1.4926713447493967e-06
n,-34.69269561767578, 1.7840503687693854e-06, -1.4926713447493967e-06
n,-34.69269561767578, 1.7840503687693854e-06, -1.4926713447493967e-06
n,-34.69269561767578, 1.7840503687693854e-06, -1.4926713447493967e-06
n,-34.69269561767578, 1.7840503687693854e-06, -1.4926713447493967e-06
n,-34.69269561767578, 1.7840503687693854e-06, -1.4926713447493967e-06
n,-34.69269561767578, 1.7840503687693854e-06, -1.4926713447493967e-06
n,-34.69269561767578, 1.7840503687693854e-06, -1.4926713447493967e-06
n,-34.69269561767578, 1.7840503687693854e-06, -1.4926713447493967e-06
n,-34.69269561767578, 1.7840503687693854e-06, -1.4926713447493967e-06
n,-34.69269561767578, 1.7840503687693854e-06, -1.4926713447493967e-06
n,-34.69269561767578, 1.7840503687693854e-06, -1.4926713447493967e-06
n,-34.69269561767578, 1.7840503687693854e-06, -1.4926713447493967e-06
n,-34.69269561767578, 1.7840503687693854e-06, -1.4926713447493967e-06
n,-34.69269561767578, 1.7840503687693854e-06, -1.4926713447493967e-06
n,-34.69269561767578, 1.7840503687693854e-06, -1.4926713447493967e-06
n,-34.69269561767578, 1.7840503687693854e-06, -1.4926713447493967e-06
n,-34.69269561767578, 1.7840503687693854e-06, -1.4926713447493967e-06
n,-34.69269561767578, 1.7840503687693854e-06, -1.4926713447493967e-06
n,-34.69269561767578, 1.7840503687693854e-06, -1.4926713447493967e-06
n,-34.69269561767578, 1.7840503687693854e-06, -1.4926713447493967e-06
n,-34.69269561767578, 1.7840503687693854e-06, -1.4926713447493967e-06
n,-34.69269561767578, 1.7840503687693854e-06, -1.4926713447493967e-06
n,-34.69269561767578, 1.7840503687693854e-06, -1.4926713447493967e-06
n,-34.69269561767578, 1.7840503687693854e-06, -1.4926713447493967e-06
n,-34.69269561767578, 1.7840503687693854e-06, -1.4926713447493967e-06
n,-34.69269561767578, 1.7840503687693854e-06, -1.4926713447493967e-06
n,-34.69269561767578, 1.7840503687693854e-06, -1.4926713447493967e-06
n,-34.69269561767578, 1.7840503687693854e-06, -1.4926713447493967e-06
n,-34.69269561767578, 1.7840503687693854e-06, -1.4926713447493967e-06
n,-34.69269561767578, 1.7840503687693854e-06, -1.4926713447493967e-06
n,-34.69269561767578, 1.7840503687693854e-06, -1.4926713447493967e-06
n,-34.69269561767578, 1.7840503687693854e-06, -1.4926713447493967e-06
n,-34.69269561767578, 1.7840503687693854e-06, -1.4926713447493967e-06
n,-34.69269561767578, 1.7840503687693854e-06, -1.4926713447493967e-06
n,-34.69269561767578, 1.7840503687693854e-06, -1.4926713447493967e-06
n,-34.69269561767578, 1.7840503687693854e-06, -1.4926713447493967e-06
n,-34.69269561767578, 1.7840503687693854e-06, -1.4926713447493967e-06
n,-34.69269561767578, 1.7840503687693854e-06, -1.4926713447493967e-06
n,-34.69269561767578, 1.7840503687693854e-06, -1.4926713447493967e-06
n,-34.69269561767578, 1.7840503687693854e-06, -1.4926713447493967e-06
n,-34.69269561767578, 1.7840503687693854e-06, -1.4926713447493967e-06
n,-34.69269561767578, 1.7840503687693854e-06, -1.4926713447493967e-06
n,-34.69269561767578, 1.7840503687693854e-06, -1.4926713447493967e-06
n,-34.69269561767578, 1.7840503687693854e-06, -1.4926713447493967e-06
n,-34.69269561767578, 1.7840503687693854e-06, -1.4926713447493967e-06
n,-34.69269561767578, 1.7840503687693854e-06, -1.4926713447493967e-06
n,-34.69269561767578, 1.7840503687693854e-06, -1.4926713447493967e-06
n,-34.69269561767578, 1.7840503687693854e-06, -1.4926713447493967e-06
n,-34.69269561767578, 1.7840503687693854e-06, -1.4926713447493967e-06
n,-34.69269561767578, 1.7840503687693854e-06, -1.4926713447493967e-06
n,-34.69269561767578, 1.7840503687693854e-06, -1.4926713447493967e-06
n,-34.69269561767578, 1.7840503687693854e-06, -1.4926713447493967e-06
u,0.10743801295757294, 1.0, 0
u,0.09090909361839294, 1.0, 0
u,0.09917355328798294, 1.0, 0
u,0.10743801295757294, 1.0, 0
u,0.08264462649822235, 1.0, 0
u,0.09090909361839294, 1.0, 0
u,0.10743801295757294, 1.0, 0
u,0.07438016682863235, 1.0, 0
u,0.08264462649822235, 1.0, 0
u,0.11570248007774353, 1.0, 0
u,0.07438016682863235, 1.0, 0
u,0.10743801295757294, 1.0, 0
u,0.11570248007774353, 1.0, 0
u,0.06611569970846176, 1.0, 0
u,0.07438016682863235, 1.0, 0
u,0.11570248007774353, 1.0, 0
u,0.057851240038871765, 1.0, 0
u,0.06611569970846176, 1.0, 0
u,0.12396693974733353, 1.0, 0
u,0.057851240038871765, 1.0, 0
u,0.11570248007774353, 1.0, 0
u,0.12396693974733353, 1.0, 0
u,0.04958677664399147, 1.0, 0
u,0.057851240038871765, 1.0, 0
u,0.12396693974733353, 1.0, 0
u,0.041322313249111176, 1.0, 0
u,0.04958677664399147, 1.0, 0
u,0.13223139941692352, 1.0, 0
u,0.041322313249111176, 1.0, 0
u,0.12396693974733353, 1.0, 0
u,0.13223139941692352, 1.0, 0
u,0.03305784985423088, 1.0, 0
u,0.041322313249111176, 1.0, 0
u,0.13223139941692352, 1.0, 0
u,0.024793388321995735, 1.0, 0
u,0.03305784985423088, 1.0, 0
u,0.14049586653709412, 1.0, 0
u,0.024793388321995735, 1.0, 0
u,0.13223139941692352, 1.0, 0
u,0.14049586653709412, 1.0, 0
u,0.01652892492711544, 1.0, 0
u,0.024793388321995735, 1.0, 0
u,0.14049586653709412, 1.0, 0
u,0.00826446246355772, 1.0, 0
u,0.01652892492711544, 1.0, 0
u,0.1487603336572647, 1.0, 0
u,0.00826446246355772, 1.0, 0
u,0.14049586653709412, 1.0, 0
u,0.1487603336572647, 1.0, 0
u,0.0, 1.0, 0
u,0.00826446246355772, 1.0, 0
u,0.1487603336572647, 1.0, 0
u,0.93388432264328, 1.0, 0
u,0.0, 1.0, 0
u,0.93388432264328, 1.0, 0
u,0.942148745059967, 1.0, 0
u,0.0, 1.0, 0
u,0.942148745059967, 1.0, 0
u,0.9504132270812988, 1.0, 0
u,0.0, 1.0, 0
u,0.9504132270812988, 1.0, 0
u,0.9586777091026306, 1.0, 0
u,0.0, 1.0, 0
u,0.9586777091026306, 1.0, 0
u,0.9669421315193176, 1.0, 0
u,0.0, 1.0, 0
u,0.9669421315193176, 1.0, 0
u,0.9752066135406494, 1.0, 0
u,0.0, 1.0, 0
u,0.9752066135406494, 1.0, 0
u,0.9834710955619812, 1.0, 0
u,0.0, 1.0, 0
u,0.9834710955619812, 1.0, 0
u,0.9917355179786682, 1.0, 0
u,0.0, 1.0, 0
u,0.9917355179786682, 1.0, 0
u,1.0, 1.0, 0
u,0.0, 1.0, 0
u,0.1570248007774353, 1.0, 0
u,0.9173553586006165, 1.0, 0
u,0.1487603336572647, 1.0, 0
u,0.9173553586006165, 1.0, 0
u,0.9256198406219482, 1.0, 0
u,0.1487603336572647, 1.0, 0
u,0.9256198406219482, 1.0, 0
u,0.93388432264328, 1.0, 0
u,0.1487603336572647, 1.0, 0
u,0.1652892529964447, 1.0, 0
u,0.9008264541625977, 1.0, 0
u,0.1570248007774353, 1.0, 0
u,0.9008264541625977, 1.0, 0
u,0.9090909361839294, 1.0, 0
u,0.1570248007774353, 1.0, 0
u,0.9090909361839294, 1.0, 0
u,0.9173553586006165, 1.0, 0
u,0.1570248007774353, 1.0, 0
u,0.1735537201166153, 1.0, 0
u,0.8925619721412659, 1.0, 0
u,0.1652892529964447, 1.0, 0
u,0.8925619721412659, 1.0, 0
u,0.9008264541625977, 1.0, 0
u,0.1652892529964447, 1.0, 0
u,0.1735537201166153, 1.0, 0
u,0.8842975497245789, 1.0, 0
u,0.8925619721412659, 1.0, 0
u,0.1735537201166153, 1.0, 0
u,0.8760330677032471, 1.0, 0
u,0.8842975497245789, 1.0, 0
u,0.1735537201166153, 1.0, 0
u,0.8677685856819153, 1.0, 0
u,0.8760330677032471, 1.0, 0
u,0.1735537201166153, 1.0, 0
u,0.8595041036605835, 1.0, 0
u,0.8677685856819153, 1.0, 0
u,0.1735537201166153, 1.0, 0
u,0.8512396812438965, 1.0, 0
u,0.8595041036605835, 1.0, 0
u,0.1818181872367859, 1.0, 0
u,0.8512396812438965, 1.0, 0
u,0.1735537201166153, 1.0, 0
u,0.1818181872367859, 1.0, 0
u,0.8429751992225647, 1.0, 0
u,0.8512396812438965, 1.0, 0
u,0.1818181872367859, 1.0, 0
u,0.8347107172012329, 1.0, 0
u,0.8429751992225647, 1.0, 0
u,0.1818181872367859, 1.0, 0
u,0.8264462947845459, 1.0, 0
u,0.8347107172012329, 1.0, 0
u,0.1900826394557953, 1.0, 0
u,0.8264462947845459, 1.0, 0
u,0.1818181872367859, 1.0, 0
u,0.1900826394557953, 1.0, 0
u,0.8181818127632141, 1.0, 0
u,0.8264462947845459, 1.0, 0
u,0.1900826394557953, 1.0, 0
u,0.8099173307418823, 1.0, 0
u,0.8181818127632141, 1.0, 0
u,0.19834710657596588, 1.0, 0
u,0.8099173307418823, 1.0, 0
u,0.1900826394557953, 1.0, 0
u,0.19834710657596588, 1.0, 0
u,0.8016529083251953, 1.0, 0
u,0.8099173307418823, 1.0, 0
u,0.19834710657596588, 1.0, 0
u,0.7933884263038635, 1.0, 0
u,0.8016529083251953, 1.0, 0
u,0.20661157369613647, 1.0, 0
u,0.7933884263038635, 1.0, 0
u,0.19834710657596588, 1.0, 0
u,0.20661157369613647, 1.0, 0
u,0.7851239442825317, 1.0, 0
u,0.7933884263038635, 1.0, 0
u,0.20661157369613647, 1.0, 0
u,0.7768595218658447, 1.0, 0
u,0.7851239442825317, 1.0, 0
u,0.21487602591514587, 1.0, 0
u,0.7768595218658447, 1.0, 0
u,0.20661157369613647, 1.0, 0
u,0.21487602591514587, 1.0, 0
u,0.7685950398445129, 1.0, 0
u,0.7768595218658447, 1.0, 0
u,0.22314049303531647, 1.0, 0
u,0.7685950398445129, 1.0, 0
u,0.21487602591514587, 1.0, 0
u,0.22314049303531647, 1.0, 0
u,0.7603305578231812, 1.0, 0
u,0.7685950398445129, 1.0, 0
u,0.22314049303531647, 1.0, 0
u,0.7520661354064941, 1.0, 0
u,0.7603305578231812, 1.0, 0
u,0.23140496015548706, 1.0, 0
u,0.7520661354064941, 1.0, 0
u,0.22314049303531647, 1.0, 0
u,0.23140496015548706, 1.0, 0
u,0.7438016533851624, 1.0, 0
u,0.7520661354064941, 1.0, 0
u,0.23966942727565765, 1.0, 0
u,0.7438016533851624, 1.0, 0
u,0.23140496015548706, 1.0, 0
u,0.23966942727565765, 1.0, 0
u,0.7355371713638306, 1.0, 0
u,0.7438016533851624, 1.0, 0
u,0.24793387949466705, 1.0, 0
u,0.7355371713638306, 1.0, 0
u,0.23966942727565765, 1.0, 0
u,0.24793387949466705, 1.0, 0
u,0.7272727489471436, 1.0, 0
u,0.7355371713638306, 1.0, 0
u,0.25619834661483765, 1.0, 0
u,0.7272727489471436, 1.0, 0
u,0.24793387949466705, 1.0, 0
u,0.25619834661483765, 1.0, 0
u,0.7190082669258118, 1.0, 0
u,0.7272727489471436, 1.0, 0
u,0.26446279883384705, 1.0, 0
u,0.7190082669258118, 1.0, 0
u,0.25619834661483765, 1.0, 0
u,0.27272728085517883, 1.0, 0
u,0.7190082669258118, 1.0, 0
u,0.26446279883384705, 1.0, 0
u,0.27272728085517883, 1.0, 0
u,0.71074378490448, 1.0, 0
u,0.7190082669258118, 1.0, 0
u,0.28099173307418823, 1.0, 0
u,0.71074378490448, 1.0, 0
u,0.27272728085517883, 1.0, 0
u,0.28925618529319763, 1.0, 0
u,0.71074378490448, 1.0, 0
u,0.28099173307418823, 1.0, 0
u,0.28925618529319763, 1.0, 0
u,0.702479362487793, 1.0, 0
u,0.71074378490448, 1.0, 0
u,0.2975206673145294, 1.0, 0
u,0.702479362487793, 1.0, 0
u,0.28925618529319763, 1.0, 0
u,0.5041322112083435, 1.0, 0
u,0.4876033067703247, 1.0, 0
u,0.4958677589893341, 1.0, 0
u,0.2975206673145294, 1.0, 0
u,0.6942148804664612, 1.0, 0
u,0.702479362487793, 1.0, 0
u,0.3057851195335388, 1.0, 0
u,0.6942148804664612, 1.0, 0
u,0.2975206673145294, 1.0, 0
u,0.5041322112083435, 1.0, 0
u,0.4793388545513153, 1.0, 0
u,0.4876033067703247, 1.0, 0
u,0.3140496015548706, 1.0, 0
u,0.6942148804664612, 1.0, 0
u,0.3057851195335388, 1.0, 0
u,0.3140496015548706, 1.0, 0
u,0.6859503984451294, 1.0, 0
u,0.6942148804664612, 1.0, 0
u,0.5041322112083435, 1.0, 0
u,0.4710743725299835, 1.0, 0
u,0.4793388545513153, 1.0, 0
u,0.32231405377388, 1.0, 0
u,0.6859503984451294, 1.0, 0
u,0.3140496015548706, 1.0, 0
u,0.5041322112083435, 1.0, 0
u,0.4628099203109741, 1.0, 0
u,0.4710743725299835, 1.0, 0
u,0.3305785059928894, 1.0, 0
u,0.6859503984451294, 1.0, 0
u,0.32231405377388, 1.0, 0
u,0.3388429880142212, 1.0, 0
u,0.6859503984451294, 1.0, 0
u,0.3305785059928894, 1.0, 0
u,0.3388429880142212, 1.0, 0
u,0.6776859760284424, 1.0, 0
u,0.6859503984451294, 1.0, 0
u,0.5041322112083435, 1.0, 0
u,0.4545454680919647, 1.0, 0
u,0.4628099203109741, 1.0, 0
u,0.3471074402332306, 1.0, 0
u,0.6776859760284424, 1.0, 0
u,0.3388429880142212, 1.0, 0
u,0.5041322112083435, 1.0, 0
u,0.44628098607063293, 1.0, 0
u,0.4545454680919647, 1.0, 0
u,0.35537189245224, 1.0, 0
u,0.6776859760284424, 1.0, 0
u,0.3471074402332306, 1.0, 0
u,0.5041322112083435, 1.0, 0
u,0.43801653385162354, 1.0, 0
u,0.44628098607063293, 1.0, 0
u,0.35537189245224, 1.0, 0
u,0.6694214940071106, 1.0, 0
u,0.6776859760284424, 1.0, 0
u,0.3636363744735718, 1.0, 0
u,0.6694214940071106, 1.0, 0
u,0.35537189245224, 1.0, 0
u,0.5041322112083435, 1.0, 0
u,0.42975205183029175, 1.0, 0
u,0.43801653385162354, 1.0, 0
u,0.3719008266925812, 1.0, 0
u,0.6694214940071106, 1.0, 0
u,0.3636363744735718, 1.0, 0
u,0.5041322112083435, 1.0, 0
u,0.42148759961128235, 1.0, 0
u,0.42975205183029175, 1.0, 0
u,0.3801652789115906, 1.0, 0
u,0.6694214940071106, 1.0, 0
u,0.3719008266925812, 1.0, 0
u,0.5041322112083435, 1.0, 0
u,0.41322314739227295, 1.0, 0
u,0.42148759961128235, 1.0, 0
u,0.38842976093292236, 1.0, 0
u,0.6694214940071106, 1.0, 0
u,0.3801652789115906, 1.0, 0
u,0.5041322112083435, 1.0, 0
u,0.40495866537094116, 1.0, 0
u,0.41322314739227295, 1.0, 0
u,0.38842976093292236, 1.0, 0
u,0.6611570119857788, 1.0, 0
u,0.6694214940071106, 1.0, 0
u,0.39669421315193176, 1.0, 0
u,0.6611570119857788, 1.0, 0
u,0.38842976093292236, 1.0, 0
u,0.5041322112083435, 1.0, 0
u,0.39669421315193176, 1.0, 0
u,0.40495866537094116, 1.0, 0
u,0.5041322112083435, 1.0, 0
u,0.6611570119857788, 1.0, 0
u,0.39669421315193176, 1.0, 0
u,0.5041322112083435, 1.0, 0
u,0.6528925895690918, 1.0, 0
u,0.6611570119857788, 1.0, 0
u,0.5123966932296753, 1.0, 0
u,0.6528925895690918, 1.0, 0
u,0.5041322112083435, 1.0, 0
u,0.5206611752510071, 1.0, 0
u,0.6528925895690918, 1.0, 0
u,0.5123966932296753, 1.0, 0
u,0.5206611752510071, 1.0, 0
u,0.64462810754776, 1.0, 0
u,0.6528925895690918, 1.0, 0
u,0.5289255976676941, 1.0, 0
u,0.64462810754776, 1.0, 0
u,0.5206611752510071, 1.0, 0
u,0.5289255976676941, 1.0, 0
u,0.6363636255264282, 1.0, 0
u,0.64462810754776, 1.0, 0
u,0.5371900796890259, 1.0, 0
u,0.6363636255264282, 1.0, 0
u,0.5289255976676941, 1.0, 0
u,0.5454545617103577, 1.0, 0
u,0.6363636255264282, 1.0, 0
u,0.5371900796890259, 1.0, 0
u,0.5454545617103577, 1.0, 0
u,0.6280992031097412, 1.0, 0
u,0.6363636255264282, 1.0, 0
u,0.5537189841270447, 1.0, 0
u,0.6280992031097412, 1.0, 0
u,0.5454545617103577, 1.0, 0
u,0.5619834661483765, 1.0, 0
u,0.6280992031097412, 1.0, 0
u,0.5537189841270447, 1.0, 0
u,0.5619834661483765, 1.0, 0
u,0.6198347210884094, 1.0, 0
u,0.6280992031097412, 1.0, 0
u,0.5702479481697083, 1.0, 0
u,0.6198347210884094, 1.0, 0
u,0.5619834661483765, 1.0, 0
u,0.5785123705863953, 1.0, 0
u,0.6198347210884094, 1.0, 0
u,0.5702479481697083, 1.0, 0
u,0.5785123705863953, 1.0, 0
u,0.6115702390670776, 1.0, 0
u,0.6198347210884094, 1.0, 0
u,0.586776852607727, 1.0, 0
u,0.6115702390670776, 1.0, 0
u,0.5785123705863953, 1.0, 0
u,0.5950413346290588, 1.0, 0
u,0.6115702390670776, 1.0, 0
u,0.586776852607727, 1.0, 0
u,0.5950413346290588, 1.0, 0
u,0.6033057570457458, 1.0, 0
u,0.6115702390670776, 1.0, 0
