v,-2.60469334989466e-09, -0.009598164819180965, 0.01017617154866457
v,-2.660707654200678e-09, -0.010847111232578754, 0.010208683088421822
v,-2.6447510848015554e-09, -0.01047245878726244, 0.01021829154342413
v,-2.60469334989466e-09, -0.009598164819180965, 0.01017617154866457
v,-2.67580668733558e-09, -0.01122136227786541, 0.010179858654737473
v,-2.660707654200678e-09, -0.010847111232578754, 0.010208683088421822
v,-2.60469334989466e-09, -0.009598164819180965, 0.01017617154866457
v,-2.6900308647270776e-09, -0.01159481331706047, 0.010131818242371082
v,-2.67580668733558e-09, -0.01122136227786541, 0.010179858654737473
v,-2.5634718792133526e-09, -0.008779417723417282, 0.010051882825791836
v,-2.6900308647270776e-09, -0.01159481331706047, 0.010131818242371082
v,-2.60469334989466e-09, -0.009598164819180965, 0.01017617154866457
v,-2.5634718792133526e-09, -0.008779417723417282, 0.010051882825791836
v,-2.7033624228067765e-09, -0.011967063881456852, 0.010064560920000076
v,-2.6900308647270776e-09, -0.01159481331706047, 0.010131818242371082
v,-2.5634718792133526e-09, -0.008779417723417282, 0.010051882825791836
v,-2.7157842641400975e-09, -0.012337712571024895, 0.009978087618947029
v,-2.7033624228067765e-09, -0.011967063881456852, 0.010064560920000076
v,-2.5213930943124296e-09, -0.008020121604204178, 0.009848526678979397
v,-2.7157842641400975e-09, -0.012337712571024895, 0.009978087618947029
v,-2.5634718792133526e-09, -0.008779417723417282, 0.010051882825791836
v,-2.5213930943124296e-09, -0.008020121604204178, 0.009848526678979397
v,-2.727278403114042e-09, -0.012706359848380089, 0.009872397407889366
v,-2.7157842641400975e-09, -0.012337712571024895, 0.009978087618947029
v,-2.5213930943124296e-09, -0.008020121604204178, 0.009848526678979397
v,-2.73782774229403e-09, -0.01307260524481535, 0.009747491218149662
v,-2.727278403114042e-09, -0.012706359848380089, 0.009872397407889366
v,-2.478762972657478e-09, -0.0073241801001131535, 0.009569205343723297
v,-2.73782774229403e-09, -0.01307260524481535, 0.009747491218149662
v,-2.5213930943124296e-09, -0.008020121604204178, 0.009848526678979397
v,-2.478762972657478e-09, -0.0073241801001131535, 0.009569205343723297
v,-2.7474145181116683e-09, -0.013436048291623592, 0.009603368118405342
v,-2.73782774229403e-09, -0.01307260524481535, 0.009747491218149662
v,-2.478762972657478e-09, -0.0073241801001131535, 0.009569205343723297
v,-2.7560211890431674e-09, -0.013796287588775158, 0.009440029039978981
v,-2.7474145181116683e-09, -0.013436048291623592, 0.009603368118405342
v,-2.4358879358032937e-09, -0.006695495452731848, 0.009217021986842155
v,-2.7560211890431674e-09, -0.013796287588775158, 0.009440029039978981
v,-2.478762972657478e-09, -0.0073241801001131535, 0.009569205343723297
v,-2.4358879358032937e-09, -0.006695495452731848, 0.009217021986842155
v,-2.7636306576539482e-09, -0.014152923598885536, 0.009257473051548004
v,-2.7560211890431674e-09, -0.013796287588775158, 0.009440029039978981
v,-2.4358879358032937e-09, -0.006695495452731848, 0.009217021986842155
v,-2.770224938331012e-09, -0.014505556784570217, 0.00905570201575756
v,-2.7636306576539482e-09, -0.014152923598885536, 0.009257473051548004
v,-2.393073961215464e-09, -0.0061379713006317616, 0.008795080706477165
v,-2.770224938331012e-09, -0.014505556784570217, 0.00905570201575756
v,-2.4358879358032937e-09, -0.006695495452731848, 0.009217021986842155
v,-2.393073961215464e-09, -0.0061379713006317616, 0.008795080706477165
v,-2.775786933639779e-09, -0.014853786677122116, 0.008834714069962502
v,-2.770224938331012e-09, -0.014505556784570217, 0.00905570201575756
v,-2.393073961215464e-09, -0.0061379713006317616, 0.008795080706477165
v,-2.5777866508036595e-09, -0.011655332520604134, 0.00750344805419445
v,-2.775786933639779e-09, -0.014853786677122116, 0.008834714069962502
v,-2.5777866508036595e-09, -0.011655332520604134, 0.00750344805419445
v,-2.5894797417436166e-09, -0.012032720260322094, 0.007393571548163891
v,-2.775786933639779e-09, -0.014853786677122116, 0.008834714069962502
v,-2.5894797417436166e-09, -0.012032720260322094, 0.007393571548163891
v,-2.600180071254954e-09, -0.012418114580214024, 0.00725296838209033
v,-2.775786933639779e-09, -0.014853786677122116, 0.008834714069962502
v,-2.600180071254954e-09, -0.012418114580214024, 0.00725296838209033
v,-2.6097515259948523e-09, -0.012810715474188328, 0.007079337257891893
v,-2.775786933639779e-09, -0.014853786677122116, 0.008834714069962502
v,-2.6097515259948523e-09, -0.012810715474188328, 0.007079337257891893
v,-2.6180586587543075e-09, -0.013209721073508263, 0.006870375480502844
v,-2.775786933639779e-09, -0.014853786677122116, 0.008834714069962502
v,-2.6180586587543075e-09, -0.013209721073508263, 0.006870375480502844
v,-2.6249658002797105e-09, -0.013614331372082233, 0.006623782683163881
v,-2.775786933639779e-09, -0.014853786677122116, 0.008834714069962502
v,-2.6249658002797105e-09, -0.013614331372082233, 0.006623782683163881
v,-2.630337281317452e-09, -0.01402374729514122, 0.006337255239486694
v,-2.775786933639779e-09, -0.014853786677122116, 0.008834714069962502
v,-2.630337281317452e-09, -0.01402374729514122, 0.006337255239486694
v,-2.6340376546585276e-09, -0.014437166042625904, 0.006008491851389408
v,-2.775786933639779e-09, -0.014853786677122116, 0.008834714069962502
v,-2.6340376546585276e-09, -0.014437166042625904, 0.006008491851389408
v,-2.6359312510493282e-09, -0.014853786677122116, 0.005635192152112722
v,-2.775786933639779e-09, -0.014853786677122116, 0.008834714069962502
v,-2.35062769249339e-09, -0.005655511282384396, 0.008306480944156647
v,-2.5519633073400882e-09, -0.010927781462669373, 0.007640231866389513
v,-2.393073961215464e-09, -0.0061379713006317616, 0.008795080706477165
v,-2.5519633073400882e-09, -0.010927781462669373, 0.007640231866389513
v,-2.565235801554877e-09, -0.011286752298474312, 0.00758490152657032
v,-2.393073961215464e-09, -0.0061379713006317616, 0.008795080706477165
v,-2.565235801554877e-09, -0.011286752298474312, 0.00758490152657032
v,-2.5777866508036595e-09, -0.011655332520604134, 0.00750344805419445
v,-2.393073961215464e-09, -0.0061379713006317616, 0.008795080706477165
v,-2.3088551071026586e-09, -0.005252017639577389, 0.007754327729344368
v,-2.5237949508039037e-09, -0.010241864249110222, 0.007681733928620815
v,-2.35062769249339e-09, -0.005655511282384396, 0.008306480944156647
v,-2.5237949508039037e-09, -0.010241864249110222, 0.007681733928620815
v,-2.5381043933236924e-09, -0.010579218156635761, 0.007671742234379053
v,-2.35062769249339e-09, -0.005655511282384396, 0.008306480944156647
v,-2.5381043933236924e-09, -0.010579218156635761, 0.007671742234379053
v,-2.5519633073400882e-09, -0.010927781462669373, 0.007640231866389513
v,-2.35062769249339e-09, -0.005655511282384396, 0.008306480944156647
v,-2.2680624045534614e-09, -0.0049313949421048164, 0.007141722831875086
v,-2.5035895578895406e-09, -0.009799136780202389, 0.007662216201424599
v,-2.3088551071026586e-09, -0.005252017639577389, 0.007754327729344368
v,-2.5035895578895406e-09, -0.009799136780202389, 0.007662216201424599
v,-2.5237949508039037e-09, -0.010241864249110222, 0.007681733928620815
v,-2.3088551071026586e-09, -0.005252017639577389, 0.007754327729344368
v,-2.2680624045534614e-09, -0.0049313949421048164, 0.007141722831875086
v,-2.482793748370682e-09, -0.009380730800330639, 0.007604868151247501
v,-2.5035895578895406e-09, -0.009799136780202389, 0.007662216201424599
v,-2.2680624045534614e-09, -0.0049313949421048164, 0.007141722831875086
v,-2.461604031722686e-09, -0.008989348076283932, 0.00751148909330368
v,-2.482793748370682e-09, -0.009380730800330639, 0.007604868151247501
v,-2.2680624045534614e-09, -0.0049313949421048164, 0.007141722831875086
v,-2.440217583554727e-09, -0.008627689443528652, 0.0073838806711137295
v,-2.461604031722686e-09, -0.008989348076283932, 0.00751148909330368
v,-2.2680624045534614e-09, -0.0049313949421048164, 0.007141722831875086
v,-2.4188311353867675e-09, -0.008298460394144058, 0.007223844528198242
v,-2.440217583554727e-09, -0.008627689443528652, 0.0073838806711137295
v,-2.2680624045534614e-09, -0.0049313949421048164, 0.007141722831875086
v,-2.3976414187387718e-09, -0.008004359900951385, 0.007033181842416525
v,-2.4188311353867675e-09, -0.008298460394144058, 0.007223844528198242
v,-2.228556006400595e-09, -0.004697545897215605, 0.006471769884228706
v,-2.3976414187387718e-09, -0.008004359900951385, 0.007033181842416525
v,-2.2680624045534614e-09, -0.0049313949421048164, 0.007141722831875086
v,-2.228556006400595e-09, -0.004697545897215605, 0.006471769884228706
v,-2.376845609219913e-09, -0.007748092990368605, 0.006813695188611746
v,-2.3976414187387718e-09, -0.008004359900951385, 0.007033181842416525
v,-2.228556006400595e-09, -0.004697545897215605, 0.006471769884228706
v,-2.35664021630555e-09, -0.007532359100878239, 0.006567185278981924
v,-2.376845609219913e-09, -0.007748092990368605, 0.006813695188611746
v,-2.228556006400595e-09, -0.004697545897215605, 0.006471769884228706
v,-2.337222637649461e-09, -0.007359862793236971, 0.0062954542227089405
v,-2.35664021630555e-09, -0.007532359100878239, 0.006567185278981924
v,-2.190641890109646e-09, -0.004554374609142542, 0.005747570656239986
v,-2.337222637649461e-09, -0.007359862793236971, 0.0062954542227089405
v,-2.228556006400595e-09, -0.004697545897215605, 0.006471769884228706
v,-2.190641890109646e-09, -0.004554374609142542, 0.005747570656239986
v,-2.3187889386377947e-09, -0.0072333053685724735, 0.006000302731990814
v,-2.337222637649461e-09, -0.007359862793236971, 0.0062954542227089405
v,-2.190641890109646e-09, -0.004554374609142542, 0.005747570656239986
v,-2.3015367389689345e-09, -0.007155388593673706, 0.005683533847332001
v,-2.3187889386377947e-09, -0.0072333053685724735, 0.006000302731990814
v,-2.1546266992800156e-09, -0.0045057847164571285, 0.004972228314727545
v,-2.3015367389689345e-09, -0.007155388593673706, 0.005683533847332001
v,-2.190641890109646e-09, -0.004554374609142542, 0.005747570656239986
v,-2.1546266992800156e-09, -0.0045057847164571285, 0.004972228314727545
v,-2.285662548118239e-09, -0.007128816097974777, 0.0053469473496079445
v,-2.3015367389689345e-09, -0.007155388593673706, 0.005683533847332001
v,-2.1546266992800156e-09, -0.0045057847164571285, 0.004972228314727545
v,-2.2549468958743546e-09, -0.007296130061149597, 0.004476941656321287
v,-2.285662548118239e-09, -0.007128816097974777, 0.0053469473496079445
v,-2.107309660104306e-09, -0.004673093557357788, 0.003722432069480419
v,-2.2549468958743546e-09, -0.007296130061149597, 0.004476941656321287
v,-2.1546266992800156e-09, -0.0045057847164571285, 0.004972228314727545
v,-2.107309660104306e-09, -0.004673093557357788, 0.003722432069480419
v,-2.2425792334246353e-09, -0.007758689112961292, 0.0037314402870833874
v,-2.2549468958743546e-09, -0.007296130061149597, 0.004476941656321287
v,-2.107309660104306e-09, -0.004673093557357788, 0.003722432069480419
v,-2.2444384129016726e-09, -0.00845744926482439, 0.0030752159655094147
v,-2.2425792334246353e-09, -0.007758689112961292, 0.0037314402870833874
v,-2.0805808187418506e-09, -0.005135653540492058, 0.002648385241627693
v,-2.2444384129016726e-09, -0.00845744926482439, 0.0030752159655094147
v,-2.107309660104306e-09, -0.004673093557357788, 0.003722432069480419
v,-2.0805808187418506e-09, -0.005135653540492058, 0.002648385241627693
v,-2.2564037305272677e-09, -0.009333360008895397, 0.0024730367586016655
v,-2.2444384129016726e-09, -0.00845744926482439, 0.0030752159655094147
v,-2.0705639425244726e-09, -0.005834414158016443, 0.0017204629257321358
v,-2.2564037305272677e-09, -0.009333360008895397, 0.0024730367586016655
v,-2.0805808187418506e-09, -0.005135653540492058, 0.002648385241627693
v,-2.0705639425244726e-09, -0.005834414158016443, 0.0017204629257321358
v,-2.2743535943448023e-09, -0.010327370837330818, 0.0018896738765761256
v,-2.2564037305272677e-09, -0.009333360008895397, 0.0024730367586016655
v,-2.0705639425244726e-09, -0.005834414158016443, 0.0017204629257321358
v,-2.2941673005760777e-09, -0.011380432173609734, 0.0012898968998342752
v,-2.2743535943448023e-09, -0.010327370837330818, 0.0018896738765761256
v,-2.073382798783996e-09, -0.006710325833410025, 0.000909039459656924
v,-2.2941673005760777e-09, -0.011380432173609734, 0.0012898968998342752
v,-2.0705639425244726e-09, -0.005834414158016443, 0.0017204629257321358
v,-2.073382798783996e-09, -0.006710325833410025, 0.000909039459656924
v,-2.311723701353685e-09, -0.012433493509888649, 0.0006384761072695255
v,-2.2941673005760777e-09, -0.011380432173609734, 0.0012898968998342752
v,-2.085161154852244e-09, -0.0077043380588293076, 0.0001844897778937593
v,-2.311723701353685e-09, -0.012433493509888649, 0.0006384761072695255
v,-2.073382798783996e-09, -0.006710325833410025, 0.000909039459656924
v,-2.085161154852244e-09, -0.0077043380588293076, 0.0001844897778937593
v,-2.322901426765611e-09, -0.013427505269646645, -9.981842595152557e-05
v,-2.311723701353685e-09, -0.012433493509888649, 0.0006384761072695255
v,-2.102023444194856e-09, -0.008757401257753372, -0.0004828112432733178
v,-2.322901426765611e-09, -0.013427505269646645, -9.981842595152557e-05
v,-2.085161154852244e-09, -0.0077043380588293076, 0.0001844897778937593
v,-2.102023444194856e-09, -0.008757401257753372, -0.0004828112432733178
v,-2.3235793289444473e-09, -0.014303416013717651, -0.0009602168574929237
v,-2.322901426765611e-09, -0.013427505269646645, -9.981842595152557e-05
v,-2.12009321209905e-09, -0.009810464456677437, -0.0011224887566640973
v,-2.3235793289444473e-09, -0.014303416013717651, -0.0009602168574929237
v,-2.102023444194856e-09, -0.008757401257753372, -0.0004828112432733178
v,-2.12009321209905e-09, -0.009810464456677437, -0.0011224887566640973
v,-2.3096367041119947e-09, -0.015002177096903324, -0.0019779489375650883
v,-2.3235793289444473e-09, -0.014303416013717651, -0.0009602168574929237
v,-2.1354940038520454e-09, -0.010804477147758007, -0.0017641681479290128
v,-2.3096367041119947e-09, -0.015002177096903324, -0.0019779489375650883
v,-2.12009321209905e-09, -0.009810464456677437, -0.0011224887566640973
v,-2.1443502529194802e-09, -0.011680389754474163, -0.0024374742060899734
v,-2.3096367041119947e-09, -0.015002177096903324, -0.0019779489375650883
v,-2.1354940038520454e-09, -0.010804477147758007, -0.0017641681479290128
v,-2.1443502529194802e-09, -0.011680389754474163, -0.0024374742060899734
v,-2.27695218235624e-09, -0.015464738011360168, -0.0031882449984550476
v,-2.3096367041119947e-09, -0.015002177096903324, -0.0019779489375650883
v,-2.1427855045885735e-09, -0.012379150837659836, -0.0031720325350761414
v,-2.27695218235624e-09, -0.015464738011360168, -0.0031882449984550476
v,-2.1443502529194802e-09, -0.011680389754474163, -0.0024374742060899734
v,-2.126923748235754e-09, -0.01284171175211668, -0.003997468855232
v,-2.27695218235624e-09, -0.015464738011360168, -0.0031882449984550476
v,-2.1427855045885735e-09, -0.012379150837659836, -0.0031720325350761414
v,-2.126923748235754e-09, -0.01284171175211668, -0.003997468855232
v,-2.2214046158097744e-09, -0.01563204824924469, -0.004626335110515356
v,-2.27695218235624e-09, -0.015464738011360168, -0.0031882449984550476
v,-2.092888751192845e-09, -0.013009018264710903, -0.00494340481236577
v,-2.2214046158097744e-09, -0.01563204824924469, -0.004626335110515356
v,-2.126923748235754e-09, -0.01284171175211668, -0.003997468855232
v,-1.5863850233444055e-09, -0.004621083382517099, -0.008142925798892975
v,-1.739310362403046e-09, -0.0049890452064573765, -0.0050123631954193115
v,-1.742620048261756e-09, -0.004621083382517099, -0.004568685777485371
v,-2.092888751192845e-09, -0.013009018264710903, -0.00494340481236577
v,-2.18640949789517e-09, -0.015584276989102364, -0.005379158537834883
v,-2.2214046158097744e-09, -0.01563204824924469, -0.004626335110515356
v,-2.0797759070489974e-09, -0.012987899594008923, -0.005222274921834469
v,-2.18640949789517e-09, -0.015584276989102364, -0.005379158537834883
v,-2.092888751192845e-09, -0.013009018264710903, -0.00494340481236577
v,-1.5863850233444055e-09, -0.004621083382517099, -0.008142925798892975
v,-1.7381925898618533e-09, -0.005371720530092716, -0.005420610308647156
v,-1.739310362403046e-09, -0.0049890452064573765, -0.0050123631954193115
v,-2.0645281040287955e-09, -0.012924144975841045, -0.005507350899279118
v,-2.18640949789517e-09, -0.015584276989102364, -0.005379158537834883
v,-2.0797759070489974e-09, -0.012987899594008923, -0.005222274921834469
v,-2.0645281040287955e-09, -0.012924144975841045, -0.005507350899279118
v,-2.1491262103268127e-09, -0.015444424003362656, -0.006092248950153589
v,-2.18640949789517e-09, -0.015584276989102364, -0.005379158537834883
v,-1.5863850233444055e-09, -0.004621083382517099, -0.008142925798892975
v,-1.7392535189841851e-09, -0.0057682073675096035, -0.005792826879769564
v,-1.7381925898618533e-09, -0.005371720530092716, -0.005420610308647156
v,-2.0473727158076827e-09, -0.012817153707146645, -0.005792826879769564
v,-2.1491262103268127e-09, -0.015444424003362656, -0.006092248950153589
v,-2.0645281040287955e-09, -0.012924144975841045, -0.005507350899279118
v,-1.5863850233444055e-09, -0.004621083382517099, -0.008142925798892975
v,-1.7424799381160483e-09, -0.00617760606110096, -0.006128412671387196
v,-1.7392535189841851e-09, -0.0057682073675096035, -0.005792826879769564
v,-2.028537560150312e-09, -0.012666325084865093, -0.0060728988610208035
v,-2.1491262103268127e-09, -0.015444424003362656, -0.006092248950153589
v,-2.0473727158076827e-09, -0.012817153707146645, -0.005792826879769564
v,-2.0082497886875217e-09, -0.012471059337258339, -0.006341760512441397
v,-2.1491262103268127e-09, -0.015444424003362656, -0.006092248950153589
v,-2.028537560150312e-09, -0.012666325084865093, -0.0060728988610208035
v,-2.0082497886875217e-09, -0.012471059337258339, -0.006341760512441397
v,-2.109996843913109e-09, -0.01521769817918539, -0.006760700140148401
v,-2.1491262103268127e-09, -0.015444424003362656, -0.006092248950153589
v,-1.5863850233444055e-09, -0.004621083382517099, -0.008142925798892975
v,-1.7478588576480547e-09, -0.00659901462495327, -0.006426766514778137
v,-1.7424799381160483e-09, -0.00617760606110096, -0.006128412671387196
v,-1.986737219183965e-09, -0.012230755761265755, -0.00659360783174634
v,-2.109996843913109e-09, -0.01521769817918539, -0.006760700140148401
v,-2.0082497886875217e-09, -0.012471059337258339, -0.006341760512441397
v,-1.5863850233444055e-09, -0.004621083382517099, -0.008142925798892975
v,-1.7553770659262113e-09, -0.007031532004475594, -0.0066872877068817616
v,-1.7478588576480547e-09, -0.00659901462495327, -0.006426766514778137
v,-1.964227225315085e-09, -0.011944812722504139, -0.006822635885328054
v,-2.109996843913109e-09, -0.01521769817918539, -0.006760700140148401
v,-1.986737219183965e-09, -0.012230755761265755, -0.00659360783174634
v,-1.5863850233444055e-09, -0.004621083382517099, -0.008142925798892975
v,-1.7650214623188276e-09, -0.007474258542060852, -0.006909377407282591
v,-1.7553770659262113e-09, -0.007031532004475594, -0.0066872877068817616
v,-1.964227225315085e-09, -0.011944812722504139, -0.006822635885328054
v,-2.0694628233286494e-09, -0.01490930188447237, -0.00737961009144783
v,-2.109996843913109e-09, -0.01521769817918539, -0.006760700140148401
v,-1.94094695871172e-09, -0.01161263044923544, -0.00702304020524025
v,-2.0694628233286494e-09, -0.01490930188447237, -0.00737961009144783
v,-1.964227225315085e-09, -0.011944812722504139, -0.006822635885328054
v,-1.5863850233444055e-09, -0.004621083382517099, -0.008142925798892975
v,-1.7767788351719105e-09, -0.007926292717456818, -0.007092433050274849
v,-1.7650214623188276e-09, -0.007474258542060852, -0.006909377407282591
v,-1.9171244591831282e-09, -0.011233607307076454, -0.007189014460891485
v,-2.0694628233286494e-09, -0.01490930188447237, -0.00737961009144783
v,-1.94094695871172e-09, -0.01161263044923544, -0.00702304020524025
v,-1.5863850233444055e-09, -0.004621083382517099, -0.008142925798892975
v,-1.7906363058983743e-09, -0.008386734873056412, -0.007235854398459196
v,-1.7767788351719105e-09, -0.007926292717456818, -0.007092433050274849
v,-1.8929868783601478e-09, -0.01080714538693428, -0.0073147546499967575
v,-2.0694628233286494e-09, -0.01490930188447237, -0.00737961009144783
v,-1.9171244591831282e-09, -0.011233607307076454, -0.007189014460891485
v,-1.5863850233444055e-09, -0.004621083382517099, -0.008142925798892975
v,-1.806580440799621e-09, -0.008854683488607407, -0.007339042145758867
v,-1.7906363058983743e-09, -0.008386734873056412, -0.007235854398459196
v,-1.868761811962827e-09, -0.010332642123103142, -0.007394455838948488
v,-2.0694628233286494e-09, -0.01490930188447237, -0.00737961009144783
v,-1.8929868783601478e-09, -0.01080714538693428, -0.0073147546499967575
v,-1.5863850233444055e-09, -0.004621083382517099, -0.008142925798892975
v,-1.8245982502662628e-09, -0.009329236112535, -0.007401395123451948
v,-1.806580440799621e-09, -0.008854683488607407, -0.007339042145758867
v,-1.868761811962827e-09, -0.010332642123103142, -0.007394455838948488
v,-2.0279666834710497e-09, -0.014524441212415695, -0.007944072596728802
v,-2.0694628233286494e-09, -0.01490930188447237, -0.00737961009144783
v,-1.8446767446889112e-09, -0.009809494949877262, -0.007422312628477812
v,-2.0279666834710497e-09, -0.014524441212415695, -0.007944072596728802
v,-1.868761811962827e-09, -0.010332642123103142, -0.007394455838948488
v,-1.5863850233444055e-09, -0.004621083382517099, -0.008142925798892975
v,-1.8446767446889112e-09, -0.009809494949877262, -0.007422312628477812
v,-1.8245982502662628e-09, -0.009329236112535, -0.007401395123451948
v,-1.5863850233444055e-09, -0.004621083382517099, -0.008142925798892975
v,-2.0279666834710497e-09, -0.014524441212415695, -0.007944072596728802
v,-1.8446767446889112e-09, -0.009809494949877262, -0.007422312628477812
v,-1.5863850233444055e-09, -0.004621083382517099, -0.008142925798892975
v,-1.9859498490149008e-09, -0.014068319462239742, -0.008449185639619827
v,-2.0279666834710497e-09, -0.014524441212415695, -0.007944072596728802
v,-1.5914831674734842e-09, -0.005033817142248154, -0.008439026772975922
v,-1.9859498490149008e-09, -0.014068319462239742, -0.008449185639619827
v,-1.5863850233444055e-09, -0.004621083382517099, -0.008142925798892975
v,-1.5979813028366152e-09, -0.005451255477964878, -0.008707805536687374
v,-1.9859498490149008e-09, -0.014068319462239742, -0.008449185639619827
v,-1.5914831674734842e-09, -0.005033817142248154, -0.008439026772975922
v,-1.5979813028366152e-09, -0.005451255477964878, -0.008707805536687374
v,-1.9438541887240035e-09, -0.013546141795814037, -0.008890043944120407
v,-1.9859498490149008e-09, -0.014068319462239742, -0.008449185639619827
v,-1.6059144014590743e-09, -0.005874498747289181, -0.008949561044573784
v,-1.9438541887240035e-09, -0.013546141795814037, -0.008890043944120407
v,-1.5979813028366152e-09, -0.005451255477964878, -0.008707805536687374
v,-1.6059144014590743e-09, -0.005874498747289181, -0.008949561044573784
v,-1.9021215713621586e-09, -0.012963112443685532, -0.009261743165552616
v,-1.9438541887240035e-09, -0.013546141795814037, -0.008890043944120407
v,-1.615317435366137e-09, -0.0063046482391655445, -0.009164593182504177
v,-1.9021215713621586e-09, -0.012963112443685532, -0.009261743165552616
v,-1.6059144014590743e-09, -0.005874498747289181, -0.008949561044573784
v,-1.6262254876053817e-09, -0.0067428043112158775, -0.00935320369899273
v,-1.9021215713621586e-09, -0.012963112443685532, -0.009261743165552616
v,-1.615317435366137e-09, -0.0063046482391655445, -0.009164593182504177
v,-1.6262254876053817e-09, -0.0067428043112158775, -0.00935320369899273
v,-1.861194087737772e-09, -0.012324435636401176, -0.009559379890561104
v,-1.9021215713621586e-09, -0.012963112443685532, -0.009261743165552616
v,-1.6386734191797814e-09, -0.007190068252384663, -0.009515691548585892
v,-1.861194087737772e-09, -0.012324435636401176, -0.009559379890561104
v,-1.6262254876053817e-09, -0.0067428043112158775, -0.00935320369899273
v,-1.6526963131369143e-09, -0.007647540885955095, -0.009652357548475266
v,-1.861194087737772e-09, -0.012324435636401176, -0.009559379890561104
v,-1.6386734191797814e-09, -0.007190068252384663, -0.009515691548585892
v,-1.6526963131369143e-09, -0.007647540885955095, -0.009652357548475266
v,-1.8215132735477368e-09, -0.011635315604507923, -0.009778049774467945
v,-1.861194087737772e-09, -0.012324435636401176, -0.009559379890561104
v,-1.6683291415020562e-09, -0.008116323500871658, -0.009763502515852451
v,-1.8215132735477368e-09, -0.011635315604507923, -0.009778049774467945
v,-1.6526963131369143e-09, -0.007647540885955095, -0.009652357548475266
v,-1.6856069873227852e-09, -0.008597517386078835, -0.0098494254052639
v,-1.8215132735477368e-09, -0.011635315604507923, -0.009778049774467945
v,-1.6683291415020562e-09, -0.008116323500871658, -0.009763502515852451
v,-1.6856069873227852e-09, -0.008597517386078835, -0.0098494254052639
v,-1.7835213306227615e-09, -0.010900957509875298, -0.00991284754127264
v,-1.8215132735477368e-09, -0.011635315604507923, -0.009778049774467945
v,-1.7045647116020746e-09, -0.009092221036553383, -0.00991042796522379
v,-1.7835213306227615e-09, -0.010900957509875298, -0.00991284754127264
v,-1.6856069873227852e-09, -0.008597517386078835, -0.0098494254052639
v,-1.7252373973875024e-09, -0.009601537138223648, -0.009946809150278568
v,-1.7835213306227615e-09, -0.010900957509875298, -0.00991284754127264
v,-1.7045647116020746e-09, -0.009092221036553383, -0.00991042796522379
v,-1.7252373973875024e-09, -0.009601537138223648, -0.009946809150278568
v,-1.7476599056820419e-09, -0.010126565583050251, -0.009958869777619839
v,-1.7835213306227615e-09, -0.010900957509875298, -0.00991284754127264
n,-34.692691802978516, 1.5164657725108555e-06, -1.5164657725108555e-06
n,-34.692691802978516, 1.5164657725108555e-06, -1.5164657725108555e-06
n,-34.692691802978516, 1.5164657725108555e-06, -1.5164657725108555e-06
n,-34.692691802978516, 1.5164657725108555e-06, -1.5164657725108555e-06
n,-34.692691802978516, 1.5164657725108555e-06, -1.5164657725108555e-06
n,-34.692691802978516, 1.5164657725108555e-06, -1.5164657725108555e-06
n,-34.692691802978516, 1.5164657725108555e-06, -1.5164657725108555e-06
n,-34.692691802978516, 1.5164657725108555e-06, -1.5164657725108555e-06
n,-34.692691802978516, 1.5164657725108555e-06, -1.5164657725108555e-06
n,-34.692691802978516, 1.5164657725108555e-06, -1.5164657725108555e-06
n,-34.692691802978516, 1.5164657725108555e-06, -1.5164657725108555e-06
n,-34.692691802978516, 1.5164657725108555e-06, -1.5164657725108555e-06
n,-34.692691802978516, 1.5164657725108555e-06, -1.5164657725108555e-06
n,-34.692691802978516, 1.5164657725108555e-06, -1.5164657725108555e-06
n,-34.692691802978516, 1.5164657725108555e-06, -1.5164657725108555e-06
n,-34.692691802978516, 1.5164657725108555e-06, -1.5164657725108555e-06
n,-34.692691802978516, 1.5164657725108555e-06, -1.5164657725108555e-06
n,-34.692691802978516, 1.5164657725108555e-06, -1.5164657725108555e-06
n,-34.692691802978516, 1.5164657725108555e-06, -1.5164657725108555e-06
n,-34.692691802978516, 1.5164657725108555e-06, -1.5164657725108555e-06
n,-34.692691802978516, 1.5164657725108555e-06, -1.5164657725108555e-06
n,-34.692691802978516, 1.5164657725108555e-06, -1.5164657725108555e-06
n,-34.692691802978516, 1.5164657725108555e-06, -1.5164657725108555e-06
n,-34.692691802978516, 1.5164657725108555e-06, -1.5164657725108555e-06
n,-34.692691802978516, 1.5164657725108555e-06, -1.5164657725108555e-06
n,-34.692691802978516, 1.5164657725108555e-06, -1.5164657725108555e-06
n,-34.692691802978516, 1.5164657725108555e-06, -1.5164657725108555e-06
n,-34.692691802978516, 1.5164657725108555e-06, -1.5164657725108555e-06
n,-34.692691802978516, 1.5164657725108555e-06, -1.5164657725108555e-06
n,-34.692691802978516, 1.5164657725108555e-06, -1.5164657725108555e-06
n,-34.692691802978516, 1.5164657725108555e-06, -1.5164657725108555e-06
n,-34.692691802978516, 1.5164657725108555e-06, -1.5164657725108555e-06
n,-34.692691802978516, 1.5164657725108555e-06, -1.5164657725108555e-06
n,-34.692691802978516, 1.5164657725108555e-06, -1.5164657725108555e-06
n,-34.692691802978516, 1.5164657725108555e-06, -1.5164657725108555e-06
n,-34.692691802978516, 1.5164657725108555e-06, -1.5164657725108555e-06
n,-34.692691802978516, 1.5164657725108555e-06, -1.5164657725108555e-06
n,-34.692691802978516, 1.5164657725108555e-06, -1.5164657725108555e-06
n,-34.692691802978516, 1.5164657725108555e-06, -1.5164657725108555e-06
n,-34.692691802978516, 1.5164657725108555e-06, -1.5164657725108555e-06
n,-34.692691802978516, 1.5164657725108555e-06, -1.5164657725108555e-06
n,-34.692691802978516, 1.5164657725108555e-06, -1.5164657725108555e-06
n,-34.692691802978516, 1.5164657725108555e-06, -1.5164657725108555e-06
n,-34.692691802978516, 1.5164657725108555e-06, -1.5164657725108555e-06
n,-34.692691802978516, 1.5164657725108555e-06, -1.5164657725108555e-06
n,-34.692691802978516, 1.5164657725108555e-06, -1.5164657725108555e-06
n,-34.692691802978516, 1.5164657725108555e-06, -1.5164657725108555e-06
n,-34.692691802978516, 1.5164657725108555e-06, -1.5164657725108555e-06
n,-34.692691802978516, 1.5164657725108555e-06, -1.5164657725108555e-06
n,-34.692691802978516, 1.5164657725108555e-06, -1.5164657725108555e-06
n,-34.692691802978516, 1.5164657725108555e-06, -1.5164657725108555e-06
n,-34.692691802978516, 1.5164657725108555e-06, -1.5164657725108555e-06
n,-34.692691802978516, 1.5164657725108555e-06, -1.5164657725108555e-06
n,-34.692691802978516, 1.5164657725108555e-06, -1.5164657725108555e-06
n,-34.692691802978516, 1.5164657725108555e-06, -1.5164657725108555e-06
n,-34.692691802978516, 1.5164657725108555e-06, -1.5164657725108555e-06
n,-34.692691802978516, 1.5164657725108555e-06, -1.5164657725108555e-06
n,-34.692691802978516, 1.5164657725108555e-06, -1.5164657725108555e-06
n,-34.692691802978516, 1.5164657725108555e-06, -1.5164657725108555e-06
n,-34.692691802978516, 1.5164657725108555e-06, -1.5164657725108555e-06
n,-34.692691802978516, 1.5164657725108555e-06, -1.5164657725108555e-06
n,-34.692691802978516, 1.5164657725108555e-06, -1.5164657725108555e-06
n,-34.692691802978516, 1.5164657725108555e-06, -1.5164657725108555e-06
n,-34.692691802978516, 1.5164657725108555e-06, -1.5164657725108555e-06
n,-34.692691802978516, 1.5164657725108555e-06, -1.5164657725108555e-06
n,-34.692691802978516, 1.5164657725108555e-06, -1.5164657725108555e-06
n,-34.692691802978516, 1.5164657725108555e-06, -1.5164657725108555e-06
n,-34.692691802978516, 1.5164657725108555e-06, -1.5164657725108555e-06
n,-34.692691802978516, 1.5164657725108555e-06, -1.5164657725108555e-06
n,-34.692691802978516, 1.5164657725108555e-06, -1.5164657725108555e-06
n,-34.692691802978516, 1.5164657725108555e-06, -1.5164657725108555e-06
n,-34.692691802978516, 1.5164657725108555e-06, -1.5164657725108555e-06
n,-34.692691802978516, 1.5164657725108555e-06, -1.5164657725108555e-06
n,-34.692691802978516, 1.5164657725108555e-06, -1.5164657725108555e-06
n,-34.692691802978516, 1.5164657725108555e-06, -1.5164657725108555e-06
n,-34.692691802978516, 1.5164657725108555e-06, -1.5164657725108555e-06
n,-34.692691802978516, 1.5164657725108555e-06, -1.5164657725108555e-06
n,-34.692691802978516, 1.5164657725108555e-06, -1.5164657725108555e-06
n,-34.692691802978516, 1.5164657725108555e-06, -1.5164657725108555e-06
n,-34.692691802978516, 1.5164657725108555e-06, -1.5164657725108555e-06
n,-34.692691802978516, 1.5164657725108555e-06, -1.5164657725108555e-06
n,-34.692691802978516, 1.5164657725108555e-06, -1.5164657725108555e-06
n,-34.692691802978516, 1.5164657725108555e-06, -1.5164657725108555e-06
n,-34.692691802978516, 1.5164657725108555e-06, -1.5164657725108555e-06
n,-34.692691802978516, 1.5164657725108555e-06, -1.5164657725108555e-06
n,-34.692691802978516, 1.5164657725108555e-06, -1.5164657725108555e-06
n,-34.692691802978516, 1.5164657725108555e-06, -1.5164657725108555e-06
n,-34.692691802978516, 1.5164657725108555e-06, -1.5164657725108555e-06
n,-34.692691802978516, 1.5164657725108555e-06, -1.5164657725108555e-06
n,-34.692691802978516, 1.5164657725108555e-06, -1.5164657725108555e-06
n,-34.692691802978516, 1.5164657725108555e-06, -1.5164657725108555e-06
n,-34.692691802978516, 1.5164657725108555e-06, -1.5164657725108555e-06
n,-34.692691802978516, 1.5164657725108555e-06, -1.5164657725108555e-06
n,-34.692691802978516, 1.5164657725108555e-06, -1.5164657725108555e-06
n,-34.692691802978516, 1.5164657725108555e-06, -1.5164657725108555e-06
n,-34.692691802978516, 1.5164657725108555e-06, -1.5164657725108555e-06
n,-34.692691802978516, 1.5164657725108555e-06, -1.5164657725108555e-06
n,-34.692691802978516, 1.5164657725108555e-06, -1.5164657725108555e-06
n,-34.692691802978516, 1.5164657725108555e-06, -1.5164657725108555e-06
n,-34.692691802978516, 1.5164657725108555e-06, -1.5164657725108555e-06
n,-34.692691802978516, 1.5164657725108555e-06, -1.5164657725108555e-06
n,-34.692691802978516, 1.5164657725108555e-06, -1.5164657725108555e-06
n,-34.692691802978516, 1.5164657725108555e-06, -1.5164657725108555e-06
n,-34.692691802978516, 1.5164657725108555e-06, -1.5164657725108555e-06
n,-34.692691802978516, 1.5164657725108555e-06, -1.5164657725108555e-06
n,-34.692691802978516, 1.5164657725108555e-06, -1.5164657725108555e-06
n,-34.692691802978516, 1.5164657725108555e-06, -1.5164657725108555e-06
n,-34.692691802978516, 1.5164657725108555e-06, -1.5164657725108555e-06
n,-34.692691802978516, 1.5164657725108555e-06, -1.5164657725108555e-06
n,-34.692691802978516, 1.5164657725108555e-06, -1.5164657725108555e-06
n,-34.692691802978516, 1.5164657725108555e-06, -1.5164657725108555e-06
n,-34.692691802978516, 1.5164657725108555e-06, -1.5164657725108555e-06
n,-34.692691802978516, 1.5164657725108555e-06, -1.5164657725108555e-06
n,-34.692691802978516, 1.5164657725108555e-06, -1.5164657725108555e-06
n,-34.692691802978516, 1.5164657725108555e-06, -1.5164657725108555e-06
n,-34.692691802978516, 1.5164657725108555e-06, -1.5164657725108555e-06
n,-34.692691802978516, 1.5164657725108555e-06, -1.5164657725108555e-06
n,-34.692691802978516, 1.5164657725108555e-06, -1.5164657725108555e-06
n,-34.692691802978516, 1.5164657725108555e-06, -1.5164657725108555e-06
n,-34.692691802978516, 1.5164657725108555e-06, -1.5164657725108555e-06
u,0.10743801295757294, 1.0, 0
u,0.09090909361839294, 1.0, 0
u,0.09917355328798294, 1.0, 0
u,0.10743801295757294, 1.0, 0
u,0.08264462649822235, 1.0, 0
u,0.09090909361839294, 1.0, 0
u,0.10743801295757294, 1.0, 0
u,0.07438016682863235, 1.0, 0
u,0.08264462649822235, 1.0, 0
u,0.11570248007774353, 1.0, 0
u,0.07438016682863235, 1.0, 0
u,0.10743801295757294, 1.0, 0
u,0.11570248007774353, 1.0, 0
u,0.06611569970846176, 1.0, 0
u,0.07438016682863235, 1.0, 0
u,0.11570248007774353, 1.0, 0
u,0.057851240038871765, 1.0, 0
u,0.06611569970846176, 1.0, 0
u,0.12396693974733353, 1.0, 0
u,0.057851240038871765, 1.0, 0
u,0.11570248007774353, 1.0, 0
u,0.12396693974733353, 1.0, 0
u,0.04958677664399147, 1.0, 0
u,0.057851240038871765, 1.0, 0
u,0.12396693974733353, 1.0, 0
u,0.041322313249111176, 1.0, 0
u,0.04958677664399147, 1.0, 0
u,0.13223139941692352, 1.0, 0
u,0.041322313249111176, 1.0, 0
u,0.12396693974733353, 1.0, 0
u,0.13223139941692352, 1.0, 0
u,0.03305784985423088, 1.0, 0
u,0.041322313249111176, 1.0, 0
u,0.13223139941692352, 1.0, 0
u,0.024793388321995735, 1.0, 0
u,0.03305784985423088, 1.0, 0
u,0.14049586653709412, 1.0, 0
u,0.024793388321995735, 1.0, 0
u,0.13223139941692352, 1.0, 0
u,0.14049586653709412, 1.0, 0
u,0.01652892492711544, 1.0, 0
u,0.024793388321995735, 1.0, 0
u,0.14049586653709412, 1.0, 0
u,0.00826446246355772, 1.0, 0
u,0.01652892492711544, 1.0, 0
u,0.1487603336572647, 1.0, 0
u,0.00826446246355772, 1.0, 0
u,0.14049586653709412, 1.0, 0
u,0.1487603336572647, 1.0, 0
u,0.0, 1.0, 0
u,0.00826446246355772, 1.0, 0
u,0.1487603336572647, 1.0, 0
u,0.93388432264328, 1.0, 0
u,0.0, 1.0, 0
u,0.93388432264328, 1.0, 0
u,0.942148745059967, 1.0, 0
u,0.0, 1.0, 0
u,0.942148745059967, 1.0, 0
u,0.9504132270812988, 1.0, 0
u,0.0, 1.0, 0
u,0.9504132270812988, 1.0, 0
u,0.9586777091026306, 1.0, 0
u,0.0, 1.0, 0
u,0.9586777091026306, 1.0, 0
u,0.9669421315193176, 1.0, 0
u,0.0, 1.0, 0
u,0.9669421315193176, 1.0, 0
u,0.9752066135406494, 1.0, 0
u,0.0, 1.0, 0
u,0.9752066135406494, 1.0, 0
u,0.9834710955619812, 1.0, 0
u,0.0, 1.0, 0
u,0.9834710955619812, 1.0, 0
u,0.9917355179786682, 1.0, 0
u,0.0, 1.0, 0
u,0.9917355179786682, 1.0, 0
u,1.0, 1.0, 0
u,0.0, 1.0, 0
u,0.1570248007774353, 1.0, 0
u,0.9173553586006165, 1.0, 0
u,0.1487603336572647, 1.0, 0
u,0.9173553586006165, 1.0, 0
u,0.9256198406219482, 1.0, 0
u,0.1487603336572647, 1.0, 0
u,0.9256198406219482, 1.0, 0
u,0.93388432264328, 1.0, 0
u,0.1487603336572647, 1.0, 0
u,0.1652892529964447, 1.0, 0
u,0.9008264541625977, 1.0, 0
u,0.1570248007774353, 1.0, 0
u,0.9008264541625977, 1.0, 0
u,0.9090909361839294, 1.0, 0
u,0.1570248007774353, 1.0, 0
u,0.9090909361839294, 1.0, 0
u,0.9173553586006165, 1.0, 0
u,0.1570248007774353, 1.0, 0
u,0.1735537201166153, 1.0, 0
u,0.8925619721412659, 1.0, 0
u,0.1652892529964447, 1.0, 0
u,0.8925619721412659, 1.0, 0
u,0.9008264541625977, 1.0, 0
u,0.1652892529964447, 1.0, 0
u,0.1735537201166153, 1.0, 0
u,0.8842975497245789, 1.0, 0
u,0.8925619721412659, 1.0, 0
u,0.1735537201166153, 1.0, 0
u,0.8760330677032471, 1.0, 0
u,0.8842975497245789, 1.0, 0
u,0.1735537201166153, 1.0, 0
u,0.8677685856819153, 1.0, 0
u,0.8760330677032471, 1.0, 0
u,0.1735537201166153, 1.0, 0
u,0.8595041036605835, 1.0, 0
u,0.8677685856819153, 1.0, 0
u,0.1735537201166153, 1.0, 0
u,0.8512396812438965, 1.0, 0
u,0.8595041036605835, 1.0, 0
u,0.1818181872367859, 1.0, 0
u,0.8512396812438965, 1.0, 0
u,0.1735537201166153, 1.0, 0
u,0.1818181872367859, 1.0, 0
u,0.8429751992225647, 1.0, 0
u,0.8512396812438965, 1.0, 0
u,0.1818181872367859, 1.0, 0
u,0.8347107172012329, 1.0, 0
u,0.8429751992225647, 1.0, 0
u,0.1818181872367859, 1.0, 0
u,0.8264462947845459, 1.0, 0
u,0.8347107172012329, 1.0, 0
u,0.1900826394557953, 1.0, 0
u,0.8264462947845459, 1.0, 0
u,0.1818181872367859, 1.0, 0
u,0.1900826394557953, 1.0, 0
u,0.8181818127632141, 1.0, 0
u,0.8264462947845459, 1.0, 0
u,0.1900826394557953, 1.0, 0
u,0.8099173307418823, 1.0, 0
u,0.8181818127632141, 1.0, 0
u,0.19834710657596588, 1.0, 0
u,0.8099173307418823, 1.0, 0
u,0.1900826394557953, 1.0, 0
u,0.19834710657596588, 1.0, 0
u,0.8016529083251953, 1.0, 0
u,0.8099173307418823, 1.0, 0
u,0.19834710657596588, 1.0, 0
u,0.7933884263038635, 1.0, 0
u,0.8016529083251953, 1.0, 0
u,0.20661157369613647, 1.0, 0
u,0.7933884263038635, 1.0, 0
u,0.19834710657596588, 1.0, 0
u,0.20661157369613647, 1.0, 0
u,0.7851239442825317, 1.0, 0
u,0.7933884263038635, 1.0, 0
u,0.20661157369613647, 1.0, 0
u,0.7768595218658447, 1.0, 0
u,0.7851239442825317, 1.0, 0
u,0.21487602591514587, 1.0, 0
u,0.7768595218658447, 1.0, 0
u,0.20661157369613647, 1.0, 0
u,0.21487602591514587, 1.0, 0
u,0.7685950398445129, 1.0, 0
u,0.7768595218658447, 1.0, 0
u,0.22314049303531647, 1.0, 0
u,0.7685950398445129, 1.0, 0
u,0.21487602591514587, 1.0, 0
u,0.22314049303531647, 1.0, 0
u,0.7603305578231812, 1.0, 0
u,0.7685950398445129, 1.0, 0
u,0.22314049303531647, 1.0, 0
u,0.7520661354064941, 1.0, 0
u,0.7603305578231812, 1.0, 0
u,0.23140496015548706, 1.0, 0
u,0.7520661354064941, 1.0, 0
u,0.22314049303531647, 1.0, 0
u,0.23140496015548706, 1.0, 0
u,0.7438016533851624, 1.0, 0
u,0.7520661354064941, 1.0, 0
u,0.23966942727565765, 1.0, 0
u,0.7438016533851624, 1.0, 0
u,0.23140496015548706, 1.0, 0
u,0.23966942727565765, 1.0, 0
u,0.7355371713638306, 1.0, 0
u,0.7438016533851624, 1.0, 0
u,0.24793387949466705, 1.0, 0
u,0.7355371713638306, 1.0, 0
u,0.23966942727565765, 1.0, 0
u,0.24793387949466705, 1.0, 0
u,0.7272727489471436, 1.0, 0
u,0.7355371713638306, 1.0, 0
u,0.25619834661483765, 1.0, 0
u,0.7272727489471436, 1.0, 0
u,0.24793387949466705, 1.0, 0
u,0.25619834661483765, 1.0, 0
u,0.7190082669258118, 1.0, 0
u,0.7272727489471436, 1.0, 0
u,0.26446279883384705, 1.0, 0
u,0.7190082669258118, 1.0, 0
u,0.25619834661483765, 1.0, 0
u,0.27272728085517883, 1.0, 0
u,0.7190082669258118, 1.0, 0
u,0.26446279883384705, 1.0, 0
u,0.27272728085517883, 1.0, 0
u,0.71074378490448, 1.0, 0
u,0.7190082669258118, 1.0, 0
u,0.28099173307418823, 1.0, 0
u,0.71074378490448, 1.0, 0
u,0.27272728085517883, 1.0, 0
u,0.28925618529319763, 1.0, 0
u,0.71074378490448, 1.0, 0
u,0.28099173307418823, 1.0, 0
u,0.28925618529319763, 1.0, 0
u,0.702479362487793, 1.0, 0
u,0.71074378490448, 1.0, 0
u,0.2975206673145294, 1.0, 0
u,0.702479362487793, 1.0, 0
u,0.28925618529319763, 1.0, 0
u,0.5041322112083435, 1.0, 0
u,0.4876033067703247, 1.0, 0
u,0.4958677589893341, 1.0, 0
u,0.2975206673145294, 1.0, 0
u,0.6942148804664612, 1.0, 0
u,0.702479362487793, 1.0, 0
u,0.3057851195335388, 1.0, 0
u,0.6942148804664612, 1.0, 0
u,0.2975206673145294, 1.0, 0
u,0.5041322112083435, 1.0, 0
u,0.4793388545513153, 1.0, 0
u,0.4876033067703247, 1.0, 0
u,0.3140496015548706, 1.0, 0
u,0.6942148804664612, 1.0, 0
u,0.3057851195335388, 1.0, 0
u,0.3140496015548706, 1.0, 0
u,0.6859503984451294, 1.0, 0
u,0.6942148804664612, 1.0, 0
u,0.5041322112083435, 1.0, 0
u,0.4710743725299835, 1.0, 0
u,0.4793388545513153, 1.0, 0
u,0.32231405377388, 1.0, 0
u,0.6859503984451294, 1.0, 0
u,0.3140496015548706, 1.0, 0
u,0.5041322112083435, 1.0, 0
u,0.4628099203109741, 1.0, 0
u,0.4710743725299835, 1.0, 0
u,0.3305785059928894, 1.0, 0
u,0.6859503984451294, 1.0, 0
u,0.32231405377388, 1.0, 0
u,0.3388429880142212, 1.0, 0
u,0.6859503984451294, 1.0, 0
u,0.3305785059928894, 1.0, 0
u,0.3388429880142212, 1.0, 0
u,0.6776859760284424, 1.0, 0
u,0.6859503984451294, 1.0, 0
u,0.5041322112083435, 1.0, 0
u,0.4545454680919647, 1.0, 0
u,0.4628099203109741, 1.0, 0
u,0.3471074402332306, 1.0, 0
u,0.6776859760284424, 1.0, 0
u,0.3388429880142212, 1.0, 0
u,0.5041322112083435, 1.0, 0
u,0.44628098607063293, 1.0, 0
u,0.4545454680919647, 1.0, 0
u,0.35537189245224, 1.0, 0
u,0.6776859760284424, 1.0, 0
u,0.3471074402332306, 1.0, 0
u,0.5041322112083435, 1.0, 0
u,0.43801653385162354, 1.0, 0
u,0.44628098607063293, 1.0, 0
u,0.35537189245224, 1.0, 0
u,0.6694214940071106, 1.0, 0
u,0.6776859760284424, 1.0, 0
u,0.3636363744735718, 1.0, 0
u,0.6694214940071106, 1.0, 0
u,0.35537189245224, 1.0, 0
u,0.5041322112083435, 1.0, 0
u,0.42975205183029175, 1.0, 0
u,0.43801653385162354, 1.0, 0
u,0.3719008266925812, 1.0, 0
u,0.6694214940071106, 1.0, 0
u,0.3636363744735718, 1.0, 0
u,0.5041322112083435, 1.0, 0
u,0.42148759961128235, 1.0, 0
u,0.42975205183029175, 1.0, 0
u,0.3801652789115906, 1.0, 0
u,0.6694214940071106, 1.0, 0
u,0.3719008266925812, 1.0, 0
u,0.5041322112083435, 1.0, 0
u,0.41322314739227295, 1.0, 0
u,0.42148759961128235, 1.0, 0
u,0.38842976093292236, 1.0, 0
u,0.6694214940071106, 1.0, 0
u,0.3801652789115906, 1.0, 0
u,0.5041322112083435, 1.0, 0
u,0.40495866537094116, 1.0, 0
u,0.41322314739227295, 1.0, 0
u,0.38842976093292236, 1.0, 0
u,0.6611570119857788, 1.0, 0
u,0.6694214940071106, 1.0, 0
u,0.39669421315193176, 1.0, 0
u,0.6611570119857788, 1.0, 0
u,0.38842976093292236, 1.0, 0
u,0.5041322112083435, 1.0, 0
u,0.39669421315193176, 1.0, 0
u,0.40495866537094116, 1.0, 0
u,0.5041322112083435, 1.0, 0
u,0.6611570119857788, 1.0, 0
u,0.39669421315193176, 1.0, 0
u,0.5041322112083435, 1.0, 0
u,0.6528925895690918, 1.0, 0
u,0.6611570119857788, 1.0, 0
u,0.5123966932296753, 1.0, 0
u,0.6528925895690918, 1.0, 0
u,0.5041322112083435, 1.0, 0
u,0.5206611752510071, 1.0, 0
u,0.6528925895690918, 1.0, 0
u,0.5123966932296753, 1.0, 0
u,0.5206611752510071, 1.0, 0
u,0.64462810754776, 1.0, 0
u,0.6528925895690918, 1.0, 0
u,0.5289255976676941, 1.0, 0
u,0.64462810754776, 1.0, 0
u,0.5206611752510071, 1.0, 0
u,0.5289255976676941, 1.0, 0
u,0.6363636255264282, 1.0, 0
u,0.64462810754776, 1.0, 0
u,0.5371900796890259, 1.0, 0
u,0.6363636255264282, 1.0, 0
u,0.5289255976676941, 1.0, 0
u,0.5454545617103577, 1.0, 0
u,0.6363636255264282, 1.0, 0
u,0.5371900796890259, 1.0, 0
u,0.5454545617103577, 1.0, 0
u,0.6280992031097412, 1.0, 0
u,0.6363636255264282, 1.0, 0
u,0.5537189841270447, 1.0, 0
u,0.6280992031097412, 1.0, 0
u,0.5454545617103577, 1.0, 0
u,0.5619834661483765, 1.0, 0
u,0.6280992031097412, 1.0, 0
u,0.5537189841270447, 1.0, 0
u,0.5619834661483765, 1.0, 0
u,0.6198347210884094, 1.0, 0
u,0.6280992031097412, 1.0, 0
u,0.5702479481697083, 1.0, 0
u,0.6198347210884094, 1.0, 0
u,0.5619834661483765, 1.0, 0
u,0.5785123705863953, 1.0, 0
u,0.6198347210884094, 1.0, 0
u,0.5702479481697083, 1.0, 0
u,0.5785123705863953, 1.0, 0
u,0.6115702390670776, 1.0, 0
u,0.6198347210884094, 1.0, 0
u,0.586776852607727, 1.0, 0
u,0.6115702390670776, 1.0, 0
u,0.5785123705863953, 1.0, 0
u,0.5950413346290588, 1.0, 0
u,0.6115702390670776, 1.0, 0
u,0.586776852607727, 1.0, 0
u,0.5950413346290588, 1.0, 0
u,0.6033057570457458, 1.0, 0
u,0.6115702390670776, 1.0, 0
