v,-2.698264278677698e-09, -0.011738818138837814, -0.0006759049138054252
v,-2.753312244863082e-09, -0.012965657748281956, -0.000912099436391145
v,-2.7378270761602153e-09, -0.012601790949702263, -0.0008223375771194696
v,-2.698264278677698e-09, -0.011738818138837814, -0.0006759049138054252
v,-2.767760021171739e-09, -0.013325011357665062, -0.0010205443250015378
v,-2.753312244863082e-09, -0.012965657748281956, -0.000912099436391145
v,-2.698264278677698e-09, -0.011738818138837814, -0.0006759049138054252
v,-2.781153751740817e-09, -0.013679459691047668, -0.0011475873179733753
v,-2.767760021171739e-09, -0.013325011357665062, -0.0010205443250015378
v,-2.6567106292674225e-09, -0.010912471450865269, -0.0006216460606083274
v,-2.781153751740817e-09, -0.013679459691047668, -0.0011475873179733753
v,-2.698264278677698e-09, -0.011738818138837814, -0.0006759049138054252
v,-2.6567106292674225e-09, -0.010912471450865269, -0.0006216460606083274
v,-2.7934756730019217e-09, -0.014028613455593586, -0.001293140696361661
v,-2.781153751740817e-09, -0.013679459691047668, -0.0011475873179733753
v,-2.6567106292674225e-09, -0.010912471450865269, -0.0006216460606083274
v,-2.804709131609684e-09, -0.014372079633176327, -0.0014571195933967829
v,-2.7934756730019217e-09, -0.014028613455593586, -0.001293140696361661
v,-2.6134976405245425e-09, -0.010127226822078228, -0.0006573678692802787
v,-2.804709131609684e-09, -0.014372079633176327, -0.0014571195933967829
v,-2.6567106292674225e-09, -0.010912471450865269, -0.0006216460606083274
v,-2.6134976405245425e-09, -0.010127226822078228, -0.0006573678692802787
v,-2.8148370301295245e-09, -0.014709467999637127, -0.0016394387930631638
v,-2.804709131609684e-09, -0.014372079633176327, -0.0014571195933967829
v,-2.6134976405245425e-09, -0.010127226822078228, -0.0006573678692802787
v,-2.823842271126864e-09, -0.015040388330817223, -0.0018400107510387897
v,-2.8148370301295245e-09, -0.014709467999637127, -0.0016394387930631638
v,-2.568956380955001e-09, -0.009387563914060593, -0.0007808775990270078
v,-2.823842271126864e-09, -0.015040388330817223, -0.0018400107510387897
v,-2.6134976405245425e-09, -0.010127226822078228, -0.0006573678692802787
v,-2.568956380955001e-09, -0.009387563914060593, -0.0007808775990270078
v,-2.8317075351225185e-09, -0.015364449471235275, -0.002058750484138727
v,-2.823842271126864e-09, -0.015040388330817223, -0.0018400107510387897
v,-2.568956380955001e-09, -0.009387563914060593, -0.0007808775990270078
v,-2.8384159467265135e-09, -0.015681257471442223, -0.002295571845024824
v,-2.8317075351225185e-09, -0.015364449471235275, -0.002058750484138727
v,-2.523418363153951e-09, -0.008697960525751114, -0.0009899826254695654
v,-2.8384159467265135e-09, -0.015681257471442223, -0.002295571845024824
v,-2.568956380955001e-09, -0.009387563914060593, -0.0007808775990270078
v,-2.523418363153951e-09, -0.008697960525751114, -0.0009899826254695654
v,-2.843950186459665e-09, -0.015990423038601875, -0.0025503900833427906
v,-2.8384159467265135e-09, -0.015681257471442223, -0.002295571845024824
v,-2.523418363153951e-09, -0.008697960525751114, -0.0009899826254695654
v,-2.8482936009766036e-09, -0.016291556879878044, -0.002823117421939969
v,-2.843950186459665e-09, -0.015990423038601875, -0.0025503900833427906
v,-2.4772150997165454e-09, -0.008062895387411118, -0.0012824882287532091
v,-2.8482936009766036e-09, -0.016291556879878044, -0.002823117421939969
v,-2.523418363153951e-09, -0.008697960525751114, -0.0009899826254695654
v,-2.4772150997165454e-09, -0.008062895387411118, -0.0012824882287532091
v,-2.85142864875354e-09, -0.01658426783978939, -0.003113668877631426
v,-2.8482936009766036e-09, -0.016291556879878044, -0.002823117421939969
v,-2.4772150997165454e-09, -0.008062895387411118, -0.0012824882287532091
v,-2.6441993039583167e-09, -0.013174680061638355, -0.003727739444002509
v,-2.85142864875354e-09, -0.01658426783978939, -0.003113668877631426
v,-2.6441993039583167e-09, -0.013174680061638355, -0.003727739444002509
v,-2.6544779707649013e-09, -0.013519706204533577, -0.00391602236777544
v,-2.85142864875354e-09, -0.01658426783978939, -0.003113668877631426
v,-2.6544779707649013e-09, -0.013519706204533577, -0.00391602236777544
v,-2.6634674465952912e-09, -0.013865962624549866, -0.004136034287512302
v,-2.85142864875354e-09, -0.01658426783978939, -0.003113668877631426
v,-2.6634674465952912e-09, -0.013865962624549866, -0.004136034287512302
v,-2.6710109679584093e-09, -0.014212170615792274, -0.00438985088840127
v,-2.85142864875354e-09, -0.01658426783978939, -0.003113668877631426
v,-2.6710109679584093e-09, -0.014212170615792274, -0.00438985088840127
v,-2.6769524374969933e-09, -0.014557055197656155, -0.004679549485445023
v,-2.85142864875354e-09, -0.01658426783978939, -0.003113668877631426
v,-2.6769524374969933e-09, -0.014557055197656155, -0.004679549485445023
v,-2.681135313764571e-09, -0.014899340458214283, -0.005007205996662378
v,-2.85142864875354e-09, -0.01658426783978939, -0.003113668877631426
v,-2.681135313764571e-09, -0.014899340458214283, -0.005007205996662378
v,-2.6834030553146704e-09, -0.015237750485539436, -0.005374897737056017
v,-2.85142864875354e-09, -0.01658426783978939, -0.003113668877631426
v,-2.6834030553146704e-09, -0.015237750485539436, -0.005374897737056017
v,-2.683599564790029e-09, -0.015571010299026966, -0.005784700624644756
v,-2.85142864875354e-09, -0.01658426783978939, -0.003113668877631426
v,-2.683599564790029e-09, -0.015571010299026966, -0.005784700624644756
v,-2.6815685227887798e-09, -0.0158978421241045, -0.006238690111786127
v,-2.85142864875354e-09, -0.01658426783978939, -0.003113668877631426
v,-2.4306778811933327e-09, -0.00748684536665678, -0.0016562037635594606
v,-2.6203992309348223e-09, -0.012493414804339409, -0.003438051789999008
v,-2.4772150997165454e-09, -0.008062895387411118, -0.0012824882287532091
v,-2.6203992309348223e-09, -0.012493414804339409, -0.003438051789999008
v,-2.6327875435327996e-09, -0.012832156382501125, -0.0035691079683601856
v,-2.4772150997165454e-09, -0.008062895387411118, -0.0012824882287532091
v,-2.6327875435327996e-09, -0.012832156382501125, -0.0035691079683601856
v,-2.6441993039583167e-09, -0.013174680061638355, -0.003727739444002509
v,-2.4772150997165454e-09, -0.008062895387411118, -0.0012824882287532091
v,-2.384137998134861e-09, -0.006974288262426853, -0.002108934335410595
v,-2.5933182268289556e-09, -0.011832372285425663, -0.0032503597903996706
v,-2.4306778811933327e-09, -0.00748684536665678, -0.0016562037635594606
v,-2.5933182268289556e-09, -0.011832372285425663, -0.0032503597903996706
v,-2.607190685566252e-09, -0.012159728445112705, -0.003332494292408228
v,-2.4306778811933327e-09, -0.00748684536665678, -0.0016562037635594606
v,-2.607190685566252e-09, -0.012159728445112705, -0.003332494292408228
v,-2.6203992309348223e-09, -0.012493414804339409, -0.003438051789999008
v,-2.4306778811933327e-09, -0.00748684536665678, -0.0016562037635594606
v,-2.337926741091678e-09, -0.006529702804982662, -0.0026384880766272545
v,-2.573380619708132e-09, -0.011395766399800777, -0.0031744397711008787
v,-2.384137998134861e-09, -0.006974288262426853, -0.002108934335410595
v,-2.573380619708132e-09, -0.011395766399800777, -0.0031744397711008787
v,-2.5933182268289556e-09, -0.011832372285425663, -0.0032503597903996706
v,-2.384137998134861e-09, -0.006974288262426853, -0.002108934335410595
v,-2.337926741091678e-09, -0.006529702804982662, -0.0026384880766272545
v,-2.5524726776637863e-09, -0.010974799282848835, -0.003140687942504883
v,-2.573380619708132e-09, -0.011395766399800777, -0.0031744397711008787
v,-2.337926741091678e-09, -0.006529702804982662, -0.0026384880766272545
v,-2.5308057871598066e-09, -0.010572496801614761, -0.003147925715893507
v,-2.5524726776637863e-09, -0.010974799282848835, -0.003140687942504883
v,-2.337926741091678e-09, -0.006529702804982662, -0.0026384880766272545
v,-2.508590668526267e-09, -0.010191882029175758, -0.0031949724070727825
v,-2.5308057871598066e-09, -0.010572496801614761, -0.003147925715893507
v,-2.337926741091678e-09, -0.006529702804982662, -0.0026384880766272545
v,-2.4860384861824514e-09, -0.00983598455786705, -0.003280648961663246
v,-2.508590668526267e-09, -0.010191882029175758, -0.0031949724070727825
v,-2.337926741091678e-09, -0.006529702804982662, -0.0026384880766272545
v,-2.4633601825030382e-09, -0.009507828392088413, -0.0034037758596241474
v,-2.4860384861824514e-09, -0.00983598455786705, -0.003280648961663246
v,-2.2923756226589376e-09, -0.006157567724585533, -0.003242671489715576
v,-2.4633601825030382e-09, -0.009507828392088413, -0.0034037758596241474
v,-2.337926741091678e-09, -0.006529702804982662, -0.0026384880766272545
v,-2.2923756226589376e-09, -0.006157567724585533, -0.003242671489715576
v,-2.4407669219073114e-09, -0.009210439398884773, -0.0035631724167615175
v,-2.4633601825030382e-09, -0.009507828392088413, -0.0034037758596241474
v,-2.2923756226589376e-09, -0.006157567724585533, -0.003242671489715576
v,-2.4184694247253447e-09, -0.008946842513978481, -0.003757659113034606
v,-2.4407669219073114e-09, -0.009210439398884773, -0.0035631724167615175
v,-2.2923756226589376e-09, -0.006157567724585533, -0.003242671489715576
v,-2.3966788553764218e-09, -0.008720066398382187, -0.003986055497080088
v,-2.4184694247253447e-09, -0.008946842513978481, -0.003757659113034606
v,-2.2478157113425823e-09, -0.005862359423190355, -0.003919292241334915
v,-2.3966788553764218e-09, -0.008720066398382187, -0.003986055497080088
v,-2.2923756226589376e-09, -0.006157567724585533, -0.003242671489715576
v,-2.2478157113425823e-09, -0.005862359423190355, -0.003919292241334915
v,-2.3756063782798265e-09, -0.008533133193850517, -0.004247182514518499
v,-2.3966788553764218e-09, -0.008720066398382187, -0.003986055497080088
v,-2.2478157113425823e-09, -0.005862359423190355, -0.003919292241334915
v,-2.3554627137656325e-09, -0.008389071561396122, -0.004539859481155872
v,-2.3756063782798265e-09, -0.008533133193850517, -0.004247182514518499
v,-2.2045789638269753e-09, -0.005648559425026178, -0.004666156135499477
v,-2.3554627137656325e-09, -0.008389071561396122, -0.004539859481155872
v,-2.2478157113425823e-09, -0.005862359423190355, -0.003919292241334915
v,-2.2045789638269753e-09, -0.005648559425026178, -0.004666156135499477
v,-2.3364592482977287e-09, -0.008290906436741352, -0.004862907342612743
v,-2.3554627137656325e-09, -0.008389071561396122, -0.004539859481155872
v,-2.2045789638269753e-09, -0.005648559425026178, -0.004666156135499477
v,-2.2974144808785013e-09, -0.008267673663794994, -0.0057485513389110565
v,-2.3364592482977287e-09, -0.008290906436741352, -0.004862907342612743
v,-2.1453714360575304e-09, -0.005543841049075127, -0.005922745913267136
v,-2.2974144808785013e-09, -0.008267673663794994, -0.0057485513389110565
v,-2.2045789638269753e-09, -0.005648559425026178, -0.004666156135499477
v,-2.1453714360575304e-09, -0.005543841049075127, -0.005922745913267136
v,-2.2775847874356714e-09, -0.008559521287679672, -0.006575930863618851
v,-2.2974144808785013e-09, -0.008267673663794994, -0.0057485513389110565
v,-2.1453714360575304e-09, -0.005543841049075127, -0.005922745913267136
v,-2.2725787918176366e-09, -0.009101225063204765, -0.007366787642240524
v,-2.2775847874356714e-09, -0.008559521287679672, -0.006575930863618851
v,-2.1080992507194196e-09, -0.005765204317867756, -0.0070710210129618645
v,-2.2725787918176366e-09, -0.009101225063204765, -0.007366787642240524
v,-2.1453714360575304e-09, -0.005543841049075127, -0.005922745913267136
v,-2.1080992507194196e-09, -0.005765204317867756, -0.0070710210129618645
v,-2.2780053399173994e-09, -0.009827548637986183, -0.008142862468957901
v,-2.2725787918176366e-09, -0.009101225063204765, -0.007366787642240524
v,-2.0886692375654548e-09, -0.006248618476092815, -0.008127249777317047
v,-2.2780053399173994e-09, -0.009827548637986183, -0.008142862468957901
v,-2.1080992507194196e-09, -0.005765204317867756, -0.0070710210129618645
v,-2.0886692375654548e-09, -0.006248618476092815, -0.008127249777317047
v,-2.2894728335387526e-09, -0.010673259384930134, -0.00892589706927538
v,-2.2780053399173994e-09, -0.009827548637986183, -0.008142862468957901
v,-2.0886692375654548e-09, -0.006248618476092815, -0.008127249777317047
v,-2.302590118574699e-09, -0.011573124676942825, -0.009737632237374783
v,-2.2894728335387526e-09, -0.010673259384930134, -0.00892589706927538
v,-2.082987116125423e-09, -0.0069300513714551926, -0.009107696823775768
v,-2.302590118574699e-09, -0.011573124676942825, -0.009737632237374783
v,-2.0886692375654548e-09, -0.006248618476092815, -0.008127249777317047
v,-2.082987116125423e-09, -0.0069300513714551926, -0.009107696823775768
v,-2.3129658188736357e-09, -0.012461910024285316, -0.010599808767437935
v,-2.302590118574699e-09, -0.011573124676942825, -0.009737632237374783
v,-2.086959272062927e-09, -0.007745473179966211, -0.010028631426393986
v,-2.3129658188736357e-09, -0.012461910024285316, -0.010599808767437935
v,-2.082987116125423e-09, -0.0069300513714551926, -0.009107696823775768
v,-2.086959272062927e-09, -0.007745473179966211, -0.010028631426393986
v,-2.316208114194751e-09, -0.01327438186854124, -0.01153416745364666
v,-2.3129658188736357e-09, -0.012461910024285316, -0.010599808767437935
v,-2.0964918689969636e-09, -0.008630853146314621, -0.010906318202614784
v,-2.316208114194751e-09, -0.01327438186854124, -0.01153416745364666
v,-2.086959272062927e-09, -0.007745473179966211, -0.010028631426393986
v,-2.0964918689969636e-09, -0.008630853146314621, -0.010906318202614784
v,-2.3079260724756523e-09, -0.013945307582616806, -0.012562450021505356
v,-2.316208114194751e-09, -0.01327438186854124, -0.01153416745364666
v,-2.107490848501925e-09, -0.009522159583866596, -0.011757025495171547
v,-2.3079260724756523e-09, -0.013945307582616806, -0.012562450021505356
v,-2.0964918689969636e-09, -0.008630853146314621, -0.010906318202614784
v,-2.107490848501925e-09, -0.009522159583866596, -0.011757025495171547
v,-2.2837280955201322e-09, -0.01440945453941822, -0.013706396333873272
v,-2.3079260724756523e-09, -0.013945307582616806, -0.012562450021505356
v,-2.1158625962414135e-09, -0.010355360805988312, -0.012597018852829933
v,-2.2837280955201322e-09, -0.01440945453941822, -0.013706396333873272
v,-2.107490848501925e-09, -0.009522159583866596, -0.011757025495171547
v,-2.1175130537898212e-09, -0.011066427454352379, -0.013442565687000751
v,-2.2837280955201322e-09, -0.01440945453941822, -0.013706396333873272
v,-2.1158625962414135e-09, -0.010355360805988312, -0.012597018852829933
v,-2.1175130537898212e-09, -0.011066427454352379, -0.013442565687000751
v,-2.2392225851319836e-09, -0.014601587317883968, -0.014987749047577381
v,-2.2837280955201322e-09, -0.01440945453941822, -0.013706396333873272
v,-2.1083486068107504e-09, -0.01159132644534111, -0.014309932477772236
v,-2.2392225851319836e-09, -0.014601587317883968, -0.014987749047577381
v,-2.1175130537898212e-09, -0.011066427454352379, -0.013442565687000751
v,-2.0842751968785933e-09, -0.011866026557981968, -0.01521538570523262
v,-2.2392225851319836e-09, -0.014601587317883968, -0.014987749047577381
v,-2.1083486068107504e-09, -0.01159132644534111, -0.014309932477772236
v,-2.0842751968785933e-09, -0.011866026557981968, -0.01521538570523262
v,-2.170018609248814e-09, -0.014456473290920258, -0.016428247094154358
v,-2.2392225851319836e-09, -0.014601587317883968, -0.014987749047577381
v,-2.041199209656952e-09, -0.011826496571302414, -0.01617518998682499
v,-2.170018609248814e-09, -0.014456473290920258, -0.016428247094154358
v,-2.0842751968785933e-09, -0.011866026557981968, -0.01521538570523262
v,-1.5132280983820579e-09, -0.0029474475886672735, -0.017500663176178932
v,-1.6951369197215627e-09, -0.0039784726686775684, -0.014521936886012554
v,-1.702981755613564e-09, -0.0037142650689929724, -0.014009648002684116
v,-2.041199209656952e-09, -0.011826496571302414, -0.01617518998682499
v,-2.1280122108890964e-09, -0.014248304069042206, -0.017153292894363403
v,-2.170018609248814e-09, -0.014456473290920258, -0.016428247094154358
v,-2.02549244043837e-09, -0.011746040545403957, -0.01644303649663925
v,-2.1280122108890964e-09, -0.014248304069042206, -0.017153292894363403
v,-2.041199209656952e-09, -0.011826496571302414, -0.01617518998682499
v,-1.5132280983820579e-09, -0.0029474475886672735, -0.017500663176178932
v,-1.6898010768429117e-09, -0.0042646522633731365, -0.015002777799963951
v,-1.6951369197215627e-09, -0.0039784726686775684, -0.014521936886012554
v,-2.007636057399509e-09, -0.011622610501945019, -0.01670779660344124
v,-2.1280122108890964e-09, -0.014248304069042206, -0.017153292894363403
v,-2.02549244043837e-09, -0.011746040545403957, -0.01644303649663925
v,-2.007636057399509e-09, -0.011622610501945019, -0.01670779660344124
v,-2.084184158590574e-09, -0.013958720490336418, -0.017819775268435478
v,-2.1280122108890964e-09, -0.014248304069042206, -0.017153292894363403
v,-1.5132280983820579e-09, -0.0029474475886672735, -0.017500663176178932
v,-1.6869678987063708e-09, -0.004572051577270031, -0.01545139029622078
v,-1.6898010768429117e-09, -0.0042646522633731365, -0.015002777799963951
v,-1.987912501277833e-09, -0.011456864885985851, -0.016963671892881393
v,-2.084184158590574e-09, -0.013958720490336418, -0.017819775268435478
v,-2.007636057399509e-09, -0.011622610501945019, -0.01670779660344124
v,-1.5132280983820579e-09, -0.0029474475886672735, -0.017500663176178932
v,-1.6866306129514896e-09, -0.004899920430034399, -0.015866992995142937
v,-1.6869678987063708e-09, -0.004572051577270031, -0.01545139029622078
v,-1.9666044348554124e-09, -0.011249462142586708, -0.01720486208796501
v,-2.084184158590574e-09, -0.013958720490336418, -0.017819775268435478
v,-1.987912501277833e-09, -0.011456864885985851, -0.016963671892881393
v,-1.9439940768251063e-09, -0.011001060716807842, -0.017425572499632835
v,-2.084184158590574e-09, -0.013958720490336418, -0.017819775268435478
v,-1.9666044348554124e-09, -0.011249462142586708, -0.01720486208796501
v,-1.9439940768251063e-09, -0.011001060716807842, -0.017425572499632835
v,-2.039016733235144e-09, -0.013593864627182484, -0.01842401921749115
v,-2.084184158590574e-09, -0.013958720490336418, -0.017819775268435478
v,-1.5132280983820579e-09, -0.0029474475886672735, -0.017500663176178932
v,-1.688782669262423e-09, -0.005247507710009813, -0.016248809173703194
v,-1.6866306129514896e-09, -0.004899920430034399, -0.015866992995142937
v,-1.9203643120135894e-09, -0.010712320916354656, -0.01762000098824501
v,-2.039016733235144e-09, -0.013593864627182484, -0.01842401921749115
v,-1.9439940768251063e-09, -0.011001060716807842, -0.017425572499632835
v,-1.5132280983820579e-09, -0.0029474475886672735, -0.017500663176178932
v,-1.6934175173233257e-09, -0.005614062305539846, -0.016596056520938873
v,-1.688782669262423e-09, -0.005247507710009813, -0.016248809173703194
v,-1.8959975811583263e-09, -0.010383901186287403, -0.01778234913945198
v,-2.039016733235144e-09, -0.013593864627182484, -0.01842401921749115
v,-1.9203643120135894e-09, -0.010712320916354656, -0.01762000098824501
v,-1.5132280983820579e-09, -0.0029474475886672735, -0.017500663176178932
v,-1.7005284957960498e-09, -0.005998833104968071, -0.016907958313822746
v,-1.6934175173233257e-09, -0.005614062305539846, -0.016596056520938873
v,-1.8959975811583263e-09, -0.010383901186287403, -0.01778234913945198
v,-1.992992881838518e-09, -0.013159869238734245, -0.018962355330586433
v,-2.039016733235144e-09, -0.013593864627182484, -0.01842401921749115
v,-1.8711761029521767e-09, -0.010016458109021187, -0.01790682040154934
v,-1.992992881838518e-09, -0.013159869238734245, -0.018962355330586433
v,-1.8959975811583263e-09, -0.010383901186287403, -0.01778234913945198
v,-1.5132280983820579e-09, -0.0029474475886672735, -0.017500663176178932
v,-1.7101091653870526e-09, -0.006401068530976772, -0.017183730378746986
v,-1.7005284957960498e-09, -0.005998833104968071, -0.016907958313822746
v,-1.8461827622218152e-09, -0.009610652923583984, -0.01798761449754238
v,-1.992992881838518e-09, -0.013159869238734245, -0.018962355330586433
v,-1.8711761029521767e-09, -0.010016458109021187, -0.01790682040154934
v,-1.5132280983820579e-09, -0.0029474475886672735, -0.017500663176178932
v,-1.7221529757804888e-09, -0.006820020265877247, -0.017422595992684364
v,-1.7101091653870526e-09, -0.006401068530976772, -0.017183730378746986
v,-1.8213002217493113e-09, -0.009167144075036049, -0.01801893301308155
v,-1.992992881838518e-09, -0.013159869238734245, -0.018962355330586433
v,-1.8461827622218152e-09, -0.009610652923583984, -0.01798761449754238
v,-1.5132280983820579e-09, -0.0029474475886672735, -0.017500663176178932
v,-1.7366532656382105e-09, -0.007254934869706631, -0.017623774707317352
v,-1.7221529757804888e-09, -0.006820020265877247, -0.017422595992684364
v,-1.7968107002275246e-09, -0.008686590939760208, -0.01799497939646244
v,-1.992992881838518e-09, -0.013159869238734245, -0.018962355330586433
v,-1.8213002217493113e-09, -0.009167144075036049, -0.01801893301308155
v,-1.5132280983820579e-09, -0.0029474475886672735, -0.017500663176178932
v,-1.7536032625997677e-09, -0.007705060299485922, -0.017786486074328423
v,-1.7366532656382105e-09, -0.007254934869706631, -0.017623774707317352
v,-1.7968107002275246e-09, -0.008686590939760208, -0.01799497939646244
v,-1.946594885282593e-09, -0.012662868946790695, -0.019431106746196747
v,-1.992992881838518e-09, -0.013159869238734245, -0.018962355330586433
v,-1.7729967494162224e-09, -0.008169648237526417, -0.017909951508045197
v,-1.946594885282593e-09, -0.012662868946790695, -0.019431106746196747
v,-1.7968107002275246e-09, -0.008686590939760208, -0.01799497939646244
v,-1.5132280983820579e-09, -0.0029474475886672735, -0.017500663176178932
v,-1.7729967494162224e-09, -0.008169648237526417, -0.017909951508045197
v,-1.7536032625997677e-09, -0.007705060299485922, -0.017786486074328423
v,-1.5132280983820579e-09, -0.0029474475886672735, -0.017500663176178932
v,-1.946594885282593e-09, -0.012662868946790695, -0.019431106746196747
v,-1.7729967494162224e-09, -0.008169648237526417, -0.017909951508045197
v,-1.5132280983820579e-09, -0.0029474475886672735, -0.017500663176178932
v,-1.900305246493872e-09, -0.01210900116711855, -0.019826602190732956
v,-1.946594885282593e-09, -0.012662868946790695, -0.019431106746196747
v,-1.5151293553117284e-09, -0.0032870452851057053, -0.017878418788313866
v,-1.900305246493872e-09, -0.01210900116711855, -0.019826602190732956
v,-1.5132280983820579e-09, -0.0029474475886672735, -0.017500663176178932
v,-1.518682068990529e-09, -0.003637099638581276, -0.018230494111776352
v,-1.900305246493872e-09, -0.01210900116711855, -0.019826602190732956
v,-1.5151293553117284e-09, -0.0032870452851057053, -0.017878418788313866
v,-1.518682068990529e-09, -0.003637099638581276, -0.018230494111776352
v,-1.8546068014657635e-09, -0.0115044005215168, -0.020145166665315628
v,-1.900305246493872e-09, -0.01210900116711855, -0.019826602190732956
v,-1.5239172146408464e-09, -0.003998622298240662, -0.01855742372572422
v,-1.8546068014657635e-09, -0.0115044005215168, -0.020145166665315628
v,-1.518682068990529e-09, -0.003637099638581276, -0.018230494111776352
v,-1.5239172146408464e-09, -0.003998622298240662, -0.01855742372572422
v,-1.8099819421024677e-09, -0.010855203494429588, -0.02038312889635563
v,-1.8546068014657635e-09, -0.0115044005215168, -0.020145166665315628
v,-1.5308659895296728e-09, -0.004372622352093458, -0.018859732896089554
v,-1.8099819421024677e-09, -0.010855203494429588, -0.02038312889635563
v,-1.5239172146408464e-09, -0.003998622298240662, -0.01855742372572422
v,-1.5395592578570927e-09, -0.004760111682116985, -0.019137954339385033
v,-1.8099819421024677e-09, -0.010855203494429588, -0.02038312889635563
v,-1.5308659895296728e-09, -0.004372622352093458, -0.018859732896089554
v,-1.5395592578570927e-09, -0.004760111682116985, -0.019137954339385033
v,-1.7669132823527889e-09, -0.010167542845010757, -0.020536813884973526
v,-1.8099819421024677e-09, -0.010855203494429588, -0.02038312889635563
v,-1.550028216890098e-09, -0.005162101238965988, -0.01939261332154274
v,-1.7669132823527889e-09, -0.010167542845010757, -0.020536813884973526
v,-1.5395592578570927e-09, -0.004760111682116985, -0.019137954339385033
v,-1.562303841851076e-09, -0.005579601041972637, -0.019624244421720505
v,-1.7669132823527889e-09, -0.010167542845010757, -0.020536813884973526
v,-1.550028216890098e-09, -0.005162101238965988, -0.01939261332154274
v,-1.562303841851076e-09, -0.005579601041972637, -0.019624244421720505
v,-1.7258832141209268e-09, -0.009447555989027023, -0.020602546632289886
v,-1.7669132823527889e-09, -0.010167542845010757, -0.020536813884973526
v,-1.5764172189847159e-09, -0.006013623438775539, -0.01983337476849556
v,-1.7258832141209268e-09, -0.009447555989027023, -0.020602546632289886
v,-1.562303841851076e-09, -0.005579601041972637, -0.019624244421720505
v,-1.5923995455580098e-09, -0.006465177983045578, -0.020020531490445137
v,-1.7258832141209268e-09, -0.009447555989027023, -0.020602546632289886
v,-1.5764172189847159e-09, -0.006013623438775539, -0.01983337476849556
v,-1.5923995455580098e-09, -0.006465177983045578, -0.020020531490445137
v,-1.687374573400291e-09, -0.008701376616954803, -0.020576657727360725
v,-1.7258832141209268e-09, -0.009447555989027023, -0.020602546632289886
v,-1.6102816857710422e-09, -0.006935276091098785, -0.020186247304081917
v,-1.687374573400291e-09, -0.008701376616954803, -0.020576657727360725
v,-1.5923995455580098e-09, -0.006465177983045578, -0.020020531490445137
v,-1.6300947258685028e-09, -0.007424927782267332, -0.02033105120062828
v,-1.687374573400291e-09, -0.008701376616954803, -0.020576657727360725
v,-1.6102816857710422e-09, -0.006935276091098785, -0.020186247304081917
v,-1.6300947258685028e-09, -0.007424927782267332, -0.02033105120062828
v,-1.651869752095081e-09, -0.007935143075883389, -0.02045547030866146
v,-1.687374573400291e-09, -0.008701376616954803, -0.020576657727360725
n,-34.692691802978516, 1.8418081708659884e-06, -1.4811550954618724e-06
n,-34.692691802978516, 1.8418081708659884e-06, -1.4811550954618724e-06
n,-34.692691802978516, 1.8418081708659884e-06, -1.4811550954618724e-06
n,-34.692691802978516, 1.8418081708659884e-06, -1.4811550954618724e-06
n,-34.692691802978516, 1.8418081708659884e-06, -1.4811550954618724e-06
n,-34.692691802978516, 1.8418081708659884e-06, -1.4811550954618724e-06
n,-34.692691802978516, 1.8418081708659884e-06, -1.4811550954618724e-06
n,-34.692691802978516, 1.8418081708659884e-06, -1.4811550954618724e-06
n,-34.692691802978516, 1.8418081708659884e-06, -1.4811550954618724e-06
n,-34.692691802978516, 1.8418081708659884e-06, -1.4811550954618724e-06
n,-34.692691802978516, 1.8418081708659884e-06, -1.4811550954618724e-06
n,-34.692691802978516, 1.8418081708659884e-06, -1.4811550954618724e-06
n,-34.692691802978516, 1.8418081708659884e-06, -1.4811550954618724e-06
n,-34.692691802978516, 1.8418081708659884e-06, -1.4811550954618724e-06
n,-34.692691802978516, 1.8418081708659884e-06, -1.4811550954618724e-06
n,-34.692691802978516, 1.8418081708659884e-06, -1.4811550954618724e-06
n,-34.692691802978516, 1.8418081708659884e-06, -1.4811550954618724e-06
n,-34.692691802978516, 1.8418081708659884e-06, -1.4811550954618724e-06
n,-34.692691802978516, 1.8418081708659884e-06, -1.4811550954618724e-06
n,-34.692691802978516, 1.8418081708659884e-06, -1.4811550954618724e-06
n,-34.692691802978516, 1.8418081708659884e-06, -1.4811550954618724e-06
n,-34.692691802978516, 1.8418081708659884e-06, -1.4811550954618724e-06
n,-34.692691802978516, 1.8418081708659884e-06, -1.4811550954618724e-06
n,-34.692691802978516, 1.8418081708659884e-06, -1.4811550954618724e-06
n,-34.692691802978516, 1.8418081708659884e-06, -1.4811550954618724e-06
n,-34.692691802978516, 1.8418081708659884e-06, -1.4811550954618724e-06
n,-34.692691802978516, 1.8418081708659884e-06, -1.4811550954618724e-06
n,-34.692691802978516, 1.8418081708659884e-06, -1.4811550954618724e-06
n,-34.692691802978516, 1.8418081708659884e-06, -1.4811550954618724e-06
n,-34.692691802978516, 1.8418081708659884e-06, -1.4811550954618724e-06
n,-34.692691802978516, 1.8418081708659884e-06, -1.4811550954618724e-06
n,-34.692691802978516, 1.8418081708659884e-06, -1.4811550954618724e-06
n,-34.692691802978516, 1.8418081708659884e-06, -1.4811550954618724e-06
n,-34.692691802978516, 1.8418081708659884e-06, -1.4811550954618724e-06
n,-34.692691802978516, 1.8418081708659884e-06, -1.4811550954618724e-06
n,-34.692691802978516, 1.8418081708659884e-06, -1.4811550954618724e-06
n,-34.692691802978516, 1.8418081708659884e-06, -1.4811550954618724e-06
n,-34.692691802978516, 1.8418081708659884e-06, -1.4811550954618724e-06
n,-34.692691802978516, 1.8418081708659884e-06, -1.4811550954618724e-06
n,-34.692691802978516, 1.8418081708659884e-06, -1.4811550954618724e-06
n,-34.692691802978516, 1.8418081708659884e-06, -1.4811550954618724e-06
n,-34.692691802978516, 1.8418081708659884e-06, -1.4811550954618724e-06
n,-34.692691802978516, 1.8418081708659884e-06, -1.4811550954618724e-06
n,-34.692691802978516, 1.8418081708659884e-06, -1.4811550954618724e-06
n,-34.692691802978516, 1.8418081708659884e-06, -1.4811550954618724e-06
n,-34.692691802978516, 1.8418081708659884e-06, -1.4811550954618724e-06
n,-34.692691802978516, 1.8418081708659884e-06, -1.4811550954618724e-06
n,-34.692691802978516, 1.8418081708659884e-06, -1.4811550954618724e-06
n,-34.692691802978516, 1.8418081708659884e-06, -1.4811550954618724e-06
n,-34.692691802978516, 1.8418081708659884e-06, -1.4811550954618724e-06
n,-34.692691802978516, 1.8418081708659884e-06, -1.4811550954618724e-06
n,-34.692691802978516, 1.8418081708659884e-06, -1.4811550954618724e-06
n,-34.692691802978516, 1.8418081708659884e-06, -1.4811550954618724e-06
n,-34.692691802978516, 1.8418081708659884e-06, -1.4811550954618724e-06
n,-34.692691802978516, 1.8418081708659884e-06, -1.4811550954618724e-06
n,-34.692691802978516, 1.8418081708659884e-06, -1.4811550954618724e-06
n,-34.692691802978516, 1.8418081708659884e-06, -1.4811550954618724e-06
n,-34.692691802978516, 1.8418081708659884e-06, -1.4811550954618724e-06
n,-34.692691802978516, 1.8418081708659884e-06, -1.4811550954618724e-06
n,-34.692691802978516, 1.8418081708659884e-06, -1.4811550954618724e-06
n,-34.692691802978516, 1.8418081708659884e-06, -1.4811550954618724e-06
n,-34.692691802978516, 1.8418081708659884e-06, -1.4811550954618724e-06
n,-34.692691802978516, 1.8418081708659884e-06, -1.4811550954618724e-06
n,-34.692691802978516, 1.8418081708659884e-06, -1.4811550954618724e-06
n,-34.692691802978516, 1.8418081708659884e-06, -1.4811550954618724e-06
n,-34.692691802978516, 1.8418081708659884e-06, -1.4811550954618724e-06
n,-34.692691802978516, 1.8418081708659884e-06, -1.4811550954618724e-06
n,-34.692691802978516, 1.8418081708659884e-06, -1.4811550954618724e-06
n,-34.692691802978516, 1.8418081708659884e-06, -1.4811550954618724e-06
n,-34.692691802978516, 1.8418081708659884e-06, -1.4811550954618724e-06
n,-34.692691802978516, 1.8418081708659884e-06, -1.4811550954618724e-06
n,-34.692691802978516, 1.8418081708659884e-06, -1.4811550954618724e-06
n,-34.692691802978516, 1.8418081708659884e-06, -1.4811550954618724e-06
n,-34.692691802978516, 1.8418081708659884e-06, -1.4811550954618724e-06
n,-34.692691802978516, 1.8418081708659884e-06, -1.4811550954618724e-06
n,-34.692691802978516, 1.8418081708659884e-06, -1.4811550954618724e-06
n,-34.692691802978516, 1.8418081708659884e-06, -1.4811550954618724e-06
n,-34.692691802978516, 1.8418081708659884e-06, -1.4811550954618724e-06
n,-34.692691802978516, 1.8418081708659884e-06, -1.4811550954618724e-06
n,-34.692691802978516, 1.8418081708659884e-06, -1.4811550954618724e-06
n,-34.692691802978516, 1.8418081708659884e-06, -1.4811550954618724e-06
n,-34.692691802978516, 1.8418081708659884e-06, -1.4811550954618724e-06
n,-34.692691802978516, 1.8418081708659884e-06, -1.4811550954618724e-06
n,-34.692691802978516, 1.8418081708659884e-06, -1.4811550954618724e-06
n,-34.692691802978516, 1.8418081708659884e-06, -1.4811550954618724e-06
n,-34.692691802978516, 1.8418081708659884e-06, -1.4811550954618724e-06
n,-34.692691802978516, 1.8418081708659884e-06, -1.4811550954618724e-06
n,-34.692691802978516, 1.8418081708659884e-06, -1.4811550954618724e-06
n,-34.692691802978516, 1.8418081708659884e-06, -1.4811550954618724e-06
n,-34.692691802978516, 1.8418081708659884e-06, -1.4811550954618724e-06
n,-34.692691802978516, 1.8418081708659884e-06, -1.4811550954618724e-06
n,-34.692691802978516, 1.8418081708659884e-06, -1.4811550954618724e-06
n,-34.692691802978516, 1.8418081708659884e-06, -1.4811550954618724e-06
n,-34.692691802978516, 1.8418081708659884e-06, -1.4811550954618724e-06
n,-34.692691802978516, 1.8418081708659884e-06, -1.4811550954618724e-06
n,-34.692691802978516, 1.8418081708659884e-06, -1.4811550954618724e-06
n,-34.692691802978516, 1.8418081708659884e-06, -1.4811550954618724e-06
n,-34.692691802978516, 1.8418081708659884e-06, -1.4811550954618724e-06
n,-34.692691802978516, 1.8418081708659884e-06, -1.4811550954618724e-06
n,-34.692691802978516, 1.8418081708659884e-06, -1.4811550954618724e-06
n,-34.692691802978516, 1.8418081708659884e-06, -1.4811550954618724e-06
n,-34.692691802978516, 1.8418081708659884e-06, -1.4811550954618724e-06
n,-34.692691802978516, 1.8418081708659884e-06, -1.4811550954618724e-06
n,-34.692691802978516, 1.8418081708659884e-06, -1.4811550954618724e-06
n,-34.692691802978516, 1.8418081708659884e-06, -1.4811550954618724e-06
n,-34.692691802978516, 1.8418081708659884e-06, -1.4811550954618724e-06
n,-34.692691802978516, 1.8418081708659884e-06, -1.4811550954618724e-06
n,-34.692691802978516, 1.8418081708659884e-06, -1.4811550954618724e-06
n,-34.692691802978516, 1.8418081708659884e-06, -1.4811550954618724e-06
n,-34.692691802978516, 1.8418081708659884e-06, -1.4811550954618724e-06
n,-34.692691802978516, 1.8418081708659884e-06, -1.4811550954618724e-06
n,-34.692691802978516, 1.8418081708659884e-06, -1.4811550954618724e-06
n,-34.692691802978516, 1.8418081708659884e-06, -1.4811550954618724e-06
n,-34.692691802978516, 1.8418081708659884e-06, -1.4811550954618724e-06
n,-34.692691802978516, 1.8418081708659884e-06, -1.4811550954618724e-06
n,-34.692691802978516, 1.8418081708659884e-06, -1.4811550954618724e-06
n,-34.692691802978516, 1.8418081708659884e-06, -1.4811550954618724e-06
n,-34.692691802978516, 1.8418081708659884e-06, -1.4811550954618724e-06
n,-34.692691802978516, 1.8418081708659884e-06, -1.4811550954618724e-06
n,-34.692691802978516, 1.8418081708659884e-06, -1.4811550954618724e-06
u,0.10743801295757294, 1.0, 0
u,0.09090909361839294, 1.0, 0
u,0.09917355328798294, 1.0, 0
u,0.10743801295757294, 1.0, 0
u,0.08264462649822235, 1.0, 0
u,0.09090909361839294, 1.0, 0
u,0.10743801295757294, 1.0, 0
u,0.07438016682863235, 1.0, 0
u,0.08264462649822235, 1.0, 0
u,0.11570248007774353, 1.0, 0
u,0.07438016682863235, 1.0, 0
u,0.10743801295757294, 1.0, 0
u,0.11570248007774353, 1.0, 0
u,0.06611569970846176, 1.0, 0
u,0.07438016682863235, 1.0, 0
u,0.11570248007774353, 1.0, 0
u,0.057851240038871765, 1.0, 0
u,0.06611569970846176, 1.0, 0
u,0.12396693974733353, 1.0, 0
u,0.057851240038871765, 1.0, 0
u,0.11570248007774353, 1.0, 0
u,0.12396693974733353, 1.0, 0
u,0.04958677664399147, 1.0, 0
u,0.057851240038871765, 1.0, 0
u,0.12396693974733353, 1.0, 0
u,0.041322313249111176, 1.0, 0
u,0.04958677664399147, 1.0, 0
u,0.13223139941692352, 1.0, 0
u,0.041322313249111176, 1.0, 0
u,0.12396693974733353, 1.0, 0
u,0.13223139941692352, 1.0, 0
u,0.03305784985423088, 1.0, 0
u,0.041322313249111176, 1.0, 0
u,0.13223139941692352, 1.0, 0
u,0.024793388321995735, 1.0, 0
u,0.03305784985423088, 1.0, 0
u,0.14049586653709412, 1.0, 0
u,0.024793388321995735, 1.0, 0
u,0.13223139941692352, 1.0, 0
u,0.14049586653709412, 1.0, 0
u,0.01652892492711544, 1.0, 0
u,0.024793388321995735, 1.0, 0
u,0.14049586653709412, 1.0, 0
u,0.00826446246355772, 1.0, 0
u,0.01652892492711544, 1.0, 0
u,0.1487603336572647, 1.0, 0
u,0.00826446246355772, 1.0, 0
u,0.14049586653709412, 1.0, 0
u,0.1487603336572647, 1.0, 0
u,0.0, 1.0, 0
u,0.00826446246355772, 1.0, 0
u,0.1487603336572647, 1.0, 0
u,0.93388432264328, 1.0, 0
u,0.0, 1.0, 0
u,0.93388432264328, 1.0, 0
u,0.942148745059967, 1.0, 0
u,0.0, 1.0, 0
u,0.942148745059967, 1.0, 0
u,0.9504132270812988, 1.0, 0
u,0.0, 1.0, 0
u,0.9504132270812988, 1.0, 0
u,0.9586777091026306, 1.0, 0
u,0.0, 1.0, 0
u,0.9586777091026306, 1.0, 0
u,0.9669421315193176, 1.0, 0
u,0.0, 1.0, 0
u,0.9669421315193176, 1.0, 0
u,0.9752066135406494, 1.0, 0
u,0.0, 1.0, 0
u,0.9752066135406494, 1.0, 0
u,0.9834710955619812, 1.0, 0
u,0.0, 1.0, 0
u,0.9834710955619812, 1.0, 0
u,0.9917355179786682, 1.0, 0
u,0.0, 1.0, 0
u,0.9917355179786682, 1.0, 0
u,1.0, 1.0, 0
u,0.0, 1.0, 0
u,0.1570248007774353, 1.0, 0
u,0.9173553586006165, 1.0, 0
u,0.1487603336572647, 1.0, 0
u,0.9173553586006165, 1.0, 0
u,0.9256198406219482, 1.0, 0
u,0.1487603336572647, 1.0, 0
u,0.9256198406219482, 1.0, 0
u,0.93388432264328, 1.0, 0
u,0.1487603336572647, 1.0, 0
u,0.1652892529964447, 1.0, 0
u,0.9008264541625977, 1.0, 0
u,0.1570248007774353, 1.0, 0
u,0.9008264541625977, 1.0, 0
u,0.9090909361839294, 1.0, 0
u,0.1570248007774353, 1.0, 0
u,0.9090909361839294, 1.0, 0
u,0.9173553586006165, 1.0, 0
u,0.1570248007774353, 1.0, 0
u,0.1735537201166153, 1.0, 0
u,0.8925619721412659, 1.0, 0
u,0.1652892529964447, 1.0, 0
u,0.8925619721412659, 1.0, 0
u,0.9008264541625977, 1.0, 0
u,0.1652892529964447, 1.0, 0
u,0.1735537201166153, 1.0, 0
u,0.8842975497245789, 1.0, 0
u,0.8925619721412659, 1.0, 0
u,0.1735537201166153, 1.0, 0
u,0.8760330677032471, 1.0, 0
u,0.8842975497245789, 1.0, 0
u,0.1735537201166153, 1.0, 0
u,0.8677685856819153, 1.0, 0
u,0.8760330677032471, 1.0, 0
u,0.1735537201166153, 1.0, 0
u,0.8595041036605835, 1.0, 0
u,0.8677685856819153, 1.0, 0
u,0.1735537201166153, 1.0, 0
u,0.8512396812438965, 1.0, 0
u,0.8595041036605835, 1.0, 0
u,0.1818181872367859, 1.0, 0
u,0.8512396812438965, 1.0, 0
u,0.1735537201166153, 1.0, 0
u,0.1818181872367859, 1.0, 0
u,0.8429751992225647, 1.0, 0
u,0.8512396812438965, 1.0, 0
u,0.1818181872367859, 1.0, 0
u,0.8347107172012329, 1.0, 0
u,0.8429751992225647, 1.0, 0
u,0.1818181872367859, 1.0, 0
u,0.8264462947845459, 1.0, 0
u,0.8347107172012329, 1.0, 0
u,0.1900826394557953, 1.0, 0
u,0.8264462947845459, 1.0, 0
u,0.1818181872367859, 1.0, 0
u,0.1900826394557953, 1.0, 0
u,0.8181818127632141, 1.0, 0
u,0.8264462947845459, 1.0, 0
u,0.1900826394557953, 1.0, 0
u,0.8099173307418823, 1.0, 0
u,0.8181818127632141, 1.0, 0
u,0.19834710657596588, 1.0, 0
u,0.8099173307418823, 1.0, 0
u,0.1900826394557953, 1.0, 0
u,0.19834710657596588, 1.0, 0
u,0.8016529083251953, 1.0, 0
u,0.8099173307418823, 1.0, 0
u,0.19834710657596588, 1.0, 0
u,0.7933884263038635, 1.0, 0
u,0.8016529083251953, 1.0, 0
u,0.20661157369613647, 1.0, 0
u,0.7933884263038635, 1.0, 0
u,0.19834710657596588, 1.0, 0
u,0.20661157369613647, 1.0, 0
u,0.7851239442825317, 1.0, 0
u,0.7933884263038635, 1.0, 0
u,0.20661157369613647, 1.0, 0
u,0.7768595218658447, 1.0, 0
u,0.7851239442825317, 1.0, 0
u,0.21487602591514587, 1.0, 0
u,0.7768595218658447, 1.0, 0
u,0.20661157369613647, 1.0, 0
u,0.21487602591514587, 1.0, 0
u,0.7685950398445129, 1.0, 0
u,0.7768595218658447, 1.0, 0
u,0.22314049303531647, 1.0, 0
u,0.7685950398445129, 1.0, 0
u,0.21487602591514587, 1.0, 0
u,0.22314049303531647, 1.0, 0
u,0.7603305578231812, 1.0, 0
u,0.7685950398445129, 1.0, 0
u,0.22314049303531647, 1.0, 0
u,0.7520661354064941, 1.0, 0
u,0.7603305578231812, 1.0, 0
u,0.23140496015548706, 1.0, 0
u,0.7520661354064941, 1.0, 0
u,0.22314049303531647, 1.0, 0
u,0.23140496015548706, 1.0, 0
u,0.7438016533851624, 1.0, 0
u,0.7520661354064941, 1.0, 0
u,0.23966942727565765, 1.0, 0
u,0.7438016533851624, 1.0, 0
u,0.23140496015548706, 1.0, 0
u,0.23966942727565765, 1.0, 0
u,0.7355371713638306, 1.0, 0
u,0.7438016533851624, 1.0, 0
u,0.24793387949466705, 1.0, 0
u,0.7355371713638306, 1.0, 0
u,0.23966942727565765, 1.0, 0
u,0.24793387949466705, 1.0, 0
u,0.7272727489471436, 1.0, 0
u,0.7355371713638306, 1.0, 0
u,0.25619834661483765, 1.0, 0
u,0.7272727489471436, 1.0, 0
u,0.24793387949466705, 1.0, 0
u,0.25619834661483765, 1.0, 0
u,0.7190082669258118, 1.0, 0
u,0.7272727489471436, 1.0, 0
u,0.26446279883384705, 1.0, 0
u,0.7190082669258118, 1.0, 0
u,0.25619834661483765, 1.0, 0
u,0.27272728085517883, 1.0, 0
u,0.7190082669258118, 1.0, 0
u,0.26446279883384705, 1.0, 0
u,0.27272728085517883, 1.0, 0
u,0.71074378490448, 1.0, 0
u,0.7190082669258118, 1.0, 0
u,0.28099173307418823, 1.0, 0
u,0.71074378490448, 1.0, 0
u,0.27272728085517883, 1.0, 0
u,0.28925618529319763, 1.0, 0
u,0.71074378490448, 1.0, 0
u,0.28099173307418823, 1.0, 0
u,0.28925618529319763, 1.0, 0
u,0.702479362487793, 1.0, 0
u,0.71074378490448, 1.0, 0
u,0.2975206673145294, 1.0, 0
u,0.702479362487793, 1.0, 0
u,0.28925618529319763, 1.0, 0
u,0.5041322112083435, 1.0, 0
u,0.4876033067703247, 1.0, 0
u,0.4958677589893341, 1.0, 0
u,0.2975206673145294, 1.0, 0
u,0.6942148804664612, 1.0, 0
u,0.702479362487793, 1.0, 0
u,0.3057851195335388, 1.0, 0
u,0.6942148804664612, 1.0, 0
u,0.2975206673145294, 1.0, 0
u,0.5041322112083435, 1.0, 0
u,0.4793388545513153, 1.0, 0
u,0.4876033067703247, 1.0, 0
u,0.3140496015548706, 1.0, 0
u,0.6942148804664612, 1.0, 0
u,0.3057851195335388, 1.0, 0
u,0.3140496015548706, 1.0, 0
u,0.6859503984451294, 1.0, 0
u,0.6942148804664612, 1.0, 0
u,0.5041322112083435, 1.0, 0
u,0.4710743725299835, 1.0, 0
u,0.4793388545513153, 1.0, 0
u,0.32231405377388, 1.0, 0
u,0.6859503984451294, 1.0, 0
u,0.3140496015548706, 1.0, 0
u,0.5041322112083435, 1.0, 0
u,0.4628099203109741, 1.0, 0
u,0.4710743725299835, 1.0, 0
u,0.3305785059928894, 1.0, 0
u,0.6859503984451294, 1.0, 0
u,0.32231405377388, 1.0, 0
u,0.3388429880142212, 1.0, 0
u,0.6859503984451294, 1.0, 0
u,0.3305785059928894, 1.0, 0
u,0.3388429880142212, 1.0, 0
u,0.6776859760284424, 1.0, 0
u,0.6859503984451294, 1.0, 0
u,0.5041322112083435, 1.0, 0
u,0.4545454680919647, 1.0, 0
u,0.4628099203109741, 1.0, 0
u,0.3471074402332306, 1.0, 0
u,0.6776859760284424, 1.0, 0
u,0.3388429880142212, 1.0, 0
u,0.5041322112083435, 1.0, 0
u,0.44628098607063293, 1.0, 0
u,0.4545454680919647, 1.0, 0
u,0.35537189245224, 1.0, 0
u,0.6776859760284424, 1.0, 0
u,0.3471074402332306, 1.0, 0
u,0.5041322112083435, 1.0, 0
u,0.43801653385162354, 1.0, 0
u,0.44628098607063293, 1.0, 0
u,0.35537189245224, 1.0, 0
u,0.6694214940071106, 1.0, 0
u,0.6776859760284424, 1.0, 0
u,0.3636363744735718, 1.0, 0
u,0.6694214940071106, 1.0, 0
u,0.35537189245224, 1.0, 0
u,0.5041322112083435, 1.0, 0
u,0.42975205183029175, 1.0, 0
u,0.43801653385162354, 1.0, 0
u,0.3719008266925812, 1.0, 0
u,0.6694214940071106, 1.0, 0
u,0.3636363744735718, 1.0, 0
u,0.5041322112083435, 1.0, 0
u,0.42148759961128235, 1.0, 0
u,0.42975205183029175, 1.0, 0
u,0.3801652789115906, 1.0, 0
u,0.6694214940071106, 1.0, 0
u,0.3719008266925812, 1.0, 0
u,0.5041322112083435, 1.0, 0
u,0.41322314739227295, 1.0, 0
u,0.42148759961128235, 1.0, 0
u,0.38842976093292236, 1.0, 0
u,0.6694214940071106, 1.0, 0
u,0.3801652789115906, 1.0, 0
u,0.5041322112083435, 1.0, 0
u,0.40495866537094116, 1.0, 0
u,0.41322314739227295, 1.0, 0
u,0.38842976093292236, 1.0, 0
u,0.6611570119857788, 1.0, 0
u,0.6694214940071106, 1.0, 0
u,0.39669421315193176, 1.0, 0
u,0.6611570119857788, 1.0, 0
u,0.38842976093292236, 1.0, 0
u,0.5041322112083435, 1.0, 0
u,0.39669421315193176, 1.0, 0
u,0.40495866537094116, 1.0, 0
u,0.5041322112083435, 1.0, 0
u,0.6611570119857788, 1.0, 0
u,0.39669421315193176, 1.0, 0
u,0.5041322112083435, 1.0, 0
u,0.6528925895690918, 1.0, 0
u,0.6611570119857788, 1.0, 0
u,0.5123966932296753, 1.0, 0
u,0.6528925895690918, 1.0, 0
u,0.5041322112083435, 1.0, 0
u,0.5206611752510071, 1.0, 0
u,0.6528925895690918, 1.0, 0
u,0.5123966932296753, 1.0, 0
u,0.5206611752510071, 1.0, 0
u,0.64462810754776, 1.0, 0
u,0.6528925895690918, 1.0, 0
u,0.5289255976676941, 1.0, 0
u,0.64462810754776, 1.0, 0
u,0.5206611752510071, 1.0, 0
u,0.5289255976676941, 1.0, 0
u,0.6363636255264282, 1.0, 0
u,0.64462810754776, 1.0, 0
u,0.5371900796890259, 1.0, 0
u,0.6363636255264282, 1.0, 0
u,0.5289255976676941, 1.0, 0
u,0.5454545617103577, 1.0, 0
u,0.6363636255264282, 1.0, 0
u,0.5371900796890259, 1.0, 0
u,0.5454545617103577, 1.0, 0
u,0.6280992031097412, 1.0, 0
u,0.6363636255264282, 1.0, 0
u,0.5537189841270447, 1.0, 0
u,0.6280992031097412, 1.0, 0
u,0.5454545617103577, 1.0, 0
u,0.5619834661483765, 1.0, 0
u,0.6280992031097412, 1.0, 0
u,0.5537189841270447, 1.0, 0
u,0.5619834661483765, 1.0, 0
u,0.6198347210884094, 1.0, 0
u,0.6280992031097412, 1.0, 0
u,0.5702479481697083, 1.0, 0
u,0.6198347210884094, 1.0, 0
u,0.5619834661483765, 1.0, 0
u,0.5785123705863953, 1.0, 0
u,0.6198347210884094, 1.0, 0
u,0.5702479481697083, 1.0, 0
u,0.5785123705863953, 1.0, 0
u,0.6115702390670776, 1.0, 0
u,0.6198347210884094, 1.0, 0
u,0.586776852607727, 1.0, 0
u,0.6115702390670776, 1.0, 0
u,0.5785123705863953, 1.0, 0
u,0.5950413346290588, 1.0, 0
u,0.6115702390670776, 1.0, 0
u,0.586776852607727, 1.0, 0
u,0.5950413346290588, 1.0, 0
u,0.6033057570457458, 1.0, 0
u,0.6115702390670776, 1.0, 0
