v,-2.6459390234379043e-09, -0.010541754774749279, 0.005467912182211876
v,-2.701842083396855e-09, -0.011788157746195793, 0.005381871946156025
v,-2.685999200835454e-09, -0.01141610462218523, 0.005426955875009298
v,-2.6459390234379043e-09, -0.010541754774749279, 0.005467912182211876
v,-2.716748159770077e-09, -0.012157991528511047, 0.005317697301506996
v,-2.701842083396855e-09, -0.011788157746195793, 0.005381871946156025
v,-2.6459390234379043e-09, -0.010541754774749279, 0.005467912182211876
v,-2.7306996663867267e-09, -0.012525206431746483, 0.005234468262642622
v,-2.716748159770077e-09, -0.012157991528511047, 0.005317697301506996
v,-2.6043638357009513e-09, -0.009714912623167038, 0.005421803332865238
v,-2.7306996663867267e-09, -0.012525206431746483, 0.005234468262642622
v,-2.6459390234379043e-09, -0.010541754774749279, 0.005467912182211876
v,-2.6043638357009513e-09, -0.009714912623167038, 0.005421803332865238
v,-2.7436792837676194e-09, -0.012889403849840164, 0.005132223013788462
v,-2.7306996663867267e-09, -0.012525206431746483, 0.005234468262642622
v,-2.6043638357009513e-09, -0.009714912623167038, 0.005421803332865238
v,-2.755669692433571e-09, -0.013250185176730156, 0.005011000204831362
v,-2.7436792837676194e-09, -0.012889403849840164, 0.005132223013788462
v,-2.5615916054988475e-09, -0.008939757943153381, 0.005291346460580826
v,-2.755669692433571e-09, -0.013250185176730156, 0.005011000204831362
v,-2.6043638357009513e-09, -0.009714912623167038, 0.005421803332865238
v,-2.5615916054988475e-09, -0.008939757943153381, 0.005291346460580826
v,-2.7666533508607927e-09, -0.013607151806354523, 0.004870837554335594
v,-2.755669692433571e-09, -0.013250185176730156, 0.005011000204831362
v,-2.5615916054988475e-09, -0.008939757943153381, 0.005291346460580826
v,-2.7766129395701e-09, -0.013959906063973904, 0.004711771849542856
v,-2.7666533508607927e-09, -0.013607151806354523, 0.004870837554335594
v,-2.51794096683966e-09, -0.008220469579100609, 0.005079261492937803
v,-2.7766129395701e-09, -0.013959906063973904, 0.004711771849542856
v,-2.5615916054988475e-09, -0.008939757943153381, 0.005291346460580826
v,-2.51794096683966e-09, -0.008220469579100609, 0.005079261492937803
v,-2.785530917037704e-09, -0.014308049343526363, 0.004533843137323856
v,-2.7766129395701e-09, -0.013959906063973904, 0.004711771849542856
v,-2.51794096683966e-09, -0.008220469579100609, 0.005079261492937803
v,-2.7933899637844206e-09, -0.014651181176304817, 0.004337087739259005
v,-2.785530917037704e-09, -0.014308049343526363, 0.004533843137323856
v,-2.473730331686852e-09, -0.007561228703707457, 0.004788265563547611
v,-2.7933899637844206e-09, -0.014651181176304817, 0.004337087739259005
v,-2.51794096683966e-09, -0.008220469579100609, 0.005079261492937803
v,-2.473730331686852e-09, -0.007561228703707457, 0.004788265563547611
v,-2.8001725382864606e-09, -0.014988903887569904, 0.004121543373912573
v,-2.7933899637844206e-09, -0.014651181176304817, 0.004337087739259005
v,-2.473730331686852e-09, -0.007561228703707457, 0.004788265563547611
v,-2.80586132106464e-09, -0.015320819802582264, 0.0038872496224939823
v,-2.8001725382864606e-09, -0.014988903887569904, 0.004121543373912573
v,-2.4292776679146755e-09, -0.006966214161366224, 0.004421079531311989
v,-2.80586132106464e-09, -0.015320819802582264, 0.0038872496224939823
v,-2.473730331686852e-09, -0.007561228703707457, 0.004788265563547611
v,-2.4292776679146755e-09, -0.006966214161366224, 0.004421079531311989
v,-2.8104387705951694e-09, -0.01564653031527996, 0.0036342437379062176
v,-2.80586132106464e-09, -0.015320819802582264, 0.0038872496224939823
v,-2.4292776679146755e-09, -0.006966214161366224, 0.004421079531311989
v,-2.607551508049255e-09, -0.012336273677647114, 0.002612199867144227
v,-2.8104387705951694e-09, -0.01564653031527996, 0.0036342437379062176
v,-2.607551508049255e-09, -0.012336273677647114, 0.002612199867144227
v,-2.618715022606466e-09, -0.012701543979346752, 0.00246704020537436
v,-2.8104387705951694e-09, -0.01564653031527996, 0.0036342437379062176
v,-2.618715022606466e-09, -0.012701543979346752, 0.00246704020537436
v,-2.6287567678195956e-09, -0.013071874156594276, 0.0022905333898961544
v,-2.8104387705951694e-09, -0.01564653031527996, 0.0036342437379062176
v,-2.6287567678195956e-09, -0.013071874156594276, 0.0022905333898961544
v,-2.637531304472418e-09, -0.013446245342493057, 0.0020804640371352434
v,-2.8104387705951694e-09, -0.01564653031527996, 0.0036342437379062176
v,-2.637531304472418e-09, -0.013446245342493057, 0.0020804640371352434
v,-2.644894081527127e-09, -0.013823644258081913, 0.0018346167635172606
v,-2.8104387705951694e-09, -0.01564653031527996, 0.0036342437379062176
v,-2.644894081527127e-09, -0.013823644258081913, 0.0018346167635172606
v,-2.650699659767497e-09, -0.014203053899109364, 0.0015507759526371956
v,-2.8104387705951694e-09, -0.01564653031527996, 0.0036342437379062176
v,-2.650699659767497e-09, -0.014203053899109364, 0.0015507759526371956
v,-2.6548032661111165e-09, -0.014583460986614227, 0.00122672482393682
v,-2.8104387705951694e-09, -0.01564653031527996, 0.0036342437379062176
v,-2.6548032661111165e-09, -0.014583460986614227, 0.00122672482393682
v,-2.6570599054309696e-09, -0.014963849447667599, 0.0008602486341260374
v,-2.8104387705951694e-09, -0.01564653031527996, 0.0036342437379062176
v,-2.6570599054309696e-09, -0.014963849447667599, 0.0008602486341260374
v,-2.6573245826000402e-09, -0.015343204140663147, 0.0004491332219913602
v,-2.8104387705951694e-09, -0.01564653031527996, 0.0036342437379062176
v,-2.384901609531198e-09, -0.006439605727791786, 0.003980420529842377
v,-2.582438263232234e-09, -0.011624966748058796, 0.002817342057824135
v,-2.4292776679146755e-09, -0.006966214161366224, 0.004421079531311989
v,-2.582438263232234e-09, -0.011624966748058796, 0.002817342057824135
v,-2.595410775185769e-09, -0.011977075599133968, 0.0027282286901026964
v,-2.4292776679146755e-09, -0.006966214161366224, 0.004421079531311989
v,-2.595410775185769e-09, -0.011977075599133968, 0.0027282286901026964
v,-2.607551508049255e-09, -0.012336273677647114, 0.002612199867144227
v,-2.4292776679146755e-09, -0.006966214161366224, 0.004421079531311989
v,-2.3409203464552775e-09, -0.005985583644360304, 0.003469006856903434
v,-2.5545769943846608e-09, -0.010946073569357395, 0.0029236844275146723
v,-2.384901609531198e-09, -0.006439605727791786, 0.003980420529842377
v,-2.5545769943846608e-09, -0.010946073569357395, 0.0029236844275146723
v,-2.568778745271061e-09, -0.011280961334705353, 0.002881755353882909
v,-2.384901609531198e-09, -0.006439605727791786, 0.003980420529842377
v,-2.568778745271061e-09, -0.011280961334705353, 0.002881755353882909
v,-2.582438263232234e-09, -0.011624966748058796, 0.002817342057824135
v,-2.384901609531198e-09, -0.006439605727791786, 0.003980420529842377
v,-2.297652068605771e-09, -0.005608328152447939, 0.0028895577415823936
v,-2.5343778187192356e-09, -0.010503489524126053, 0.0029462268576025963
v,-2.3409203464552775e-09, -0.005985583644360304, 0.003469006856903434
v,-2.5343778187192356e-09, -0.010503489524126053, 0.0029462268576025963
v,-2.5545769943846608e-09, -0.010946073569357395, 0.0029236844275146723
v,-2.3409203464552775e-09, -0.005985583644360304, 0.003469006856903434
v,-2.297652068605771e-09, -0.005608328152447939, 0.0028895577415823936
v,-2.5134268000215343e-09, -0.01008153147995472, 0.0029288032092154026
v,-2.5343778187192356e-09, -0.010503489524126053, 0.0029462268576025963
v,-2.297652068605771e-09, -0.005608328152447939, 0.0028895577415823936
v,-2.4919271091050632e-09, -0.009683058597147465, 0.002872949233278632
v,-2.5134268000215343e-09, -0.01008153147995472, 0.0029288032092154026
v,-2.297652068605771e-09, -0.005608328152447939, 0.0028895577415823936
v,-2.4700830270063534e-09, -0.009310931898653507, 0.0027802023105323315
v,-2.4919271091050632e-09, -0.009683058597147465, 0.002872949233278632
v,-2.297652068605771e-09, -0.005608328152447939, 0.0028895577415823936
v,-2.448098168628121e-09, -0.00896801333874464, 0.002652099123224616
v,-2.4700830270063534e-09, -0.009310931898653507, 0.0027802023105323315
v,-2.297652068605771e-09, -0.005608328152447939, 0.0028895577415823936
v,-2.4261763709176876e-09, -0.008657162077724934, 0.0024901770520955324
v,-2.448098168628121e-09, -0.00896801333874464, 0.002652099123224616
v,-2.2554154099907464e-09, -0.005312018096446991, 0.0022447919473052025
v,-2.4261763709176876e-09, -0.008657162077724934, 0.0024901770520955324
v,-2.297652068605771e-09, -0.005608328152447939, 0.0028895577415823936
v,-2.2554154099907464e-09, -0.005312018096446991, 0.0022447919473052025
v,-2.404521470822374e-09, -0.008381241001188755, 0.0022959739435464144
v,-2.4261763709176876e-09, -0.008657162077724934, 0.0024901770520955324
v,-2.2554154099907464e-09, -0.005312018096446991, 0.0022447919473052025
v,-2.3833370832448963e-09, -0.008143109269440174, 0.0020710264798253775
v,-2.404521470822374e-09, -0.008381241001188755, 0.0022959739435464144
v,-2.2554154099907464e-09, -0.005312018096446991, 0.0022447919473052025
v,-2.362827267177181e-09, -0.007945628836750984, 0.0018168729729950428
v,-2.3833370832448963e-09, -0.008143109269440174, 0.0020710264798253775
v,-2.214528560529061e-09, -0.005100834649056196, 0.0015374275390058756
v,-2.362827267177181e-09, -0.007945628836750984, 0.0018168729729950428
v,-2.2554154099907464e-09, -0.005312018096446991, 0.0022447919473052025
v,-2.214528560529061e-09, -0.005100834649056196, 0.0015374275390058756
v,-2.3431954154773393e-09, -0.007791659329086542, 0.0015350490575656295
v,-2.362827267177181e-09, -0.007945628836750984, 0.0018168729729950428
v,-2.214528560529061e-09, -0.005100834649056196, 0.0015374275390058756
v,-2.3246458091819022e-09, -0.007684063166379929, 0.0012270932784304023
v,-2.3431954154773393e-09, -0.007791659329086542, 0.0015350490575656295
v,-2.1753099321841773e-09, -0.0049789585173130035, 0.0007701836293563247
v,-2.3246458091819022e-09, -0.007684063166379929, 0.0012270932784304023
v,-2.214528560529061e-09, -0.005100834649056196, 0.0015374275390058756
v,-2.1753099321841773e-09, -0.0049789585173130035, 0.0007701836293563247
v,-2.307382063193586e-09, -0.007625700440257788, 0.000894542143214494
v,-2.3246458091819022e-09, -0.007684063166379929, 0.0012270932784304023
v,-2.1753099321841773e-09, -0.0049789585173130035, 0.0007701836293563247
v,-2.273028210098005e-09, -0.007709781173616648, 1.2593023711815476e-05
v,-2.307382063193586e-09, -0.007625700440257788, 0.000894542143214494
v,-2.1227808399970627e-09, -0.0050270287320017815, -0.0004898449406027794
v,-2.273028210098005e-09, -0.007709781173616648, 1.2593023711815476e-05
v,-2.1753099321841773e-09, -0.0049789585173130035, 0.0007701836293563247
v,-2.1227808399970627e-09, -0.0050270287320017815, -0.0004898449406027794
v,-2.2574799807273394e-09, -0.008099580183625221, -0.0007734029786661267
v,-2.273028210098005e-09, -0.007709781173616648, 1.2593023711815476e-05
v,-2.1227808399970627e-09, -0.0050270287320017815, -0.0004898449406027794
v,-2.256482334317411e-09, -0.00873298104852438, -0.0014929169556125998
v,-2.2574799807273394e-09, -0.008099580183625221, -0.0007734029786661267
v,-2.0915098541962607e-09, -0.0053856815211474895, -0.0016029066173359752
v,-2.256482334317411e-09, -0.00873298104852438, -0.0014929169556125998
v,-2.1227808399970627e-09, -0.0050270287320017815, -0.0004898449406027794
v,-2.0915098541962607e-09, -0.0053856815211474895, -0.0016029066173359752
v,-2.265779563970227e-09, -0.009547857567667961, -0.002175423316657543
v,-2.256482334317411e-09, -0.00873298104852438, -0.0014929169556125998
v,-2.0775099418557375e-09, -0.00599332433193922, -0.0025928947143256664
v,-2.265779563970227e-09, -0.009547857567667961, -0.002175423316657543
v,-2.0915098541962607e-09, -0.0053856815211474895, -0.0016029066173359752
v,-2.0775099418557375e-09, -0.00599332433193922, -0.0025928947143256664
v,-2.281116406877004e-09, -0.010482086800038815, -0.002850394695997238
v,-2.265779563970227e-09, -0.009547857567667961, -0.002175423316657543
v,-2.0775099418557375e-09, -0.00599332433193922, -0.0025928947143256664
v,-2.2982373781843535e-09, -0.01147354394197464, -0.0035473040770739317
v,-2.281116406877004e-09, -0.010482086800038815, -0.002850394695997238
v,-2.0767938480048542e-09, -0.006788365077227354, -0.003483703127130866
v,-2.2982373781843535e-09, -0.01147354394197464, -0.0035473040770739317
v,-2.0775099418557375e-09, -0.00599332433193922, -0.0025928947143256664
v,-2.0767938480048542e-09, -0.006788365077227354, -0.003483703127130866
v,-2.3128867709942824e-09, -0.012460105121135712, -0.004295624792575836
v,-2.2982373781843535e-09, -0.01147354394197464, -0.0035473040770739317
v,-2.0853743176729722e-09, -0.007709209807217121, -0.0042992252856493
v,-2.3128867709942824e-09, -0.012460105121135712, -0.004295624792575836
v,-2.0767938480048542e-09, -0.006788365077227354, -0.003483703127130866
v,-2.0853743176729722e-09, -0.007709209807217121, -0.0042992252856493
v,-2.3208093224980075e-09, -0.013379646465182304, -0.005124830175191164
v,-2.3128867709942824e-09, -0.012460105121135712, -0.004295624792575836
v,-2.0992638738448477e-09, -0.008694267831742764, -0.005063354969024658
v,-2.3208093224980075e-09, -0.013379646465182304, -0.005124830175191164
v,-2.0853743176729722e-09, -0.007709209807217121, -0.0042992252856493
v,-2.0992638738448477e-09, -0.008694267831742764, -0.005063354969024658
v,-2.3177495478421406e-09, -0.014170043170452118, -0.006064392626285553
v,-2.3208093224980075e-09, -0.013379646465182304, -0.005124830175191164
v,-2.114475261549842e-09, -0.00968194380402565, -0.0057999854907393456
v,-2.3177495478421406e-09, -0.014170043170452118, -0.006064392626285553
v,-2.0992638738448477e-09, -0.008694267831742764, -0.005063354969024658
v,-2.114475261549842e-09, -0.00968194380402565, -0.0057999854907393456
v,-2.2994517401286885e-09, -0.014769172295928001, -0.007143786177039146
v,-2.3177495478421406e-09, -0.014170043170452118, -0.006064392626285553
v,-2.127021447861921e-09, -0.01061064563691616, -0.006533010862767696
v,-2.2994517401286885e-09, -0.014769172295928001, -0.007143786177039146
v,-2.114475261549842e-09, -0.00968194380402565, -0.0057999854907393456
v,-2.132914955765841e-09, -0.011418781243264675, -0.007286324165761471
v,-2.2994517401286885e-09, -0.014769172295928001, -0.007143786177039146
v,-2.127021447861921e-09, -0.01061064563691616, -0.006533010862767696
v,-2.132914955765841e-09, -0.011418781243264675, -0.007286324165761471
v,-2.261660636548868e-09, -0.015114909037947655, -0.008392482995986938
v,-2.2994517401286885e-09, -0.014769172295928001, -0.007143786177039146
v,-2.1281687523355686e-09, -0.012044756673276424, -0.008083819411695004
v,-2.261660636548868e-09, -0.015114909037947655, -0.008392482995986938
v,-2.132914955765841e-09, -0.011418781243264675, -0.007286324165761471
v,-2.1087953605558596e-09, -0.012426979839801788, -0.008949389681220055
v,-2.261660636548868e-09, -0.015114909037947655, -0.008392482995986938
v,-2.1281687523355686e-09, -0.012044756673276424, -0.008083819411695004
v,-2.1087953605558596e-09, -0.012426979839801788, -0.008949389681220055
v,-2.2001207522492905e-09, -0.015145128592848778, -0.00983995757997036
v,-2.261660636548868e-09, -0.015114909037947655, -0.008392482995986938
v,-2.0708073034114705e-09, -0.012503853999078274, -0.00990692712366581
v,-2.2001207522492905e-09, -0.015145128592848778, -0.00983995757997036
v,-2.1087953605558596e-09, -0.012426979839801788, -0.008949389681220055
v,-1.5526961938405748e-09, -0.003850372740998864, -0.012296830303966999
v,-1.7185222134230571e-09, -0.004513466265052557, -0.009215251542627811
v,-1.723742815151752e-09, -0.004189223982393742, -0.008738688193261623
v,-2.0708073034114705e-09, -0.012503853999078274, -0.00990692712366581
v,-2.162015233508896e-09, -0.015026203356683254, -0.010584861971437931
v,-2.2001207522492905e-09, -0.015145128592848778, -0.00983995757997036
v,-2.0565429359464815e-09, -0.012456392869353294, -0.010182538069784641
v,-2.162015233508896e-09, -0.015026203356683254, -0.010584861971437931
v,-2.0708073034114705e-09, -0.012503853999078274, -0.00990692712366581
v,-1.5526961938405748e-09, -0.003850372740998864, -0.012296830303966999
v,-1.7156372988935686e-09, -0.004855714738368988, -0.009657938964664936
v,-1.7185222134230571e-09, -0.004513466265052557, -0.009215251542627811
v,-2.0401262901259543e-09, -0.012365899980068207, -0.010460286401212215
v,-2.162015233508896e-09, -0.015026203356683254, -0.010584861971437931
v,-2.0565429359464815e-09, -0.012456392869353294, -0.010182538069784641
v,-2.0401262901259543e-09, -0.012365899980068207, -0.010460286401212215
v,-2.1218045098692073e-09, -0.014819376170635223, -0.011281481012701988
v,-2.162015233508896e-09, -0.015026203356683254, -0.010584861971437931
v,-1.5526961938405748e-09, -0.003850372740998864, -0.012296830303966999
v,-1.715077635466855e-09, -0.005215128883719444, -0.010066067799925804
v,-1.7156372988935686e-09, -0.004855714738368988, -0.009657938964664936
v,-2.0218091645318736e-09, -0.012232325971126556, -0.010734333656728268
v,-2.1218045098692073e-09, -0.014819376170635223, -0.011281481012701988
v,-2.0401262901259543e-09, -0.012365899980068207, -0.010460286401212215
v,-1.5526961938405748e-09, -0.003850372740998864, -0.012296830303966999
v,-1.716832787046485e-09, -0.005590868182480335, -0.010438954457640648
v,-1.715077635466855e-09, -0.005215128883719444, -0.010066067799925804
v,-2.001842913657015e-09, -0.012055625207722187, -0.010998845100402832
v,-2.1218045098692073e-09, -0.014819376170635223, -0.011281481012701988
v,-2.0218091645318736e-09, -0.012232325971126556, -0.010734333656728268
v,-1.9804795581279677e-09, -0.011835750192403793, -0.011247983202338219
v,-2.1218045098692073e-09, -0.014819376170635223, -0.011281481012701988
v,-2.001842913657015e-09, -0.012055625207722187, -0.010998845100402832
v,-1.9804795581279677e-09, -0.011835750192403793, -0.011247983202338219
v,-2.0799495459300488e-09, -0.014530300162732601, -0.011925427243113518
v,-2.1218045098692073e-09, -0.014819376170635223, -0.011281481012701988
v,-1.5526961938405748e-09, -0.003850372740998864, -0.012296830303966999
v,-1.7208924285583294e-09, -0.005982093513011932, -0.0107759153470397
v,-1.716832787046485e-09, -0.005590868182480335, -0.010438954457640648
v,-1.9579706744821124e-09, -0.011572652496397495, -0.011475915089249611
v,-2.0799495459300488e-09, -0.014530300162732601, -0.011925427243113518
v,-1.9804795581279677e-09, -0.011835750192403793, -0.011247983202338219
v,-1.5526961938405748e-09, -0.003850372740998864, -0.012296830303966999
v,-1.7272457908390493e-09, -0.0063879648223519325, -0.011076267808675766
v,-1.7208924285583294e-09, -0.005982093513011932, -0.0107759153470397
v,-1.934567617212224e-09, -0.011266284622251987, -0.011676803231239319
v,-2.0799495459300488e-09, -0.014530300162732601, -0.011925427243113518
v,-1.9579706744821124e-09, -0.011572652496397495, -0.011475915089249611
v,-1.5526961938405748e-09, -0.003850372740998864, -0.012296830303966999
v,-1.7358826598368182e-09, -0.0068076420575380325, -0.011339329183101654
v,-1.7272457908390493e-09, -0.0063879648223519325, -0.011076267808675766
v,-1.934567617212224e-09, -0.011266284622251987, -0.011676803231239319
v,-2.0369117503804546e-09, -0.014164618216454983, -0.012512313202023506
v,-2.0799495459300488e-09, -0.014530300162732601, -0.011925427243113518
v,-1.9105226289894972e-09, -0.010916599072515965, -0.011844811961054802
v,-2.0369117503804546e-09, -0.014164618216454983, -0.012512313202023506
v,-1.934567617212224e-09, -0.011266284622251987, -0.011676803231239319
v,-1.5526961938405748e-09, -0.003850372740998864, -0.012296830303966999
v,-1.7467924884329022e-09, -0.007240286096930504, -0.011564414948225021
v,-1.7358826598368182e-09, -0.0068076420575380325, -0.011339329183101654
v,-1.8860868422621024e-09, -0.010523548349738121, -0.011974106542766094
v,-2.0369117503804546e-09, -0.014164618216454983, -0.012512313202023506
v,-1.9105226289894972e-09, -0.010916599072515965, -0.011844811961054802
v,-1.5526961938405748e-09, -0.003850372740998864, -0.012296830303966999
v,-1.7599649515531723e-09, -0.007685057818889618, -0.0117508415132761
v,-1.7467924884329022e-09, -0.007240286096930504, -0.011564414948225021
v,-1.861512166634327e-09, -0.010087085887789726, -0.01205885037779808
v,-2.0369117503804546e-09, -0.014164618216454983, -0.012512313202023506
v,-1.8860868422621024e-09, -0.010523548349738121, -0.011974106542766094
v,-1.5526961938405748e-09, -0.003850372740998864, -0.012296830303966999
v,-1.775389391056592e-09, -0.008141116239130497, -0.011897928081452847
v,-1.7599649515531723e-09, -0.007685057818889618, -0.0117508415132761
v,-1.8370501786435511e-09, -0.009607164189219475, -0.01209320779889822
v,-2.0369117503804546e-09, -0.014164618216454983, -0.012512313202023506
v,-1.861512166634327e-09, -0.010087085887789726, -0.01205885037779808
v,-1.5526961938405748e-09, -0.003850372740998864, -0.012296830303966999
v,-1.79305537084673e-09, -0.008607620373368263, -0.012004990130662918
v,-1.775389391056592e-09, -0.008141116239130497, -0.011897928081452847
v,-1.8370501786435511e-09, -0.009607164189219475, -0.01209320779889822
v,-1.993152087820249e-09, -0.013727976940572262, -0.013037747703492641
v,-2.0369117503804546e-09, -0.014164618216454983, -0.012512313202023506
v,-1.8129525658494572e-09, -0.009083732962608337, -0.012071343138813972
v,-1.993152087820249e-09, -0.013727976940572262, -0.013037747703492641
v,-1.8370501786435511e-09, -0.009607164189219475, -0.01209320779889822
v,-1.5526961938405748e-09, -0.003850372740998864, -0.012296830303966999
v,-1.8129525658494572e-09, -0.009083732962608337, -0.012071343138813972
v,-1.79305537084673e-09, -0.008607620373368263, -0.012004990130662918
v,-1.5526961938405748e-09, -0.003850372740998864, -0.012296830303966999
v,-1.993152087820249e-09, -0.013727976940572262, -0.013037747703492641
v,-1.8129525658494572e-09, -0.009083732962608337, -0.012071343138813972
v,-1.5526961938405748e-09, -0.003850372740998864, -0.012296830303966999
v,-1.9491317448938617e-09, -0.013226023875176907, -0.013497344218194485
v,-1.993152087820249e-09, -0.013727976940572262, -0.013037747703492641
v,-1.5564860511574352e-09, -0.0042331768199801445, -0.012630727142095566
v,-1.9491317448938617e-09, -0.013226023875176907, -0.013497344218194485
v,-1.5526961938405748e-09, -0.003850372740998864, -0.012296830303966999
v,-1.5617881432561376e-09, -0.0046232533641159534, -0.012937868945300579
v,-1.9491317448938617e-09, -0.013226023875176907, -0.013497344218194485
v,-1.5564860511574352e-09, -0.0042331768199801445, -0.012630727142095566
v,-1.5617881432561376e-09, -0.0046232533641159534, -0.012937868945300579
v,-1.9053121302903264e-09, -0.012664402835071087, -0.013886711560189724
v,-1.9491317448938617e-09, -0.013226023875176907, -0.013497344218194485
v,-1.568636109894328e-09, -0.005021670833230019, -0.013218660838901997
v,-1.9053121302903264e-09, -0.012664402835071087, -0.013886711560189724
v,-1.5617881432561376e-09, -0.0046232533641159534, -0.012937868945300579
v,-1.568636109894328e-09, -0.005021670833230019, -0.013218660838901997
v,-1.8621539865648629e-09, -0.012048761360347271, -0.014201464131474495
v,-1.9053121302903264e-09, -0.012664402835071087, -0.013886711560189724
v,-1.5770633687850477e-09, -0.005429496988654137, -0.013473505154252052
v,-1.8621539865648629e-09, -0.012048761360347271, -0.014201464131474495
v,-1.568636109894328e-09, -0.005021670833230019, -0.013218660838901997
v,-1.5871035596859429e-09, -0.005847799126058817, -0.01370280422270298
v,-1.8621539865648629e-09, -0.012048761360347271, -0.014201464131474495
v,-1.5770633687850477e-09, -0.005429496988654137, -0.013473505154252052
v,-1.5871035596859429e-09, -0.005847799126058817, -0.01370280422270298
v,-1.8201188334288076e-09, -0.011384744197130203, -0.01443721167743206
v,-1.8621539865648629e-09, -0.012048761360347271, -0.014201464131474495
v,-1.5987901003100546e-09, -0.006277644075453281, -0.013906962238252163
v,-1.8201188334288076e-09, -0.011384744197130203, -0.01443721167743206
v,-1.5871035596859429e-09, -0.005847799126058817, -0.01370280422270298
v,-1.6121565193927268e-09, -0.006720099598169327, -0.01408638246357441
v,-1.8201188334288076e-09, -0.011384744197130203, -0.01443721167743206
v,-1.5987901003100546e-09, -0.006277644075453281, -0.013906962238252163
v,-1.6121565193927268e-09, -0.006720099598169327, -0.01408638246357441
v,-1.7796675244596827e-09, -0.010677997022867203, -0.014589564874768257
v,-1.8201188334288076e-09, -0.011384744197130203, -0.01443721167743206
v,-1.6272365677139078e-09, -0.007176234386861324, -0.014241470023989677
v,-1.7796675244596827e-09, -0.010677997022867203, -0.014589564874768257
v,-1.6121565193927268e-09, -0.006720099598169327, -0.01408638246357441
v,-1.6440635519643365e-09, -0.007647114340215921, -0.014372625388205051
v,-1.7796675244596827e-09, -0.010677997022867203, -0.014589564874768257
v,-1.6272365677139078e-09, -0.007176234386861324, -0.014241470023989677
v,-1.6440635519643365e-09, -0.007647114340215921, -0.014372625388205051
v,-1.7412614683465222e-09, -0.009934167377650738, -0.014654135331511497
v,-1.7796675244596827e-09, -0.010677997022867203, -0.014589564874768257
v,-1.6626710008793566e-09, -0.008133807219564915, -0.01448025181889534
v,-1.7412614683465222e-09, -0.009934167377650738, -0.014654135331511497
v,-1.6440635519643365e-09, -0.007647114340215921, -0.014372625388205051
v,-1.6830926652389167e-09, -0.0086373807862401, -0.014564753510057926
v,-1.7412614683465222e-09, -0.009934167377650738, -0.014654135331511497
v,-1.6626710008793566e-09, -0.008133807219564915, -0.01448025181889534
v,-1.6830926652389167e-09, -0.0086373807862401, -0.014564753510057926
v,-1.7053618517337554e-09, -0.009158900938928127, -0.014626535587012768
v,-1.7412614683465222e-09, -0.009934167377650738, -0.014654135331511497
n,-34.692691802978516, 1.6602323285042075e-06, -1.5096355809873785e-06
n,-34.692691802978516, 1.6602323285042075e-06, -1.5096355809873785e-06
n,-34.692691802978516, 1.6602323285042075e-06, -1.5096355809873785e-06
n,-34.692691802978516, 1.6602323285042075e-06, -1.5096355809873785e-06
n,-34.692691802978516, 1.6602323285042075e-06, -1.5096355809873785e-06
n,-34.692691802978516, 1.6602323285042075e-06, -1.5096355809873785e-06
n,-34.692691802978516, 1.6602323285042075e-06, -1.5096355809873785e-06
n,-34.692691802978516, 1.6602323285042075e-06, -1.5096355809873785e-06
n,-34.692691802978516, 1.6602323285042075e-06, -1.5096355809873785e-06
n,-34.692691802978516, 1.6602323285042075e-06, -1.5096355809873785e-06
n,-34.692691802978516, 1.6602323285042075e-06, -1.5096355809873785e-06
n,-34.692691802978516, 1.6602323285042075e-06, -1.5096355809873785e-06
n,-34.692691802978516, 1.6602323285042075e-06, -1.5096355809873785e-06
n,-34.692691802978516, 1.6602323285042075e-06, -1.5096355809873785e-06
n,-34.692691802978516, 1.6602323285042075e-06, -1.5096355809873785e-06
n,-34.692691802978516, 1.6602323285042075e-06, -1.5096355809873785e-06
n,-34.692691802978516, 1.6602323285042075e-06, -1.5096355809873785e-06
n,-34.692691802978516, 1.6602323285042075e-06, -1.5096355809873785e-06
n,-34.692691802978516, 1.6602323285042075e-06, -1.5096355809873785e-06
n,-34.692691802978516, 1.6602323285042075e-06, -1.5096355809873785e-06
n,-34.692691802978516, 1.6602323285042075e-06, -1.5096355809873785e-06
n,-34.692691802978516, 1.6602323285042075e-06, -1.5096355809873785e-06
n,-34.692691802978516, 1.6602323285042075e-06, -1.5096355809873785e-06
n,-34.692691802978516, 1.6602323285042075e-06, -1.5096355809873785e-06
n,-34.692691802978516, 1.6602323285042075e-06, -1.5096355809873785e-06
n,-34.692691802978516, 1.6602323285042075e-06, -1.5096355809873785e-06
n,-34.692691802978516, 1.6602323285042075e-06, -1.5096355809873785e-06
n,-34.692691802978516, 1.6602323285042075e-06, -1.5096355809873785e-06
n,-34.692691802978516, 1.6602323285042075e-06, -1.5096355809873785e-06
n,-34.692691802978516, 1.6602323285042075e-06, -1.5096355809873785e-06
n,-34.692691802978516, 1.6602323285042075e-06, -1.5096355809873785e-06
n,-34.692691802978516, 1.6602323285042075e-06, -1.5096355809873785e-06
n,-34.692691802978516, 1.6602323285042075e-06, -1.5096355809873785e-06
n,-34.692691802978516, 1.6602323285042075e-06, -1.5096355809873785e-06
n,-34.692691802978516, 1.6602323285042075e-06, -1.5096355809873785e-06
n,-34.692691802978516, 1.6602323285042075e-06, -1.5096355809873785e-06
n,-34.692691802978516, 1.6602323285042075e-06, -1.5096355809873785e-06
n,-34.692691802978516, 1.6602323285042075e-06, -1.5096355809873785e-06
n,-34.692691802978516, 1.6602323285042075e-06, -1.5096355809873785e-06
n,-34.692691802978516, 1.6602323285042075e-06, -1.5096355809873785e-06
n,-34.692691802978516, 1.6602323285042075e-06, -1.5096355809873785e-06
n,-34.692691802978516, 1.6602323285042075e-06, -1.5096355809873785e-06
n,-34.692691802978516, 1.6602323285042075e-06, -1.5096355809873785e-06
n,-34.692691802978516, 1.6602323285042075e-06, -1.5096355809873785e-06
n,-34.692691802978516, 1.6602323285042075e-06, -1.5096355809873785e-06
n,-34.692691802978516, 1.6602323285042075e-06, -1.5096355809873785e-06
n,-34.692691802978516, 1.6602323285042075e-06, -1.5096355809873785e-06
n,-34.692691802978516, 1.6602323285042075e-06, -1.5096355809873785e-06
n,-34.692691802978516, 1.6602323285042075e-06, -1.5096355809873785e-06
n,-34.692691802978516, 1.6602323285042075e-06, -1.5096355809873785e-06
n,-34.692691802978516, 1.6602323285042075e-06, -1.5096355809873785e-06
n,-34.692691802978516, 1.6602323285042075e-06, -1.5096355809873785e-06
n,-34.692691802978516, 1.6602323285042075e-06, -1.5096355809873785e-06
n,-34.692691802978516, 1.6602323285042075e-06, -1.5096355809873785e-06
n,-34.692691802978516, 1.6602323285042075e-06, -1.5096355809873785e-06
n,-34.692691802978516, 1.6602323285042075e-06, -1.5096355809873785e-06
n,-34.692691802978516, 1.6602323285042075e-06, -1.5096355809873785e-06
n,-34.692691802978516, 1.6602323285042075e-06, -1.5096355809873785e-06
n,-34.692691802978516, 1.6602323285042075e-06, -1.5096355809873785e-06
n,-34.692691802978516, 1.6602323285042075e-06, -1.5096355809873785e-06
n,-34.692691802978516, 1.6602323285042075e-06, -1.5096355809873785e-06
n,-34.692691802978516, 1.6602323285042075e-06, -1.5096355809873785e-06
n,-34.692691802978516, 1.6602323285042075e-06, -1.5096355809873785e-06
n,-34.692691802978516, 1.6602323285042075e-06, -1.5096355809873785e-06
n,-34.692691802978516, 1.6602323285042075e-06, -1.5096355809873785e-06
n,-34.692691802978516, 1.6602323285042075e-06, -1.5096355809873785e-06
n,-34.692691802978516, 1.6602323285042075e-06, -1.5096355809873785e-06
n,-34.692691802978516, 1.6602323285042075e-06, -1.5096355809873785e-06
n,-34.692691802978516, 1.6602323285042075e-06, -1.5096355809873785e-06
n,-34.692691802978516, 1.6602323285042075e-06, -1.5096355809873785e-06
n,-34.692691802978516, 1.6602323285042075e-06, -1.5096355809873785e-06
n,-34.692691802978516, 1.6602323285042075e-06, -1.5096355809873785e-06
n,-34.692691802978516, 1.6602323285042075e-06, -1.5096355809873785e-06
n,-34.692691802978516, 1.6602323285042075e-06, -1.5096355809873785e-06
n,-34.692691802978516, 1.6602323285042075e-06, -1.5096355809873785e-06
n,-34.692691802978516, 1.6602323285042075e-06, -1.5096355809873785e-06
n,-34.692691802978516, 1.6602323285042075e-06, -1.5096355809873785e-06
n,-34.692691802978516, 1.6602323285042075e-06, -1.5096355809873785e-06
n,-34.692691802978516, 1.6602323285042075e-06, -1.5096355809873785e-06
n,-34.692691802978516, 1.6602323285042075e-06, -1.5096355809873785e-06
n,-34.692691802978516, 1.6602323285042075e-06, -1.5096355809873785e-06
n,-34.692691802978516, 1.6602323285042075e-06, -1.5096355809873785e-06
n,-34.692691802978516, 1.6602323285042075e-06, -1.5096355809873785e-06
n,-34.692691802978516, 1.6602323285042075e-06, -1.5096355809873785e-06
n,-34.692691802978516, 1.6602323285042075e-06, -1.5096355809873785e-06
n,-34.692691802978516, 1.6602323285042075e-06, -1.5096355809873785e-06
n,-34.692691802978516, 1.6602323285042075e-06, -1.5096355809873785e-06
n,-34.692691802978516, 1.6602323285042075e-06, -1.5096355809873785e-06
n,-34.692691802978516, 1.6602323285042075e-06, -1.5096355809873785e-06
n,-34.692691802978516, 1.6602323285042075e-06, -1.5096355809873785e-06
n,-34.692691802978516, 1.6602323285042075e-06, -1.5096355809873785e-06
n,-34.692691802978516, 1.6602323285042075e-06, -1.5096355809873785e-06
n,-34.692691802978516, 1.6602323285042075e-06, -1.5096355809873785e-06
n,-34.692691802978516, 1.6602323285042075e-06, -1.5096355809873785e-06
n,-34.692691802978516, 1.6602323285042075e-06, -1.5096355809873785e-06
n,-34.692691802978516, 1.6602323285042075e-06, -1.5096355809873785e-06
n,-34.692691802978516, 1.6602323285042075e-06, -1.5096355809873785e-06
n,-34.692691802978516, 1.6602323285042075e-06, -1.5096355809873785e-06
n,-34.692691802978516, 1.6602323285042075e-06, -1.5096355809873785e-06
n,-34.692691802978516, 1.6602323285042075e-06, -1.5096355809873785e-06
n,-34.692691802978516, 1.6602323285042075e-06, -1.5096355809873785e-06
n,-34.692691802978516, 1.6602323285042075e-06, -1.5096355809873785e-06
n,-34.692691802978516, 1.6602323285042075e-06, -1.5096355809873785e-06
n,-34.692691802978516, 1.6602323285042075e-06, -1.5096355809873785e-06
n,-34.692691802978516, 1.6602323285042075e-06, -1.5096355809873785e-06
n,-34.692691802978516, 1.6602323285042075e-06, -1.5096355809873785e-06
n,-34.692691802978516, 1.6602323285042075e-06, -1.5096355809873785e-06
n,-34.692691802978516, 1.6602323285042075e-06, -1.5096355809873785e-06
n,-34.692691802978516, 1.6602323285042075e-06, -1.5096355809873785e-06
n,-34.692691802978516, 1.6602323285042075e-06, -1.5096355809873785e-06
n,-34.692691802978516, 1.6602323285042075e-06, -1.5096355809873785e-06
n,-34.692691802978516, 1.6602323285042075e-06, -1.5096355809873785e-06
n,-34.692691802978516, 1.6602323285042075e-06, -1.5096355809873785e-06
n,-34.692691802978516, 1.6602323285042075e-06, -1.5096355809873785e-06
n,-34.692691802978516, 1.6602323285042075e-06, -1.5096355809873785e-06
n,-34.692691802978516, 1.6602323285042075e-06, -1.5096355809873785e-06
n,-34.692691802978516, 1.6602323285042075e-06, -1.5096355809873785e-06
n,-34.692691802978516, 1.6602323285042075e-06, -1.5096355809873785e-06
n,-34.692691802978516, 1.6602323285042075e-06, -1.5096355809873785e-06
n,-34.692691802978516, 1.6602323285042075e-06, -1.5096355809873785e-06
u,0.10743801295757294, 1.0, 0
u,0.09090909361839294, 1.0, 0
u,0.09917355328798294, 1.0, 0
u,0.10743801295757294, 1.0, 0
u,0.08264462649822235, 1.0, 0
u,0.09090909361839294, 1.0, 0
u,0.10743801295757294, 1.0, 0
u,0.07438016682863235, 1.0, 0
u,0.08264462649822235, 1.0, 0
u,0.11570248007774353, 1.0, 0
u,0.07438016682863235, 1.0, 0
u,0.10743801295757294, 1.0, 0
u,0.11570248007774353, 1.0, 0
u,0.06611569970846176, 1.0, 0
u,0.07438016682863235, 1.0, 0
u,0.11570248007774353, 1.0, 0
u,0.057851240038871765, 1.0, 0
u,0.06611569970846176, 1.0, 0
u,0.12396693974733353, 1.0, 0
u,0.057851240038871765, 1.0, 0
u,0.11570248007774353, 1.0, 0
u,0.12396693974733353, 1.0, 0
u,0.04958677664399147, 1.0, 0
u,0.057851240038871765, 1.0, 0
u,0.12396693974733353, 1.0, 0
u,0.041322313249111176, 1.0, 0
u,0.04958677664399147, 1.0, 0
u,0.13223139941692352, 1.0, 0
u,0.041322313249111176, 1.0, 0
u,0.12396693974733353, 1.0, 0
u,0.13223139941692352, 1.0, 0
u,0.03305784985423088, 1.0, 0
u,0.041322313249111176, 1.0, 0
u,0.13223139941692352, 1.0, 0
u,0.024793388321995735, 1.0, 0
u,0.03305784985423088, 1.0, 0
u,0.14049586653709412, 1.0, 0
u,0.024793388321995735, 1.0, 0
u,0.13223139941692352, 1.0, 0
u,0.14049586653709412, 1.0, 0
u,0.01652892492711544, 1.0, 0
u,0.024793388321995735, 1.0, 0
u,0.14049586653709412, 1.0, 0
u,0.00826446246355772, 1.0, 0
u,0.01652892492711544, 1.0, 0
u,0.1487603336572647, 1.0, 0
u,0.00826446246355772, 1.0, 0
u,0.14049586653709412, 1.0, 0
u,0.1487603336572647, 1.0, 0
u,0.0, 1.0, 0
u,0.00826446246355772, 1.0, 0
u,0.1487603336572647, 1.0, 0
u,0.93388432264328, 1.0, 0
u,0.0, 1.0, 0
u,0.93388432264328, 1.0, 0
u,0.942148745059967, 1.0, 0
u,0.0, 1.0, 0
u,0.942148745059967, 1.0, 0
u,0.9504132270812988, 1.0, 0
u,0.0, 1.0, 0
u,0.9504132270812988, 1.0, 0
u,0.9586777091026306, 1.0, 0
u,0.0, 1.0, 0
u,0.9586777091026306, 1.0, 0
u,0.9669421315193176, 1.0, 0
u,0.0, 1.0, 0
u,0.9669421315193176, 1.0, 0
u,0.9752066135406494, 1.0, 0
u,0.0, 1.0, 0
u,0.9752066135406494, 1.0, 0
u,0.9834710955619812, 1.0, 0
u,0.0, 1.0, 0
u,0.9834710955619812, 1.0, 0
u,0.9917355179786682, 1.0, 0
u,0.0, 1.0, 0
u,0.9917355179786682, 1.0, 0
u,1.0, 1.0, 0
u,0.0, 1.0, 0
u,0.1570248007774353, 1.0, 0
u,0.9173553586006165, 1.0, 0
u,0.1487603336572647, 1.0, 0
u,0.9173553586006165, 1.0, 0
u,0.9256198406219482, 1.0, 0
u,0.1487603336572647, 1.0, 0
u,0.9256198406219482, 1.0, 0
u,0.93388432264328, 1.0, 0
u,0.1487603336572647, 1.0, 0
u,0.1652892529964447, 1.0, 0
u,0.9008264541625977, 1.0, 0
u,0.1570248007774353, 1.0, 0
u,0.9008264541625977, 1.0, 0
u,0.9090909361839294, 1.0, 0
u,0.1570248007774353, 1.0, 0
u,0.9090909361839294, 1.0, 0
u,0.9173553586006165, 1.0, 0
u,0.1570248007774353, 1.0, 0
u,0.1735537201166153, 1.0, 0
u,0.8925619721412659, 1.0, 0
u,0.1652892529964447, 1.0, 0
u,0.8925619721412659, 1.0, 0
u,0.9008264541625977, 1.0, 0
u,0.1652892529964447, 1.0, 0
u,0.1735537201166153, 1.0, 0
u,0.8842975497245789, 1.0, 0
u,0.8925619721412659, 1.0, 0
u,0.1735537201166153, 1.0, 0
u,0.8760330677032471, 1.0, 0
u,0.8842975497245789, 1.0, 0
u,0.1735537201166153, 1.0, 0
u,0.8677685856819153, 1.0, 0
u,0.8760330677032471, 1.0, 0
u,0.1735537201166153, 1.0, 0
u,0.8595041036605835, 1.0, 0
u,0.8677685856819153, 1.0, 0
u,0.1735537201166153, 1.0, 0
u,0.8512396812438965, 1.0, 0
u,0.8595041036605835, 1.0, 0
u,0.1818181872367859, 1.0, 0
u,0.8512396812438965, 1.0, 0
u,0.1735537201166153, 1.0, 0
u,0.1818181872367859, 1.0, 0
u,0.8429751992225647, 1.0, 0
u,0.8512396812438965, 1.0, 0
u,0.1818181872367859, 1.0, 0
u,0.8347107172012329, 1.0, 0
u,0.8429751992225647, 1.0, 0
u,0.1818181872367859, 1.0, 0
u,0.8264462947845459, 1.0, 0
u,0.8347107172012329, 1.0, 0
u,0.1900826394557953, 1.0, 0
u,0.8264462947845459, 1.0, 0
u,0.1818181872367859, 1.0, 0
u,0.1900826394557953, 1.0, 0
u,0.8181818127632141, 1.0, 0
u,0.8264462947845459, 1.0, 0
u,0.1900826394557953, 1.0, 0
u,0.8099173307418823, 1.0, 0
u,0.8181818127632141, 1.0, 0
u,0.19834710657596588, 1.0, 0
u,0.8099173307418823, 1.0, 0
u,0.1900826394557953, 1.0, 0
u,0.19834710657596588, 1.0, 0
u,0.8016529083251953, 1.0, 0
u,0.8099173307418823, 1.0, 0
u,0.19834710657596588, 1.0, 0
u,0.7933884263038635, 1.0, 0
u,0.8016529083251953, 1.0, 0
u,0.20661157369613647, 1.0, 0
u,0.7933884263038635, 1.0, 0
u,0.19834710657596588, 1.0, 0
u,0.20661157369613647, 1.0, 0
u,0.7851239442825317, 1.0, 0
u,0.7933884263038635, 1.0, 0
u,0.20661157369613647, 1.0, 0
u,0.7768595218658447, 1.0, 0
u,0.7851239442825317, 1.0, 0
u,0.21487602591514587, 1.0, 0
u,0.7768595218658447, 1.0, 0
u,0.20661157369613647, 1.0, 0
u,0.21487602591514587, 1.0, 0
u,0.7685950398445129, 1.0, 0
u,0.7768595218658447, 1.0, 0
u,0.22314049303531647, 1.0, 0
u,0.7685950398445129, 1.0, 0
u,0.21487602591514587, 1.0, 0
u,0.22314049303531647, 1.0, 0
u,0.7603305578231812, 1.0, 0
u,0.7685950398445129, 1.0, 0
u,0.22314049303531647, 1.0, 0
u,0.7520661354064941, 1.0, 0
u,0.7603305578231812, 1.0, 0
u,0.23140496015548706, 1.0, 0
u,0.7520661354064941, 1.0, 0
u,0.22314049303531647, 1.0, 0
u,0.23140496015548706, 1.0, 0
u,0.7438016533851624, 1.0, 0
u,0.7520661354064941, 1.0, 0
u,0.23966942727565765, 1.0, 0
u,0.7438016533851624, 1.0, 0
u,0.23140496015548706, 1.0, 0
u,0.23966942727565765, 1.0, 0
u,0.7355371713638306, 1.0, 0
u,0.7438016533851624, 1.0, 0
u,0.24793387949466705, 1.0, 0
u,0.7355371713638306, 1.0, 0
u,0.23966942727565765, 1.0, 0
u,0.24793387949466705, 1.0, 0
u,0.7272727489471436, 1.0, 0
u,0.7355371713638306, 1.0, 0
u,0.25619834661483765, 1.0, 0
u,0.7272727489471436, 1.0, 0
u,0.24793387949466705, 1.0, 0
u,0.25619834661483765, 1.0, 0
u,0.7190082669258118, 1.0, 0
u,0.7272727489471436, 1.0, 0
u,0.26446279883384705, 1.0, 0
u,0.7190082669258118, 1.0, 0
u,0.25619834661483765, 1.0, 0
u,0.27272728085517883, 1.0, 0
u,0.7190082669258118, 1.0, 0
u,0.26446279883384705, 1.0, 0
u,0.27272728085517883, 1.0, 0
u,0.71074378490448, 1.0, 0
u,0.7190082669258118, 1.0, 0
u,0.28099173307418823, 1.0, 0
u,0.71074378490448, 1.0, 0
u,0.27272728085517883, 1.0, 0
u,0.28925618529319763, 1.0, 0
u,0.71074378490448, 1.0, 0
u,0.28099173307418823, 1.0, 0
u,0.28925618529319763, 1.0, 0
u,0.702479362487793, 1.0, 0
u,0.71074378490448, 1.0, 0
u,0.2975206673145294, 1.0, 0
u,0.702479362487793, 1.0, 0
u,0.28925618529319763, 1.0, 0
u,0.5041322112083435, 1.0, 0
u,0.4876033067703247, 1.0, 0
u,0.4958677589893341, 1.0, 0
u,0.2975206673145294, 1.0, 0
u,0.6942148804664612, 1.0, 0
u,0.702479362487793, 1.0, 0
u,0.3057851195335388, 1.0, 0
u,0.6942148804664612, 1.0, 0
u,0.2975206673145294, 1.0, 0
u,0.5041322112083435, 1.0, 0
u,0.4793388545513153, 1.0, 0
u,0.4876033067703247, 1.0, 0
u,0.3140496015548706, 1.0, 0
u,0.6942148804664612, 1.0, 0
u,0.3057851195335388, 1.0, 0
u,0.3140496015548706, 1.0, 0
u,0.6859503984451294, 1.0, 0
u,0.6942148804664612, 1.0, 0
u,0.5041322112083435, 1.0, 0
u,0.4710743725299835, 1.0, 0
u,0.4793388545513153, 1.0, 0
u,0.32231405377388, 1.0, 0
u,0.6859503984451294, 1.0, 0
u,0.3140496015548706, 1.0, 0
u,0.5041322112083435, 1.0, 0
u,0.4628099203109741, 1.0, 0
u,0.4710743725299835, 1.0, 0
u,0.3305785059928894, 1.0, 0
u,0.6859503984451294, 1.0, 0
u,0.32231405377388, 1.0, 0
u,0.3388429880142212, 1.0, 0
u,0.6859503984451294, 1.0, 0
u,0.3305785059928894, 1.0, 0
u,0.3388429880142212, 1.0, 0
u,0.6776859760284424, 1.0, 0
u,0.6859503984451294, 1.0, 0
u,0.5041322112083435, 1.0, 0
u,0.4545454680919647, 1.0, 0
u,0.4628099203109741, 1.0, 0
u,0.3471074402332306, 1.0, 0
u,0.6776859760284424, 1.0, 0
u,0.3388429880142212, 1.0, 0
u,0.5041322112083435, 1.0, 0
u,0.44628098607063293, 1.0, 0
u,0.4545454680919647, 1.0, 0
u,0.35537189245224, 1.0, 0
u,0.6776859760284424, 1.0, 0
u,0.3471074402332306, 1.0, 0
u,0.5041322112083435, 1.0, 0
u,0.43801653385162354, 1.0, 0
u,0.44628098607063293, 1.0, 0
u,0.35537189245224, 1.0, 0
u,0.6694214940071106, 1.0, 0
u,0.6776859760284424, 1.0, 0
u,0.3636363744735718, 1.0, 0
u,0.6694214940071106, 1.0, 0
u,0.35537189245224, 1.0, 0
u,0.5041322112083435, 1.0, 0
u,0.42975205183029175, 1.0, 0
u,0.43801653385162354, 1.0, 0
u,0.3719008266925812, 1.0, 0
u,0.6694214940071106, 1.0, 0
u,0.3636363744735718, 1.0, 0
u,0.5041322112083435, 1.0, 0
u,0.42148759961128235, 1.0, 0
u,0.42975205183029175, 1.0, 0
u,0.3801652789115906, 1.0, 0
u,0.6694214940071106, 1.0, 0
u,0.3719008266925812, 1.0, 0
u,0.5041322112083435, 1.0, 0
u,0.41322314739227295, 1.0, 0
u,0.42148759961128235, 1.0, 0
u,0.38842976093292236, 1.0, 0
u,0.6694214940071106, 1.0, 0
u,0.3801652789115906, 1.0, 0
u,0.5041322112083435, 1.0, 0
u,0.40495866537094116, 1.0, 0
u,0.41322314739227295, 1.0, 0
u,0.38842976093292236, 1.0, 0
u,0.6611570119857788, 1.0, 0
u,0.6694214940071106, 1.0, 0
u,0.39669421315193176, 1.0, 0
u,0.6611570119857788, 1.0, 0
u,0.38842976093292236, 1.0, 0
u,0.5041322112083435, 1.0, 0
u,0.39669421315193176, 1.0, 0
u,0.40495866537094116, 1.0, 0
u,0.5041322112083435, 1.0, 0
u,0.6611570119857788, 1.0, 0
u,0.39669421315193176, 1.0, 0
u,0.5041322112083435, 1.0, 0
u,0.6528925895690918, 1.0, 0
u,0.6611570119857788, 1.0, 0
u,0.5123966932296753, 1.0, 0
u,0.6528925895690918, 1.0, 0
u,0.5041322112083435, 1.0, 0
u,0.5206611752510071, 1.0, 0
u,0.6528925895690918, 1.0, 0
u,0.5123966932296753, 1.0, 0
u,0.5206611752510071, 1.0, 0
u,0.64462810754776, 1.0, 0
u,0.6528925895690918, 1.0, 0
u,0.5289255976676941, 1.0, 0
u,0.64462810754776, 1.0, 0
u,0.5206611752510071, 1.0, 0
u,0.5289255976676941, 1.0, 0
u,0.6363636255264282, 1.0, 0
u,0.64462810754776, 1.0, 0
u,0.5371900796890259, 1.0, 0
u,0.6363636255264282, 1.0, 0
u,0.5289255976676941, 1.0, 0
u,0.5454545617103577, 1.0, 0
u,0.6363636255264282, 1.0, 0
u,0.5371900796890259, 1.0, 0
u,0.5454545617103577, 1.0, 0
u,0.6280992031097412, 1.0, 0
u,0.6363636255264282, 1.0, 0
u,0.5537189841270447, 1.0, 0
u,0.6280992031097412, 1.0, 0
u,0.5454545617103577, 1.0, 0
u,0.5619834661483765, 1.0, 0
u,0.6280992031097412, 1.0, 0
u,0.5537189841270447, 1.0, 0
u,0.5619834661483765, 1.0, 0
u,0.6198347210884094, 1.0, 0
u,0.6280992031097412, 1.0, 0
u,0.5702479481697083, 1.0, 0
u,0.6198347210884094, 1.0, 0
u,0.5619834661483765, 1.0, 0
u,0.5785123705863953, 1.0, 0
u,0.6198347210884094, 1.0, 0
u,0.5702479481697083, 1.0, 0
u,0.5785123705863953, 1.0, 0
u,0.6115702390670776, 1.0, 0
u,0.6198347210884094, 1.0, 0
u,0.586776852607727, 1.0, 0
u,0.6115702390670776, 1.0, 0
u,0.5785123705863953, 1.0, 0
u,0.5950413346290588, 1.0, 0
u,0.6115702390670776, 1.0, 0
u,0.586776852607727, 1.0, 0
u,0.5950413346290588, 1.0, 0
u,0.6033057570457458, 1.0, 0
u,0.6115702390670776, 1.0, 0
