v,0.010073095560073853, 0.00951424054801464, 0.009307455271482468
v,0.013133643195033073, 0.008884662762284279, 0.009307455271482468
v,0.010513821616768837, 0.010319147258996964, 0.009307455271482468
v,0.008376463316380978, 0.011778553016483784, -0.010472442954778671
v,0.010603900998830795, 0.010558919981122017, 0.009114926680922508
v,0.013201496563851833, 0.009136606007814407, 0.009114926680922508
v,0.0050492919981479645, 0.012265026569366455, 0.009121430106461048
v,0.008152414113283157, 0.011612135916948318, -0.002206685720011592
v,0.005490018520504236, 0.013069932349026203, 0.009121430106461048
v,0.0022641594987362623, 0.013790026307106018, 0.009307455271482468
v,0.005276655778288841, 0.013186759315431118, 0.009307455271482468
v,0.002704886021092534, 0.014594932086765766, 0.009307455271482468
v,0.00011559656559256837, 0.016301793977618217, -0.010489923879504204
v,-0.00013284807209856808, 0.01643783040344715, -0.0032290201634168625
v,0.004122986923903227, 0.014107546769082546, 0.005785705056041479
v,-0.00013284807209856808, 0.01643783040344715, -0.0032290201634168625
v,-0.00021512819512281567, 0.0164828822016716, -0.010492256842553616
v,-0.005062028765678406, 0.019136805087327957, 0.009070799686014652
v,-0.0008261487819254398, 0.015482124872505665, -0.01051490567624569
v,-0.00524020055308938, 0.01894526742398739, 0.009122085757553577
v,-0.0003854222013615072, 0.016287030652165413, -0.01051490567624569
v,0.008376463316380978, 0.011778553016483784, -0.010472442954778671
v,0.0083382036536932, 0.011799502186477184, -0.003226076252758503
v,0.010603900998830795, 0.010558919981122017, 0.009114926680922508
v,0.0083382036536932, 0.011799502186477184, -0.003226076252758503
v,0.004122986923903227, 0.014107546769082546, 0.005785705056041479
v,0.00278713321313262, 0.014838994480669498, 0.009114926680922508
v,0.0083382036536932, 0.011799502186477184, -0.003226076252758503
v,0.008161638863384724, 0.011896180920302868, -0.010471031069755554
v,0.004122986923903227, 0.014107546769082546, 0.005785705056041479
v,0.004122986923903227, 0.014107546769082546, 0.005785705056041479
v,-0.00013284807209856808, 0.01643783040344715, -0.0032290201634168625
v,0.00278713321313262, 0.014838994480669498, 0.009114926680922508
v,-0.000817140273284167, 0.015188096091151237, -0.0032290201634168625
v,-0.0030380350071936846, 0.016404148191213608, 0.009072496555745602
v,-0.00574632128700614, 0.017887070775032043, 0.009070799686014652
v,0.0076539115980267525, 0.010549768805503845, -0.0032260757870972157
v,0.003438695101067424, 0.012857812456786633, 0.005785705056041479
v,0.007477346807718277, 0.010646446608006954, -0.010471031069755554
v,0.007692171260714531, 0.010528819635510445, -0.010472442954778671
v,0.009919608943164349, 0.009309186600148678, 0.009114926680922508
v,0.0076539115980267525, 0.010549768805503845, -0.0032260757870972157
v,0.0076539115980267525, 0.010549768805503845, -0.0032260757870972157
v,0.004753462970256805, 0.012137911282479763, 0.009114926680922508
v,0.002102841157466173, 0.013589260168373585, 0.009114926680922508
v,-0.0005686956574209034, 0.015052059665322304, -0.010489923879504204
v,0.003438695101067424, 0.012857812456786633, 0.005785705056041479
v,-0.000817140273284167, 0.015188096091151237, -0.0032290201634168625
v,-0.000817140273284167, 0.015188096091151237, -0.0032290201634168625
v,-0.00574632128700614, 0.017887070775032043, 0.009070799686014652
v,-0.0008994204108603299, 0.015233148820698261, -0.010492256842553616
v,0.003438695101067424, 0.012857812456786633, 0.005785705056041479
v,0.002102841157466173, 0.013589260168373585, 0.009114926680922508
v,-0.000817140273284167, 0.015188096091151237, -0.0032290201634168625
v,0.007692171260714531, 0.010528819635510445, -0.010472442954778671
v,0.0076539115980267525, 0.010549768805503845, -0.0032260757870972157
v,0.007477346807718277, 0.010646446608006954, -0.010471031069755554
v,-0.0005686956574209034, 0.015052059665322304, -0.010489923879504204
v,-0.000817140273284167, 0.015188096091151237, -0.0032290201634168625
v,-0.0008994204108603299, 0.015233148820698261, -0.010492256842553616
v,0.007692171260714531, 0.010528819635510445, -0.010472442954778671
v,0.012517204508185387, 0.007886871695518494, 0.009114926680922508
v,0.009919608943164349, 0.009309186600148678, 0.009114926680922508
v,0.0076539115980267525, 0.010549768805503845, -0.0032260757870972157
v,0.002102841157466173, 0.013589260168373585, 0.009114926680922508
v,0.003438695101067424, 0.012857812456786633, 0.005785705056041479
v,-0.0006291907047852874, 0.015374280512332916, -0.0022067660465836525
v,0.0024912573862820864, 0.014711904339492321, 0.00912151113152504
v,-0.00018846412422135472, 0.01617918722331524, -0.0022067660465836525
v,0.00011559656559256837, 0.016301793977618217, -0.010489923879504204
v,-0.00021512819512281567, 0.0164828822016716, -0.010492256842553616
v,-0.00013284807209856808, 0.01643783040344715, -0.0032290201634168625
v,-0.00013284807209856808, 0.01643783040344715, -0.0032290201634168625
v,-0.005062028765678406, 0.019136805087327957, 0.009070799686014652
v,-0.002353742951527238, 0.01765388250350952, 0.009072496555745602
v,-0.00016995143960230052, 0.016169048845767975, -0.01070027519017458
v,-0.0006106779910624027, 0.015364143066108227, -0.01070027519017458
v,-0.00016995143960230052, 0.016169048845767975, -0.01070027519017458
v,0.003513268893584609, 0.013106076046824455, 0.005341514945030212
v,4.539548899629153e-05, 0.01605113595724106, -0.010514866560697556
v,0.003953995648771524, 0.013910981826484203, 0.005341514945030212
v,0.0083382036536932, 0.011799502186477184, -0.003226076252758503
v,0.00278713321313262, 0.014838994480669498, 0.009114926680922508
v,0.005437755025923252, 0.013387645594775677, 0.009114926680922508
v,0.007790011819452047, 0.010764343664050102, -0.0022042295895516872
v,0.01030957605689764, 0.010430981405079365, 0.009118975140154362
v,0.008230738341808319, 0.01156924944370985, -0.0022042295895516872
v,-0.005557112395763397, 0.018072566017508507, 0.009307455271482468
v,-0.002514419611543417, 0.017452765256166458, 0.009307455271482468
v,-0.0051163858734071255, 0.01887747272849083, 0.009307455271482468
v,0.008376463316380978, 0.011778553016483784, -0.010472442954778671
v,0.008161638863384724, 0.011896180920302868, -0.010471031069755554
v,0.0083382036536932, 0.011799502186477184, -0.003226076252758503
v,0.007548612076789141, 0.010896521620452404, -0.010514986701309681
v,0.004045780748128891, 0.013860724866390228, 0.005341635551303625
v,0.007989338599145412, 0.011701427400112152, -0.010514986701309681
v,0.01281688455492258, 0.008011878468096256, 0.009122036397457123
v,0.00842037983238697, 0.011465410701930523, -0.010514856316149235
v,0.013257610611617565, 0.008816784247756004, 0.009122036397457123
v,-0.0027514523826539516, 0.016536325216293335, 0.009118844754993916
v,-0.0002665015053935349, 0.016221916303038597, -0.0022041003685444593
v,-0.00231072586029768, 0.017341231927275658, 0.009118844754993916
v,0.00820506364107132, 0.011583306826651096, -0.01070027519017458
v,0.007764337584376335, 0.010778401046991348, -0.01070027519017458
v,0.00820506364107132, 0.011583306826651096, -0.01070027519017458
v,-0.0051163858734071255, 0.01887747272849083, 0.009307455271482468
v,-0.005062028765678406, 0.019136805087327957, 0.009070799686014652
v,-0.00524020055308938, 0.01894526742398739, 0.009122085757553577
v,-0.00231072586029768, 0.017341231927275658, 0.009118844754993916
v,-0.002353742951527238, 0.01765388250350952, 0.009072496555745602
v,-0.002514419611543417, 0.017452765256166458, 0.009307455271482468
v,-0.0002665015053935349, 0.016221916303038597, -0.0022041003685444593
v,-0.00018846412422135472, 0.01617918722331524, -0.0022067660465836525
v,-0.00013284807209856808, 0.01643783040344715, -0.0032290201634168625
v,0.0024912573862820864, 0.014711904339492321, 0.00912151113152504
v,0.002704886021092534, 0.014594932086765766, 0.009307455271482468
v,0.00278713321313262, 0.014838994480669498, 0.009114926680922508
v,0.005490018520504236, 0.013069932349026203, 0.009121430106461048
v,0.005437755025923252, 0.013387645594775677, 0.009114926680922508
v,0.005276655778288841, 0.013186759315431118, 0.009307455271482468
v,0.008152414113283157, 0.011612135916948318, -0.002206685720011592
v,0.008230738341808319, 0.01156924944370985, -0.0022042295895516872
v,0.0083382036536932, 0.011799502186477184, -0.003226076252758503
v,0.01030957605689764, 0.010430981405079365, 0.009118975140154362
v,0.010513821616768837, 0.010319147258996964, 0.009307455271482468
v,0.010603900998830795, 0.010558919981122017, 0.009114926680922508
v,0.013133643195033073, 0.008884662762284279, 0.009307455271482468
v,0.013257610611617565, 0.008816784247756004, 0.009122036397457123
v,0.013201496563851833, 0.009136606007814407, 0.009114926680922508
v,0.00842037983238697, 0.011465410701930523, -0.010514856316149235
v,0.00820506364107132, 0.011583306826651096, -0.01070027519017458
v,0.008376463316380978, 0.011778553016483784, -0.010472442954778671
v,0.00820506364107132, 0.011583306826651096, -0.01070027519017458
v,0.007989338599145412, 0.011701427400112152, -0.010514986701309681
v,0.008161638863384724, 0.011896180920302868, -0.010471031069755554
v,0.003953995648771524, 0.013910981826484203, 0.005341514945030212
v,0.004122986923903227, 0.014107546769082546, 0.005785705056041479
v,0.004045780748128891, 0.013860724866390228, 0.005341635551303625
v,4.539548899629153e-05, 0.01605113595724106, -0.010514866560697556
v,-0.00016995143960230052, 0.016169048845767975, -0.01070027519017458
v,0.00011559656559256837, 0.016301793977618217, -0.010489923879504204
v,-0.00016995143960230052, 0.016169048845767975, -0.01070027519017458
v,-0.0003854222013615072, 0.016287030652165413, -0.01051490567624569
v,-0.00021512819512281567, 0.0164828822016716, -0.010492256842553616
v,-0.005557112395763397, 0.018072566017508507, 0.009307455271482468
v,-0.005680927075445652, 0.018140360713005066, 0.009122085757553577
v,-0.00574632128700614, 0.017887070775032043, 0.009070799686014652
v,-0.0027514523826539516, 0.016536325216293335, 0.009118844754993916
v,-0.0029551461338996887, 0.016647858545184135, 0.009307455271482468
v,-0.0030380350071936846, 0.016404148191213608, 0.009072496555745602
v,-0.0007072280859574676, 0.015417009592056274, -0.0022041003685444593
v,-0.000817140273284167, 0.015188096091151237, -0.0032290201634168625
v,-0.0006291907047852874, 0.015374280512332916, -0.0022067660465836525
v,0.0020505308639258146, 0.013906998559832573, 0.00912151113152504
v,0.002102841157466173, 0.013589260168373585, 0.009114926680922508
v,0.0022641594987362623, 0.013790026307106018, 0.009307455271482468
v,0.0050492919981479645, 0.012265026569366455, 0.009121430106461048
v,0.0048359292559325695, 0.012381852604448795, 0.009307455271482468
v,0.004753462970256805, 0.012137911282479763, 0.009114926680922508
v,0.007711687590926886, 0.01080723013728857, -0.002206685720011592
v,0.0076539115980267525, 0.010549768805503845, -0.0032260757870972157
v,0.007790011819452047, 0.010764343664050102, -0.0022042295895516872
v,0.009868849068880081, 0.009626075625419617, 0.009118975140154362
v,0.009919608943164349, 0.009309186600148678, 0.009114926680922508
v,0.010073095560073853, 0.00951424054801464, 0.009307455271482468
v,0.012692917138338089, 0.008079756051301956, 0.009307455271482468
v,0.012517204508185387, 0.007886871695518494, 0.009114926680922508
v,0.01281688455492258, 0.008011878468096256, 0.009122036397457123
v,0.007979653775691986, 0.010660504922270775, -0.010514856316149235
v,0.007692171260714531, 0.010528819635510445, -0.010472442954778671
v,0.007764337584376335, 0.010778401046991348, -0.01070027519017458
v,0.007764337584376335, 0.010778401046991348, -0.01070027519017458
v,0.007477346807718277, 0.010646446608006954, -0.010471031069755554
v,0.007548612076789141, 0.010896521620452404, -0.010514986701309681
v,0.003513268893584609, 0.013106076046824455, 0.005341514945030212
v,0.0036050542257726192, 0.01305581908673048, 0.005341635551303625
v,0.003438695101067424, 0.012857812456786633, 0.005785705056041479
v,-0.000395331036997959, 0.01524623017758131, -0.010514866560697556
v,-0.0005686956574209034, 0.015052059665322304, -0.010489923879504204
v,-0.0006106779910624027, 0.015364143066108227, -0.01070027519017458
v,-0.0006106779910624027, 0.015364143066108227, -0.01070027519017458
v,-0.0008994204108603299, 0.015233148820698261, -0.010492256842553616
v,-0.0008261487819254398, 0.015482124872505665, -0.01051490567624569
v,-0.002353742951527238, 0.01765388250350952, 0.009072496555745602
v,-0.0002665015053935349, 0.016221916303038597, -0.0022041003685444593
v,-0.00013284807209856808, 0.01643783040344715, -0.0032290201634168625
v,-0.00018846412422135472, 0.01617918722331524, -0.0022067660465836525
v,0.00278713321313262, 0.014838994480669498, 0.009114926680922508
v,-0.00013284807209856808, 0.01643783040344715, -0.0032290201634168625
v,0.005437755025923252, 0.013387645594775677, 0.009114926680922508
v,0.008152414113283157, 0.011612135916948318, -0.002206685720011592
v,0.0083382036536932, 0.011799502186477184, -0.003226076252758503
v,0.008230738341808319, 0.01156924944370985, -0.0022042295895516872
v,0.010603900998830795, 0.010558919981122017, 0.009114926680922508
v,0.0083382036536932, 0.011799502186477184, -0.003226076252758503
v,0.010513821616768837, 0.010319147258996964, 0.009307455271482468
v,0.013201496563851833, 0.009136606007814407, 0.009114926680922508
v,0.010603900998830795, 0.010558919981122017, 0.009114926680922508
v,0.013201496563851833, 0.009136606007814407, 0.009114926680922508
v,0.00842037983238697, 0.011465410701930523, -0.010514856316149235
v,0.008376463316380978, 0.011778553016483784, -0.010472442954778671
v,0.003953995648771524, 0.013910981826484203, 0.005341514945030212
v,0.00011559656559256837, 0.016301793977618217, -0.010489923879504204
v,0.004122986923903227, 0.014107546769082546, 0.005785705056041479
v,0.008376463316380978, 0.011778553016483784, -0.010472442954778671
v,0.00820506364107132, 0.011583306826651096, -0.01070027519017458
v,0.008161638863384724, 0.011896180920302868, -0.010471031069755554
v,-0.0051163858734071255, 0.01887747272849083, 0.009307455271482468
v,-0.002353742951527238, 0.01765388250350952, 0.009072496555745602
v,-0.005062028765678406, 0.019136805087327957, 0.009070799686014652
v,0.008161638863384724, 0.011896180920302868, -0.010471031069755554
v,0.004045780748128891, 0.013860724866390228, 0.005341635551303625
v,0.004122986923903227, 0.014107546769082546, 0.005785705056041479
v,0.00011559656559256837, 0.016301793977618217, -0.010489923879504204
v,-0.00016995143960230052, 0.016169048845767975, -0.01070027519017458
v,-0.00021512819512281567, 0.0164828822016716, -0.010492256842553616
v,0.002704886021092534, 0.014594932086765766, 0.009307455271482468
v,0.005437755025923252, 0.013387645594775677, 0.009114926680922508
v,0.00278713321313262, 0.014838994480669498, 0.009114926680922508
v,-0.005062028765678406, 0.019136805087327957, 0.009070799686014652
v,-0.0003854222013615072, 0.016287030652165413, -0.01051490567624569
v,-0.00524020055308938, 0.01894526742398739, 0.009122085757553577
v,-0.0030380350071936846, 0.016404148191213608, 0.009072496555745602
v,-0.0007072280859574676, 0.015417009592056274, -0.0022041003685444593
v,-0.0027514523826539516, 0.016536325216293335, 0.009118844754993916
v,-0.0006291907047852874, 0.015374280512332916, -0.0022067660465836525
v,0.002102841157466173, 0.013589260168373585, 0.009114926680922508
v,0.0020505308639258146, 0.013906998559832573, 0.00912151113152504
v,0.004753462970256805, 0.012137911282479763, 0.009114926680922508
v,0.007711687590926886, 0.01080723013728857, -0.002206685720011592
v,0.0050492919981479645, 0.012265026569366455, 0.009121430106461048
v,0.007790011819452047, 0.010764343664050102, -0.0022042295895516872
v,0.009919608943164349, 0.009309186600148678, 0.009114926680922508
v,0.009868849068880081, 0.009626075625419617, 0.009118975140154362
v,0.010073095560073853, 0.00951424054801464, 0.009307455271482468
v,0.012517204508185387, 0.007886871695518494, 0.009114926680922508
v,0.012692917138338089, 0.008079756051301956, 0.009307455271482468
v,0.012517204508185387, 0.007886871695518494, 0.009114926680922508
v,0.007979653775691986, 0.010660504922270775, -0.010514856316149235
v,0.01281688455492258, 0.008011878468096256, 0.009122036397457123
v,0.003513268893584609, 0.013106076046824455, 0.005341514945030212
v,-0.0005686956574209034, 0.015052059665322304, -0.010489923879504204
v,-0.000395331036997959, 0.01524623017758131, -0.010514866560697556
v,0.007764337584376335, 0.010778401046991348, -0.01070027519017458
v,0.007477346807718277, 0.010646446608006954, -0.010471031069755554
v,0.007764337584376335, 0.010778401046991348, -0.01070027519017458
v,-0.005557112395763397, 0.018072566017508507, 0.009307455271482468
v,-0.0030380350071936846, 0.016404148191213608, 0.009072496555745602
v,-0.0029551461338996887, 0.016647858545184135, 0.009307455271482468
v,0.007477346807718277, 0.010646446608006954, -0.010471031069755554
v,0.0036050542257726192, 0.01305581908673048, 0.005341635551303625
v,0.007548612076789141, 0.010896521620452404, -0.010514986701309681
v,-0.0006106779910624027, 0.015364143066108227, -0.01070027519017458
v,-0.0008994204108603299, 0.015233148820698261, -0.010492256842553616
v,-0.0006106779910624027, 0.015364143066108227, -0.01070027519017458
v,0.0022641594987362623, 0.013790026307106018, 0.009307455271482468
v,0.004753462970256805, 0.012137911282479763, 0.009114926680922508
v,0.0048359292559325695, 0.012381852604448795, 0.009307455271482468
v,-0.00574632128700614, 0.017887070775032043, 0.009070799686014652
v,-0.0008261487819254398, 0.015482124872505665, -0.01051490567624569
v,-0.0008994204108603299, 0.015233148820698261, -0.010492256842553616
v,-0.00018846412422135472, 0.01617918722331524, -0.0022067660465836525
v,-0.0007072280859574676, 0.015417009592056274, -0.0022041003685444593
v,-0.0006291907047852874, 0.015374280512332916, -0.0022067660465836525
v,-0.0027514523826539516, 0.016536325216293335, 0.009118844754993916
v,-0.002514419611543417, 0.017452765256166458, 0.009307455271482468
v,-0.0029551461338996887, 0.016647858545184135, 0.009307455271482468
v,-0.0003854222013615072, 0.016287030652165413, -0.01051490567624569
v,-0.0006106779910624027, 0.015364143066108227, -0.01070027519017458
v,-0.0008261487819254398, 0.015482124872505665, -0.01051490567624569
v,-0.0006106779910624027, 0.015364143066108227, -0.01070027519017458
v,4.539548899629153e-05, 0.01605113595724106, -0.010514866560697556
v,-0.000395331036997959, 0.01524623017758131, -0.010514866560697556
v,0.0024912573862820864, 0.014711904339492321, 0.00912151113152504
v,0.0022641594987362623, 0.013790026307106018, 0.009307455271482468
v,0.002704886021092534, 0.014594932086765766, 0.009307455271482468
v,-0.005557112395763397, 0.018072566017508507, 0.009307455271482468
v,-0.00524020055308938, 0.01894526742398739, 0.009122085757553577
v,-0.005680927075445652, 0.018140360713005066, 0.009122085757553577
v,0.003513268893584609, 0.013106076046824455, 0.005341514945030212
v,0.004045780748128891, 0.013860724866390228, 0.005341635551303625
v,0.0036050542257726192, 0.01305581908673048, 0.005341635551303625
v,0.007548612076789141, 0.010896521620452404, -0.010514986701309681
v,0.00820506364107132, 0.011583306826651096, -0.01070027519017458
v,0.007764337584376335, 0.010778401046991348, -0.01070027519017458
v,0.005276655778288841, 0.013186759315431118, 0.009307455271482468
v,0.0050492919981479645, 0.012265026569366455, 0.009121430106461048
v,0.005490018520504236, 0.013069932349026203, 0.009121430106461048
v,0.008152414113283157, 0.011612135916948318, -0.002206685720011592
v,0.007790011819452047, 0.010764343664050102, -0.0022042295895516872
v,0.008230738341808319, 0.01156924944370985, -0.0022042295895516872
v,0.01030957605689764, 0.010430981405079365, 0.009118975140154362
v,0.010073095560073853, 0.00951424054801464, 0.009307455271482468
v,0.010513821616768837, 0.010319147258996964, 0.009307455271482468
v,0.007764337584376335, 0.010778401046991348, -0.01070027519017458
v,0.00842037983238697, 0.011465410701930523, -0.010514856316149235
v,0.007979653775691986, 0.010660504922270775, -0.010514856316149235
v,0.013133643195033073, 0.008884662762284279, 0.009307455271482468
v,0.01281688455492258, 0.008011878468096256, 0.009122036397457123
v,0.013257610611617565, 0.008816784247756004, 0.009122036397457123
v,0.010073095560073853, 0.00951424054801464, 0.009307455271482468
v,0.012692917138338089, 0.008079756051301956, 0.009307455271482468
v,0.013133643195033073, 0.008884662762284279, 0.009307455271482468
v,0.0050492919981479645, 0.012265026569366455, 0.009121430106461048
v,0.007711687590926886, 0.01080723013728857, -0.002206685720011592
v,0.008152414113283157, 0.011612135916948318, -0.002206685720011592
v,0.0022641594987362623, 0.013790026307106018, 0.009307455271482468
v,0.0048359292559325695, 0.012381852604448795, 0.009307455271482468
v,0.005276655778288841, 0.013186759315431118, 0.009307455271482468
v,-0.0008261487819254398, 0.015482124872505665, -0.01051490567624569
v,-0.005680927075445652, 0.018140360713005066, 0.009122085757553577
v,-0.00524020055308938, 0.01894526742398739, 0.009122085757553577
v,-0.0006291907047852874, 0.015374280512332916, -0.0022067660465836525
v,0.0020505308639258146, 0.013906998559832573, 0.00912151113152504
v,0.0024912573862820864, 0.014711904339492321, 0.00912151113152504
v,-0.00016995143960230052, 0.016169048845767975, -0.01070027519017458
v,-0.0006106779910624027, 0.015364143066108227, -0.01070027519017458
v,-0.0006106779910624027, 0.015364143066108227, -0.01070027519017458
v,0.003513268893584609, 0.013106076046824455, 0.005341514945030212
v,-0.000395331036997959, 0.01524623017758131, -0.010514866560697556
v,4.539548899629153e-05, 0.01605113595724106, -0.010514866560697556
v,0.007790011819452047, 0.010764343664050102, -0.0022042295895516872
v,0.009868849068880081, 0.009626075625419617, 0.009118975140154362
v,0.01030957605689764, 0.010430981405079365, 0.009118975140154362
v,-0.005557112395763397, 0.018072566017508507, 0.009307455271482468
v,-0.0029551461338996887, 0.016647858545184135, 0.009307455271482468
v,-0.002514419611543417, 0.017452765256166458, 0.009307455271482468
v,0.007548612076789141, 0.010896521620452404, -0.010514986701309681
v,0.0036050542257726192, 0.01305581908673048, 0.005341635551303625
v,0.004045780748128891, 0.013860724866390228, 0.005341635551303625
v,0.01281688455492258, 0.008011878468096256, 0.009122036397457123
v,0.007979653775691986, 0.010660504922270775, -0.010514856316149235
v,0.00842037983238697, 0.011465410701930523, -0.010514856316149235
v,-0.0027514523826539516, 0.016536325216293335, 0.009118844754993916
v,-0.0007072280859574676, 0.015417009592056274, -0.0022041003685444593
v,-0.0002665015053935349, 0.016221916303038597, -0.0022041003685444593
v,0.00820506364107132, 0.011583306826651096, -0.01070027519017458
v,0.007764337584376335, 0.010778401046991348, -0.01070027519017458
v,0.007764337584376335, 0.010778401046991348, -0.01070027519017458
v,-0.002353742951527238, 0.01765388250350952, 0.009072496555745602
v,-0.00231072586029768, 0.017341231927275658, 0.009118844754993916
v,-0.0002665015053935349, 0.016221916303038597, -0.0022041003685444593
v,-0.00018846412422135472, 0.01617918722331524, -0.0022067660465836525
v,0.0024912573862820864, 0.014711904339492321, 0.00912151113152504
v,0.00278713321313262, 0.014838994480669498, 0.009114926680922508
v,0.005437755025923252, 0.013387645594775677, 0.009114926680922508
v,0.005490018520504236, 0.013069932349026203, 0.009121430106461048
v,0.008152414113283157, 0.011612135916948318, -0.002206685720011592
v,0.008230738341808319, 0.01156924944370985, -0.0022042295895516872
v,0.01030957605689764, 0.010430981405079365, 0.009118975140154362
v,0.010603900998830795, 0.010558919981122017, 0.009114926680922508
v,0.010513821616768837, 0.010319147258996964, 0.009307455271482468
v,0.013133643195033073, 0.008884662762284279, 0.009307455271482468
v,0.013201496563851833, 0.009136606007814407, 0.009114926680922508
v,0.013201496563851833, 0.009136606007814407, 0.009114926680922508
v,0.013257610611617565, 0.008816784247756004, 0.009122036397457123
v,0.00842037983238697, 0.011465410701930523, -0.010514856316149235
v,0.003953995648771524, 0.013910981826484203, 0.005341514945030212
v,4.539548899629153e-05, 0.01605113595724106, -0.010514866560697556
v,0.00011559656559256837, 0.016301793977618217, -0.010489923879504204
v,0.008376463316380978, 0.011778553016483784, -0.010472442954778671
v,0.00820506364107132, 0.011583306826651096, -0.01070027519017458
v,0.00820506364107132, 0.011583306826651096, -0.01070027519017458
v,-0.0051163858734071255, 0.01887747272849083, 0.009307455271482468
v,-0.002514419611543417, 0.017452765256166458, 0.009307455271482468
v,-0.002353742951527238, 0.01765388250350952, 0.009072496555745602
v,0.008161638863384724, 0.011896180920302868, -0.010471031069755554
v,0.007989338599145412, 0.011701427400112152, -0.010514986701309681
v,0.004045780748128891, 0.013860724866390228, 0.005341635551303625
v,0.00011559656559256837, 0.016301793977618217, -0.010489923879504204
v,-0.00016995143960230052, 0.016169048845767975, -0.01070027519017458
v,-0.00016995143960230052, 0.016169048845767975, -0.01070027519017458
v,0.002704886021092534, 0.014594932086765766, 0.009307455271482468
v,0.005276655778288841, 0.013186759315431118, 0.009307455271482468
v,0.005437755025923252, 0.013387645594775677, 0.009114926680922508
v,-0.005062028765678406, 0.019136805087327957, 0.009070799686014652
v,-0.00021512819512281567, 0.0164828822016716, -0.010492256842553616
v,-0.0003854222013615072, 0.016287030652165413, -0.01051490567624569
v,-0.0030380350071936846, 0.016404148191213608, 0.009072496555745602
v,-0.000817140273284167, 0.015188096091151237, -0.0032290201634168625
v,-0.0007072280859574676, 0.015417009592056274, -0.0022041003685444593
v,-0.0006291907047852874, 0.015374280512332916, -0.0022067660465836525
v,-0.000817140273284167, 0.015188096091151237, -0.0032290201634168625
v,0.002102841157466173, 0.013589260168373585, 0.009114926680922508
v,0.004753462970256805, 0.012137911282479763, 0.009114926680922508
v,0.0076539115980267525, 0.010549768805503845, -0.0032260757870972157
v,0.007711687590926886, 0.01080723013728857, -0.002206685720011592
v,0.007790011819452047, 0.010764343664050102, -0.0022042295895516872
v,0.0076539115980267525, 0.010549768805503845, -0.0032260757870972157
v,0.009919608943164349, 0.009309186600148678, 0.009114926680922508
v,0.010073095560073853, 0.00951424054801464, 0.009307455271482468
v,0.009919608943164349, 0.009309186600148678, 0.009114926680922508
v,0.012517204508185387, 0.007886871695518494, 0.009114926680922508
v,0.012517204508185387, 0.007886871695518494, 0.009114926680922508
v,0.007692171260714531, 0.010528819635510445, -0.010472442954778671
v,0.007979653775691986, 0.010660504922270775, -0.010514856316149235
v,0.003513268893584609, 0.013106076046824455, 0.005341514945030212
v,0.003438695101067424, 0.012857812456786633, 0.005785705056041479
v,-0.0005686956574209034, 0.015052059665322304, -0.010489923879504204
v,0.007764337584376335, 0.010778401046991348, -0.01070027519017458
v,0.007692171260714531, 0.010528819635510445, -0.010472442954778671
v,0.007477346807718277, 0.010646446608006954, -0.010471031069755554
v,-0.005557112395763397, 0.018072566017508507, 0.009307455271482468
v,-0.00574632128700614, 0.017887070775032043, 0.009070799686014652
v,-0.0030380350071936846, 0.016404148191213608, 0.009072496555745602
v,0.007477346807718277, 0.010646446608006954, -0.010471031069755554
v,0.003438695101067424, 0.012857812456786633, 0.005785705056041479
v,0.0036050542257726192, 0.01305581908673048, 0.005341635551303625
v,-0.0006106779910624027, 0.015364143066108227, -0.01070027519017458
v,-0.0005686956574209034, 0.015052059665322304, -0.010489923879504204
v,-0.0008994204108603299, 0.015233148820698261, -0.010492256842553616
v,0.0022641594987362623, 0.013790026307106018, 0.009307455271482468
v,0.002102841157466173, 0.013589260168373585, 0.009114926680922508
v,0.004753462970256805, 0.012137911282479763, 0.009114926680922508
v,-0.00574632128700614, 0.017887070775032043, 0.009070799686014652
v,-0.005680927075445652, 0.018140360713005066, 0.009122085757553577
v,-0.0008261487819254398, 0.015482124872505665, -0.01051490567624569
v,-0.00018846412422135472, 0.01617918722331524, -0.0022067660465836525
v,-0.0002665015053935349, 0.016221916303038597, -0.0022041003685444593
v,-0.0007072280859574676, 0.015417009592056274, -0.0022041003685444593
v,-0.0027514523826539516, 0.016536325216293335, 0.009118844754993916
v,-0.00231072586029768, 0.017341231927275658, 0.009118844754993916
v,-0.002514419611543417, 0.017452765256166458, 0.009307455271482468
v,-0.0003854222013615072, 0.016287030652165413, -0.01051490567624569
v,-0.00016995143960230052, 0.016169048845767975, -0.01070027519017458
v,-0.0006106779910624027, 0.015364143066108227, -0.01070027519017458
v,-0.0006106779910624027, 0.015364143066108227, -0.01070027519017458
v,-0.00016995143960230052, 0.016169048845767975, -0.01070027519017458
v,4.539548899629153e-05, 0.01605113595724106, -0.010514866560697556
v,0.0024912573862820864, 0.014711904339492321, 0.00912151113152504
v,0.0020505308639258146, 0.013906998559832573, 0.00912151113152504
v,0.0022641594987362623, 0.013790026307106018, 0.009307455271482468
v,-0.005557112395763397, 0.018072566017508507, 0.009307455271482468
v,-0.0051163858734071255, 0.01887747272849083, 0.009307455271482468
v,-0.00524020055308938, 0.01894526742398739, 0.009122085757553577
v,0.003513268893584609, 0.013106076046824455, 0.005341514945030212
v,0.003953995648771524, 0.013910981826484203, 0.005341514945030212
v,0.004045780748128891, 0.013860724866390228, 0.005341635551303625
v,0.007548612076789141, 0.010896521620452404, -0.010514986701309681
v,0.007989338599145412, 0.011701427400112152, -0.010514986701309681
v,0.00820506364107132, 0.011583306826651096, -0.01070027519017458
v,0.005276655778288841, 0.013186759315431118, 0.009307455271482468
v,0.0048359292559325695, 0.012381852604448795, 0.009307455271482468
v,0.0050492919981479645, 0.012265026569366455, 0.009121430106461048
v,0.008152414113283157, 0.011612135916948318, -0.002206685720011592
v,0.007711687590926886, 0.01080723013728857, -0.002206685720011592
v,0.007790011819452047, 0.010764343664050102, -0.0022042295895516872
v,0.01030957605689764, 0.010430981405079365, 0.009118975140154362
v,0.009868849068880081, 0.009626075625419617, 0.009118975140154362
v,0.010073095560073853, 0.00951424054801464, 0.009307455271482468
v,0.007764337584376335, 0.010778401046991348, -0.01070027519017458
v,0.00820506364107132, 0.011583306826651096, -0.01070027519017458
v,0.00842037983238697, 0.011465410701930523, -0.010514856316149235
v,0.013133643195033073, 0.008884662762284279, 0.009307455271482468
v,0.012692917138338089, 0.008079756051301956, 0.009307455271482468
v,0.01281688455492258, 0.008011878468096256, 0.009122036397457123
n,7.218866358016385e-07, 1.3183934015614795e-06, 34.38671112060547
n,12.539084434509277, 22.90033531188965, -8.695074598108476e-07
n,29.009748458862305, -15.884297370910645, 8.862153053283691
n,7.218866358016385e-07, 1.3183934015614795e-06, 34.38671112060547
n,12.539084434509277, 22.90033531188965, -6.628501978411805e-07
n,12.539087295532227, 22.900333404541016, -6.549312843162625e-07
n,-28.907665252685547, 15.828401565551758, -9.28940486907959
n,12.539085388183594, 22.90033531188965, -8.87160013007815e-07
n,12.539083480834961, 22.90033531188965, -2.5823694613791304e-06
n,12.53908634185791, 22.90033531188965, -9.173471084977791e-07
n,12.53908634185791, 22.90033531188965, -1.4436737956202705e-06
n,-12.539085388183594, -22.90033531188965, 1.7468341866333503e-06
n,-12.539087295532227, -22.900333404541016, 6.934552061466093e-07
n,-12.539082527160645, -22.90033721923828, 6.499579967567115e-07
n,-12.539085388183594, -22.90033531188965, 1.7449648339606938e-06
n,-12.539084434509277, -22.90033531188965, 6.907773695274955e-07
n,-12.539087295532227, -22.900333404541016, 6.590943826267903e-07
n,-12.539085388183594, -22.90033531188965, 1.3311001794136246e-06
n,-12.539085388183594, -22.90033531188965, 6.271304187066562e-07
n,-12.539085388183594, -22.90033531188965, 6.2830133629177e-07
n,-12.53908634185791, -22.90033531188965, 1.3043254512012936e-06
n,-12.539094924926758, -22.90032958984375, -3.847752395813586e-06
n,-28.997203826904297, 15.87742805480957, 8.915838241577148
n,12.539085388183594, 22.90033531188965, -6.2830133629177e-07
n,12.539084434509277, 22.90033531188965, -1.8709868072619429e-06
n,0.0, 0.0, 0.0
n,28.913856506347656, -15.831790924072266, -9.264105796813965
n,12.53908634185791, 22.90033531188965, -1.2779448752553435e-06
n,-29.392736434936523, 16.094003677368164, 7.014091491699219
n,7.218866358016385e-07, 1.3183934015614795e-06, 34.38671112060547
n,12.539085388183594, 22.90033531188965, -8.841847147778026e-07
n,-28.895051956176758, 15.821495056152344, -9.340743064880371
n,28.91526985168457, -15.832565307617188, -9.258306503295898
n,29.41292381286621, -16.10505485534668, 6.90220308303833
n,0.0, 0.0, 0.0
n,-17.1014404296875, 21.025453567504883, 19.1121826171875
n,22.65337562561035, 6.200125694274902, 20.79871940612793
n,12.49008560180664, 22.41465187072754, 6.350723743438721
n,-8.462104797363281, 20.884912490844727, 22.860151290893555
n,22.170326232910156, 4.114626884460449, 22.84443473815918
n,12.168275833129883, 22.587875366210938, 6.369455337524414
n,-8.931215286254883, 21.251659393310547, 22.288049697875977
n,26.318321228027344, 4.9683661460876465, 15.77703857421875
n,22.032516479492188, 6.035540580749512, -21.747486114501953
n,-12.772473335266113, 17.119430541992188, -25.784128189086914
n,11.518431663513184, 21.003515243530273, -13.676743507385254
n,20.90118408203125, -3.233494758605957, -26.332441329956055
n,-14.296693801879883, 15.493157386779785, -26.47911262512207
n,-26.9263858795166, 3.081993818283081, 19.1121826171875
n,6.979377746582031, -22.42555046081543, 20.798715591430664
n,-12.156303405761719, -22.597414016723633, 6.350724697113037
n,-22.154098510742188, -4.120999336242676, 22.860151290893555
n,8.476214408874512, -20.89514923095703, 22.84442901611328
n,-12.475600242614746, -22.41960334777832, 6.3694586753845215
n,-22.715787887573242, -3.9233322143554688, 22.288043975830078
n,9.99139404296875, -24.849767684936523, 15.7770357131958
n,6.78359317779541, -21.813814163208008, -21.747486114501953
n,-21.303585052490234, 1.5389223098754883, -25.784128189086914
n,-11.490812301635742, -21.018640518188477, -13.676741600036621
n,13.983391761779785, -15.867571830749512, -26.332441329956055
n,-20.754512786865234, 3.6991376876831055, -26.47911262512207
n,29.66455841064453, 4.804965972900391, 4.880599021911621
n,-11.63770866394043, 27.420007705688477, 6.3044657707214355
n,29.379409790039062, 4.961219310760498, 6.266457557678223
n,-11.91746711730957, 27.57314109802246, 4.95973539352417
n,8.866477966308594, 16.192995071411133, 24.315061569213867
n,29.312658309936523, 4.9976630210876465, -6.546616077423096
n,31.440902709960938, -7.309831619262695, -8.726886749267578
n,9.470927238464355, 17.563077926635742, -22.17612648010254
n,9.715664863586426, 17.768712997436523, 21.703001022338867
n,-22.69309425354004, 22.828229904174805, -8.742904663085938
n,9.352718353271484, 16.781009674072266, -23.285961151123047
n,8.86647891998291, 16.1929931640625, 24.315061569213867
n,-25.038034439086914, 20.87666893005371, -9.016109466552734
n,11.931561470031738, -27.580982208251953, 4.880589962005615
n,-29.370567321777344, -4.966001033782959, 6.304439067840576
n,11.646443367004395, -27.424888610839844, 6.266475200653076
n,-29.65030860900879, -4.81273078918457, 4.959726333618164
n,-8.866479873657227, -16.1929931640625, 24.3150577545166
n,11.579891204833984, -27.388263702392578, -6.546649932861328
n,23.571054458618164, -22.176185607910156, -8.803414344787598
n,0.0, 0.0, 0.0
n,-9.698861122131348, -17.71318817138672, 21.794574737548828
n,-31.412263870239258, 7.401411056518555, -8.820159912109375
n,0.0, 0.0, 0.0
n,-8.866477966308594, -16.192995071411133, 24.315059661865234
n,-31.31076431274414, 8.405119895935059, -8.897726058959961
n,0.9032812118530273, -0.49459022283554077, 34.37114715576172
n,18.98026466369629, -10.392648696899414, 26.643836975097656
n,-18.13726043701172, 9.931061744689941, -27.40325164794922
n,18.146352767944336, -9.936041831970215, -27.395357131958008
n,-18.2717227935791, 10.004688262939453, 27.28583335876465
n,-23.926557540893555, 13.100995063781738, 20.7727108001709
n,0.034721750766038895, -0.019013620913028717, -34.386688232421875
n,-18.118623733520508, 9.920857429504395, -27.419422149658203
n,18.291027069091797, -10.015256881713867, 27.268861770629883
n,-0.8292178511619568, 0.45404019951820374, 34.373592376708984
n,-18.94154930114746, 10.371452331542969, 26.679950714111328
n,18.148578643798828, -9.937260627746582, -27.393423080444336
n,23.918115615844727, -13.096370697021484, 20.785457611083984
n,7.218866358016385e-07, 1.3183934015614795e-06, 34.38671112060547
n,29.009748458862305, -15.884299278259277, 8.862153053283691
n,7.218866358016385e-07, 1.3183934015614795e-06, 34.38671112060547
n,-28.907665252685547, 15.828401565551758, -9.28940486907959
n,-28.997203826904297, 15.87742805480957, 8.915838241577148
n,0.0, 0.0, 0.0
n,28.913856506347656, -15.831790924072266, -9.264105796813965
n,-29.392736434936523, 16.094003677368164, 7.0140910148620605
n,7.218866358016385e-07, 1.3183934015614795e-06, 34.38671112060547
n,-28.895051956176758, 15.821495056152344, -9.340743064880371
n,28.91526985168457, -15.832565307617188, -9.258306503295898
n,29.41292381286621, -16.10505485534668, 6.902203559875488
n,0.0, 0.0, 0.0
n,29.664535522460938, 4.805020332336426, 4.880587577819824
n,-11.637591361999512, 27.420028686523438, 6.304437637329102
n,29.379430770874023, 4.961167812347412, 6.266469955444336
n,-11.917414665222168, 27.573148727416992, 4.9597249031066895
n,8.866477966308594, 16.192991256713867, 24.3150634765625
n,29.31272315979004, 4.9975056648254395, -6.5466508865356445
n,31.380966186523438, -7.91281270980835, -8.803415298461914
n,29.146930694580078, -15.95941162109375, -8.250603675842285
n,9.698859214782715, 17.713184356689453, 21.794578552246094
n,-23.157028198242188, 22.478050231933594, -8.82015609741211
n,0.0, 0.0, 0.0
n,8.866477966308594, 16.192991256713867, 24.315061569213867
n,-23.948015213012695, 21.851837158203125, -8.897727012634277
n,11.931626319885254, -27.580970764160156, 4.880601406097412
n,-29.370609283447266, -4.965896129608154, 6.304466247558594
n,11.646388053894043, -27.424896240234375, 6.266461372375488
n,-29.650331497192383, -4.812678337097168, 4.959737300872803
n,-8.866479873657227, -16.1929931640625, 24.3150577545166
n,11.579717636108398, -27.388296127319336, -6.546614646911621
n,23.095333099365234, -22.551490783691406, -8.726887702941895
n,-9.695178031921387, -17.440290451049805, -22.17612648010254
n,-9.736589431762695, -17.75725555419922, 21.7030029296875
n,-31.45737648010254, 6.8218770027160645, -8.742904663085938
n,-9.099958419799805, -16.91941261291504, -23.28595733642578
n,-8.866477966308594, -16.192995071411133, 24.3150577545166
n,-31.07634925842285, 9.8488187789917, -9.016111373901367
n,0.9032810926437378, -0.494590163230896, 34.37114334106445
n,18.98026466369629, -10.392648696899414, 26.643836975097656
n,-18.13726234436035, 9.931062698364258, -27.403255462646484
n,18.146352767944336, -9.936041831970215, -27.395357131958008
n,-18.2717227935791, 10.004688262939453, 27.28583335876465
n,-23.926557540893555, 13.100995063781738, 20.7727108001709
n,0.034721750766038895, -0.019013620913028717, -34.386688232421875
n,-18.118623733520508, 9.920857429504395, -27.419422149658203
n,18.291027069091797, -10.015256881713867, 27.268861770629883
n,-0.8292948007583618, 0.45407310128211975, 34.37358856201172
n,-18.941547393798828, 10.371451377868652, 26.679950714111328
n,18.148578643798828, -9.937260627746582, -27.393423080444336
n,23.918115615844727, -13.096370697021484, 20.785457611083984
u,0.8468167781829834, 0.08090782165527344, 0
u,0.862555205821991, 0.14806824922561646, 0
u,0.862555205821991, 0.08090782165527344, 0
u,0.005186581052839756, 0.6554973721504211, 0
u,0.4476318061351776, 0.5983957946300507, 0
u,0.4476317763328552, 0.5318050980567932, 0
u,0.9685231447219849, 0.20198041200637817, 0
u,0.9842615127563477, 0.449468731880188, 0
u,0.9842615127563477, 0.20198041200637817, 0
u,0.8869913816452026, 0.14507752656936646, 0
u,0.8712529540061951, 0.07914888858795166, 0
u,0.8712529540061951, 0.14507752656936646, 0
u,0.004791734274476767, 0.8672689646482468, 0
u,0.1688031405210495, 0.8736379444599152, 0
u,0.37243035435676575, 0.7645373791456223, 0
u,0.1688031405210495, 0.8736379444599152, 0
u,0.00473904050886631, 0.8757472634315491, 0
u,0.44663506746292114, 1.000000017676797, 0
u,0.9239996671676636, 1.000000001235528, 0
u,0.908261239528656, 0.5430289506912231, 0
u,0.908261239528656, 1.0000000005475798, 0
u,0.005186581052839756, 0.6554973721504211, 0
u,0.16886962950229645, 0.6564781367778778, 0
u,0.4476318061351776, 0.5983957946300507, 0
u,0.16886962950229645, 0.6564781367778778, 0
u,0.37243035435676575, 0.7645373791456223, 0
u,0.4476318061351776, 0.7987826764583588, 0
u,0.16886962950229645, 0.6564781367778778, 0
u,0.0052184900268912315, 0.661004513502121, 0
u,0.37243035435676575, 0.7645373791456223, 0
u,0.37243035435676575, 0.7645373791456223, 0
u,0.1688031405210495, 0.8736379444599152, 0
u,0.4476318061351776, 0.7987826764583588, 0
u,0.6207435727119446, 0.6536064147949219, 0
u,0.8986138105392456, 0.5966726839542389, 0
u,0.8985754251480103, 0.5272443890571594, 0
u,0.6208100914955139, 0.8707661777734756, 0
u,0.8243707418441772, 0.7627069652080536, 0
u,0.4571589231491089, 0.8662398159503937, 0
u,0.45712703466415405, 0.8717469573020935, 0
u,0.8995721936225891, 0.9288485124707222, 0
u,0.6208100914955139, 0.8707661777734756, 0
u,0.6208100914955139, 0.8707661777734756, 0
u,0.8995721936225891, 0.7964117377996445, 0
u,0.8995721936225891, 0.7284616827964783, 0
u,0.45673221349716187, 0.6599753797054291, 0
u,0.8243707418441772, 0.7627069652080536, 0
u,0.6207435727119446, 0.6536064147949219, 0
u,0.6207435727119446, 0.6536064147949219, 0
u,0.8985754251480103, 0.5272443890571594, 0
u,0.45667949318885803, 0.651497095823288, 0
u,0.8243707418441772, 0.7627069652080536, 0
u,0.8995721936225891, 0.7284616827964783, 0
u,0.6207435727119446, 0.6536064147949219, 0
u,0.45712703466415405, 0.8717469573020935, 0
u,0.6208100914955139, 0.8707661777734756, 0
u,0.4571589231491089, 0.8662398159503937, 0
u,0.45673221349716187, 0.6599753797054291, 0
u,0.6207435727119446, 0.6536064147949219, 0
u,0.45667949318885803, 0.651497095823288, 0
u,0.45712703466415405, 0.8717469573020935, 0
u,0.8995721340179443, 0.9954392309300601, 0
u,0.8995721936225891, 0.9288485124707222, 0
u,0.6208100914955139, 0.8707661777734756, 0
u,0.8995721936225891, 0.7284616827964783, 0
u,0.8243707418441772, 0.7627069652080536, 0
u,1.0, 0.7547284215688705, 0
u,0.9842615723609924, 0.5115889608860016, 0
u,0.9842615723609924, 0.7547284215688705, 0
u,0.004791734274476767, 0.8672689646482468, 0
u,0.00473904050886631, 0.8757472634315491, 0
u,0.1688031405210495, 0.8736379444599152, 0
u,0.1688031405210495, 0.8736379444599152, 0
u,0.44663506746292114, 1.000000017676797, 0
u,0.44667336344718933, 0.9305716827511787, 0
u,0.45197200775146484, 0.5272442996501923, 0
u,0.45197200775146484, 0.5272442996501923, 0
u,0.45197200775146484, 0.5272442996501923, 0
u,0.8869913816452026, 0.5171395242214203, 0
u,0.8712529540061951, 0.15055203437805176, 0
u,0.8712529540061951, 0.5171395242214203, 0
u,0.16886962950229645, 0.6564781367778778, 0
u,0.4476318061351776, 0.7987826764583588, 0
u,0.4476318061351776, 0.7308326065540314, 0
u,1.0, 1.0000000045576076, 0
u,0.9842615723609924, 0.7547284066677094, 0
u,0.9842615723609924, 1.0000000038696593, 0
u,0.9353891611099243, 0.1831951141357422, 0
u,0.9196507334709167, 0.1164923906326294, 0
u,0.9196507334709167, 0.1831951141357422, 0
u,0.005186581052839756, 0.6554973721504211, 0
u,0.0052184900268912315, 0.661004513502121, 0
u,0.16886962950229645, 0.6564781367778778, 0
u,0.8468167185783386, 0.14806830883026123, 0
u,0.8625551462173462, 0.5171540379524231, 0
u,0.8625551462173462, 0.14806830883026123, 0
u,0.9196507930755615, 0.5355106592178345, 0
u,0.9039124250411987, 0.08152920007705688, 0
u,0.903912365436554, 0.5355106592178345, 0
u,0.9842615723609924, 0.6984739303588867, 0
u,0.9685232043266296, 0.44946879148483276, 0
u,0.9685231447219849, 0.6984739303588867, 0
u,3.153664874844253e-05, 0.6567690372467041, 0
u,-4.758810678850978e-09, 0.6567680239677429, 0
u,3.153664874844253e-05, 0.6567690372467041, 0
u,0.908261239528656, 0.5393491983413696, 0
u,0.903912365436554, 0.5443857908248901, 0
u,0.908261239528656, 0.5430289506912231, 0
u,0.4477115869522095, 0.9263466820120811, 0
u,0.44667336344718933, 0.9305716827511787, 0
u,0.45197197794914246, 0.93156848102808, 0
u,0.1919456124305725, 0.873941957950592, 0
u,0.19188539683818817, 0.8719414323568344, 0
u,0.1688031405210495, 0.8736379444599152, 0
u,0.8712529540061951, 0.15055197477340698, 0
u,0.8712529540061951, 0.14507752656936646, 0
u,0.866904079914093, 0.14608889818191528, 0
u,0.8712529540061951, 0.0736771821975708, 0
u,0.866904079914093, 0.07813888788223267, 0
u,0.8712529540061951, 0.07914888858795166, 0
u,0.19188719987869263, 0.6581186950206757, 0
u,0.19194267690181732, 0.6561108231544495, 0
u,0.16886962950229645, 0.6564781367778778, 0
u,0.862555205821991, 0.07567393779754639, 0
u,0.862555205821991, 0.08090782165527344, 0
u,0.866904079914093, 0.08009719848632812, 0
u,0.45197194814682007, 0.5304223001003265, 0
u,0.4477836489677429, 0.5272443294525146, 0
u,0.4476317763328552, 0.5318050980567932, 0
u,0.8968647718429565, 0.4740230441093445, 0
u,0.8913401961326599, 0.4740230441093445, 0
u,0.8926181197166443, 0.47837191820144653, 0
u,0.8968656063079834, 0.5228954255580902, 0
u,0.8913401961326599, 0.5228954255580902, 0
u,0.8926364183425903, 0.5272442996501923, 0
u,0.8913401961326599, 0.35643112659454346, 0
u,0.8913401961326599, 0.36654597520828247, 0
u,0.8936759233474731, 0.3567153215408325, 0
u,0.8968656063079834, 0.49845921993255615, 0
u,0.8913401961326599, 0.49845921993255615, 0
u,0.8955439329147339, 0.5028081238269806, 0
u,0.8968590497970581, 0.4495868682861328, 0
u,0.8913401961326599, 0.4495868682861328, 0
u,0.8925843834877014, 0.45393574237823486, 0
u,0.9239996671676636, 0.5393491983413696, 0
u,0.9239996671676636, 0.5430289506912231, 0
u,0.9283485412597656, 0.5443857908248901, 0
u,0.8996520042419434, 0.6008976995944977, 0
u,0.903912365436554, 0.5956758856773376, 0
u,0.8986138105392456, 0.5966726839542389, 0
u,0.6438860297203064, 0.653302401304245, 0
u,0.6207435727119446, 0.6536064147949219, 0
u,0.6438258290290833, 0.6553029119968414, 0
u,0.8869913816452026, 0.15055197477340698, 0
u,0.8913402557373047, 0.14608889818191528, 0
u,0.8869913816452026, 0.14507752656936646, 0
u,0.8869913816452026, 0.0736771821975708, 0
u,0.8869913816452026, 0.07914888858795166, 0
u,0.8913402557373047, 0.07813888788223267, 0
u,0.6438276171684265, 0.8691256195306778, 0
u,0.6208100914955139, 0.8707661777734756, 0
u,0.6438831090927124, 0.8711335062980652, 0
u,0.8468167781829834, 0.07567393779754639, 0
u,0.8424679040908813, 0.08009719848632812, 0
u,0.8468167781829834, 0.08090782165527344, 0
u,0.9039123058319092, 0.9968220391310751, 0
u,0.8995721340179443, 0.9954392309300601, 0
u,0.8997240662574768, 0.9999999992141229, 0
u,0.8968647718429565, 0.4582846164703369, 0
u,0.8926181197166443, 0.45393574237823486, 0
u,0.8913401961326599, 0.4582846164703369, 0
u,0.8968656063079834, 0.5071569979190826, 0
u,0.8926364183425903, 0.5028081238269806, 0
u,0.8913401961326599, 0.5071569979190826, 0
u,0.8913401961326599, 0.3561675548553467, 0
u,0.8936783671379089, 0.3564310073852539, 0
u,0.8936783671379089, 0.34632670879364014, 0
u,0.8968656063079834, 0.4827207922935486, 0
u,0.8955439329147339, 0.47837191820144653, 0
u,0.8913401961326599, 0.4827207922935486, 0
u,0.8968590497970581, 0.43384844064712524, 0
u,0.8925843834877014, 0.4294995665550232, 0
u,0.8913401961326599, 0.43384844064712524, 0
u,0.44667336344718933, 0.9305716827511787, 0
u,0.1919456124305725, 0.873941957950592, 0
u,0.1688031405210495, 0.8736379444599152, 0
u,0.19188539683818817, 0.8719414323568344, 0
u,0.4476318061351776, 0.7987826764583588, 0
u,0.1688031405210495, 0.8736379444599152, 0
u,0.4476318061351776, 0.7308326065540314, 0
u,0.19188719987869263, 0.6581186950206757, 0
u,0.16886962950229645, 0.6564781367778778, 0
u,0.19194267690181732, 0.6561108231544495, 0
u,0.4476318061351776, 0.5983957946300507, 0
u,0.16886962950229645, 0.6564781367778778, 0
u,0.862555205821991, 0.08090782165527344, 0
u,0.866904079914093, 0.14668792486190796, 0
u,0.866904079914093, 0.08009719848632812, 0
u,0.4476317763328552, 0.5318050980567932, 0
u,0.004219834227114916, 0.6512492895126343, 0
u,0.005186581052839756, 0.6554973721504211, 0
u,0.8712529540061951, 0.5171395242214203, 0
u,0.866904079914093, 0.15097618103027344, 0
u,0.866904079914093, 0.5272443294525146, 0
u,0.005186581052839756, 0.6554973721504211, 0
u,3.153664874844253e-05, 0.6567690372467041, 0
u,0.0052184900268912315, 0.661004513502121, 0
u,0.45197197794914246, 0.9982712436467409, 0
u,0.44667336344718933, 0.9305716827511787, 0
u,0.44663506746292114, 1.000000017676797, 0
u,0.8669040203094482, 0.148861825466156, 0
u,0.8625551462173462, 0.5171540379524231, 0
u,0.8669040203094482, 0.5272442400455475, 0
u,0.004791734274476767, 0.8672689646482468, 0
u,3.154719161102548e-05, 0.8714668899774551, 0
u,0.00473904050886631, 0.8757472634315491, 0
u,0.8712529540061951, 0.14507752656936646, 0
u,0.866904079914093, 0.07813888788223267, 0
u,0.866904079914093, 0.14608889818191528, 0
u,0.903912365436554, 0.5443857908248901, 0
u,0.908261239528656, 1.0000000005475798, 0
u,0.908261239528656, 0.5430289506912231, 0
u,0.8986138105392456, 0.5966726839542389, 0
u,0.6438860297203064, 0.653302401304245, 0
u,0.8996520042419434, 0.6008976995944977, 0
u,0.6438258290290833, 0.6553029119968414, 0
u,0.8995721936225891, 0.7284616827964783, 0
u,0.8997122049331665, 0.7239989936351776, 0
u,0.8995721936225891, 0.7964117377996445, 0
u,0.6438276171684265, 0.8691256195306778, 0
u,0.8997103571891785, 0.8008737862110138, 0
u,0.6438831090927124, 0.8711335062980652, 0
u,0.8995721936225891, 0.9288485124707222, 0
u,0.8996549248695374, 0.9244255945086479, 0
u,0.8468167781829834, 0.08090782165527344, 0
u,0.8424679040908813, 0.14668792486190796, 0
u,0.8468167781829834, 0.14806824922561646, 0
u,0.8995721340179443, 0.9954392309300601, 0
u,0.456160306930542, 0.8759950250387192, 0
u,0.8997240662574768, 0.9999999992141229, 0
u,0.8869913816452026, 0.5171395242214203, 0
u,0.8913402557373047, 0.15097618103027344, 0
u,0.8869913816452026, 0.15055203437805176, 0
u,0.45197200775146484, 0.8704752922058105, 0
u,0.4571589231491089, 0.8662398159503937, 0
u,0.45197200775146484, 0.8704752922058105, 0
u,0.903912365436554, 0.5289731621742249, 0
u,0.8986138105392456, 0.5966726839542389, 0
u,0.903912365436554, 0.5956758856773376, 0
u,0.8424678444862366, 0.148861825466156, 0
u,0.8468167185783386, 0.5171540379524231, 0
u,0.8468167185783386, 0.14806830883026123, 0
u,0.45197200775146484, 0.6557774543762207, 0
u,0.45667949318885803, 0.651497095823288, 0
u,0.45197200775146484, 0.6557774543762207, 0
u,0.8869913816452026, 0.14507752656936646, 0
u,0.8913402557373047, 0.07813888788223267, 0
u,0.8869913816452026, 0.07914888858795166, 0
u,0.9283485412597656, 0.5443857908248901, 0
u,0.9239996671676636, 1.000000001235528, 0
u,0.9283485412597656, 0.9996751424914692, 0
u,0.8913402557373047, 0.38228434324264526, 0
u,0.8933407664299011, 0.3665459156036377, 0
u,0.8913402557373047, 0.3665459156036377, 0
u,0.9353891611099243, 0.11126846075057983, 0
u,0.9196507334709167, 0.1164923906326294, 0
u,0.9353891611099243, 0.1164923906326294, 0
u,0.8913401961326599, 0.4495868682861328, 0
u,0.8968590497970581, 0.43384844064712524, 0
u,0.8913401961326599, 0.43384844064712524, 0
u,0.8913401961326599, 0.4827207922935486, 0
u,0.8968656063079834, 0.49845921993255615, 0
u,0.8968656063079834, 0.4827207922935486, 0
u,0.8712529540061951, 0.15055197477340698, 0
u,0.8869913816452026, 0.14507752656936646, 0
u,0.8712529540061951, 0.14507752656936646, 0
u,0.9239996671676636, 0.5393491983413696, 0
u,0.908261239528656, 0.5430289506912231, 0
u,0.9239996671676636, 0.5430289506912231, 0
u,0.8913402557373047, 0.39802271127700806, 0
u,0.893693208694458, 0.4137611389160156, 0
u,0.893693208694458, 0.39802271127700806, 0
u,0.8913401961326599, 0.5071569979190826, 0
u,0.8968656063079834, 0.5228954255580902, 0
u,0.8968656063079834, 0.5071569979190826, 0
u,0.8712529540061951, 0.07914888858795166, 0
u,0.8869913816452026, 0.0736771821975708, 0
u,0.8712529540061951, 0.0736771821975708, 0
u,0.8933480978012085, 0.39802271127700806, 0
u,0.8913401961326599, 0.3822842836380005, 0
u,0.8913401961326599, 0.39802271127700806, 0
u,0.862555205821991, 0.07567393779754639, 0
u,0.8468167781829834, 0.08090782165527344, 0
u,0.862555205821991, 0.08090782165527344, 0
u,0.8913401961326599, 0.4582846164703369, 0
u,0.8968647718429565, 0.4740230441093445, 0
u,0.8968647718429565, 0.4582846164703369, 0
u,0.903912365436554, 0.5393491685390472, 0
u,0.9196507930755615, 0.5355106592178345, 0
u,0.903912365436554, 0.5355106592178345, 0
u,0.8468167781829834, 0.08090782165527344, 0
u,0.8468167781829834, 0.14806824922561646, 0
u,0.862555205821991, 0.14806824922561646, 0
u,0.9685231447219849, 0.20198041200637817, 0
u,0.9685231447219849, 0.44946879148483276, 0
u,0.9842615127563477, 0.449468731880188, 0
u,0.8869913816452026, 0.14507752656936646, 0
u,0.8869913816452026, 0.07914888858795166, 0
u,0.8712529540061951, 0.07914888858795166, 0
u,0.9239996671676636, 1.000000001235528, 0
u,0.9239996671676636, 0.5430289506912231, 0
u,0.908261239528656, 0.5430289506912231, 0
u,1.0, 0.7547284215688705, 0
u,1.0, 0.5115889608860016, 0
u,0.9842615723609924, 0.5115889608860016, 0
u,0.45197200775146484, 0.5272442996501923, 0
u,0.45197200775146484, 0.5272442996501923, 0
u,0.45197200775146484, 0.5272442996501923, 0
u,0.8869913816452026, 0.5171395242214203, 0
u,0.8869913816452026, 0.15055203437805176, 0
u,0.8712529540061951, 0.15055203437805176, 0
u,1.0, 1.0000000045576076, 0
u,1.0, 0.7547284066677094, 0
u,0.9842615723609924, 0.7547284066677094, 0
u,0.9353891611099243, 0.1831951141357422, 0
u,0.9353891611099243, 0.1164923906326294, 0
u,0.9196507334709167, 0.1164923906326294, 0
u,0.8468167185783386, 0.14806830883026123, 0
u,0.8468167185783386, 0.5171540379524231, 0
u,0.8625551462173462, 0.5171540379524231, 0
u,0.9196507930755615, 0.5355106592178345, 0
u,0.9196507930755615, 0.08152920007705688, 0
u,0.9039124250411987, 0.08152920007705688, 0
u,0.9842615723609924, 0.6984739303588867, 0
u,0.9842615723609924, 0.44946879148483276, 0
u,0.9685232043266296, 0.44946879148483276, 0
u,3.153664874844253e-05, 0.6567690372467041, 0
u,-4.758810678850978e-09, 0.6567680239677429, 0
u,-4.758810678850978e-09, 0.6567680239677429, 0
u,0.44667336344718933, 0.9305716827511787, 0
u,0.4477115869522095, 0.9263466820120811, 0
u,0.1919456124305725, 0.873941957950592, 0
u,0.19188539683818817, 0.8719414323568344, 0
u,0.447771817445755, 0.8032453656196594, 0
u,0.4476318061351776, 0.7987826764583588, 0
u,0.4476318061351776, 0.7308326065540314, 0
u,0.44776999950408936, 0.7263705730438232, 0
u,0.19188719987869263, 0.6581186950206757, 0
u,0.19194267690181732, 0.6561108231544495, 0
u,0.44771450757980347, 0.6028187274932861, 0
u,0.4476318061351776, 0.5983957946300507, 0
u,0.862555205821991, 0.08090782165527344, 0
u,0.862555205821991, 0.14806824922561646, 0
u,0.866904079914093, 0.14668792486190796, 0
u,0.4476317763328552, 0.5318050980567932, 0
u,0.4477836489677429, 0.5272443294525146, 0
u,0.004219834227114916, 0.6512492895126343, 0
u,0.8712529540061951, 0.5171395242214203, 0
u,0.8712529540061951, 0.15055203437805176, 0
u,0.866904079914093, 0.15097618103027344, 0
u,0.005186581052839756, 0.6554973721504211, 0
u,3.153664874844253e-05, 0.6567690372467041, 0
u,3.153664874844253e-05, 0.6567690372467041, 0
u,0.45197197794914246, 0.9982712436467409, 0
u,0.45197197794914246, 0.93156848102808, 0
u,0.44667336344718933, 0.9305716827511787, 0
u,0.8669040203094482, 0.148861825466156, 0
u,0.8625551462173462, 0.14806830883026123, 0
u,0.8625551462173462, 0.5171540379524231, 0
u,0.004791734274476767, 0.8672689646482468, 0
u,3.154719161102548e-05, 0.8714668899774551, 0
u,3.154719161102548e-05, 0.8714668899774551, 0
u,0.8712529540061951, 0.14507752656936646, 0
u,0.8712529540061951, 0.07914888858795166, 0
u,0.866904079914093, 0.07813888788223267, 0
u,0.903912365436554, 0.5443857908248901, 0
u,0.903912365436554, 0.9996751414146274, 0
u,0.908261239528656, 1.0000000005475798, 0
u,0.8986138105392456, 0.5966726839542389, 0
u,0.6207435727119446, 0.6536064147949219, 0
u,0.6438860297203064, 0.653302401304245, 0
u,0.6438258290290833, 0.6553029119968414, 0
u,0.6207435727119446, 0.6536064147949219, 0
u,0.8995721936225891, 0.7284616827964783, 0
u,0.8995721936225891, 0.7964117377996445, 0
u,0.6208100914955139, 0.8707661777734756, 0
u,0.6438276171684265, 0.8691256195306778, 0
u,0.6438831090927124, 0.8711335062980652, 0
u,0.6208100914955139, 0.8707661777734756, 0
u,0.8995721936225891, 0.9288485124707222, 0
u,0.8468167781829834, 0.08090782165527344, 0
u,0.8424679040908813, 0.08009719848632812, 0
u,0.8424679040908813, 0.14668792486190796, 0
u,0.8995721340179443, 0.9954392309300601, 0
u,0.45712703466415405, 0.8717469573020935, 0
u,0.456160306930542, 0.8759950250387192, 0
u,0.8869913816452026, 0.5171395242214203, 0
u,0.8913402557373047, 0.5272443294525146, 0
u,0.8913402557373047, 0.15097618103027344, 0
u,0.45197200775146484, 0.8704752922058105, 0
u,0.45712703466415405, 0.8717469573020935, 0
u,0.4571589231491089, 0.8662398159503937, 0
u,0.903912365436554, 0.5289731621742249, 0
u,0.8985754251480103, 0.5272443890571594, 0
u,0.8986138105392456, 0.5966726839542389, 0
u,0.8424678444862366, 0.148861825466156, 0
u,0.8424678444862366, 0.5272442400455475, 0
u,0.8468167185783386, 0.5171540379524231, 0
u,0.45197200775146484, 0.6557774543762207, 0
u,0.45673221349716187, 0.6599753797054291, 0
u,0.45667949318885803, 0.651497095823288, 0
u,0.8869913816452026, 0.14507752656936646, 0
u,0.8913402557373047, 0.14608889818191528, 0
u,0.8913402557373047, 0.07813888788223267, 0
u,0.9283485412597656, 0.5443857908248901, 0
u,0.9239996671676636, 0.5430289506912231, 0
u,0.9239996671676636, 1.000000001235528, 0
u,0.8913402557373047, 0.38228434324264526, 0
u,0.8933407664299011, 0.38228434324264526, 0
u,0.8933407664299011, 0.3665459156036377, 0
u,0.9353891611099243, 0.11126846075057983, 0
u,0.9196507334709167, 0.11126846075057983, 0
u,0.9196507334709167, 0.1164923906326294, 0
u,0.8913401961326599, 0.4495868682861328, 0
u,0.8968590497970581, 0.4495868682861328, 0
u,0.8968590497970581, 0.43384844064712524, 0
u,0.8913401961326599, 0.4827207922935486, 0
u,0.8913401961326599, 0.49845921993255615, 0
u,0.8968656063079834, 0.49845921993255615, 0
u,0.8712529540061951, 0.15055197477340698, 0
u,0.8869913816452026, 0.15055197477340698, 0
u,0.8869913816452026, 0.14507752656936646, 0
u,0.9239996671676636, 0.5393491983413696, 0
u,0.908261239528656, 0.5393491983413696, 0
u,0.908261239528656, 0.5430289506912231, 0
u,0.8913402557373047, 0.39802271127700806, 0
u,0.8913402557373047, 0.4137611389160156, 0
u,0.893693208694458, 0.4137611389160156, 0
u,0.8913401961326599, 0.5071569979190826, 0
u,0.8913401961326599, 0.5228954255580902, 0
u,0.8968656063079834, 0.5228954255580902, 0
u,0.8712529540061951, 0.07914888858795166, 0
u,0.8869913816452026, 0.07914888858795166, 0
u,0.8869913816452026, 0.0736771821975708, 0
u,0.8933480978012085, 0.39802271127700806, 0
u,0.8933480978012085, 0.3822842836380005, 0
u,0.8913401961326599, 0.3822842836380005, 0
u,0.862555205821991, 0.07567393779754639, 0
u,0.8468167781829834, 0.07567393779754639, 0
u,0.8468167781829834, 0.08090782165527344, 0
u,0.8913401961326599, 0.4582846164703369, 0
u,0.8913401961326599, 0.4740230441093445, 0
u,0.8968647718429565, 0.4740230441093445, 0
u,0.903912365436554, 0.5393491685390472, 0
u,0.9196507930755615, 0.5393491685390472, 0
u,0.9196507930755615, 0.5355106592178345, 0
