v,-0.005633852910250425, 0.017214858904480934, 0.009307455271482468
v,-0.008744629099965096, 0.01750878430902958, 0.009307455271482468
v,-0.005984681658446789, 0.016366900876164436, 0.009307455271482468
v,-0.003701647976413369, 0.015147915109992027, -0.010472442954778671
v,-0.006048223469406366, 0.016118772327899933, 0.009114926680922508
v,-0.008784756995737553, 0.017250968143343925, 0.009114926680922508
v,-0.0003413416270632297, 0.015025168657302856, 0.009121430106461048
v,-0.0034969698172062635, 0.01533765159547329, -0.002206685720011592
v,-0.0006921704043634236, 0.014177210628986359, 0.009121430106461048
v,0.0025927594397217035, 0.013811231590807438, 0.009307455271482468
v,-0.0004673953226301819, 0.01408421341329813, 0.009307455271482468
v,0.0022419304586946964, 0.01296327356249094, 0.009307455271482468
v,0.005001067649573088, 0.011547308415174484, -0.010489923879504204
v,0.005262800958007574, 0.011439019814133644, -0.0032290201634168625
v,0.0007793340482749045, 0.013293981552124023, 0.005785705056041479
v,0.005262800958007574, 0.011439019814133644, -0.0032290201634168625
v,0.0053494819439947605, 0.011403157375752926, -0.010492256842553616
v,0.010455628857016563, 0.009290571324527264, 0.009070799686014652
v,0.0058483583852648735, 0.012464281171560287, -0.01051490567624569
v,0.010611974634230137, 0.00950030330568552, 0.009122085757553577
v,0.00549752963706851, 0.01161632314324379, -0.01051490567624569
v,-0.003701647976413369, 0.015147915109992027, -0.010472442954778671
v,-0.0036613421980291605, 0.015131239779293537, -0.003226076252758503
v,-0.006048223469406366, 0.016118772327899933, 0.009114926680922508
v,-0.0036613421980291605, 0.015131239779293537, -0.003226076252758503
v,0.0007793340482749045, 0.013293981552124023, 0.005785705056041479
v,0.00218663876876235, 0.012711731716990471, 0.009114926680922508
v,-0.0036613421980291605, 0.015131239779293537, -0.003226076252758503
v,-0.0034753333311527967, 0.015054281800985336, -0.010471031069755554
v,0.0007793340482749045, 0.013293981552124023, 0.005785705056041479
v,0.0007793340482749045, 0.013293981552124023, 0.005785705056041479
v,0.005262800958007574, 0.011439019814133644, -0.0032290201634168625
v,0.00218663876876235, 0.012711731716990471, 0.009114926680922508
v,0.00580751383677125, 0.01275559887290001, -0.0032290201634168625
v,0.008147196844220161, 0.011787591502070427, 0.009072496555745602
v,0.011000341735780239, 0.010607149451971054, 0.009070799686014652
v,-0.003116629319265485, 0.016447817906737328, -0.0032260757870972157
v,0.0013240468688309193, 0.014610559679567814, 0.005785705056041479
v,-0.002930620452389121, 0.016370858997106552, -0.010471031069755554
v,-0.0031569350976496935, 0.016464494168758392, -0.010472442954778671
v,-0.005503510590642691, 0.017435351386666298, 0.009114926680922508
v,-0.003116629319265485, 0.016447817906737328, -0.0032260757870972157
v,-0.003116629319265485, 0.016447817906737328, -0.0032260757870972157
v,-6.104396743467078e-05, 0.015183618292212486, 0.009114926680922508
v,0.0027313516475260258, 0.014028309844434261, 0.009114926680922508
v,0.005545780528336763, 0.012863886542618275, -0.010489923879504204
v,0.0013240468688309193, 0.014610559679567814, 0.005785705056041479
v,0.00580751383677125, 0.01275559887290001, -0.0032290201634168625
v,0.00580751383677125, 0.01275559887290001, -0.0032290201634168625
v,0.011000341735780239, 0.010607149451971054, 0.009070799686014652
v,0.005894194822758436, 0.012719735503196716, -0.010492256842553616
v,0.0013240468688309193, 0.014610559679567814, 0.005785705056041479
v,0.0027313516475260258, 0.014028309844434261, 0.009114926680922508
v,0.00580751383677125, 0.01275559887290001, -0.0032290201634168625
v,-0.0031569350976496935, 0.016464494168758392, -0.010472442954778671
v,-0.003116629319265485, 0.016447817906737328, -0.0032260757870972157
v,-0.002930620452389121, 0.016370858997106552, -0.010471031069755554
v,0.005545780528336763, 0.012863886542618275, -0.010489923879504204
v,0.00580751383677125, 0.01275559887290001, -0.0032290201634168625
v,0.005894194822758436, 0.012719735503196716, -0.010492256842553616
v,-0.0031569350976496935, 0.016464494168758392, -0.010472442954778671
v,-0.008240044116973877, 0.01856754720211029, 0.009114926680922508
v,-0.005503510590642691, 0.017435351386666298, 0.009114926680922508
v,-0.003116629319265485, 0.016447817906737328, -0.0032260757870972157
v,0.0027313516475260258, 0.014028309844434261, 0.009114926680922508
v,0.0013240468688309193, 0.014610559679567814, 0.005785705056041479
v,0.00564086576923728, 0.012550127692520618, -0.0022067660465836525
v,0.0024669854901731014, 0.01287016086280346, 0.00912151113152504
v,0.0052900370210409164, 0.01170216966420412, -0.0022067660465836525
v,0.005001067649573088, 0.011547308415174484, -0.010489923879504204
v,0.0053494819439947605, 0.011403157375752926, -0.010492256842553616
v,0.005262800958007574, 0.011439019814133644, -0.0032290201634168625
v,0.005262800958007574, 0.011439019814133644, -0.0032290201634168625
v,0.010455628857016563, 0.009290571324527264, 0.009070799686014652
v,0.007602484431117773, 0.010471013374626637, 0.009072496555745602
v,0.005270534195005894, 0.011710239574313164, -0.01070027519017458
v,0.005621362943202257, 0.012558197602629662, -0.01070027519017458
v,0.005270534195005894, 0.011710239574313164, -0.01070027519017458
v,0.0012768387096002698, 0.014355672523379326, 0.005341514945030212
v,0.0050436691381037235, 0.011804101057350636, -0.010514866560697556
v,0.0009260099614039063, 0.013507714495062828, 0.005341514945030212
v,-0.0036613421980291605, 0.015131239779293537, -0.003226076252758503
v,0.00218663876876235, 0.012711731716990471, 0.009114926680922508
v,-0.0006057567661628127, 0.013867040164768696, 0.009114926680922508
v,-0.0032286541536450386, 0.016219748184084892, -0.0022042295895516872
v,-0.005769511219114065, 0.016277877613902092, 0.009118975140154362
v,-0.0035794831346720457, 0.015371790155768394, -0.0022042295895516872
v,0.010832367464900017, 0.010402227751910686, 0.009307455271482468
v,0.007740400731563568, 0.010688371025025845, 0.009307455271482468
v,0.010481538251042366, 0.009554269723594189, 0.009307455271482468
v,-0.003701647976413369, 0.015147915109992027, -0.010472442954778671
v,-0.0034753333311527967, 0.015054281800985336, -0.010471031069755554
v,-0.0036613421980291605, 0.015131239779293537, -0.003226076252758503
v,-0.002974342554807663, 0.016114531084895134, -0.010514986701309681
v,0.0008293152204714715, 0.01354772038757801, 0.005341635551303625
v,-0.0033251713030040264, 0.015266573056578636, -0.010514986701309681
v,-0.008524398319423199, 0.018410775810480118, 0.009122036397457123
v,-0.0037792683579027653, 0.015454447828233242, -0.010514856316149235
v,-0.008875226601958275, 0.01756281778216362, 0.009122036397457123
v,0.007876641117036343, 0.011625111103057861, 0.009118844754993916
v,0.005372248124331236, 0.011668155901134014, -0.0022041003685444593
v,0.007525811903178692, 0.010777153074741364, 0.009118844754993916
v,-0.0035524354316294193, 0.015360599383711815, -0.01070027519017458
v,-0.003201606683433056, 0.016208557412028313, -0.01070027519017458
v,-0.0035524354316294193, 0.015360599383711815, -0.01070027519017458
v,0.010481538251042366, 0.009554269723594189, 0.009307455271482468
v,0.010455628857016563, 0.009290571324527264, 0.009070799686014652
v,0.010611974634230137, 0.00950030330568552, 0.009122085757553577
v,0.007525811903178692, 0.010777153074741364, 0.009118844754993916
v,0.007602484431117773, 0.010471013374626637, 0.009072496555745602
v,0.007740400731563568, 0.010688371025025845, 0.009307455271482468
v,0.005372248124331236, 0.011668155901134014, -0.0022041003685444593
v,0.0052900370210409164, 0.01170216966420412, -0.0022067660465836525
v,0.005262800958007574, 0.011439019814133644, -0.0032290201634168625
v,0.0024669854901731014, 0.01287016086280346, 0.00912151113152504
v,0.0022419304586946964, 0.01296327356249094, 0.009307455271482468
v,0.00218663876876235, 0.012711731716990471, 0.009114926680922508
v,-0.0006921704043634236, 0.014177210628986359, 0.009121430106461048
v,-0.0006057567661628127, 0.013867040164768696, 0.009114926680922508
v,-0.0004673953226301819, 0.01408421341329813, 0.009307455271482468
v,-0.0034969698172062635, 0.01533765159547329, -0.002206685720011592
v,-0.0035794831346720457, 0.015371790155768394, -0.0022042295895516872
v,-0.0036613421980291605, 0.015131239779293537, -0.003226076252758503
v,-0.005769511219114065, 0.016277877613902092, 0.009118975140154362
v,-0.005984681658446789, 0.016366900876164436, 0.009307455271482468
v,-0.006048223469406366, 0.016118772327899933, 0.009114926680922508
v,-0.008744629099965096, 0.01750878430902958, 0.009307455271482468
v,-0.008875226601958275, 0.01756281778216362, 0.009122036397457123
v,-0.008784756995737553, 0.017250968143343925, 0.009114926680922508
v,-0.0037792683579027653, 0.015454447828233242, -0.010514856316149235
v,-0.0035524354316294193, 0.015360599383711815, -0.01070027519017458
v,-0.003701647976413369, 0.015147915109992027, -0.010472442954778671
v,-0.0035524354316294193, 0.015360599383711815, -0.01070027519017458
v,-0.0033251713030040264, 0.015266573056578636, -0.010514986701309681
v,-0.0034753333311527967, 0.015054281800985336, -0.010471031069755554
v,0.0009260099614039063, 0.013507714495062828, 0.005341514945030212
v,0.0007793340482749045, 0.013293981552124023, 0.005785705056041479
v,0.0008293152204714715, 0.01354772038757801, 0.005341635551303625
v,0.0050436691381037235, 0.011804101057350636, -0.010514866560697556
v,0.005270534195005894, 0.011710239574313164, -0.01070027519017458
v,0.005001067649573088, 0.011547308415174484, -0.010489923879504204
v,0.005270534195005894, 0.011710239574313164, -0.01070027519017458
v,0.00549752963706851, 0.01161632314324379, -0.01051490567624569
v,0.0053494819439947605, 0.011403157375752926, -0.010492256842553616
v,0.010832367464900017, 0.010402227751910686, 0.009307455271482468
v,0.010962803848087788, 0.010348261334002018, 0.009122085757553577
v,0.011000341735780239, 0.010607149451971054, 0.009070799686014652
v,0.007876641117036343, 0.011625111103057861, 0.009118844754993916
v,0.008091229945421219, 0.011536329053342342, 0.009307455271482468
v,0.008147196844220161, 0.011787591502070427, 0.009072496555745602
v,0.005723076872527599, 0.012516113929450512, -0.0022041003685444593
v,0.00580751383677125, 0.01275559887290001, -0.0032290201634168625
v,0.00564086576923728, 0.012550127692520618, -0.0022067660465836525
v,0.002817814238369465, 0.013718118891119957, 0.00912151113152504
v,0.0027313516475260258, 0.014028309844434261, 0.009114926680922508
v,0.0025927594397217035, 0.013811231590807438, 0.009307455271482468
v,-0.0003413416270632297, 0.015025168657302856, 0.009121430106461048
v,-0.00011656653805403039, 0.014932171441614628, 0.009307455271482468
v,-6.104396743467078e-05, 0.015183618292212486, 0.009114926680922508
v,-0.0031461408361792564, 0.016185609623789787, -0.002206685720011592
v,-0.003116629319265485, 0.016447817906737328, -0.0032260757870972157
v,-0.0032286541536450386, 0.016219748184084892, -0.0022042295895516872
v,-0.005418682470917702, 0.01712583564221859, 0.009118975140154362
v,-0.005503510590642691, 0.017435351386666298, 0.009114926680922508
v,-0.005633852910250425, 0.017214858904480934, 0.009307455271482468
v,-0.00839380081743002, 0.018356742337346077, 0.009307455271482468
v,-0.008240044116973877, 0.01856754720211029, 0.009114926680922508
v,-0.008524398319423199, 0.018410775810480118, 0.009122036397457123
v,-0.003428439609706402, 0.016302406787872314, -0.010514856316149235
v,-0.0031569350976496935, 0.016464494168758392, -0.010472442954778671
v,-0.003201606683433056, 0.016208557412028313, -0.01070027519017458
v,-0.003201606683433056, 0.016208557412028313, -0.01070027519017458
v,-0.002930620452389121, 0.016370858997106552, -0.010471031069755554
v,-0.002974342554807663, 0.016114531084895134, -0.010514986701309681
v,0.0012768387096002698, 0.014355672523379326, 0.005341514945030212
v,0.001180144026875496, 0.014395678415894508, 0.005341635551303625
v,0.0013240468688309193, 0.014610559679567814, 0.005785705056041479
v,0.005394497886300087, 0.012652059085667133, -0.010514866560697556
v,0.005545780528336763, 0.012863886542618275, -0.010489923879504204
v,0.005621362943202257, 0.012558197602629662, -0.01070027519017458
v,0.005621362943202257, 0.012558197602629662, -0.01070027519017458
v,0.005894194822758436, 0.012719735503196716, -0.010492256842553616
v,0.0058483583852648735, 0.012464281171560287, -0.01051490567624569
v,0.007602484431117773, 0.010471013374626637, 0.009072496555745602
v,0.005372248124331236, 0.011668155901134014, -0.0022041003685444593
v,0.005262800958007574, 0.011439019814133644, -0.0032290201634168625
v,0.0052900370210409164, 0.01170216966420412, -0.0022067660465836525
v,0.00218663876876235, 0.012711731716990471, 0.009114926680922508
v,0.005262800958007574, 0.011439019814133644, -0.0032290201634168625
v,-0.0006057567661628127, 0.013867040164768696, 0.009114926680922508
v,-0.0034969698172062635, 0.01533765159547329, -0.002206685720011592
v,-0.0036613421980291605, 0.015131239779293537, -0.003226076252758503
v,-0.0035794831346720457, 0.015371790155768394, -0.0022042295895516872
v,-0.006048223469406366, 0.016118772327899933, 0.009114926680922508
v,-0.0036613421980291605, 0.015131239779293537, -0.003226076252758503
v,-0.005984681658446789, 0.016366900876164436, 0.009307455271482468
v,-0.008784756995737553, 0.017250968143343925, 0.009114926680922508
v,-0.006048223469406366, 0.016118772327899933, 0.009114926680922508
v,-0.008784756995737553, 0.017250968143343925, 0.009114926680922508
v,-0.0037792683579027653, 0.015454447828233242, -0.010514856316149235
v,-0.003701647976413369, 0.015147915109992027, -0.010472442954778671
v,0.0009260099614039063, 0.013507714495062828, 0.005341514945030212
v,0.005001067649573088, 0.011547308415174484, -0.010489923879504204
v,0.0007793340482749045, 0.013293981552124023, 0.005785705056041479
v,-0.003701647976413369, 0.015147915109992027, -0.010472442954778671
v,-0.0035524354316294193, 0.015360599383711815, -0.01070027519017458
v,-0.0034753333311527967, 0.015054281800985336, -0.010471031069755554
v,0.010481538251042366, 0.009554269723594189, 0.009307455271482468
v,0.007602484431117773, 0.010471013374626637, 0.009072496555745602
v,0.010455628857016563, 0.009290571324527264, 0.009070799686014652
v,-0.0034753333311527967, 0.015054281800985336, -0.010471031069755554
v,0.0008293152204714715, 0.01354772038757801, 0.005341635551303625
v,0.0007793340482749045, 0.013293981552124023, 0.005785705056041479
v,0.005001067649573088, 0.011547308415174484, -0.010489923879504204
v,0.005270534195005894, 0.011710239574313164, -0.01070027519017458
v,0.0053494819439947605, 0.011403157375752926, -0.010492256842553616
v,0.0022419304586946964, 0.01296327356249094, 0.009307455271482468
v,-0.0006057567661628127, 0.013867040164768696, 0.009114926680922508
v,0.00218663876876235, 0.012711731716990471, 0.009114926680922508
v,0.010455628857016563, 0.009290571324527264, 0.009070799686014652
v,0.00549752963706851, 0.01161632314324379, -0.01051490567624569
v,0.010611974634230137, 0.00950030330568552, 0.009122085757553577
v,0.008147196844220161, 0.011787591502070427, 0.009072496555745602
v,0.005723076872527599, 0.012516113929450512, -0.0022041003685444593
v,0.007876641117036343, 0.011625111103057861, 0.009118844754993916
v,0.00564086576923728, 0.012550127692520618, -0.0022067660465836525
v,0.0027313516475260258, 0.014028309844434261, 0.009114926680922508
v,0.002817814238369465, 0.013718118891119957, 0.00912151113152504
v,-6.104396743467078e-05, 0.015183618292212486, 0.009114926680922508
v,-0.0031461408361792564, 0.016185609623789787, -0.002206685720011592
v,-0.0003413416270632297, 0.015025168657302856, 0.009121430106461048
v,-0.0032286541536450386, 0.016219748184084892, -0.0022042295895516872
v,-0.005503510590642691, 0.017435351386666298, 0.009114926680922508
v,-0.005418682470917702, 0.01712583564221859, 0.009118975140154362
v,-0.005633852910250425, 0.017214858904480934, 0.009307455271482468
v,-0.008240044116973877, 0.01856754720211029, 0.009114926680922508
v,-0.00839380081743002, 0.018356742337346077, 0.009307455271482468
v,-0.008240044116973877, 0.01856754720211029, 0.009114926680922508
v,-0.003428439609706402, 0.016302406787872314, -0.010514856316149235
v,-0.008524398319423199, 0.018410775810480118, 0.009122036397457123
v,0.0012768387096002698, 0.014355672523379326, 0.005341514945030212
v,0.005545780528336763, 0.012863886542618275, -0.010489923879504204
v,0.005394497886300087, 0.012652059085667133, -0.010514866560697556
v,-0.003201606683433056, 0.016208557412028313, -0.01070027519017458
v,-0.002930620452389121, 0.016370858997106552, -0.010471031069755554
v,-0.003201606683433056, 0.016208557412028313, -0.01070027519017458
v,0.010832367464900017, 0.010402227751910686, 0.009307455271482468
v,0.008147196844220161, 0.011787591502070427, 0.009072496555745602
v,0.008091229945421219, 0.011536329053342342, 0.009307455271482468
v,-0.002930620452389121, 0.016370858997106552, -0.010471031069755554
v,0.001180144026875496, 0.014395678415894508, 0.005341635551303625
v,-0.002974342554807663, 0.016114531084895134, -0.010514986701309681
v,0.005621362943202257, 0.012558197602629662, -0.01070027519017458
v,0.005894194822758436, 0.012719735503196716, -0.010492256842553616
v,0.005621362943202257, 0.012558197602629662, -0.01070027519017458
v,0.0025927594397217035, 0.013811231590807438, 0.009307455271482468
v,-6.104396743467078e-05, 0.015183618292212486, 0.009114926680922508
v,-0.00011656653805403039, 0.014932171441614628, 0.009307455271482468
v,0.011000341735780239, 0.010607149451971054, 0.009070799686014652
v,0.0058483583852648735, 0.012464281171560287, -0.01051490567624569
v,0.005894194822758436, 0.012719735503196716, -0.010492256842553616
v,0.0052900370210409164, 0.01170216966420412, -0.0022067660465836525
v,0.005723076872527599, 0.012516113929450512, -0.0022041003685444593
v,0.00564086576923728, 0.012550127692520618, -0.0022067660465836525
v,0.007876641117036343, 0.011625111103057861, 0.009118844754993916
v,0.007740400731563568, 0.010688371025025845, 0.009307455271482468
v,0.008091229945421219, 0.011536329053342342, 0.009307455271482468
v,0.00549752963706851, 0.01161632314324379, -0.01051490567624569
v,0.005621362943202257, 0.012558197602629662, -0.01070027519017458
v,0.0058483583852648735, 0.012464281171560287, -0.01051490567624569
v,0.005621362943202257, 0.012558197602629662, -0.01070027519017458
v,0.0050436691381037235, 0.011804101057350636, -0.010514866560697556
v,0.005394497886300087, 0.012652059085667133, -0.010514866560697556
v,0.0024669854901731014, 0.01287016086280346, 0.00912151113152504
v,0.0025927594397217035, 0.013811231590807438, 0.009307455271482468
v,0.0022419304586946964, 0.01296327356249094, 0.009307455271482468
v,0.010832367464900017, 0.010402227751910686, 0.009307455271482468
v,0.010611974634230137, 0.00950030330568552, 0.009122085757553577
v,0.010962803848087788, 0.010348261334002018, 0.009122085757553577
v,0.0012768387096002698, 0.014355672523379326, 0.005341514945030212
v,0.0008293152204714715, 0.01354772038757801, 0.005341635551303625
v,0.001180144026875496, 0.014395678415894508, 0.005341635551303625
v,-0.002974342554807663, 0.016114531084895134, -0.010514986701309681
v,-0.0035524354316294193, 0.015360599383711815, -0.01070027519017458
v,-0.003201606683433056, 0.016208557412028313, -0.01070027519017458
v,-0.0004673953226301819, 0.01408421341329813, 0.009307455271482468
v,-0.0003413416270632297, 0.015025168657302856, 0.009121430106461048
v,-0.0006921704043634236, 0.014177210628986359, 0.009121430106461048
v,-0.0034969698172062635, 0.01533765159547329, -0.002206685720011592
v,-0.0032286541536450386, 0.016219748184084892, -0.0022042295895516872
v,-0.0035794831346720457, 0.015371790155768394, -0.0022042295895516872
v,-0.005769511219114065, 0.016277877613902092, 0.009118975140154362
v,-0.005633852910250425, 0.017214858904480934, 0.009307455271482468
v,-0.005984681658446789, 0.016366900876164436, 0.009307455271482468
v,-0.003201606683433056, 0.016208557412028313, -0.01070027519017458
v,-0.0037792683579027653, 0.015454447828233242, -0.010514856316149235
v,-0.003428439609706402, 0.016302406787872314, -0.010514856316149235
v,-0.008744629099965096, 0.01750878430902958, 0.009307455271482468
v,-0.008524398319423199, 0.018410775810480118, 0.009122036397457123
v,-0.008875226601958275, 0.01756281778216362, 0.009122036397457123
v,-0.005633852910250425, 0.017214858904480934, 0.009307455271482468
v,-0.00839380081743002, 0.018356742337346077, 0.009307455271482468
v,-0.008744629099965096, 0.01750878430902958, 0.009307455271482468
v,-0.0003413416270632297, 0.015025168657302856, 0.009121430106461048
v,-0.0031461408361792564, 0.016185609623789787, -0.002206685720011592
v,-0.0034969698172062635, 0.01533765159547329, -0.002206685720011592
v,0.0025927594397217035, 0.013811231590807438, 0.009307455271482468
v,-0.00011656653805403039, 0.014932171441614628, 0.009307455271482468
v,-0.0004673953226301819, 0.01408421341329813, 0.009307455271482468
v,0.0058483583852648735, 0.012464281171560287, -0.01051490567624569
v,0.010962803848087788, 0.010348261334002018, 0.009122085757553577
v,0.010611974634230137, 0.00950030330568552, 0.009122085757553577
v,0.00564086576923728, 0.012550127692520618, -0.0022067660465836525
v,0.002817814238369465, 0.013718118891119957, 0.00912151113152504
v,0.0024669854901731014, 0.01287016086280346, 0.00912151113152504
v,0.005270534195005894, 0.011710239574313164, -0.01070027519017458
v,0.005621362943202257, 0.012558197602629662, -0.01070027519017458
v,0.005621362943202257, 0.012558197602629662, -0.01070027519017458
v,0.0012768387096002698, 0.014355672523379326, 0.005341514945030212
v,0.005394497886300087, 0.012652059085667133, -0.010514866560697556
v,0.0050436691381037235, 0.011804101057350636, -0.010514866560697556
v,-0.0032286541536450386, 0.016219748184084892, -0.0022042295895516872
v,-0.005418682470917702, 0.01712583564221859, 0.009118975140154362
v,-0.005769511219114065, 0.016277877613902092, 0.009118975140154362
v,0.010832367464900017, 0.010402227751910686, 0.009307455271482468
v,0.008091229945421219, 0.011536329053342342, 0.009307455271482468
v,0.007740400731563568, 0.010688371025025845, 0.009307455271482468
v,-0.002974342554807663, 0.016114531084895134, -0.010514986701309681
v,0.001180144026875496, 0.014395678415894508, 0.005341635551303625
v,0.0008293152204714715, 0.01354772038757801, 0.005341635551303625
v,-0.008524398319423199, 0.018410775810480118, 0.009122036397457123
v,-0.003428439609706402, 0.016302406787872314, -0.010514856316149235
v,-0.0037792683579027653, 0.015454447828233242, -0.010514856316149235
v,0.007876641117036343, 0.011625111103057861, 0.009118844754993916
v,0.005723076872527599, 0.012516113929450512, -0.0022041003685444593
v,0.005372248124331236, 0.011668155901134014, -0.0022041003685444593
v,-0.0035524354316294193, 0.015360599383711815, -0.01070027519017458
v,-0.003201606683433056, 0.016208557412028313, -0.01070027519017458
v,-0.003201606683433056, 0.016208557412028313, -0.01070027519017458
v,0.007602484431117773, 0.010471013374626637, 0.009072496555745602
v,0.007525811903178692, 0.010777153074741364, 0.009118844754993916
v,0.005372248124331236, 0.011668155901134014, -0.0022041003685444593
v,0.0052900370210409164, 0.01170216966420412, -0.0022067660465836525
v,0.0024669854901731014, 0.01287016086280346, 0.00912151113152504
v,0.00218663876876235, 0.012711731716990471, 0.009114926680922508
v,-0.0006057567661628127, 0.013867040164768696, 0.009114926680922508
v,-0.0006921704043634236, 0.014177210628986359, 0.009121430106461048
v,-0.0034969698172062635, 0.01533765159547329, -0.002206685720011592
v,-0.0035794831346720457, 0.015371790155768394, -0.0022042295895516872
v,-0.005769511219114065, 0.016277877613902092, 0.009118975140154362
v,-0.006048223469406366, 0.016118772327899933, 0.009114926680922508
v,-0.005984681658446789, 0.016366900876164436, 0.009307455271482468
v,-0.008744629099965096, 0.01750878430902958, 0.009307455271482468
v,-0.008784756995737553, 0.017250968143343925, 0.009114926680922508
v,-0.008784756995737553, 0.017250968143343925, 0.009114926680922508
v,-0.008875226601958275, 0.01756281778216362, 0.009122036397457123
v,-0.0037792683579027653, 0.015454447828233242, -0.010514856316149235
v,0.0009260099614039063, 0.013507714495062828, 0.005341514945030212
v,0.0050436691381037235, 0.011804101057350636, -0.010514866560697556
v,0.005001067649573088, 0.011547308415174484, -0.010489923879504204
v,-0.003701647976413369, 0.015147915109992027, -0.010472442954778671
v,-0.0035524354316294193, 0.015360599383711815, -0.01070027519017458
v,-0.0035524354316294193, 0.015360599383711815, -0.01070027519017458
v,0.010481538251042366, 0.009554269723594189, 0.009307455271482468
v,0.007740400731563568, 0.010688371025025845, 0.009307455271482468
v,0.007602484431117773, 0.010471013374626637, 0.009072496555745602
v,-0.0034753333311527967, 0.015054281800985336, -0.010471031069755554
v,-0.0033251713030040264, 0.015266573056578636, -0.010514986701309681
v,0.0008293152204714715, 0.01354772038757801, 0.005341635551303625
v,0.005001067649573088, 0.011547308415174484, -0.010489923879504204
v,0.005270534195005894, 0.011710239574313164, -0.01070027519017458
v,0.005270534195005894, 0.011710239574313164, -0.01070027519017458
v,0.0022419304586946964, 0.01296327356249094, 0.009307455271482468
v,-0.0004673953226301819, 0.01408421341329813, 0.009307455271482468
v,-0.0006057567661628127, 0.013867040164768696, 0.009114926680922508
v,0.010455628857016563, 0.009290571324527264, 0.009070799686014652
v,0.0053494819439947605, 0.011403157375752926, -0.010492256842553616
v,0.00549752963706851, 0.01161632314324379, -0.01051490567624569
v,0.008147196844220161, 0.011787591502070427, 0.009072496555745602
v,0.00580751383677125, 0.01275559887290001, -0.0032290201634168625
v,0.005723076872527599, 0.012516113929450512, -0.0022041003685444593
v,0.00564086576923728, 0.012550127692520618, -0.0022067660465836525
v,0.00580751383677125, 0.01275559887290001, -0.0032290201634168625
v,0.0027313516475260258, 0.014028309844434261, 0.009114926680922508
v,-6.104396743467078e-05, 0.015183618292212486, 0.009114926680922508
v,-0.003116629319265485, 0.016447817906737328, -0.0032260757870972157
v,-0.0031461408361792564, 0.016185609623789787, -0.002206685720011592
v,-0.0032286541536450386, 0.016219748184084892, -0.0022042295895516872
v,-0.003116629319265485, 0.016447817906737328, -0.0032260757870972157
v,-0.005503510590642691, 0.017435351386666298, 0.009114926680922508
v,-0.005633852910250425, 0.017214858904480934, 0.009307455271482468
v,-0.005503510590642691, 0.017435351386666298, 0.009114926680922508
v,-0.008240044116973877, 0.01856754720211029, 0.009114926680922508
v,-0.008240044116973877, 0.01856754720211029, 0.009114926680922508
v,-0.0031569350976496935, 0.016464494168758392, -0.010472442954778671
v,-0.003428439609706402, 0.016302406787872314, -0.010514856316149235
v,0.0012768387096002698, 0.014355672523379326, 0.005341514945030212
v,0.0013240468688309193, 0.014610559679567814, 0.005785705056041479
v,0.005545780528336763, 0.012863886542618275, -0.010489923879504204
v,-0.003201606683433056, 0.016208557412028313, -0.01070027519017458
v,-0.0031569350976496935, 0.016464494168758392, -0.010472442954778671
v,-0.002930620452389121, 0.016370858997106552, -0.010471031069755554
v,0.010832367464900017, 0.010402227751910686, 0.009307455271482468
v,0.011000341735780239, 0.010607149451971054, 0.009070799686014652
v,0.008147196844220161, 0.011787591502070427, 0.009072496555745602
v,-0.002930620452389121, 0.016370858997106552, -0.010471031069755554
v,0.0013240468688309193, 0.014610559679567814, 0.005785705056041479
v,0.001180144026875496, 0.014395678415894508, 0.005341635551303625
v,0.005621362943202257, 0.012558197602629662, -0.01070027519017458
v,0.005545780528336763, 0.012863886542618275, -0.010489923879504204
v,0.005894194822758436, 0.012719735503196716, -0.010492256842553616
v,0.0025927594397217035, 0.013811231590807438, 0.009307455271482468
v,0.0027313516475260258, 0.014028309844434261, 0.009114926680922508
v,-6.104396743467078e-05, 0.015183618292212486, 0.009114926680922508
v,0.011000341735780239, 0.010607149451971054, 0.009070799686014652
v,0.010962803848087788, 0.010348261334002018, 0.009122085757553577
v,0.0058483583852648735, 0.012464281171560287, -0.01051490567624569
v,0.0052900370210409164, 0.01170216966420412, -0.0022067660465836525
v,0.005372248124331236, 0.011668155901134014, -0.0022041003685444593
v,0.005723076872527599, 0.012516113929450512, -0.0022041003685444593
v,0.007876641117036343, 0.011625111103057861, 0.009118844754993916
v,0.007525811903178692, 0.010777153074741364, 0.009118844754993916
v,0.007740400731563568, 0.010688371025025845, 0.009307455271482468
v,0.00549752963706851, 0.01161632314324379, -0.01051490567624569
v,0.005270534195005894, 0.011710239574313164, -0.01070027519017458
v,0.005621362943202257, 0.012558197602629662, -0.01070027519017458
v,0.005621362943202257, 0.012558197602629662, -0.01070027519017458
v,0.005270534195005894, 0.011710239574313164, -0.01070027519017458
v,0.0050436691381037235, 0.011804101057350636, -0.010514866560697556
v,0.0024669854901731014, 0.01287016086280346, 0.00912151113152504
v,0.002817814238369465, 0.013718118891119957, 0.00912151113152504
v,0.0025927594397217035, 0.013811231590807438, 0.009307455271482468
v,0.010832367464900017, 0.010402227751910686, 0.009307455271482468
v,0.010481538251042366, 0.009554269723594189, 0.009307455271482468
v,0.010611974634230137, 0.00950030330568552, 0.009122085757553577
v,0.0012768387096002698, 0.014355672523379326, 0.005341514945030212
v,0.0009260099614039063, 0.013507714495062828, 0.005341514945030212
v,0.0008293152204714715, 0.01354772038757801, 0.005341635551303625
v,-0.002974342554807663, 0.016114531084895134, -0.010514986701309681
v,-0.0033251713030040264, 0.015266573056578636, -0.010514986701309681
v,-0.0035524354316294193, 0.015360599383711815, -0.01070027519017458
v,-0.0004673953226301819, 0.01408421341329813, 0.009307455271482468
v,-0.00011656653805403039, 0.014932171441614628, 0.009307455271482468
v,-0.0003413416270632297, 0.015025168657302856, 0.009121430106461048
v,-0.0034969698172062635, 0.01533765159547329, -0.002206685720011592
v,-0.0031461408361792564, 0.016185609623789787, -0.002206685720011592
v,-0.0032286541536450386, 0.016219748184084892, -0.0022042295895516872
v,-0.005769511219114065, 0.016277877613902092, 0.009118975140154362
v,-0.005418682470917702, 0.01712583564221859, 0.009118975140154362
v,-0.005633852910250425, 0.017214858904480934, 0.009307455271482468
v,-0.003201606683433056, 0.016208557412028313, -0.01070027519017458
v,-0.0035524354316294193, 0.015360599383711815, -0.01070027519017458
v,-0.0037792683579027653, 0.015454447828233242, -0.010514856316149235
v,-0.008744629099965096, 0.01750878430902958, 0.009307455271482468
v,-0.00839380081743002, 0.018356742337346077, 0.009307455271482468
v,-0.008524398319423199, 0.018410775810480118, 0.009122036397457123
n,-5.746389888372505e-07, -1.3889101637687418e-06, 34.3867073059082
n,-9.98141098022461, -24.12520408630371, -8.695076303411042e-07
n,-30.56138801574707, 12.644278526306152, 8.862152099609375
n,-5.746389888372505e-07, -1.3889101637687418e-06, 34.3867073059082
n,-9.98141098022461, -24.12520408630371, -6.628503683714371e-07
n,-9.981413841247559, -24.12520408630371, -6.54931454846519e-07
n,30.453845977783203, -12.599783897399902, -9.289403915405273
n,-9.981411933898926, -24.12520408630371, -8.871601835380716e-07
n,-9.981410026550293, -24.12520408630371, -2.582369688752806e-06
n,-9.981412887573242, -24.12520408630371, -9.173472790280357e-07
n,-9.981412887573242, -24.12520408630371, -1.4436739093071083e-06
n,9.981411933898926, 24.12520408630371, 1.7468341866333503e-06
n,9.981413841247559, 24.12520408630371, 6.93455319833447e-07
n,9.98140811920166, 24.125205993652344, 6.499581672869681e-07
n,9.981411933898926, 24.12520408630371, 1.7449649476475315e-06
n,9.981410026550293, 24.12520408630371, 6.90777540057752e-07
n,9.981413841247559, 24.12520408630371, 6.590945531570469e-07
n,9.981411933898926, 24.12520408630371, 1.3311002931004623e-06
n,9.981411933898926, 24.12520408630371, 6.271305892369128e-07
n,9.981411933898926, 24.12520408630371, 6.283015068220266e-07
n,9.981412887573242, 24.12520408630371, 1.3043255648881313e-06
n,9.981422424316406, 24.125200271606445, -3.847751941066235e-06
n,30.548173904418945, -12.638810157775879, 8.915837287902832
n,-9.981411933898926, -24.12520408630371, -6.283015068220266e-07
n,-9.98141098022461, -24.12520408630371, -1.8709869209487806e-06
n,0.0, 0.0, 0.0
n,-30.46036720275879, 12.602482795715332, -9.264104843139648
n,-9.981412887573242, -24.12520408630371, -1.2779448752553435e-06
n,30.964862823486328, -12.811208724975586, 7.0140910148620605
n,-5.746389888372505e-07, -1.3889101637687418e-06, 34.3867073059082
n,-9.981411933898926, -24.12520408630371, -8.841848853080592e-07
n,30.4405574798584, -12.59428596496582, -9.340742111206055
n,-30.461856842041016, 12.60309886932373, -9.258305549621582
n,-30.986129760742188, 12.82000732421875, 6.902202129364014
n,0.0, 0.0, 0.0
n,19.280921936035156, -19.04665184020996, 19.112180709838867
n,-21.847299575805664, -8.620475769042969, 20.798717498779297
n,-9.985376358032227, -23.63707160949707, 6.3507232666015625
n,10.677309036254883, -19.84393882751465, 22.860149383544922
n,-21.593284606933594, -6.494889259338379, 22.844432830810547
n,-9.646678924560547, -23.774372100830078, 6.369454383850098
n,11.183425903320312, -20.157642364501953, 22.28804588317871
n,-25.624216079711914, -7.793472766876221, 15.777036666870117
n,-21.24795150756836, -8.389524459838867, -21.747482299804688
n,14.553853988647461, -15.633177757263184, -25.78412628173828
n,-9.172501564025879, -22.128877639770508, -13.676741600036621
n,-21.128585815429688, 0.9475346803665161, -26.332439422607422
n,15.892704963684082, -13.851183891296387, -26.479110717773438
n,27.1018123626709, -0.143449604511261, 19.112180709838867
n,-9.370420455932617, 21.536300659179688, 20.79871368408203
n,9.633742332458496, 23.782554626464844, 6.350724220275879
n,21.576461791992188, 6.499464511871338, 22.860149383544922
n,-10.69244384765625, 19.852584838867188, 22.84442710876465
n,9.970439910888672, 23.640422821044922, 6.369458198547363
n,22.156274795532227, 6.363881587982178, 22.288042068481445
n,-12.627593040466309, 23.61954116821289, 15.777033805847168
n,-9.109443664550781, 20.94940757751465, -21.747482299804688
n,21.344823837280273, 0.7806845307350159, -25.78412628173828
n,9.14340591430664, 22.14091682434082, -13.676739692687988
n,-15.621858596801758, 14.257369995117188, -26.332439422607422
n,21.033283233642578, -1.42633855342865, -26.479110717773438
n,-28.96843719482422, -7.993959426879883, 4.880598545074463
n,14.542957305908203, -25.99606704711914, 6.304465293884277
n,-28.66802215576172, -8.118364334106445, 6.266456604003906
n,14.837675094604492, -26.117952346801758, 4.959734916687012
n,-7.057928562164307, -17.05910873413086, 24.315059661865234
n,-28.59771156311035, -8.147353172302246, -6.546615123748779
n,-32.048240661621094, 3.8567163944244385, -8.726884841918945
n,-7.510216236114502, -18.486665725708008, -22.176124572753906
n,-7.731207847595215, -18.71763038635254, 21.702999114990234
n,25.03511619567871, -20.232337951660156, -8.742903709411621
n,-7.47752571105957, -17.69639015197754, -23.285959243774414
n,-7.057929515838623, -17.059106826782227, 24.315059661865234
n,27.15456199645996, -18.037961959838867, -9.016108512878418
n,-14.852535247802734, 26.12421989440918, 4.880589485168457
n,28.658716201782227, 8.122160911560059, 6.30443811416626
n,-14.552169799804688, 25.999969482421875, 6.26647424697876
n,28.953428268432617, 8.00013256072998, 4.959725856781006
n,7.0579304695129395, 17.059106826782227, 24.31505584716797
n,-14.482038497924805, 25.970779418945312, -6.54664945602417
n,-25.837177276611328, 19.48891830444336, -8.803413391113281
n,0.0, 0.0, 0.0
n,7.720524787902832, 18.660612106323242, 21.794572830200195
n,32.029701232910156, -3.950862169265747, -8.820158958435059
n,0.0, 0.0, 0.0
n,7.057929039001465, 17.059106826782227, 24.3150577545166
n,32.03765869140625, -4.959658145904541, -8.897725105285645
n,-0.9515947699546814, 0.39370521903038025, 34.37114334106445
n,-19.995458602905273, 8.272795677185059, 26.64383316040039
n,19.107364654541016, -7.905360698699951, -27.403247833251953
n,-19.116943359375, 7.909326076507568, -27.395355224609375
n,19.249019622802734, -7.963970184326172, 27.285829544067383
n,25.206314086914062, -10.428704261779785, 20.772708892822266
n,-0.03657909855246544, 0.015135633759200573, -34.38668441772461
n,19.087732315063477, -7.897237777709961, -27.419418334960938
n,-19.26935577392578, 7.972382068634033, 27.26885986328125
n,0.8735702633857727, -0.3614271581172943, 34.37358856201172
n,19.954673767089844, -8.255922317504883, 26.679946899414062
n,-19.11928939819336, 7.910296440124512, -27.39341926574707
n,-25.197420120239258, 10.425023078918457, 20.78545379638672
n,-5.746389888372505e-07, -1.3889101637687418e-06, 34.3867073059082
n,-30.56138801574707, 12.644280433654785, 8.862152099609375
n,-5.746389888372505e-07, -1.3889101637687418e-06, 34.3867073059082
n,30.453845977783203, -12.599783897399902, -9.289403915405273
n,30.548173904418945, -12.638810157775879, 8.915837287902832
n,0.0, 0.0, 0.0
n,-30.46036720275879, 12.602482795715332, -9.264104843139648
n,30.964862823486328, -12.811208724975586, 7.014090538024902
n,-5.746389888372505e-07, -1.3889101637687418e-06, 34.3867073059082
n,30.4405574798584, -12.59428596496582, -9.340742111206055
n,-30.461856842041016, 12.60309886932373, -9.258305549621582
n,-30.986129760742188, 12.82000732421875, 6.902202606201172
n,0.0, 0.0, 0.0
n,-28.968406677246094, -7.994010925292969, 4.880587100982666
n,14.542840957641602, -25.996097564697266, 6.304436683654785
n,-28.668048858642578, -8.118313789367676, 6.266469478607178
n,14.837621688842773, -26.11796760559082, 4.959724426269531
n,-7.057928085327148, -17.059104919433594, 24.315061569213867
n,-28.597795486450195, -8.147205352783203, -6.546649932861328
n,-32.054054260253906, 4.462642192840576, -8.803414344787598
n,-30.705909729003906, 12.704071044921875, -8.250602722167969
n,-7.720524787902832, -18.660608291625977, 21.79457664489746
n,25.45833396911621, -19.833906173706055, -8.820155143737793
n,0.0, 0.0, 0.0
n,-7.057929039001465, -17.059104919433594, 24.315059661865234
n,26.176734924316406, -19.125598907470703, -8.897726058959961
n,-14.852598190307617, 26.12420082092285, 4.880600929260254
n,28.658769607543945, 8.122060775756836, 6.304465293884277
n,-14.552114486694336, 25.999984741210938, 6.266460418701172
n,28.953458786010742, 8.000082015991211, 4.9597368240356445
n,7.0579304695129395, 17.059106826782227, 24.31505584716797
n,-14.481865882873535, 25.9708309173584, -6.546613693237305
n,-25.40496826171875, 19.913604736328125, -8.726886749267578
n,7.746461868286133, 18.388925552368164, -22.176124572753906
n,7.753251552581787, 18.708513259887695, 21.703001022338867
n,32.011695861816406, -3.3698537349700928, -8.742903709411621
n,7.211246013641357, 17.806564331054688, -23.28595542907715
n,7.057929039001465, 17.059106826782227, 24.31505584716797
n,31.96120834350586, -6.42026424407959, -9.01611042022705
n,-0.9515946507453918, 0.3937051594257355, 34.37113952636719
n,-19.995458602905273, 8.272795677185059, 26.64383316040039
n,19.10736656188965, -7.905361652374268, -27.40325164794922
n,-19.116943359375, 7.909326076507568, -27.395355224609375
n,19.249019622802734, -7.963970184326172, 27.285829544067383
n,25.206314086914062, -10.428704261779785, 20.772708892822266
n,-0.03657909855246544, 0.015135633759200573, -34.38668441772461
n,19.087732315063477, -7.897237777709961, -27.419418334960938
n,-19.26935577392578, 7.972382068634033, 27.26885986328125
n,0.8736503720283508, -0.36145150661468506, 34.37358474731445
n,19.95467185974121, -8.255922317504883, 26.679946899414062
n,-19.11928939819336, 7.910296440124512, -27.39341926574707
n,-25.197420120239258, 10.425023078918457, 20.78545379638672
u,0.8468167781829834, 0.08090782165527344, 0
u,0.862555205821991, 0.14806824922561646, 0
u,0.862555205821991, 0.08090782165527344, 0
u,0.005186581052839756, 0.6554973721504211, 0
u,0.4476318061351776, 0.5983957946300507, 0
u,0.4476317763328552, 0.5318050980567932, 0
u,0.9685231447219849, 0.20198041200637817, 0
u,0.9842615127563477, 0.449468731880188, 0
u,0.9842615127563477, 0.20198041200637817, 0
u,0.8869913816452026, 0.14507752656936646, 0
u,0.8712529540061951, 0.07914888858795166, 0
u,0.8712529540061951, 0.14507752656936646, 0
u,0.004791734274476767, 0.8672689646482468, 0
u,0.1688031405210495, 0.8736379444599152, 0
u,0.37243035435676575, 0.7645373791456223, 0
u,0.1688031405210495, 0.8736379444599152, 0
u,0.00473904050886631, 0.8757472634315491, 0
u,0.44663506746292114, 1.000000017676797, 0
u,0.9239996671676636, 1.000000001235528, 0
u,0.908261239528656, 0.5430289506912231, 0
u,0.908261239528656, 1.0000000005475798, 0
u,0.005186581052839756, 0.6554973721504211, 0
u,0.16886962950229645, 0.6564781367778778, 0
u,0.4476318061351776, 0.5983957946300507, 0
u,0.16886962950229645, 0.6564781367778778, 0
u,0.37243035435676575, 0.7645373791456223, 0
u,0.4476318061351776, 0.7987826764583588, 0
u,0.16886962950229645, 0.6564781367778778, 0
u,0.0052184900268912315, 0.661004513502121, 0
u,0.37243035435676575, 0.7645373791456223, 0
u,0.37243035435676575, 0.7645373791456223, 0
u,0.1688031405210495, 0.8736379444599152, 0
u,0.4476318061351776, 0.7987826764583588, 0
u,0.6207435727119446, 0.6536064147949219, 0
u,0.8986138105392456, 0.5966726839542389, 0
u,0.8985754251480103, 0.5272443890571594, 0
u,0.6208100914955139, 0.8707661777734756, 0
u,0.8243707418441772, 0.7627069652080536, 0
u,0.4571589231491089, 0.8662398159503937, 0
u,0.45712703466415405, 0.8717469573020935, 0
u,0.8995721936225891, 0.9288485124707222, 0
u,0.6208100914955139, 0.8707661777734756, 0
u,0.6208100914955139, 0.8707661777734756, 0
u,0.8995721936225891, 0.7964117377996445, 0
u,0.8995721936225891, 0.7284616827964783, 0
u,0.45673221349716187, 0.6599753797054291, 0
u,0.8243707418441772, 0.7627069652080536, 0
u,0.6207435727119446, 0.6536064147949219, 0
u,0.6207435727119446, 0.6536064147949219, 0
u,0.8985754251480103, 0.5272443890571594, 0
u,0.45667949318885803, 0.651497095823288, 0
u,0.8243707418441772, 0.7627069652080536, 0
u,0.8995721936225891, 0.7284616827964783, 0
u,0.6207435727119446, 0.6536064147949219, 0
u,0.45712703466415405, 0.8717469573020935, 0
u,0.6208100914955139, 0.8707661777734756, 0
u,0.4571589231491089, 0.8662398159503937, 0
u,0.45673221349716187, 0.6599753797054291, 0
u,0.6207435727119446, 0.6536064147949219, 0
u,0.45667949318885803, 0.651497095823288, 0
u,0.45712703466415405, 0.8717469573020935, 0
u,0.8995721340179443, 0.9954392309300601, 0
u,0.8995721936225891, 0.9288485124707222, 0
u,0.6208100914955139, 0.8707661777734756, 0
u,0.8995721936225891, 0.7284616827964783, 0
u,0.8243707418441772, 0.7627069652080536, 0
u,1.0, 0.7547284215688705, 0
u,0.9842615723609924, 0.5115889608860016, 0
u,0.9842615723609924, 0.7547284215688705, 0
u,0.004791734274476767, 0.8672689646482468, 0
u,0.00473904050886631, 0.8757472634315491, 0
u,0.1688031405210495, 0.8736379444599152, 0
u,0.1688031405210495, 0.8736379444599152, 0
u,0.44663506746292114, 1.000000017676797, 0
u,0.44667336344718933, 0.9305716827511787, 0
u,0.45197200775146484, 0.5272442996501923, 0
u,0.45197200775146484, 0.5272442996501923, 0
u,0.45197200775146484, 0.5272442996501923, 0
u,0.8869913816452026, 0.5171395242214203, 0
u,0.8712529540061951, 0.15055203437805176, 0
u,0.8712529540061951, 0.5171395242214203, 0
u,0.16886962950229645, 0.6564781367778778, 0
u,0.4476318061351776, 0.7987826764583588, 0
u,0.4476318061351776, 0.7308326065540314, 0
u,1.0, 1.0000000045576076, 0
u,0.9842615723609924, 0.7547284066677094, 0
u,0.9842615723609924, 1.0000000038696593, 0
u,0.9353891611099243, 0.1831951141357422, 0
u,0.9196507334709167, 0.1164923906326294, 0
u,0.9196507334709167, 0.1831951141357422, 0
u,0.005186581052839756, 0.6554973721504211, 0
u,0.0052184900268912315, 0.661004513502121, 0
u,0.16886962950229645, 0.6564781367778778, 0
u,0.8468167185783386, 0.14806830883026123, 0
u,0.8625551462173462, 0.5171540379524231, 0
u,0.8625551462173462, 0.14806830883026123, 0
u,0.9196507930755615, 0.5355106592178345, 0
u,0.9039124250411987, 0.08152920007705688, 0
u,0.903912365436554, 0.5355106592178345, 0
u,0.9842615723609924, 0.6984739303588867, 0
u,0.9685232043266296, 0.44946879148483276, 0
u,0.9685231447219849, 0.6984739303588867, 0
u,3.153664874844253e-05, 0.6567690372467041, 0
u,-4.758810678850978e-09, 0.6567680239677429, 0
u,3.153664874844253e-05, 0.6567690372467041, 0
u,0.908261239528656, 0.5393491983413696, 0
u,0.903912365436554, 0.5443857908248901, 0
u,0.908261239528656, 0.5430289506912231, 0
u,0.4477115869522095, 0.9263466820120811, 0
u,0.44667336344718933, 0.9305716827511787, 0
u,0.45197197794914246, 0.93156848102808, 0
u,0.1919456124305725, 0.873941957950592, 0
u,0.19188539683818817, 0.8719414323568344, 0
u,0.1688031405210495, 0.8736379444599152, 0
u,0.8712529540061951, 0.15055197477340698, 0
u,0.8712529540061951, 0.14507752656936646, 0
u,0.866904079914093, 0.14608889818191528, 0
u,0.8712529540061951, 0.0736771821975708, 0
u,0.866904079914093, 0.07813888788223267, 0
u,0.8712529540061951, 0.07914888858795166, 0
u,0.19188719987869263, 0.6581186950206757, 0
u,0.19194267690181732, 0.6561108231544495, 0
u,0.16886962950229645, 0.6564781367778778, 0
u,0.862555205821991, 0.07567393779754639, 0
u,0.862555205821991, 0.08090782165527344, 0
u,0.866904079914093, 0.08009719848632812, 0
u,0.45197194814682007, 0.5304223001003265, 0
u,0.4477836489677429, 0.5272443294525146, 0
u,0.4476317763328552, 0.5318050980567932, 0
u,0.8968647718429565, 0.4740230441093445, 0
u,0.8913401961326599, 0.4740230441093445, 0
u,0.8926181197166443, 0.47837191820144653, 0
u,0.8968656063079834, 0.5228954255580902, 0
u,0.8913401961326599, 0.5228954255580902, 0
u,0.8926364183425903, 0.5272442996501923, 0
u,0.8913401961326599, 0.35643112659454346, 0
u,0.8913401961326599, 0.36654597520828247, 0
u,0.8936759233474731, 0.3567153215408325, 0
u,0.8968656063079834, 0.49845921993255615, 0
u,0.8913401961326599, 0.49845921993255615, 0
u,0.8955439329147339, 0.5028081238269806, 0
u,0.8968590497970581, 0.4495868682861328, 0
u,0.8913401961326599, 0.4495868682861328, 0
u,0.8925843834877014, 0.45393574237823486, 0
u,0.9239996671676636, 0.5393491983413696, 0
u,0.9239996671676636, 0.5430289506912231, 0
u,0.9283485412597656, 0.5443857908248901, 0
u,0.8996520042419434, 0.6008976995944977, 0
u,0.903912365436554, 0.5956758856773376, 0
u,0.8986138105392456, 0.5966726839542389, 0
u,0.6438860297203064, 0.653302401304245, 0
u,0.6207435727119446, 0.6536064147949219, 0
u,0.6438258290290833, 0.6553029119968414, 0
u,0.8869913816452026, 0.15055197477340698, 0
u,0.8913402557373047, 0.14608889818191528, 0
u,0.8869913816452026, 0.14507752656936646, 0
u,0.8869913816452026, 0.0736771821975708, 0
u,0.8869913816452026, 0.07914888858795166, 0
u,0.8913402557373047, 0.07813888788223267, 0
u,0.6438276171684265, 0.8691256195306778, 0
u,0.6208100914955139, 0.8707661777734756, 0
u,0.6438831090927124, 0.8711335062980652, 0
u,0.8468167781829834, 0.07567393779754639, 0
u,0.8424679040908813, 0.08009719848632812, 0
u,0.8468167781829834, 0.08090782165527344, 0
u,0.9039123058319092, 0.9968220391310751, 0
u,0.8995721340179443, 0.9954392309300601, 0
u,0.8997240662574768, 0.9999999992141229, 0
u,0.8968647718429565, 0.4582846164703369, 0
u,0.8926181197166443, 0.45393574237823486, 0
u,0.8913401961326599, 0.4582846164703369, 0
u,0.8968656063079834, 0.5071569979190826, 0
u,0.8926364183425903, 0.5028081238269806, 0
u,0.8913401961326599, 0.5071569979190826, 0
u,0.8913401961326599, 0.3561675548553467, 0
u,0.8936783671379089, 0.3564310073852539, 0
u,0.8936783671379089, 0.34632670879364014, 0
u,0.8968656063079834, 0.4827207922935486, 0
u,0.8955439329147339, 0.47837191820144653, 0
u,0.8913401961326599, 0.4827207922935486, 0
u,0.8968590497970581, 0.43384844064712524, 0
u,0.8925843834877014, 0.4294995665550232, 0
u,0.8913401961326599, 0.43384844064712524, 0
u,0.44667336344718933, 0.9305716827511787, 0
u,0.1919456124305725, 0.873941957950592, 0
u,0.1688031405210495, 0.8736379444599152, 0
u,0.19188539683818817, 0.8719414323568344, 0
u,0.4476318061351776, 0.7987826764583588, 0
u,0.1688031405210495, 0.8736379444599152, 0
u,0.4476318061351776, 0.7308326065540314, 0
u,0.19188719987869263, 0.6581186950206757, 0
u,0.16886962950229645, 0.6564781367778778, 0
u,0.19194267690181732, 0.6561108231544495, 0
u,0.4476318061351776, 0.5983957946300507, 0
u,0.16886962950229645, 0.6564781367778778, 0
u,0.862555205821991, 0.08090782165527344, 0
u,0.866904079914093, 0.14668792486190796, 0
u,0.866904079914093, 0.08009719848632812, 0
u,0.4476317763328552, 0.5318050980567932, 0
u,0.004219834227114916, 0.6512492895126343, 0
u,0.005186581052839756, 0.6554973721504211, 0
u,0.8712529540061951, 0.5171395242214203, 0
u,0.866904079914093, 0.15097618103027344, 0
u,0.866904079914093, 0.5272443294525146, 0
u,0.005186581052839756, 0.6554973721504211, 0
u,3.153664874844253e-05, 0.6567690372467041, 0
u,0.0052184900268912315, 0.661004513502121, 0
u,0.45197197794914246, 0.9982712436467409, 0
u,0.44667336344718933, 0.9305716827511787, 0
u,0.44663506746292114, 1.000000017676797, 0
u,0.8669040203094482, 0.148861825466156, 0
u,0.8625551462173462, 0.5171540379524231, 0
u,0.8669040203094482, 0.5272442400455475, 0
u,0.004791734274476767, 0.8672689646482468, 0
u,3.154719161102548e-05, 0.8714668899774551, 0
u,0.00473904050886631, 0.8757472634315491, 0
u,0.8712529540061951, 0.14507752656936646, 0
u,0.866904079914093, 0.07813888788223267, 0
u,0.866904079914093, 0.14608889818191528, 0
u,0.903912365436554, 0.5443857908248901, 0
u,0.908261239528656, 1.0000000005475798, 0
u,0.908261239528656, 0.5430289506912231, 0
u,0.8986138105392456, 0.5966726839542389, 0
u,0.6438860297203064, 0.653302401304245, 0
u,0.8996520042419434, 0.6008976995944977, 0
u,0.6438258290290833, 0.6553029119968414, 0
u,0.8995721936225891, 0.7284616827964783, 0
u,0.8997122049331665, 0.7239989936351776, 0
u,0.8995721936225891, 0.7964117377996445, 0
u,0.6438276171684265, 0.8691256195306778, 0
u,0.8997103571891785, 0.8008737862110138, 0
u,0.6438831090927124, 0.8711335062980652, 0
u,0.8995721936225891, 0.9288485124707222, 0
u,0.8996549248695374, 0.9244255945086479, 0
u,0.8468167781829834, 0.08090782165527344, 0
u,0.8424679040908813, 0.14668792486190796, 0
u,0.8468167781829834, 0.14806824922561646, 0
u,0.8995721340179443, 0.9954392309300601, 0
u,0.456160306930542, 0.8759950250387192, 0
u,0.8997240662574768, 0.9999999992141229, 0
u,0.8869913816452026, 0.5171395242214203, 0
u,0.8913402557373047, 0.15097618103027344, 0
u,0.8869913816452026, 0.15055203437805176, 0
u,0.45197200775146484, 0.8704752922058105, 0
u,0.4571589231491089, 0.8662398159503937, 0
u,0.45197200775146484, 0.8704752922058105, 0
u,0.903912365436554, 0.5289731621742249, 0
u,0.8986138105392456, 0.5966726839542389, 0
u,0.903912365436554, 0.5956758856773376, 0
u,0.8424678444862366, 0.148861825466156, 0
u,0.8468167185783386, 0.5171540379524231, 0
u,0.8468167185783386, 0.14806830883026123, 0
u,0.45197200775146484, 0.6557774543762207, 0
u,0.45667949318885803, 0.651497095823288, 0
u,0.45197200775146484, 0.6557774543762207, 0
u,0.8869913816452026, 0.14507752656936646, 0
u,0.8913402557373047, 0.07813888788223267, 0
u,0.8869913816452026, 0.07914888858795166, 0
u,0.9283485412597656, 0.5443857908248901, 0
u,0.9239996671676636, 1.000000001235528, 0
u,0.9283485412597656, 0.9996751424914692, 0
u,0.8913402557373047, 0.38228434324264526, 0
u,0.8933407664299011, 0.3665459156036377, 0
u,0.8913402557373047, 0.3665459156036377, 0
u,0.9353891611099243, 0.11126846075057983, 0
u,0.9196507334709167, 0.1164923906326294, 0
u,0.9353891611099243, 0.1164923906326294, 0
u,0.8913401961326599, 0.4495868682861328, 0
u,0.8968590497970581, 0.43384844064712524, 0
u,0.8913401961326599, 0.43384844064712524, 0
u,0.8913401961326599, 0.4827207922935486, 0
u,0.8968656063079834, 0.49845921993255615, 0
u,0.8968656063079834, 0.4827207922935486, 0
u,0.8712529540061951, 0.15055197477340698, 0
u,0.8869913816452026, 0.14507752656936646, 0
u,0.8712529540061951, 0.14507752656936646, 0
u,0.9239996671676636, 0.5393491983413696, 0
u,0.908261239528656, 0.5430289506912231, 0
u,0.9239996671676636, 0.5430289506912231, 0
u,0.8913402557373047, 0.39802271127700806, 0
u,0.893693208694458, 0.4137611389160156, 0
u,0.893693208694458, 0.39802271127700806, 0
u,0.8913401961326599, 0.5071569979190826, 0
u,0.8968656063079834, 0.5228954255580902, 0
u,0.8968656063079834, 0.5071569979190826, 0
u,0.8712529540061951, 0.07914888858795166, 0
u,0.8869913816452026, 0.0736771821975708, 0
u,0.8712529540061951, 0.0736771821975708, 0
u,0.8933480978012085, 0.39802271127700806, 0
u,0.8913401961326599, 0.3822842836380005, 0
u,0.8913401961326599, 0.39802271127700806, 0
u,0.862555205821991, 0.07567393779754639, 0
u,0.8468167781829834, 0.08090782165527344, 0
u,0.862555205821991, 0.08090782165527344, 0
u,0.8913401961326599, 0.4582846164703369, 0
u,0.8968647718429565, 0.4740230441093445, 0
u,0.8968647718429565, 0.4582846164703369, 0
u,0.903912365436554, 0.5393491685390472, 0
u,0.9196507930755615, 0.5355106592178345, 0
u,0.903912365436554, 0.5355106592178345, 0
u,0.8468167781829834, 0.08090782165527344, 0
u,0.8468167781829834, 0.14806824922561646, 0
u,0.862555205821991, 0.14806824922561646, 0
u,0.9685231447219849, 0.20198041200637817, 0
u,0.9685231447219849, 0.44946879148483276, 0
u,0.9842615127563477, 0.449468731880188, 0
u,0.8869913816452026, 0.14507752656936646, 0
u,0.8869913816452026, 0.07914888858795166, 0
u,0.8712529540061951, 0.07914888858795166, 0
u,0.9239996671676636, 1.000000001235528, 0
u,0.9239996671676636, 0.5430289506912231, 0
u,0.908261239528656, 0.5430289506912231, 0
u,1.0, 0.7547284215688705, 0
u,1.0, 0.5115889608860016, 0
u,0.9842615723609924, 0.5115889608860016, 0
u,0.45197200775146484, 0.5272442996501923, 0
u,0.45197200775146484, 0.5272442996501923, 0
u,0.45197200775146484, 0.5272442996501923, 0
u,0.8869913816452026, 0.5171395242214203, 0
u,0.8869913816452026, 0.15055203437805176, 0
u,0.8712529540061951, 0.15055203437805176, 0
u,1.0, 1.0000000045576076, 0
u,1.0, 0.7547284066677094, 0
u,0.9842615723609924, 0.7547284066677094, 0
u,0.9353891611099243, 0.1831951141357422, 0
u,0.9353891611099243, 0.1164923906326294, 0
u,0.9196507334709167, 0.1164923906326294, 0
u,0.8468167185783386, 0.14806830883026123, 0
u,0.8468167185783386, 0.5171540379524231, 0
u,0.8625551462173462, 0.5171540379524231, 0
u,0.9196507930755615, 0.5355106592178345, 0
u,0.9196507930755615, 0.08152920007705688, 0
u,0.9039124250411987, 0.08152920007705688, 0
u,0.9842615723609924, 0.6984739303588867, 0
u,0.9842615723609924, 0.44946879148483276, 0
u,0.9685232043266296, 0.44946879148483276, 0
u,3.153664874844253e-05, 0.6567690372467041, 0
u,-4.758810678850978e-09, 0.6567680239677429, 0
u,-4.758810678850978e-09, 0.6567680239677429, 0
u,0.44667336344718933, 0.9305716827511787, 0
u,0.4477115869522095, 0.9263466820120811, 0
u,0.1919456124305725, 0.873941957950592, 0
u,0.19188539683818817, 0.8719414323568344, 0
u,0.447771817445755, 0.8032453656196594, 0
u,0.4476318061351776, 0.7987826764583588, 0
u,0.4476318061351776, 0.7308326065540314, 0
u,0.44776999950408936, 0.7263705730438232, 0
u,0.19188719987869263, 0.6581186950206757, 0
u,0.19194267690181732, 0.6561108231544495, 0
u,0.44771450757980347, 0.6028187274932861, 0
u,0.4476318061351776, 0.5983957946300507, 0
u,0.862555205821991, 0.08090782165527344, 0
u,0.862555205821991, 0.14806824922561646, 0
u,0.866904079914093, 0.14668792486190796, 0
u,0.4476317763328552, 0.5318050980567932, 0
u,0.4477836489677429, 0.5272443294525146, 0
u,0.004219834227114916, 0.6512492895126343, 0
u,0.8712529540061951, 0.5171395242214203, 0
u,0.8712529540061951, 0.15055203437805176, 0
u,0.866904079914093, 0.15097618103027344, 0
u,0.005186581052839756, 0.6554973721504211, 0
u,3.153664874844253e-05, 0.6567690372467041, 0
u,3.153664874844253e-05, 0.6567690372467041, 0
u,0.45197197794914246, 0.9982712436467409, 0
u,0.45197197794914246, 0.93156848102808, 0
u,0.44667336344718933, 0.9305716827511787, 0
u,0.8669040203094482, 0.148861825466156, 0
u,0.8625551462173462, 0.14806830883026123, 0
u,0.8625551462173462, 0.5171540379524231, 0
u,0.004791734274476767, 0.8672689646482468, 0
u,3.154719161102548e-05, 0.8714668899774551, 0
u,3.154719161102548e-05, 0.8714668899774551, 0
u,0.8712529540061951, 0.14507752656936646, 0
u,0.8712529540061951, 0.07914888858795166, 0
u,0.866904079914093, 0.07813888788223267, 0
u,0.903912365436554, 0.5443857908248901, 0
u,0.903912365436554, 0.9996751414146274, 0
u,0.908261239528656, 1.0000000005475798, 0
u,0.8986138105392456, 0.5966726839542389, 0
u,0.6207435727119446, 0.6536064147949219, 0
u,0.6438860297203064, 0.653302401304245, 0
u,0.6438258290290833, 0.6553029119968414, 0
u,0.6207435727119446, 0.6536064147949219, 0
u,0.8995721936225891, 0.7284616827964783, 0
u,0.8995721936225891, 0.7964117377996445, 0
u,0.6208100914955139, 0.8707661777734756, 0
u,0.6438276171684265, 0.8691256195306778, 0
u,0.6438831090927124, 0.8711335062980652, 0
u,0.6208100914955139, 0.8707661777734756, 0
u,0.8995721936225891, 0.9288485124707222, 0
u,0.8468167781829834, 0.08090782165527344, 0
u,0.8424679040908813, 0.08009719848632812, 0
u,0.8424679040908813, 0.14668792486190796, 0
u,0.8995721340179443, 0.9954392309300601, 0
u,0.45712703466415405, 0.8717469573020935, 0
u,0.456160306930542, 0.8759950250387192, 0
u,0.8869913816452026, 0.5171395242214203, 0
u,0.8913402557373047, 0.5272443294525146, 0
u,0.8913402557373047, 0.15097618103027344, 0
u,0.45197200775146484, 0.8704752922058105, 0
u,0.45712703466415405, 0.8717469573020935, 0
u,0.4571589231491089, 0.8662398159503937, 0
u,0.903912365436554, 0.5289731621742249, 0
u,0.8985754251480103, 0.5272443890571594, 0
u,0.8986138105392456, 0.5966726839542389, 0
u,0.8424678444862366, 0.148861825466156, 0
u,0.8424678444862366, 0.5272442400455475, 0
u,0.8468167185783386, 0.5171540379524231, 0
u,0.45197200775146484, 0.6557774543762207, 0
u,0.45673221349716187, 0.6599753797054291, 0
u,0.45667949318885803, 0.651497095823288, 0
u,0.8869913816452026, 0.14507752656936646, 0
u,0.8913402557373047, 0.14608889818191528, 0
u,0.8913402557373047, 0.07813888788223267, 0
u,0.9283485412597656, 0.5443857908248901, 0
u,0.9239996671676636, 0.5430289506912231, 0
u,0.9239996671676636, 1.000000001235528, 0
u,0.8913402557373047, 0.38228434324264526, 0
u,0.8933407664299011, 0.38228434324264526, 0
u,0.8933407664299011, 0.3665459156036377, 0
u,0.9353891611099243, 0.11126846075057983, 0
u,0.9196507334709167, 0.11126846075057983, 0
u,0.9196507334709167, 0.1164923906326294, 0
u,0.8913401961326599, 0.4495868682861328, 0
u,0.8968590497970581, 0.4495868682861328, 0
u,0.8968590497970581, 0.43384844064712524, 0
u,0.8913401961326599, 0.4827207922935486, 0
u,0.8913401961326599, 0.49845921993255615, 0
u,0.8968656063079834, 0.49845921993255615, 0
u,0.8712529540061951, 0.15055197477340698, 0
u,0.8869913816452026, 0.15055197477340698, 0
u,0.8869913816452026, 0.14507752656936646, 0
u,0.9239996671676636, 0.5393491983413696, 0
u,0.908261239528656, 0.5393491983413696, 0
u,0.908261239528656, 0.5430289506912231, 0
u,0.8913402557373047, 0.39802271127700806, 0
u,0.8913402557373047, 0.4137611389160156, 0
u,0.893693208694458, 0.4137611389160156, 0
u,0.8913401961326599, 0.5071569979190826, 0
u,0.8913401961326599, 0.5228954255580902, 0
u,0.8968656063079834, 0.5228954255580902, 0
u,0.8712529540061951, 0.07914888858795166, 0
u,0.8869913816452026, 0.07914888858795166, 0
u,0.8869913816452026, 0.0736771821975708, 0
u,0.8933480978012085, 0.39802271127700806, 0
u,0.8933480978012085, 0.3822842836380005, 0
u,0.8913401961326599, 0.3822842836380005, 0
u,0.862555205821991, 0.07567393779754639, 0
u,0.8468167781829834, 0.07567393779754639, 0
u,0.8468167781829834, 0.08090782165527344, 0
u,0.8913401961326599, 0.4582846164703369, 0
u,0.8913401961326599, 0.4740230441093445, 0
u,0.8968647718429565, 0.4740230441093445, 0
u,0.903912365436554, 0.5393491685390472, 0
u,0.9196507930755615, 0.5393491685390472, 0
u,0.9196507930755615, 0.5355106592178345, 0
