v,-0.0038178868126124144, 0.01999347098171711, 0.009307455271482468
v,-0.00644715316593647, 0.02168175019323826, 0.009307455271482468
v,-0.0045186299830675125, 0.019400957971811295, 0.009307455271482468
v,-0.003049245337024331, 0.017270447686314583, -0.010472442954778671
v,-0.004688923247158527, 0.01920963078737259, 0.009114926680922508
v,-0.006601085886359215, 0.021471073850989342, 0.009114926680922508
v,-0.00011972653010161594, 0.015619796700775623, 0.009121430106461048
v,-0.0027803326956927776, 0.017345139756798744, -0.002206685720011592
v,-0.0008204698096960783, 0.015027282759547234, 0.009121430106461048
v,0.0019304865272715688, 0.01319508720189333, 0.009307455271482468
v,-0.0006634076125919819, 0.014841531403362751, 0.009307455271482468
v,0.001229743123985827, 0.01260257326066494, 0.009307455271482468
v,0.003031807253137231, 0.010078615508973598, -0.010489923879504204
v,0.00321469409391284, 0.009862321428954601, -0.0032290201634168625
v,8.185608749045059e-05, 0.013567410409450531, 0.005785705056041479
v,0.00321469409391284, 0.009862321428954601, -0.0032290201634168625
v,0.003275262890383601, 0.009790689684450626, -0.010492256842553616
v,0.0068431999534368515, 0.005571024492383003, 0.009070799686014652
v,0.004205347970128059, 0.01050469558686018, -0.01051490567624569
v,0.007078340742737055, 0.005685657728463411, 0.009122085757553577
v,0.0035046045668423176, 0.00991218164563179, -0.01051490567624569
v,-0.003049245337024331, 0.017270447686314583, -0.010472442954778671
v,-0.003021081443876028, 0.017237138003110886, -0.003226076252758503
v,-0.004688923247158527, 0.01920963078737259, 0.009114926680922508
v,-0.003021081443876028, 0.017237138003110886, -0.003226076252758503
v,8.185608749045059e-05, 0.013567410409450531, 0.005785705056041479
v,0.0010652149794623256, 0.01240442879498005, 0.009114926680922508
v,-0.003021081443876028, 0.017237138003110886, -0.003226076252758503
v,-0.0028911069966852665, 0.0170834232121706, -0.010471031069755554
v,8.185608749045059e-05, 0.013567410409450531, 0.005785705056041479
v,8.185608749045059e-05, 0.013567410409450531, 0.005785705056041479
v,0.00321469409391284, 0.009862321428954601, -0.0032290201634168625
v,0.0010652149794623256, 0.01240442879498005, 0.009114926680922508
v,0.004302700515836477, 0.01078228559345007, -0.0032290201634168625
v,0.005937561858445406, 0.008848795667290688, 0.009072496555745602
v,0.007931206375360489, 0.006490988191217184, 0.009070799686014652
v,-0.0019330753711983562, 0.018157102167606354, -0.0032260757870972157
v,0.001169862225651741, 0.014487374573946, 0.005785705056041479
v,-0.001803100691176951, 0.01800338737666607, -0.010471031069755554
v,-0.0019612391479313374, 0.0181904099881649, -0.010472442954778671
v,-0.0036009172908961773, 0.020129594951868057, 0.009114926680922508
v,-0.0019330753711983562, 0.018157102167606354, -0.0032260757870972157
v,-0.0019330753711983562, 0.018157102167606354, -0.0032260757870972157
v,0.00020202518498990685, 0.01563199795782566, 0.009114926680922508
v,0.002153221284970641, 0.013324392028152943, 0.009114926680922508
v,0.004119813442230225, 0.010998578742146492, -0.010489923879504204
v,0.001169862225651741, 0.014487374573946, 0.005785705056041479
v,0.004302700515836477, 0.01078228559345007, -0.0032290201634168625
v,0.004302700515836477, 0.01078228559345007, -0.0032290201634168625
v,0.007931206375360489, 0.006490988191217184, 0.009070799686014652
v,0.004363269079476595, 0.01071065291762352, -0.010492256842553616
v,0.001169862225651741, 0.014487374573946, 0.005785705056041479
v,0.002153221284970641, 0.013324392028152943, 0.009114926680922508
v,0.004302700515836477, 0.01078228559345007, -0.0032290201634168625
v,-0.0019612391479313374, 0.0181904099881649, -0.010472442954778671
v,-0.0019330753711983562, 0.018157102167606354, -0.0032260757870972157
v,-0.001803100691176951, 0.01800338737666607, -0.010471031069755554
v,0.004119813442230225, 0.010998578742146492, -0.010489923879504204
v,0.004302700515836477, 0.01078228559345007, -0.0032290201634168625
v,0.004363269079476595, 0.01071065291762352, -0.010492256842553616
v,-0.0019612391479313374, 0.0181904099881649, -0.010472442954778671
v,-0.005513079464435577, 0.02239103615283966, 0.009114926680922508
v,-0.0036009172908961773, 0.020129594951868057, 0.009114926680922508
v,-0.0019330753711983562, 0.018157102167606354, -0.0032260757870972157
v,0.002153221284970641, 0.013324392028152943, 0.009114926680922508
v,0.001169862225651741, 0.014487374573946, 0.005785705056041479
v,0.004060361534357071, 0.010676165111362934, -0.0022067660465836525
v,0.0013870010152459145, 0.012416590005159378, 0.00912151113152504
v,0.0033596183639019728, 0.010083651170134544, -0.0022067660465836525
v,0.003031807253137231, 0.010078615508973598, -0.010489923879504204
v,0.003275262890383601, 0.009790689684450626, -0.010492256842553616
v,0.00321469409391284, 0.009862321428954601, -0.0032290201634168625
v,0.00321469409391284, 0.009862321428954601, -0.0032290201634168625
v,0.0068431999534368515, 0.005571024492383003, 0.009070799686014652
v,0.004849555902183056, 0.00792883150279522, 0.009072496555745602
v,0.0033459910191595554, 0.01009976863861084, -0.01070027519017458
v,0.004046734422445297, 0.010692281648516655, -0.01070027519017458
v,0.0033459910191595554, 0.01009976863861084, -0.01070027519017458
v,0.0010109825525432825, 0.014282549731433392, 0.005341514945030212
v,0.0031874682754278183, 0.010287247598171234, -0.010514866560697556
v,0.00031023926567286253, 0.013690035790205002, 0.005341514945030212
v,-0.003021081443876028, 0.017237138003110886, -0.003226076252758503
v,0.0010652149794623256, 0.01240442879498005, 0.009114926680922508
v,-0.0008859809604473412, 0.014712034724652767, 0.009114926680922508
v,-0.0021372458431869745, 0.018005842342972755, -0.0022042295895516872
v,-0.004368278663605452, 0.01922314241528511, 0.009118975140154362
v,-0.0028379892464727163, 0.01741332747042179, -0.0022042295895516872
v,0.0076879411935806274, 0.006385962478816509, 0.009307455271482468
v,0.005071817897260189, 0.008058696053922176, 0.009307455271482468
v,0.006987197790294886, 0.005793449003249407, 0.009307455271482468
v,-0.003049245337024331, 0.017270447686314583, -0.010472442954778671
v,-0.0028911069966852665, 0.0170834232121706, -0.010471031069755554
v,-0.003021081443876028, 0.017237138003110886, -0.003226076252758503
v,-0.0019595446065068245, 0.017795681953430176, -0.010514986701309681
v,0.00024267350090667605, 0.01376994326710701, 0.005341635551303625
v,-0.0026602880097925663, 0.01720316708087921, -0.010514986701309681
v,-0.005837665405124426, 0.022382188588380814, 0.009122036397457123
v,-0.0029775898437947035, 0.017578428611159325, -0.010514856316149235
v,-0.006538408808410168, 0.02178967371582985, 0.009122036397457123
v,0.00562261650338769, 0.0088285431265831, 0.009118844754993916
v,0.0034170637372881174, 0.010015713050961494, -0.0022041003685444593
v,0.004921873100101948, 0.008236030116677284, 0.009118844754993916
v,-0.002819089451804757, 0.01739097572863102, -0.01070027519017458
v,-0.0021183460485190153, 0.017983490601181984, -0.01070027519017458
v,-0.002819089451804757, 0.01739097572863102, -0.01070027519017458
v,0.006987197790294886, 0.005793449003249407, 0.009307455271482468
v,0.0068431999534368515, 0.005571024492383003, 0.009070799686014652
v,0.007078340742737055, 0.005685657728463411, 0.009122085757553577
v,0.004921873100101948, 0.008236030116677284, 0.009118844754993916
v,0.004849555902183056, 0.00792883150279522, 0.009072496555745602
v,0.005071817897260189, 0.008058696053922176, 0.009307455271482468
v,0.0034170637372881174, 0.010015713050961494, -0.0022041003685444593
v,0.0033596183639019728, 0.010083651170134544, -0.0022067660465836525
v,0.00321469409391284, 0.009862321428954601, -0.0032290201634168625
v,0.0013870010152459145, 0.012416590005159378, 0.00912151113152504
v,0.001229743123985827, 0.01260257326066494, 0.009307455271482468
v,0.0010652149794623256, 0.01240442879498005, 0.009114926680922508
v,-0.0008204698096960783, 0.015027282759547234, 0.009121430106461048
v,-0.0008859809604473412, 0.014712034724652767, 0.009114926680922508
v,-0.0006634076125919819, 0.014841531403362751, 0.009307455271482468
v,-0.0027803326956927776, 0.017345139756798744, -0.002206685720011592
v,-0.0028379892464727163, 0.01741332747042179, -0.0022042295895516872
v,-0.003021081443876028, 0.017237138003110886, -0.003226076252758503
v,-0.004368278663605452, 0.01922314241528511, 0.009118975140154362
v,-0.0045186299830675125, 0.019400957971811295, 0.009307455271482468
v,-0.004688923247158527, 0.01920963078737259, 0.009114926680922508
v,-0.00644715316593647, 0.02168175019323826, 0.009307455271482468
v,-0.006538408808410168, 0.02178967371582985, 0.009122036397457123
v,-0.006601085886359215, 0.021471073850989342, 0.009114926680922508
v,-0.0029775898437947035, 0.017578428611159325, -0.010514856316149235
v,-0.002819089451804757, 0.01739097572863102, -0.01070027519017458
v,-0.003049245337024331, 0.017270447686314583, -0.010472442954778671
v,-0.002819089451804757, 0.01739097572863102, -0.01070027519017458
v,-0.0026602880097925663, 0.01720316708087921, -0.010514986701309681
v,-0.0028911069966852665, 0.0170834232121706, -0.010471031069755554
v,0.00031023926567286253, 0.013690035790205002, 0.005341514945030212
v,8.185608749045059e-05, 0.013567410409450531, 0.005785705056041479
v,0.00024267350090667605, 0.01376994326710701, 0.005341635551303625
v,0.0031874682754278183, 0.010287247598171234, -0.010514866560697556
v,0.0033459910191595554, 0.01009976863861084, -0.01070027519017458
v,0.003031807253137231, 0.010078615508973598, -0.010489923879504204
v,0.0033459910191595554, 0.01009976863861084, -0.01070027519017458
v,0.0035046045668423176, 0.00991218164563179, -0.01051490567624569
v,0.003275262890383601, 0.009790689684450626, -0.010492256842553616
v,0.0076879411935806274, 0.006385962478816509, 0.009307455271482468
v,0.007779084146022797, 0.006278171204030514, 0.009122085757553577
v,0.007931206375360489, 0.006490988191217184, 0.009070799686014652
v,0.00562261650338769, 0.0088285431265831, 0.009118844754993916
v,0.005772561300545931, 0.008651209063827991, 0.009307455271482468
v,0.005937561858445406, 0.008848795667290688, 0.009072496555745602
v,0.0041178069077432156, 0.01060822606086731, -0.0022041003685444593
v,0.004302700515836477, 0.01078228559345007, -0.0032290201634168625
v,0.004060361534357071, 0.010676165111362934, -0.0022067660465836525
v,0.0020877444185316563, 0.013009103946387768, 0.00912151113152504
v,0.002153221284970641, 0.013324392028152943, 0.009114926680922508
v,0.0019304865272715688, 0.01319508720189333, 0.009307455271482468
v,-0.00011972653010161594, 0.015619796700775623, 0.009121430106461048
v,3.7335717934183776e-05, 0.015434044413268566, 0.009307455271482468
v,0.00020202518498990685, 0.01563199795782566, 0.009114926680922508
v,-0.002079589292407036, 0.01793765276670456, -0.002206685720011592
v,-0.0019330753711983562, 0.018157102167606354, -0.0032260757870972157
v,-0.0021372458431869745, 0.018005842342972755, -0.0022042295895516872
v,-0.0036675354931503534, 0.019815657287836075, 0.009118975140154362
v,-0.0036009172908961773, 0.020129594951868057, 0.009114926680922508
v,-0.0038178868126124144, 0.01999347098171711, 0.009307455271482468
v,-0.005746409762650728, 0.022274263203144073, 0.009307455271482468
v,-0.005513079464435577, 0.02239103615283966, 0.009114926680922508
v,-0.005837665405124426, 0.022382188588380814, 0.009122036397457123
v,-0.0022768464405089617, 0.01817094162106514, -0.010514856316149235
v,-0.0019612391479313374, 0.0181904099881649, -0.010472442954778671
v,-0.0021183460485190153, 0.017983490601181984, -0.01070027519017458
v,-0.0021183460485190153, 0.017983490601181984, -0.01070027519017458
v,-0.001803100691176951, 0.01800338737666607, -0.010471031069755554
v,-0.0019595446065068245, 0.017795681953430176, -0.010514986701309681
v,0.0010109825525432825, 0.014282549731433392, 0.005341514945030212
v,0.000943416787777096, 0.0143624572083354, 0.005341635551303625
v,0.001169862225651741, 0.014487374573946, 0.005785705056041479
v,0.0038882114458829165, 0.01087976060807705, -0.010514866560697556
v,0.004119813442230225, 0.010998578742146492, -0.010489923879504204
v,0.004046734422445297, 0.010692281648516655, -0.01070027519017458
v,0.004046734422445297, 0.010692281648516655, -0.01070027519017458
v,0.004363269079476595, 0.01071065291762352, -0.010492256842553616
v,0.004205347970128059, 0.01050469558686018, -0.01051490567624569
v,0.004849555902183056, 0.00792883150279522, 0.009072496555745602
v,0.0034170637372881174, 0.010015713050961494, -0.0022041003685444593
v,0.00321469409391284, 0.009862321428954601, -0.0032290201634168625
v,0.0033596183639019728, 0.010083651170134544, -0.0022067660465836525
v,0.0010652149794623256, 0.01240442879498005, 0.009114926680922508
v,0.00321469409391284, 0.009862321428954601, -0.0032290201634168625
v,-0.0008859809604473412, 0.014712034724652767, 0.009114926680922508
v,-0.0027803326956927776, 0.017345139756798744, -0.002206685720011592
v,-0.003021081443876028, 0.017237138003110886, -0.003226076252758503
v,-0.0028379892464727163, 0.01741332747042179, -0.0022042295895516872
v,-0.004688923247158527, 0.01920963078737259, 0.009114926680922508
v,-0.003021081443876028, 0.017237138003110886, -0.003226076252758503
v,-0.0045186299830675125, 0.019400957971811295, 0.009307455271482468
v,-0.006601085886359215, 0.021471073850989342, 0.009114926680922508
v,-0.004688923247158527, 0.01920963078737259, 0.009114926680922508
v,-0.006601085886359215, 0.021471073850989342, 0.009114926680922508
v,-0.0029775898437947035, 0.017578428611159325, -0.010514856316149235
v,-0.003049245337024331, 0.017270447686314583, -0.010472442954778671
v,0.00031023926567286253, 0.013690035790205002, 0.005341514945030212
v,0.003031807253137231, 0.010078615508973598, -0.010489923879504204
v,8.185608749045059e-05, 0.013567410409450531, 0.005785705056041479
v,-0.003049245337024331, 0.017270447686314583, -0.010472442954778671
v,-0.002819089451804757, 0.01739097572863102, -0.01070027519017458
v,-0.0028911069966852665, 0.0170834232121706, -0.010471031069755554
v,0.006987197790294886, 0.005793449003249407, 0.009307455271482468
v,0.004849555902183056, 0.00792883150279522, 0.009072496555745602
v,0.0068431999534368515, 0.005571024492383003, 0.009070799686014652
v,-0.0028911069966852665, 0.0170834232121706, -0.010471031069755554
v,0.00024267350090667605, 0.01376994326710701, 0.005341635551303625
v,8.185608749045059e-05, 0.013567410409450531, 0.005785705056041479
v,0.003031807253137231, 0.010078615508973598, -0.010489923879504204
v,0.0033459910191595554, 0.01009976863861084, -0.01070027519017458
v,0.003275262890383601, 0.009790689684450626, -0.010492256842553616
v,0.001229743123985827, 0.01260257326066494, 0.009307455271482468
v,-0.0008859809604473412, 0.014712034724652767, 0.009114926680922508
v,0.0010652149794623256, 0.01240442879498005, 0.009114926680922508
v,0.0068431999534368515, 0.005571024492383003, 0.009070799686014652
v,0.0035046045668423176, 0.00991218164563179, -0.01051490567624569
v,0.007078340742737055, 0.005685657728463411, 0.009122085757553577
v,0.005937561858445406, 0.008848795667290688, 0.009072496555745602
v,0.0041178069077432156, 0.01060822606086731, -0.0022041003685444593
v,0.00562261650338769, 0.0088285431265831, 0.009118844754993916
v,0.004060361534357071, 0.010676165111362934, -0.0022067660465836525
v,0.002153221284970641, 0.013324392028152943, 0.009114926680922508
v,0.0020877444185316563, 0.013009103946387768, 0.00912151113152504
v,0.00020202518498990685, 0.01563199795782566, 0.009114926680922508
v,-0.002079589292407036, 0.01793765276670456, -0.002206685720011592
v,-0.00011972653010161594, 0.015619796700775623, 0.009121430106461048
v,-0.0021372458431869745, 0.018005842342972755, -0.0022042295895516872
v,-0.0036009172908961773, 0.020129594951868057, 0.009114926680922508
v,-0.0036675354931503534, 0.019815657287836075, 0.009118975140154362
v,-0.0038178868126124144, 0.01999347098171711, 0.009307455271482468
v,-0.005513079464435577, 0.02239103615283966, 0.009114926680922508
v,-0.005746409762650728, 0.022274263203144073, 0.009307455271482468
v,-0.005513079464435577, 0.02239103615283966, 0.009114926680922508
v,-0.0022768464405089617, 0.01817094162106514, -0.010514856316149235
v,-0.005837665405124426, 0.022382188588380814, 0.009122036397457123
v,0.0010109825525432825, 0.014282549731433392, 0.005341514945030212
v,0.004119813442230225, 0.010998578742146492, -0.010489923879504204
v,0.0038882114458829165, 0.01087976060807705, -0.010514866560697556
v,-0.0021183460485190153, 0.017983490601181984, -0.01070027519017458
v,-0.001803100691176951, 0.01800338737666607, -0.010471031069755554
v,-0.0021183460485190153, 0.017983490601181984, -0.01070027519017458
v,0.0076879411935806274, 0.006385962478816509, 0.009307455271482468
v,0.005937561858445406, 0.008848795667290688, 0.009072496555745602
v,0.005772561300545931, 0.008651209063827991, 0.009307455271482468
v,-0.001803100691176951, 0.01800338737666607, -0.010471031069755554
v,0.000943416787777096, 0.0143624572083354, 0.005341635551303625
v,-0.0019595446065068245, 0.017795681953430176, -0.010514986701309681
v,0.004046734422445297, 0.010692281648516655, -0.01070027519017458
v,0.004363269079476595, 0.01071065291762352, -0.010492256842553616
v,0.004046734422445297, 0.010692281648516655, -0.01070027519017458
v,0.0019304865272715688, 0.01319508720189333, 0.009307455271482468
v,0.00020202518498990685, 0.01563199795782566, 0.009114926680922508
v,3.7335717934183776e-05, 0.015434044413268566, 0.009307455271482468
v,0.007931206375360489, 0.006490988191217184, 0.009070799686014652
v,0.004205347970128059, 0.01050469558686018, -0.01051490567624569
v,0.004363269079476595, 0.01071065291762352, -0.010492256842553616
v,0.0033596183639019728, 0.010083651170134544, -0.0022067660465836525
v,0.0041178069077432156, 0.01060822606086731, -0.0022041003685444593
v,0.004060361534357071, 0.010676165111362934, -0.0022067660465836525
v,0.00562261650338769, 0.0088285431265831, 0.009118844754993916
v,0.005071817897260189, 0.008058696053922176, 0.009307455271482468
v,0.005772561300545931, 0.008651209063827991, 0.009307455271482468
v,0.0035046045668423176, 0.00991218164563179, -0.01051490567624569
v,0.004046734422445297, 0.010692281648516655, -0.01070027519017458
v,0.004205347970128059, 0.01050469558686018, -0.01051490567624569
v,0.004046734422445297, 0.010692281648516655, -0.01070027519017458
v,0.0031874682754278183, 0.010287247598171234, -0.010514866560697556
v,0.0038882114458829165, 0.01087976060807705, -0.010514866560697556
v,0.0013870010152459145, 0.012416590005159378, 0.00912151113152504
v,0.0019304865272715688, 0.01319508720189333, 0.009307455271482468
v,0.001229743123985827, 0.01260257326066494, 0.009307455271482468
v,0.0076879411935806274, 0.006385962478816509, 0.009307455271482468
v,0.007078340742737055, 0.005685657728463411, 0.009122085757553577
v,0.007779084146022797, 0.006278171204030514, 0.009122085757553577
v,0.0010109825525432825, 0.014282549731433392, 0.005341514945030212
v,0.00024267350090667605, 0.01376994326710701, 0.005341635551303625
v,0.000943416787777096, 0.0143624572083354, 0.005341635551303625
v,-0.0019595446065068245, 0.017795681953430176, -0.010514986701309681
v,-0.002819089451804757, 0.01739097572863102, -0.01070027519017458
v,-0.0021183460485190153, 0.017983490601181984, -0.01070027519017458
v,-0.0006634076125919819, 0.014841531403362751, 0.009307455271482468
v,-0.00011972653010161594, 0.015619796700775623, 0.009121430106461048
v,-0.0008204698096960783, 0.015027282759547234, 0.009121430106461048
v,-0.0027803326956927776, 0.017345139756798744, -0.002206685720011592
v,-0.0021372458431869745, 0.018005842342972755, -0.0022042295895516872
v,-0.0028379892464727163, 0.01741332747042179, -0.0022042295895516872
v,-0.004368278663605452, 0.01922314241528511, 0.009118975140154362
v,-0.0038178868126124144, 0.01999347098171711, 0.009307455271482468
v,-0.0045186299830675125, 0.019400957971811295, 0.009307455271482468
v,-0.0021183460485190153, 0.017983490601181984, -0.01070027519017458
v,-0.0029775898437947035, 0.017578428611159325, -0.010514856316149235
v,-0.0022768464405089617, 0.01817094162106514, -0.010514856316149235
v,-0.00644715316593647, 0.02168175019323826, 0.009307455271482468
v,-0.005837665405124426, 0.022382188588380814, 0.009122036397457123
v,-0.006538408808410168, 0.02178967371582985, 0.009122036397457123
v,-0.0038178868126124144, 0.01999347098171711, 0.009307455271482468
v,-0.005746409762650728, 0.022274263203144073, 0.009307455271482468
v,-0.00644715316593647, 0.02168175019323826, 0.009307455271482468
v,-0.00011972653010161594, 0.015619796700775623, 0.009121430106461048
v,-0.002079589292407036, 0.01793765276670456, -0.002206685720011592
v,-0.0027803326956927776, 0.017345139756798744, -0.002206685720011592
v,0.0019304865272715688, 0.01319508720189333, 0.009307455271482468
v,3.7335717934183776e-05, 0.015434044413268566, 0.009307455271482468
v,-0.0006634076125919819, 0.014841531403362751, 0.009307455271482468
v,0.004205347970128059, 0.01050469558686018, -0.01051490567624569
v,0.007779084146022797, 0.006278171204030514, 0.009122085757553577
v,0.007078340742737055, 0.005685657728463411, 0.009122085757553577
v,0.004060361534357071, 0.010676165111362934, -0.0022067660465836525
v,0.0020877444185316563, 0.013009103946387768, 0.00912151113152504
v,0.0013870010152459145, 0.012416590005159378, 0.00912151113152504
v,0.0033459910191595554, 0.01009976863861084, -0.01070027519017458
v,0.004046734422445297, 0.010692281648516655, -0.01070027519017458
v,0.004046734422445297, 0.010692281648516655, -0.01070027519017458
v,0.0010109825525432825, 0.014282549731433392, 0.005341514945030212
v,0.0038882114458829165, 0.01087976060807705, -0.010514866560697556
v,0.0031874682754278183, 0.010287247598171234, -0.010514866560697556
v,-0.0021372458431869745, 0.018005842342972755, -0.0022042295895516872
v,-0.0036675354931503534, 0.019815657287836075, 0.009118975140154362
v,-0.004368278663605452, 0.01922314241528511, 0.009118975140154362
v,0.0076879411935806274, 0.006385962478816509, 0.009307455271482468
v,0.005772561300545931, 0.008651209063827991, 0.009307455271482468
v,0.005071817897260189, 0.008058696053922176, 0.009307455271482468
v,-0.0019595446065068245, 0.017795681953430176, -0.010514986701309681
v,0.000943416787777096, 0.0143624572083354, 0.005341635551303625
v,0.00024267350090667605, 0.01376994326710701, 0.005341635551303625
v,-0.005837665405124426, 0.022382188588380814, 0.009122036397457123
v,-0.0022768464405089617, 0.01817094162106514, -0.010514856316149235
v,-0.0029775898437947035, 0.017578428611159325, -0.010514856316149235
v,0.00562261650338769, 0.0088285431265831, 0.009118844754993916
v,0.0041178069077432156, 0.01060822606086731, -0.0022041003685444593
v,0.0034170637372881174, 0.010015713050961494, -0.0022041003685444593
v,-0.002819089451804757, 0.01739097572863102, -0.01070027519017458
v,-0.0021183460485190153, 0.017983490601181984, -0.01070027519017458
v,-0.0021183460485190153, 0.017983490601181984, -0.01070027519017458
v,0.004849555902183056, 0.00792883150279522, 0.009072496555745602
v,0.004921873100101948, 0.008236030116677284, 0.009118844754993916
v,0.0034170637372881174, 0.010015713050961494, -0.0022041003685444593
v,0.0033596183639019728, 0.010083651170134544, -0.0022067660465836525
v,0.0013870010152459145, 0.012416590005159378, 0.00912151113152504
v,0.0010652149794623256, 0.01240442879498005, 0.009114926680922508
v,-0.0008859809604473412, 0.014712034724652767, 0.009114926680922508
v,-0.0008204698096960783, 0.015027282759547234, 0.009121430106461048
v,-0.0027803326956927776, 0.017345139756798744, -0.002206685720011592
v,-0.0028379892464727163, 0.01741332747042179, -0.0022042295895516872
v,-0.004368278663605452, 0.01922314241528511, 0.009118975140154362
v,-0.004688923247158527, 0.01920963078737259, 0.009114926680922508
v,-0.0045186299830675125, 0.019400957971811295, 0.009307455271482468
v,-0.00644715316593647, 0.02168175019323826, 0.009307455271482468
v,-0.006601085886359215, 0.021471073850989342, 0.009114926680922508
v,-0.006601085886359215, 0.021471073850989342, 0.009114926680922508
v,-0.006538408808410168, 0.02178967371582985, 0.009122036397457123
v,-0.0029775898437947035, 0.017578428611159325, -0.010514856316149235
v,0.00031023926567286253, 0.013690035790205002, 0.005341514945030212
v,0.0031874682754278183, 0.010287247598171234, -0.010514866560697556
v,0.003031807253137231, 0.010078615508973598, -0.010489923879504204
v,-0.003049245337024331, 0.017270447686314583, -0.010472442954778671
v,-0.002819089451804757, 0.01739097572863102, -0.01070027519017458
v,-0.002819089451804757, 0.01739097572863102, -0.01070027519017458
v,0.006987197790294886, 0.005793449003249407, 0.009307455271482468
v,0.005071817897260189, 0.008058696053922176, 0.009307455271482468
v,0.004849555902183056, 0.00792883150279522, 0.009072496555745602
v,-0.0028911069966852665, 0.0170834232121706, -0.010471031069755554
v,-0.0026602880097925663, 0.01720316708087921, -0.010514986701309681
v,0.00024267350090667605, 0.01376994326710701, 0.005341635551303625
v,0.003031807253137231, 0.010078615508973598, -0.010489923879504204
v,0.0033459910191595554, 0.01009976863861084, -0.01070027519017458
v,0.0033459910191595554, 0.01009976863861084, -0.01070027519017458
v,0.001229743123985827, 0.01260257326066494, 0.009307455271482468
v,-0.0006634076125919819, 0.014841531403362751, 0.009307455271482468
v,-0.0008859809604473412, 0.014712034724652767, 0.009114926680922508
v,0.0068431999534368515, 0.005571024492383003, 0.009070799686014652
v,0.003275262890383601, 0.009790689684450626, -0.010492256842553616
v,0.0035046045668423176, 0.00991218164563179, -0.01051490567624569
v,0.005937561858445406, 0.008848795667290688, 0.009072496555745602
v,0.004302700515836477, 0.01078228559345007, -0.0032290201634168625
v,0.0041178069077432156, 0.01060822606086731, -0.0022041003685444593
v,0.004060361534357071, 0.010676165111362934, -0.0022067660465836525
v,0.004302700515836477, 0.01078228559345007, -0.0032290201634168625
v,0.002153221284970641, 0.013324392028152943, 0.009114926680922508
v,0.00020202518498990685, 0.01563199795782566, 0.009114926680922508
v,-0.0019330753711983562, 0.018157102167606354, -0.0032260757870972157
v,-0.002079589292407036, 0.01793765276670456, -0.002206685720011592
v,-0.0021372458431869745, 0.018005842342972755, -0.0022042295895516872
v,-0.0019330753711983562, 0.018157102167606354, -0.0032260757870972157
v,-0.0036009172908961773, 0.020129594951868057, 0.009114926680922508
v,-0.0038178868126124144, 0.01999347098171711, 0.009307455271482468
v,-0.0036009172908961773, 0.020129594951868057, 0.009114926680922508
v,-0.005513079464435577, 0.02239103615283966, 0.009114926680922508
v,-0.005513079464435577, 0.02239103615283966, 0.009114926680922508
v,-0.0019612391479313374, 0.0181904099881649, -0.010472442954778671
v,-0.0022768464405089617, 0.01817094162106514, -0.010514856316149235
v,0.0010109825525432825, 0.014282549731433392, 0.005341514945030212
v,0.001169862225651741, 0.014487374573946, 0.005785705056041479
v,0.004119813442230225, 0.010998578742146492, -0.010489923879504204
v,-0.0021183460485190153, 0.017983490601181984, -0.01070027519017458
v,-0.0019612391479313374, 0.0181904099881649, -0.010472442954778671
v,-0.001803100691176951, 0.01800338737666607, -0.010471031069755554
v,0.0076879411935806274, 0.006385962478816509, 0.009307455271482468
v,0.007931206375360489, 0.006490988191217184, 0.009070799686014652
v,0.005937561858445406, 0.008848795667290688, 0.009072496555745602
v,-0.001803100691176951, 0.01800338737666607, -0.010471031069755554
v,0.001169862225651741, 0.014487374573946, 0.005785705056041479
v,0.000943416787777096, 0.0143624572083354, 0.005341635551303625
v,0.004046734422445297, 0.010692281648516655, -0.01070027519017458
v,0.004119813442230225, 0.010998578742146492, -0.010489923879504204
v,0.004363269079476595, 0.01071065291762352, -0.010492256842553616
v,0.0019304865272715688, 0.01319508720189333, 0.009307455271482468
v,0.002153221284970641, 0.013324392028152943, 0.009114926680922508
v,0.00020202518498990685, 0.01563199795782566, 0.009114926680922508
v,0.007931206375360489, 0.006490988191217184, 0.009070799686014652
v,0.007779084146022797, 0.006278171204030514, 0.009122085757553577
v,0.004205347970128059, 0.01050469558686018, -0.01051490567624569
v,0.0033596183639019728, 0.010083651170134544, -0.0022067660465836525
v,0.0034170637372881174, 0.010015713050961494, -0.0022041003685444593
v,0.0041178069077432156, 0.01060822606086731, -0.0022041003685444593
v,0.00562261650338769, 0.0088285431265831, 0.009118844754993916
v,0.004921873100101948, 0.008236030116677284, 0.009118844754993916
v,0.005071817897260189, 0.008058696053922176, 0.009307455271482468
v,0.0035046045668423176, 0.00991218164563179, -0.01051490567624569
v,0.0033459910191595554, 0.01009976863861084, -0.01070027519017458
v,0.004046734422445297, 0.010692281648516655, -0.01070027519017458
v,0.004046734422445297, 0.010692281648516655, -0.01070027519017458
v,0.0033459910191595554, 0.01009976863861084, -0.01070027519017458
v,0.0031874682754278183, 0.010287247598171234, -0.010514866560697556
v,0.0013870010152459145, 0.012416590005159378, 0.00912151113152504
v,0.0020877444185316563, 0.013009103946387768, 0.00912151113152504
v,0.0019304865272715688, 0.01319508720189333, 0.009307455271482468
v,0.0076879411935806274, 0.006385962478816509, 0.009307455271482468
v,0.006987197790294886, 0.005793449003249407, 0.009307455271482468
v,0.007078340742737055, 0.005685657728463411, 0.009122085757553577
v,0.0010109825525432825, 0.014282549731433392, 0.005341514945030212
v,0.00031023926567286253, 0.013690035790205002, 0.005341514945030212
v,0.00024267350090667605, 0.01376994326710701, 0.005341635551303625
v,-0.0019595446065068245, 0.017795681953430176, -0.010514986701309681
v,-0.0026602880097925663, 0.01720316708087921, -0.010514986701309681
v,-0.002819089451804757, 0.01739097572863102, -0.01070027519017458
v,-0.0006634076125919819, 0.014841531403362751, 0.009307455271482468
v,3.7335717934183776e-05, 0.015434044413268566, 0.009307455271482468
v,-0.00011972653010161594, 0.015619796700775623, 0.009121430106461048
v,-0.0027803326956927776, 0.017345139756798744, -0.002206685720011592
v,-0.002079589292407036, 0.01793765276670456, -0.002206685720011592
v,-0.0021372458431869745, 0.018005842342972755, -0.0022042295895516872
v,-0.004368278663605452, 0.01922314241528511, 0.009118975140154362
v,-0.0036675354931503534, 0.019815657287836075, 0.009118975140154362
v,-0.0038178868126124144, 0.01999347098171711, 0.009307455271482468
v,-0.0021183460485190153, 0.017983490601181984, -0.01070027519017458
v,-0.002819089451804757, 0.01739097572863102, -0.01070027519017458
v,-0.0029775898437947035, 0.017578428611159325, -0.010514856316149235
v,-0.00644715316593647, 0.02168175019323826, 0.009307455271482468
v,-0.005746409762650728, 0.022274263203144073, 0.009307455271482468
v,-0.005837665405124426, 0.022382188588380814, 0.009122036397457123
n,-1.1477804946480319e-06, -9.70505766417773e-07, 34.38671112060547
n,-19.936811447143555, -16.85757064819336, -8.695075734976854e-07
n,-21.354875564575195, 25.255605697631836, 8.862153053283691
n,-1.1477804946480319e-06, -9.70505766417773e-07, 34.38671112060547
n,-19.936811447143555, -16.85757064819336, -6.628503115280182e-07
n,-19.936813354492188, -16.857568740844727, -6.549313980031002e-07
n,21.27972984313965, -25.166732788085938, -9.28940486907959
n,-19.936811447143555, -16.85757064819336, -8.871601266946527e-07
n,-19.936809539794922, -16.857572555541992, -2.582369688752806e-06
n,-19.936811447143555, -16.85757064819336, -9.173472221846168e-07
n,-19.936811447143555, -16.85757064819336, -1.4436739093071083e-06
n,19.936811447143555, 16.85757064819336, 1.7468341866333503e-06
n,19.936813354492188, 16.857568740844727, 6.93455319833447e-07
n,19.936809539794922, 16.857574462890625, 6.499581104435492e-07
n,19.936811447143555, 16.85757064819336, 1.7449649476475315e-06
n,19.936809539794922, 16.857572555541992, 6.907774832143332e-07
n,19.936813354492188, 16.857568740844727, 6.59094496313628e-07
n,19.936811447143555, 16.85757064819336, 1.3311002931004623e-06
n,19.936811447143555, 16.85757064819336, 6.271305323934939e-07
n,19.936811447143555, 16.85757064819336, 6.283014499786077e-07
n,19.936811447143555, 16.857568740844727, 1.3043255648881313e-06
n,19.936819076538086, 16.857563018798828, -3.847751941066235e-06
n,21.34564208984375, -25.24468421936035, 8.915838241577148
n,-19.936811447143555, -16.85757064819336, -6.283014499786077e-07
n,-19.936811447143555, -16.85757064819336, -1.8709869209487806e-06
n,0.0, 0.0, 0.0
n,-21.284286499023438, 25.172122955322266, -9.264105796813965
n,-19.936811447143555, -16.85757064819336, -1.2779449889421812e-06
n,21.636804580688477, -25.589031219482422, 7.014091491699219
n,-1.1477804946480319e-06, -9.70505766417773e-07, 34.38671112060547
n,-19.936811447143555, -16.85757064819336, -8.841848284646403e-07
n,21.270444869995117, -25.155750274658203, -9.340743064880371
n,-21.285327911376953, 25.17335319519043, -9.258306503295898
n,-21.65166473388672, 25.606605529785156, 6.90220308303833
n,0.0, 0.0, 0.0
n,8.39434814453125, -25.76943588256836, 19.1121826171875
n,-23.36736488342285, 2.362917423248291, 20.79871940612793
n,-19.71639633178711, -16.422016143798828, 6.350723743438721
n,0.38376349210739136, -22.53085708618164, 22.860151290893555
n,-22.166519165039062, 4.135096073150635, 22.84443473815918
n,-19.478431701660156, -16.699398040771484, 6.369455337524414
n,0.6895649433135986, -23.041790008544922, 22.288049697875977
n,-26.34398078918457, 4.830467700958252, 15.77703857421875
n,-22.728857040405273, 2.2931735515594482, -21.747486114501953
n,5.760043144226074, -20.567764282226562, -25.784128189086914
n,-18.30220603942871, -15.454813957214355, -13.676743507385254
n,-18.33930206298828, 10.534942626953125, -26.332441329956055
n,7.767201900482178, -19.598569869995117, -26.47911262512207
n,24.015748977661133, -12.560759544372559, 19.1121826171875
n,1.553875207901001, 23.435070037841797, 20.798715591430664
n,19.470691680908203, 16.712602615356445, 6.350724697113037
n,22.153669357299805, -4.123312473297119, 22.860151290893555
n,-0.39324551820755005, 22.54548454284668, 22.84442901611328
n,19.704662322998047, 16.431846618652344, 6.3694586753845215
n,22.606666564941406, -4.509782314300537, 22.288043975830078
n,-0.3846030831336975, 26.78042221069336, 15.7770357131958
n,1.516524076461792, 22.793855667114258, -21.747486114501953
n,19.324283599853516, -9.098519325256348, -25.784128189086914
n,18.281875610351562, 15.478860855102539, -13.676741600036621
n,-7.3401970863342285, 19.835235595703125, -26.332441329956055
n,18.034961700439453, -10.916666030883789, -26.47911262512207
n,-29.407493591308594, 6.186526298522949, 4.880599021911621
n,0.9962546825408936, -29.770803451538086, 6.3044657707214355
n,-29.197629928588867, 5.938166618347168, 6.266457557678223
n,1.2022122144699097, -30.01430892944336, 4.95973539352417
n,-14.097464561462402, -11.920111656188965, 24.315061569213867
n,-29.148454666137695, 5.880152702331543, -6.546616077423096
n,-26.707435607910156, 18.12944984436035, -8.726886749267578
n,-15.154258728027344, -12.981088638305664, -22.17612648010254
n,-15.456581115722656, -13.084932327270508, 21.703001022338867
n,12.963339805603027, -29.462797164916992, -8.742904663085938
n,-14.762661933898926, -12.293878555297852, -23.285961151123047
n,-14.097464561462402, -11.920110702514648, 24.315061569213867
n,15.853289604187012, -28.485286712646484, -9.016109466552734
n,-1.2125426530838013, 30.026695251464844, 4.880589962005615
n,29.19110107421875, -5.930522918701172, 6.304439067840576
n,-1.0026495456695557, 29.77849578857422, 6.266475200653076
n,29.396989822387695, -6.1741533279418945, 4.959726333618164
n,14.097466468811035, 11.920111656188965, 24.3150577545166
n,-0.9537255764007568, 29.720386505126953, -6.546649932861328
n,-14.017072677612305, 29.170181274414062, -8.803414344787598
n,0.0, 0.0, 0.0
n,15.420929908752441, 13.039166450500488, 21.794574737548828
n,26.64777183532715, -18.204599380493164, -8.820159912109375
n,0.0, 0.0, 0.0
n,14.097463607788086, 11.920110702514648, 24.315059661865234
n,26.192047119140625, -19.104623794555664, -8.897726058959961
n,-0.6649308204650879, 0.786386251449585, 34.37114715576172
n,-13.97189712524414, 16.52403450012207, 26.643836975097656
n,13.351338386535645, -15.790121078491211, -27.40325164794922
n,-13.358030319213867, 15.798039436340332, -27.395357131958008
n,13.450318336486816, -15.907185554504395, 27.28583335876465
n,17.612998962402344, -20.830228805541992, 20.7727108001709
n,-0.02555902488529682, 0.030230019241571426, -34.386688232421875
n,13.33761978149414, -15.773896217346191, -27.419422149658203
n,-13.464529991149902, 15.923989295959473, 27.268861770629883
n,0.6104095578193665, -0.7219105958938599, 34.373592376708984
n,13.943395614624023, -16.490327835083008, 26.679950714111328
n,-13.359668731689453, 15.79997730255127, -27.393423080444336
n,-17.60678482055664, 20.822879791259766, 20.785457611083984
n,-1.1477804946480319e-06, -9.70505766417773e-07, 34.38671112060547
n,-21.354873657226562, 25.25560760498047, 8.862153053283691
n,-1.1477804946480319e-06, -9.70505766417773e-07, 34.38671112060547
n,21.27972984313965, -25.166732788085938, -9.28940486907959
n,21.34564208984375, -25.24468421936035, 8.915838241577148
n,0.0, 0.0, 0.0
n,-21.284286499023438, 25.172122955322266, -9.264105796813965
n,21.636804580688477, -25.589031219482422, 7.0140910148620605
n,-1.1477804946480319e-06, -9.70505766417773e-07, 34.38671112060547
n,21.270444869995117, -25.155750274658203, -9.340743064880371
n,-21.285327911376953, 25.17335319519043, -9.258306503295898
n,-21.65166473388672, 25.606605529785156, 6.902203559875488
n,0.0, 0.0, 0.0
n,-29.40749168395996, 6.186466217041016, 4.880587577819824
n,0.996138334274292, -29.770776748657227, 6.304437637329102
n,-29.197629928588867, 5.9382219314575195, 6.266469955444336
n,1.202158808708191, -30.014299392700195, 4.9597249031066895
n,-14.09746265411377, -11.920109748840332, 24.3150634765625
n,-29.14845848083496, 5.880322456359863, -6.5466508865356445
n,-26.43462562561035, 18.670516967773438, -8.803415298461914
n,-21.455860137939453, 25.37503433227539, -8.250603675842285
n,-15.420928955078125, -13.039166450500488, 21.794578552246094
n,13.522178649902344, -29.30292510986328, -8.82015609741211
n,0.0, 0.0, 0.0
n,-14.097463607788086, -11.920109748840332, 24.315061569213867
n,14.485466957092285, -29.003128051757812, -8.897727012634277
n,-1.212605595588684, 30.026710510253906, 4.880601406097412
n,29.191102981567383, -5.930636405944824, 6.304466247558594
n,-1.0025951862335205, 29.778484344482422, 6.266461372375488
n,29.396991729736328, -6.174213409423828, 4.959737300872803
n,14.097466468811035, 11.920111656188965, 24.3150577545166
n,-0.9535501003265381, 29.720354080200195, -6.546614646911621
n,-13.438196182250977, 29.349258422851562, -8.726887702941895
n,15.319336891174316, 12.785860061645508, -22.17612648010254
n,15.47198486328125, 13.066717147827148, 21.7030029296875
n,26.898317337036133, -17.680078506469727, -8.742904663085938
n,14.576600074768066, 12.513934135437012, -23.28595733642578
n,14.097463607788086, 11.920110702514648, 24.3150577545166
n,25.454042434692383, -20.367385864257812, -9.016111373901367
n,-0.6649307608604431, 0.7863861918449402, 34.37114334106445
n,-13.97189712524414, 16.52403450012207, 26.643836975097656
n,13.351339340209961, -15.790122985839844, -27.403255462646484
n,-13.358030319213867, 15.798039436340332, -27.395357131958008
n,13.450318336486816, -15.907185554504395, 27.28583335876465
n,17.612998962402344, -20.830228805541992, 20.7727108001709
n,-0.02555902488529682, 0.030230019241571426, -34.386688232421875
n,13.33761978149414, -15.773896217346191, -27.419422149658203
n,-13.464529991149902, 15.923989295959473, 27.268861770629883
n,0.6104695200920105, -0.721968948841095, 34.37358856201172
n,13.943394660949707, -16.490327835083008, 26.679950714111328
n,-13.359668731689453, 15.79997730255127, -27.393423080444336
n,-17.60678482055664, 20.822879791259766, 20.785457611083984
u,0.8468167781829834, 0.08090782165527344, 0
u,0.862555205821991, 0.14806824922561646, 0
u,0.862555205821991, 0.08090782165527344, 0
u,0.005186581052839756, 0.6554973721504211, 0
u,0.4476318061351776, 0.5983957946300507, 0
u,0.4476317763328552, 0.5318050980567932, 0
u,0.9685231447219849, 0.20198041200637817, 0
u,0.9842615127563477, 0.449468731880188, 0
u,0.9842615127563477, 0.20198041200637817, 0
u,0.8869913816452026, 0.14507752656936646, 0
u,0.8712529540061951, 0.07914888858795166, 0
u,0.8712529540061951, 0.14507752656936646, 0
u,0.004791734274476767, 0.8672689646482468, 0
u,0.1688031405210495, 0.8736379444599152, 0
u,0.37243035435676575, 0.7645373791456223, 0
u,0.1688031405210495, 0.8736379444599152, 0
u,0.00473904050886631, 0.8757472634315491, 0
u,0.44663506746292114, 1.000000017676797, 0
u,0.9239996671676636, 1.000000001235528, 0
u,0.908261239528656, 0.5430289506912231, 0
u,0.908261239528656, 1.0000000005475798, 0
u,0.005186581052839756, 0.6554973721504211, 0
u,0.16886962950229645, 0.6564781367778778, 0
u,0.4476318061351776, 0.5983957946300507, 0
u,0.16886962950229645, 0.6564781367778778, 0
u,0.37243035435676575, 0.7645373791456223, 0
u,0.4476318061351776, 0.7987826764583588, 0
u,0.16886962950229645, 0.6564781367778778, 0
u,0.0052184900268912315, 0.661004513502121, 0
u,0.37243035435676575, 0.7645373791456223, 0
u,0.37243035435676575, 0.7645373791456223, 0
u,0.1688031405210495, 0.8736379444599152, 0
u,0.4476318061351776, 0.7987826764583588, 0
u,0.6207435727119446, 0.6536064147949219, 0
u,0.8986138105392456, 0.5966726839542389, 0
u,0.8985754251480103, 0.5272443890571594, 0
u,0.6208100914955139, 0.8707661777734756, 0
u,0.8243707418441772, 0.7627069652080536, 0
u,0.4571589231491089, 0.8662398159503937, 0
u,0.45712703466415405, 0.8717469573020935, 0
u,0.8995721936225891, 0.9288485124707222, 0
u,0.6208100914955139, 0.8707661777734756, 0
u,0.6208100914955139, 0.8707661777734756, 0
u,0.8995721936225891, 0.7964117377996445, 0
u,0.8995721936225891, 0.7284616827964783, 0
u,0.45673221349716187, 0.6599753797054291, 0
u,0.8243707418441772, 0.7627069652080536, 0
u,0.6207435727119446, 0.6536064147949219, 0
u,0.6207435727119446, 0.6536064147949219, 0
u,0.8985754251480103, 0.5272443890571594, 0
u,0.45667949318885803, 0.651497095823288, 0
u,0.8243707418441772, 0.7627069652080536, 0
u,0.8995721936225891, 0.7284616827964783, 0
u,0.6207435727119446, 0.6536064147949219, 0
u,0.45712703466415405, 0.8717469573020935, 0
u,0.6208100914955139, 0.8707661777734756, 0
u,0.4571589231491089, 0.8662398159503937, 0
u,0.45673221349716187, 0.6599753797054291, 0
u,0.6207435727119446, 0.6536064147949219, 0
u,0.45667949318885803, 0.651497095823288, 0
u,0.45712703466415405, 0.8717469573020935, 0
u,0.8995721340179443, 0.9954392309300601, 0
u,0.8995721936225891, 0.9288485124707222, 0
u,0.6208100914955139, 0.8707661777734756, 0
u,0.8995721936225891, 0.7284616827964783, 0
u,0.8243707418441772, 0.7627069652080536, 0
u,1.0, 0.7547284215688705, 0
u,0.9842615723609924, 0.5115889608860016, 0
u,0.9842615723609924, 0.7547284215688705, 0
u,0.004791734274476767, 0.8672689646482468, 0
u,0.00473904050886631, 0.8757472634315491, 0
u,0.1688031405210495, 0.8736379444599152, 0
u,0.1688031405210495, 0.8736379444599152, 0
u,0.44663506746292114, 1.000000017676797, 0
u,0.44667336344718933, 0.9305716827511787, 0
u,0.45197200775146484, 0.5272442996501923, 0
u,0.45197200775146484, 0.5272442996501923, 0
u,0.45197200775146484, 0.5272442996501923, 0
u,0.8869913816452026, 0.5171395242214203, 0
u,0.8712529540061951, 0.15055203437805176, 0
u,0.8712529540061951, 0.5171395242214203, 0
u,0.16886962950229645, 0.6564781367778778, 0
u,0.4476318061351776, 0.7987826764583588, 0
u,0.4476318061351776, 0.7308326065540314, 0
u,1.0, 1.0000000045576076, 0
u,0.9842615723609924, 0.7547284066677094, 0
u,0.9842615723609924, 1.0000000038696593, 0
u,0.9353891611099243, 0.1831951141357422, 0
u,0.9196507334709167, 0.1164923906326294, 0
u,0.9196507334709167, 0.1831951141357422, 0
u,0.005186581052839756, 0.6554973721504211, 0
u,0.0052184900268912315, 0.661004513502121, 0
u,0.16886962950229645, 0.6564781367778778, 0
u,0.8468167185783386, 0.14806830883026123, 0
u,0.8625551462173462, 0.5171540379524231, 0
u,0.8625551462173462, 0.14806830883026123, 0
u,0.9196507930755615, 0.5355106592178345, 0
u,0.9039124250411987, 0.08152920007705688, 0
u,0.903912365436554, 0.5355106592178345, 0
u,0.9842615723609924, 0.6984739303588867, 0
u,0.9685232043266296, 0.44946879148483276, 0
u,0.9685231447219849, 0.6984739303588867, 0
u,3.153664874844253e-05, 0.6567690372467041, 0
u,-4.758810678850978e-09, 0.6567680239677429, 0
u,3.153664874844253e-05, 0.6567690372467041, 0
u,0.908261239528656, 0.5393491983413696, 0
u,0.903912365436554, 0.5443857908248901, 0
u,0.908261239528656, 0.5430289506912231, 0
u,0.4477115869522095, 0.9263466820120811, 0
u,0.44667336344718933, 0.9305716827511787, 0
u,0.45197197794914246, 0.93156848102808, 0
u,0.1919456124305725, 0.873941957950592, 0
u,0.19188539683818817, 0.8719414323568344, 0
u,0.1688031405210495, 0.8736379444599152, 0
u,0.8712529540061951, 0.15055197477340698, 0
u,0.8712529540061951, 0.14507752656936646, 0
u,0.866904079914093, 0.14608889818191528, 0
u,0.8712529540061951, 0.0736771821975708, 0
u,0.866904079914093, 0.07813888788223267, 0
u,0.8712529540061951, 0.07914888858795166, 0
u,0.19188719987869263, 0.6581186950206757, 0
u,0.19194267690181732, 0.6561108231544495, 0
u,0.16886962950229645, 0.6564781367778778, 0
u,0.862555205821991, 0.07567393779754639, 0
u,0.862555205821991, 0.08090782165527344, 0
u,0.866904079914093, 0.08009719848632812, 0
u,0.45197194814682007, 0.5304223001003265, 0
u,0.4477836489677429, 0.5272443294525146, 0
u,0.4476317763328552, 0.5318050980567932, 0
u,0.8968647718429565, 0.4740230441093445, 0
u,0.8913401961326599, 0.4740230441093445, 0
u,0.8926181197166443, 0.47837191820144653, 0
u,0.8968656063079834, 0.5228954255580902, 0
u,0.8913401961326599, 0.5228954255580902, 0
u,0.8926364183425903, 0.5272442996501923, 0
u,0.8913401961326599, 0.35643112659454346, 0
u,0.8913401961326599, 0.36654597520828247, 0
u,0.8936759233474731, 0.3567153215408325, 0
u,0.8968656063079834, 0.49845921993255615, 0
u,0.8913401961326599, 0.49845921993255615, 0
u,0.8955439329147339, 0.5028081238269806, 0
u,0.8968590497970581, 0.4495868682861328, 0
u,0.8913401961326599, 0.4495868682861328, 0
u,0.8925843834877014, 0.45393574237823486, 0
u,0.9239996671676636, 0.5393491983413696, 0
u,0.9239996671676636, 0.5430289506912231, 0
u,0.9283485412597656, 0.5443857908248901, 0
u,0.8996520042419434, 0.6008976995944977, 0
u,0.903912365436554, 0.5956758856773376, 0
u,0.8986138105392456, 0.5966726839542389, 0
u,0.6438860297203064, 0.653302401304245, 0
u,0.6207435727119446, 0.6536064147949219, 0
u,0.6438258290290833, 0.6553029119968414, 0
u,0.8869913816452026, 0.15055197477340698, 0
u,0.8913402557373047, 0.14608889818191528, 0
u,0.8869913816452026, 0.14507752656936646, 0
u,0.8869913816452026, 0.0736771821975708, 0
u,0.8869913816452026, 0.07914888858795166, 0
u,0.8913402557373047, 0.07813888788223267, 0
u,0.6438276171684265, 0.8691256195306778, 0
u,0.6208100914955139, 0.8707661777734756, 0
u,0.6438831090927124, 0.8711335062980652, 0
u,0.8468167781829834, 0.07567393779754639, 0
u,0.8424679040908813, 0.08009719848632812, 0
u,0.8468167781829834, 0.08090782165527344, 0
u,0.9039123058319092, 0.9968220391310751, 0
u,0.8995721340179443, 0.9954392309300601, 0
u,0.8997240662574768, 0.9999999992141229, 0
u,0.8968647718429565, 0.4582846164703369, 0
u,0.8926181197166443, 0.45393574237823486, 0
u,0.8913401961326599, 0.4582846164703369, 0
u,0.8968656063079834, 0.5071569979190826, 0
u,0.8926364183425903, 0.5028081238269806, 0
u,0.8913401961326599, 0.5071569979190826, 0
u,0.8913401961326599, 0.3561675548553467, 0
u,0.8936783671379089, 0.3564310073852539, 0
u,0.8936783671379089, 0.34632670879364014, 0
u,0.8968656063079834, 0.4827207922935486, 0
u,0.8955439329147339, 0.47837191820144653, 0
u,0.8913401961326599, 0.4827207922935486, 0
u,0.8968590497970581, 0.43384844064712524, 0
u,0.8925843834877014, 0.4294995665550232, 0
u,0.8913401961326599, 0.43384844064712524, 0
u,0.44667336344718933, 0.9305716827511787, 0
u,0.1919456124305725, 0.873941957950592, 0
u,0.1688031405210495, 0.8736379444599152, 0
u,0.19188539683818817, 0.8719414323568344, 0
u,0.4476318061351776, 0.7987826764583588, 0
u,0.1688031405210495, 0.8736379444599152, 0
u,0.4476318061351776, 0.7308326065540314, 0
u,0.19188719987869263, 0.6581186950206757, 0
u,0.16886962950229645, 0.6564781367778778, 0
u,0.19194267690181732, 0.6561108231544495, 0
u,0.4476318061351776, 0.5983957946300507, 0
u,0.16886962950229645, 0.6564781367778778, 0
u,0.862555205821991, 0.08090782165527344, 0
u,0.866904079914093, 0.14668792486190796, 0
u,0.866904079914093, 0.08009719848632812, 0
u,0.4476317763328552, 0.5318050980567932, 0
u,0.004219834227114916, 0.6512492895126343, 0
u,0.005186581052839756, 0.6554973721504211, 0
u,0.8712529540061951, 0.5171395242214203, 0
u,0.866904079914093, 0.15097618103027344, 0
u,0.866904079914093, 0.5272443294525146, 0
u,0.005186581052839756, 0.6554973721504211, 0
u,3.153664874844253e-05, 0.6567690372467041, 0
u,0.0052184900268912315, 0.661004513502121, 0
u,0.45197197794914246, 0.9982712436467409, 0
u,0.44667336344718933, 0.9305716827511787, 0
u,0.44663506746292114, 1.000000017676797, 0
u,0.8669040203094482, 0.148861825466156, 0
u,0.8625551462173462, 0.5171540379524231, 0
u,0.8669040203094482, 0.5272442400455475, 0
u,0.004791734274476767, 0.8672689646482468, 0
u,3.154719161102548e-05, 0.8714668899774551, 0
u,0.00473904050886631, 0.8757472634315491, 0
u,0.8712529540061951, 0.14507752656936646, 0
u,0.866904079914093, 0.07813888788223267, 0
u,0.866904079914093, 0.14608889818191528, 0
u,0.903912365436554, 0.5443857908248901, 0
u,0.908261239528656, 1.0000000005475798, 0
u,0.908261239528656, 0.5430289506912231, 0
u,0.8986138105392456, 0.5966726839542389, 0
u,0.6438860297203064, 0.653302401304245, 0
u,0.8996520042419434, 0.6008976995944977, 0
u,0.6438258290290833, 0.6553029119968414, 0
u,0.8995721936225891, 0.7284616827964783, 0
u,0.8997122049331665, 0.7239989936351776, 0
u,0.8995721936225891, 0.7964117377996445, 0
u,0.6438276171684265, 0.8691256195306778, 0
u,0.8997103571891785, 0.8008737862110138, 0
u,0.6438831090927124, 0.8711335062980652, 0
u,0.8995721936225891, 0.9288485124707222, 0
u,0.8996549248695374, 0.9244255945086479, 0
u,0.8468167781829834, 0.08090782165527344, 0
u,0.8424679040908813, 0.14668792486190796, 0
u,0.8468167781829834, 0.14806824922561646, 0
u,0.8995721340179443, 0.9954392309300601, 0
u,0.456160306930542, 0.8759950250387192, 0
u,0.8997240662574768, 0.9999999992141229, 0
u,0.8869913816452026, 0.5171395242214203, 0
u,0.8913402557373047, 0.15097618103027344, 0
u,0.8869913816452026, 0.15055203437805176, 0
u,0.45197200775146484, 0.8704752922058105, 0
u,0.4571589231491089, 0.8662398159503937, 0
u,0.45197200775146484, 0.8704752922058105, 0
u,0.903912365436554, 0.5289731621742249, 0
u,0.8986138105392456, 0.5966726839542389, 0
u,0.903912365436554, 0.5956758856773376, 0
u,0.8424678444862366, 0.148861825466156, 0
u,0.8468167185783386, 0.5171540379524231, 0
u,0.8468167185783386, 0.14806830883026123, 0
u,0.45197200775146484, 0.6557774543762207, 0
u,0.45667949318885803, 0.651497095823288, 0
u,0.45197200775146484, 0.6557774543762207, 0
u,0.8869913816452026, 0.14507752656936646, 0
u,0.8913402557373047, 0.07813888788223267, 0
u,0.8869913816452026, 0.07914888858795166, 0
u,0.9283485412597656, 0.5443857908248901, 0
u,0.9239996671676636, 1.000000001235528, 0
u,0.9283485412597656, 0.9996751424914692, 0
u,0.8913402557373047, 0.38228434324264526, 0
u,0.8933407664299011, 0.3665459156036377, 0
u,0.8913402557373047, 0.3665459156036377, 0
u,0.9353891611099243, 0.11126846075057983, 0
u,0.9196507334709167, 0.1164923906326294, 0
u,0.9353891611099243, 0.1164923906326294, 0
u,0.8913401961326599, 0.4495868682861328, 0
u,0.8968590497970581, 0.43384844064712524, 0
u,0.8913401961326599, 0.43384844064712524, 0
u,0.8913401961326599, 0.4827207922935486, 0
u,0.8968656063079834, 0.49845921993255615, 0
u,0.8968656063079834, 0.4827207922935486, 0
u,0.8712529540061951, 0.15055197477340698, 0
u,0.8869913816452026, 0.14507752656936646, 0
u,0.8712529540061951, 0.14507752656936646, 0
u,0.9239996671676636, 0.5393491983413696, 0
u,0.908261239528656, 0.5430289506912231, 0
u,0.9239996671676636, 0.5430289506912231, 0
u,0.8913402557373047, 0.39802271127700806, 0
u,0.893693208694458, 0.4137611389160156, 0
u,0.893693208694458, 0.39802271127700806, 0
u,0.8913401961326599, 0.5071569979190826, 0
u,0.8968656063079834, 0.5228954255580902, 0
u,0.8968656063079834, 0.5071569979190826, 0
u,0.8712529540061951, 0.07914888858795166, 0
u,0.8869913816452026, 0.0736771821975708, 0
u,0.8712529540061951, 0.0736771821975708, 0
u,0.8933480978012085, 0.39802271127700806, 0
u,0.8913401961326599, 0.3822842836380005, 0
u,0.8913401961326599, 0.39802271127700806, 0
u,0.862555205821991, 0.07567393779754639, 0
u,0.8468167781829834, 0.08090782165527344, 0
u,0.862555205821991, 0.08090782165527344, 0
u,0.8913401961326599, 0.4582846164703369, 0
u,0.8968647718429565, 0.4740230441093445, 0
u,0.8968647718429565, 0.4582846164703369, 0
u,0.903912365436554, 0.5393491685390472, 0
u,0.9196507930755615, 0.5355106592178345, 0
u,0.903912365436554, 0.5355106592178345, 0
u,0.8468167781829834, 0.08090782165527344, 0
u,0.8468167781829834, 0.14806824922561646, 0
u,0.862555205821991, 0.14806824922561646, 0
u,0.9685231447219849, 0.20198041200637817, 0
u,0.9685231447219849, 0.44946879148483276, 0
u,0.9842615127563477, 0.449468731880188, 0
u,0.8869913816452026, 0.14507752656936646, 0
u,0.8869913816452026, 0.07914888858795166, 0
u,0.8712529540061951, 0.07914888858795166, 0
u,0.9239996671676636, 1.000000001235528, 0
u,0.9239996671676636, 0.5430289506912231, 0
u,0.908261239528656, 0.5430289506912231, 0
u,1.0, 0.7547284215688705, 0
u,1.0, 0.5115889608860016, 0
u,0.9842615723609924, 0.5115889608860016, 0
u,0.45197200775146484, 0.5272442996501923, 0
u,0.45197200775146484, 0.5272442996501923, 0
u,0.45197200775146484, 0.5272442996501923, 0
u,0.8869913816452026, 0.5171395242214203, 0
u,0.8869913816452026, 0.15055203437805176, 0
u,0.8712529540061951, 0.15055203437805176, 0
u,1.0, 1.0000000045576076, 0
u,1.0, 0.7547284066677094, 0
u,0.9842615723609924, 0.7547284066677094, 0
u,0.9353891611099243, 0.1831951141357422, 0
u,0.9353891611099243, 0.1164923906326294, 0
u,0.9196507334709167, 0.1164923906326294, 0
u,0.8468167185783386, 0.14806830883026123, 0
u,0.8468167185783386, 0.5171540379524231, 0
u,0.8625551462173462, 0.5171540379524231, 0
u,0.9196507930755615, 0.5355106592178345, 0
u,0.9196507930755615, 0.08152920007705688, 0
u,0.9039124250411987, 0.08152920007705688, 0
u,0.9842615723609924, 0.6984739303588867, 0
u,0.9842615723609924, 0.44946879148483276, 0
u,0.9685232043266296, 0.44946879148483276, 0
u,3.153664874844253e-05, 0.6567690372467041, 0
u,-4.758810678850978e-09, 0.6567680239677429, 0
u,-4.758810678850978e-09, 0.6567680239677429, 0
u,0.44667336344718933, 0.9305716827511787, 0
u,0.4477115869522095, 0.9263466820120811, 0
u,0.1919456124305725, 0.873941957950592, 0
u,0.19188539683818817, 0.8719414323568344, 0
u,0.447771817445755, 0.8032453656196594, 0
u,0.4476318061351776, 0.7987826764583588, 0
u,0.4476318061351776, 0.7308326065540314, 0
u,0.44776999950408936, 0.7263705730438232, 0
u,0.19188719987869263, 0.6581186950206757, 0
u,0.19194267690181732, 0.6561108231544495, 0
u,0.44771450757980347, 0.6028187274932861, 0
u,0.4476318061351776, 0.5983957946300507, 0
u,0.862555205821991, 0.08090782165527344, 0
u,0.862555205821991, 0.14806824922561646, 0
u,0.866904079914093, 0.14668792486190796, 0
u,0.4476317763328552, 0.5318050980567932, 0
u,0.4477836489677429, 0.5272443294525146, 0
u,0.004219834227114916, 0.6512492895126343, 0
u,0.8712529540061951, 0.5171395242214203, 0
u,0.8712529540061951, 0.15055203437805176, 0
u,0.866904079914093, 0.15097618103027344, 0
u,0.005186581052839756, 0.6554973721504211, 0
u,3.153664874844253e-05, 0.6567690372467041, 0
u,3.153664874844253e-05, 0.6567690372467041, 0
u,0.45197197794914246, 0.9982712436467409, 0
u,0.45197197794914246, 0.93156848102808, 0
u,0.44667336344718933, 0.9305716827511787, 0
u,0.8669040203094482, 0.148861825466156, 0
u,0.8625551462173462, 0.14806830883026123, 0
u,0.8625551462173462, 0.5171540379524231, 0
u,0.004791734274476767, 0.8672689646482468, 0
u,3.154719161102548e-05, 0.8714668899774551, 0
u,3.154719161102548e-05, 0.8714668899774551, 0
u,0.8712529540061951, 0.14507752656936646, 0
u,0.8712529540061951, 0.07914888858795166, 0
u,0.866904079914093, 0.07813888788223267, 0
u,0.903912365436554, 0.5443857908248901, 0
u,0.903912365436554, 0.9996751414146274, 0
u,0.908261239528656, 1.0000000005475798, 0
u,0.8986138105392456, 0.5966726839542389, 0
u,0.6207435727119446, 0.6536064147949219, 0
u,0.6438860297203064, 0.653302401304245, 0
u,0.6438258290290833, 0.6553029119968414, 0
u,0.6207435727119446, 0.6536064147949219, 0
u,0.8995721936225891, 0.7284616827964783, 0
u,0.8995721936225891, 0.7964117377996445, 0
u,0.6208100914955139, 0.8707661777734756, 0
u,0.6438276171684265, 0.8691256195306778, 0
u,0.6438831090927124, 0.8711335062980652, 0
u,0.6208100914955139, 0.8707661777734756, 0
u,0.8995721936225891, 0.9288485124707222, 0
u,0.8468167781829834, 0.08090782165527344, 0
u,0.8424679040908813, 0.08009719848632812, 0
u,0.8424679040908813, 0.14668792486190796, 0
u,0.8995721340179443, 0.9954392309300601, 0
u,0.45712703466415405, 0.8717469573020935, 0
u,0.456160306930542, 0.8759950250387192, 0
u,0.8869913816452026, 0.5171395242214203, 0
u,0.8913402557373047, 0.5272443294525146, 0
u,0.8913402557373047, 0.15097618103027344, 0
u,0.45197200775146484, 0.8704752922058105, 0
u,0.45712703466415405, 0.8717469573020935, 0
u,0.4571589231491089, 0.8662398159503937, 0
u,0.903912365436554, 0.5289731621742249, 0
u,0.8985754251480103, 0.5272443890571594, 0
u,0.8986138105392456, 0.5966726839542389, 0
u,0.8424678444862366, 0.148861825466156, 0
u,0.8424678444862366, 0.5272442400455475, 0
u,0.8468167185783386, 0.5171540379524231, 0
u,0.45197200775146484, 0.6557774543762207, 0
u,0.45673221349716187, 0.6599753797054291, 0
u,0.45667949318885803, 0.651497095823288, 0
u,0.8869913816452026, 0.14507752656936646, 0
u,0.8913402557373047, 0.14608889818191528, 0
u,0.8913402557373047, 0.07813888788223267, 0
u,0.9283485412597656, 0.5443857908248901, 0
u,0.9239996671676636, 0.5430289506912231, 0
u,0.9239996671676636, 1.000000001235528, 0
u,0.8913402557373047, 0.38228434324264526, 0
u,0.8933407664299011, 0.38228434324264526, 0
u,0.8933407664299011, 0.3665459156036377, 0
u,0.9353891611099243, 0.11126846075057983, 0
u,0.9196507334709167, 0.11126846075057983, 0
u,0.9196507334709167, 0.1164923906326294, 0
u,0.8913401961326599, 0.4495868682861328, 0
u,0.8968590497970581, 0.4495868682861328, 0
u,0.8968590497970581, 0.43384844064712524, 0
u,0.8913401961326599, 0.4827207922935486, 0
u,0.8913401961326599, 0.49845921993255615, 0
u,0.8968656063079834, 0.49845921993255615, 0
u,0.8712529540061951, 0.15055197477340698, 0
u,0.8869913816452026, 0.15055197477340698, 0
u,0.8869913816452026, 0.14507752656936646, 0
u,0.9239996671676636, 0.5393491983413696, 0
u,0.908261239528656, 0.5393491983413696, 0
u,0.908261239528656, 0.5430289506912231, 0
u,0.8913402557373047, 0.39802271127700806, 0
u,0.8913402557373047, 0.4137611389160156, 0
u,0.893693208694458, 0.4137611389160156, 0
u,0.8913401961326599, 0.5071569979190826, 0
u,0.8913401961326599, 0.5228954255580902, 0
u,0.8968656063079834, 0.5228954255580902, 0
u,0.8712529540061951, 0.07914888858795166, 0
u,0.8869913816452026, 0.07914888858795166, 0
u,0.8869913816452026, 0.0736771821975708, 0
u,0.8933480978012085, 0.39802271127700806, 0
u,0.8933480978012085, 0.3822842836380005, 0
u,0.8913401961326599, 0.3822842836380005, 0
u,0.862555205821991, 0.07567393779754639, 0
u,0.8468167781829834, 0.07567393779754639, 0
u,0.8468167781829834, 0.08090782165527344, 0
u,0.8913401961326599, 0.4582846164703369, 0
u,0.8913401961326599, 0.4740230441093445, 0
u,0.8968647718429565, 0.4740230441093445, 0
u,0.903912365436554, 0.5393491685390472, 0
u,0.9196507930755615, 0.5393491685390472, 0
u,0.9196507930755615, 0.5355106592178345, 0
