v,0.0004588343726936728, 0.021369481459259987, 0.010133440606296062
v,-0.000458832859294489, 0.024355538189411163, 0.010201812721788883
v,-0.00045883297570981085, 0.021369481459259987, 0.010133440606296062
v,-0.0007124048424884677, 0.019247310236096382, -0.009700234048068523
v,-0.0007124054245650768, 0.021337751299142838, 0.009940135292708874
v,-0.0007124054245650768, 0.024298476055264473, 0.010007927194237709
v,0.00045883390703238547, 0.015647638589143753, 0.009816354140639305
v,-0.00045883262646384537, 0.01894153468310833, -0.0014393111923709512
v,-0.0004588334122672677, 0.015647638589143753, 0.009816354140639305
v,0.0004588338197208941, 0.012468903325498104, 0.009929643012583256
v,-0.0004588334122672677, 0.015400190837681293, 0.009996761567890644
v,-0.0004588336742017418, 0.012468903325498104, 0.009929643012583256
v,-0.0007124054245650768, 0.009832024574279785, -0.00993330217897892
v,-0.0007124056573957205, 0.009382638148963451, -0.0026807852555066347
v,-0.0007124058320187032, 0.014027056284248829, 0.006442646495997906
v,-0.0007124056573957205, 0.009382638148963451, -0.0026807852555066347
v,-0.0007124054245650768, 0.00945512019097805, -0.009944266639649868
v,-0.0007124067051336169, 0.0034828304778784513, 0.009487169794738293
v,0.0004588345473166555, 0.00940034631639719, -0.009968175552785397
v,-0.00045883419807069004, 0.003417384810745716, 0.009536970406770706
v,-0.00045883297570981085, 0.00940034631639719, -0.009968175552785397
v,-0.0007124048424884677, 0.019247310236096382, -0.009700234048068523
v,-0.0007124051335267723, 0.019037824124097824, -0.002456763992086053
v,-0.0007124054245650768, 0.021337751299142838, 0.009940135292708874
v,-0.0007124051335267723, 0.019037824124097824, -0.002456763992086053
v,-0.0007124058320187032, 0.014027056284248829, 0.006442646495997906
v,-0.0007124061230570078, 0.01242824736982584, 0.009736132808029652
v,-0.0007124051335267723, 0.019037824124097824, -0.002456763992086053
v,-0.0007124048424884677, 0.01900242269039154, -0.009704429656267166
v,-0.0007124058320187032, 0.014027056284248829, 0.006442646495997906
v,-0.0007124058320187032, 0.014027056284248829, 0.006442646495997906
v,-0.0007124056573957205, 0.009382638148963451, -0.0026807852555066347
v,-0.0007124061230570078, 0.01242824736982584, 0.009736132808029652
v,0.0007124067633412778, 0.009382638148963451, -0.0026807852555066347
v,0.0007124058320187032, 0.006569679826498032, 0.009559547528624535
v,0.0007124056573957205, 0.0034828302450478077, 0.009487169794738293
v,0.000712407345417887, 0.019037824124097824, -0.0024567635264247656
v,0.0007124064723029733, 0.014027055352926254, 0.006442646495997906
v,0.0007124075200408697, 0.01900242269039154, -0.009704428724944592
v,0.0007124075200408697, 0.019247310236096382, -0.009700233116745949
v,0.0007124067633412778, 0.021337751299142838, 0.009940135292708874
v,0.000712407345417887, 0.019037824124097824, -0.0024567635264247656
v,0.000712407345417887, 0.019037824124097824, -0.0024567635264247656
v,0.0007124063558876514, 0.015449410304427147, 0.009805308654904366
v,0.0007124062394723296, 0.01242824736982584, 0.009736132808029652
v,0.0007124069961719215, 0.009832024574279785, -0.00993330217897892
v,0.0007124064723029733, 0.014027055352926254, 0.006442646495997906
v,0.0007124067633412778, 0.009382638148963451, -0.0026807852555066347
v,0.0007124067633412778, 0.009382638148963451, -0.0026807852555066347
v,0.0007124056573957205, 0.0034828302450478077, 0.009487169794738293
v,0.0007124069961719215, 0.00945512019097805, -0.009944266639649868
v,0.0007124064723029733, 0.014027055352926254, 0.006442646495997906
v,0.0007124062394723296, 0.01242824736982584, 0.009736132808029652
v,0.0007124067633412778, 0.009382638148963451, -0.0026807852555066347
v,0.0007124075200408697, 0.019247310236096382, -0.009700233116745949
v,0.000712407345417887, 0.019037824124097824, -0.0024567635264247656
v,0.0007124075200408697, 0.01900242269039154, -0.009704428724944592
v,0.0007124069961719215, 0.009832024574279785, -0.00993330217897892
v,0.0007124067633412778, 0.009382638148963451, -0.0026807852555066347
v,0.0007124069961719215, 0.00945512019097805, -0.009944266639649868
v,0.0007124075200408697, 0.019247310236096382, -0.009700233116745949
v,0.0007124070543795824, 0.024298476055264473, 0.010007927194237709
v,0.0007124067633412778, 0.021337751299142838, 0.009940135292708874
v,0.000712407345417887, 0.019037824124097824, -0.0024567635264247656
v,0.0007124062394723296, 0.01242824736982584, 0.009736132808029652
v,0.0007124064723029733, 0.014027055352926254, 0.006442646495997906
v,0.0004588343435898423, 0.009434654377400875, -0.0016570721054449677
v,-0.0004588336742017418, 0.01222966704517603, 0.00973817240446806
v,-0.0004588332085404545, 0.009434654377400875, -0.0016570721054449677
v,-0.0007124054245650768, 0.009832024574279785, -0.00993330217897892
v,-0.0007124054245650768, 0.00945512019097805, -0.009944266639649868
v,-0.0007124056573957205, 0.009382638148963451, -0.0026807852555066347
v,-0.0007124056573957205, 0.009382638148963451, -0.0026807852555066347
v,-0.0007124067051336169, 0.0034828304778784513, 0.009487169794738293
v,-0.0007124065887182951, 0.006569679826498032, 0.009559547528624535
v,-0.00045883291750214994, 0.009650181047618389, -0.010147872380912304
v,0.00045883451821282506, 0.009650181047618389, -0.010147872380912304
v,-0.00045883291750214994, 0.009650181047618389, -0.010147872380912304
v,0.00045883399434387684, 0.013983415439724922, 0.005997341591864824
v,-0.00045883291750214994, 0.00989138800650835, -0.00995689257979393
v,-0.0004588333540596068, 0.013983415439724922, 0.005997341126203537
v,-0.0007124051335267723, 0.019037824124097824, -0.002456763992086053
v,-0.0007124061230570078, 0.01242824736982584, 0.009736132808029652
v,-0.000712405948434025, 0.015449410304427147, 0.009805308654904366
v,0.0004588348383549601, 0.019030751660466194, -0.001434811856597662
v,-0.0004588329466059804, 0.021140996366739273, 0.009939679875969887
v,-0.00045883262646384537, 0.019030751660466194, -0.001434811856597662
v,0.00045883323764428496, 0.003554263850674033, 0.009725523181259632
v,-0.0004588340816553682, 0.006519970018416643, 0.009793429635465145
v,-0.00045883419807069004, 0.003554263850674033, 0.009725523181259632
v,-0.0007124048424884677, 0.019247310236096382, -0.009700234048068523
v,-0.0007124048424884677, 0.01900242269039154, -0.009704429656267166
v,-0.0007124051335267723, 0.019037824124097824, -0.002456763992086053
v,0.00045883507118560374, 0.01894584856927395, -0.009749691002070904
v,-0.00045883332495577633, 0.01408802904188633, 0.005999857094138861
v,-0.00045883236452937126, 0.01894584856927395, -0.009749691002070904
v,0.000458834576420486, 0.024501079693436623, 0.010019677691161633
v,-0.0004588323354255408, 0.019437145441770554, -0.009738312102854252
v,-0.000458832859294489, 0.024501079693436623, 0.010019677691161633
v,0.00045883338316343725, 0.006756456568837166, 0.009610184468328953
v,-0.0004588332085404545, 0.0093456469476223, -0.001656443695537746
v,-0.0004588340816553682, 0.006756456568837166, 0.009610184468328953
v,-0.0004588323354255408, 0.019195973873138428, -0.009929301217198372
v,0.00045883507118560374, 0.019195973873138428, -0.009929301217198372
v,-0.00045883236452937126, 0.019195973873138428, -0.009929301217198372
v,-0.00045883419807069004, 0.003554263850674033, 0.009725523181259632
v,-0.0007124067051336169, 0.0034828304778784513, 0.009487169794738293
v,-0.00045883419807069004, 0.003417384810745716, 0.009536970406770706
v,-0.0004588340816553682, 0.006756456568837166, 0.009610184468328953
v,-0.0007124065887182951, 0.006569679826498032, 0.009559547528624535
v,-0.0004588340816553682, 0.006519970018416643, 0.009793429635465145
v,-0.0004588332085404545, 0.0093456469476223, -0.001656443695537746
v,-0.0004588332085404545, 0.009434654377400875, -0.0016570721054449677
v,-0.0007124056573957205, 0.009382638148963451, -0.0026807852555066347
v,-0.0004588336742017418, 0.01222966704517603, 0.00973817240446806
v,-0.0004588336742017418, 0.012468903325498104, 0.009929643012583256
v,-0.0007124061230570078, 0.01242824736982584, 0.009736132808029652
v,-0.0004588334122672677, 0.015647638589143753, 0.009816354140639305
v,-0.000712405948434025, 0.015449410304427147, 0.009805308654904366
v,-0.0004588334122672677, 0.015400190837681293, 0.009996761567890644
v,-0.00045883262646384537, 0.01894153468310833, -0.0014393111923709512
v,-0.00045883262646384537, 0.019030751660466194, -0.001434811856597662
v,-0.0007124051335267723, 0.019037824124097824, -0.002456763992086053
v,-0.0004588329466059804, 0.021140996366739273, 0.009939679875969887
v,-0.00045883297570981085, 0.021369481459259987, 0.010133440606296062
v,-0.0007124054245650768, 0.021337751299142838, 0.009940135292708874
v,-0.000458832859294489, 0.024355538189411163, 0.010201812721788883
v,-0.000458832859294489, 0.024501079693436623, 0.010019677691161633
v,-0.0007124054245650768, 0.024298476055264473, 0.010007927194237709
v,-0.0004588323354255408, 0.019437145441770554, -0.009738312102854252
v,-0.0004588323354255408, 0.019195973873138428, -0.009929301217198372
v,-0.0007124048424884677, 0.019247310236096382, -0.009700234048068523
v,-0.00045883236452937126, 0.019195973873138428, -0.009929301217198372
v,-0.00045883236452937126, 0.01894584856927395, -0.009749691002070904
v,-0.0007124048424884677, 0.01900242269039154, -0.009704429656267166
v,-0.0004588333540596068, 0.013983415439724922, 0.005997341126203537
v,-0.0007124058320187032, 0.014027056284248829, 0.006442646495997906
v,-0.00045883332495577633, 0.01408802904188633, 0.005999857094138861
v,-0.00045883291750214994, 0.00989138800650835, -0.00995689257979393
v,-0.00045883291750214994, 0.009650181047618389, -0.010147872380912304
v,-0.0007124054245650768, 0.009832024574279785, -0.00993330217897892
v,-0.00045883291750214994, 0.009650181047618389, -0.010147872380912304
v,-0.00045883297570981085, 0.00940034631639719, -0.009968175552785397
v,-0.0007124054245650768, 0.00945512019097805, -0.009944266639649868
v,0.00045883323764428496, 0.003554263850674033, 0.009725523181259632
v,0.0004588332958519459, 0.003417384810745716, 0.009536970406770706
v,0.0007124056573957205, 0.0034828302450478077, 0.009487169794738293
v,0.00045883338316343725, 0.006756456568837166, 0.009610184468328953
v,0.0004588333540596068, 0.006519970018416643, 0.009793429635465145
v,0.0007124058320187032, 0.006569679826498032, 0.009559547528624535
v,0.0004588342853821814, 0.0093456469476223, -0.001656443695537746
v,0.0007124067633412778, 0.009382638148963451, -0.0026807852555066347
v,0.0004588343435898423, 0.009434654377400875, -0.0016570721054449677
v,0.0004588338197208941, 0.01222966704517603, 0.00973817240446806
v,0.0007124062394723296, 0.01242824736982584, 0.009736132808029652
v,0.0004588338197208941, 0.012468903325498104, 0.009929643012583256
v,0.00045883390703238547, 0.015647638589143753, 0.009816354140639305
v,0.0004588339652400464, 0.015400190837681293, 0.009996761567890644
v,0.0007124063558876514, 0.015449410304427147, 0.009805308654904366
v,0.0004588348383549601, 0.01894153468310833, -0.001439311308786273
v,0.000712407345417887, 0.019037824124097824, -0.0024567635264247656
v,0.0004588348383549601, 0.019030751660466194, -0.001434811856597662
v,0.0004588342853821814, 0.021140996366739273, 0.009939679875969887
v,0.0007124067633412778, 0.021337751299142838, 0.009940135292708874
v,0.0004588343726936728, 0.021369481459259987, 0.010133440606296062
v,0.0004588346346281469, 0.024355538189411163, 0.010201813653111458
v,0.0007124070543795824, 0.024298476055264473, 0.010007927194237709
v,0.000458834576420486, 0.024501079693436623, 0.010019677691161633
v,0.00045883507118560374, 0.019437145441770554, -0.009738312102854252
v,0.0007124075200408697, 0.019247310236096382, -0.009700233116745949
v,0.00045883507118560374, 0.019195973873138428, -0.009929301217198372
v,0.00045883507118560374, 0.019195973873138428, -0.009929301217198372
v,0.0007124075200408697, 0.01900242269039154, -0.009704428724944592
v,0.00045883507118560374, 0.01894584856927395, -0.009749691002070904
v,0.00045883399434387684, 0.013983415439724922, 0.005997341591864824
v,0.0004588340234477073, 0.01408802904188633, 0.005999857094138861
v,0.0007124064723029733, 0.014027055352926254, 0.006442646495997906
v,0.00045883451821282506, 0.00989138800650835, -0.00995689257979393
v,0.0007124069961719215, 0.009832024574279785, -0.00993330217897892
v,0.00045883451821282506, 0.009650181047618389, -0.010147872380912304
v,0.00045883451821282506, 0.009650181047618389, -0.010147872380912304
v,0.0007124069961719215, 0.00945512019097805, -0.009944266639649868
v,0.0004588345473166555, 0.00940034631639719, -0.009968175552785397
v,-0.0007124065887182951, 0.006569679826498032, 0.009559547528624535
v,-0.0004588332085404545, 0.0093456469476223, -0.001656443695537746
v,-0.0007124056573957205, 0.009382638148963451, -0.0026807852555066347
v,-0.0004588332085404545, 0.009434654377400875, -0.0016570721054449677
v,-0.0007124061230570078, 0.01242824736982584, 0.009736132808029652
v,-0.0007124056573957205, 0.009382638148963451, -0.0026807852555066347
v,-0.000712405948434025, 0.015449410304427147, 0.009805308654904366
v,-0.00045883262646384537, 0.01894153468310833, -0.0014393111923709512
v,-0.0007124051335267723, 0.019037824124097824, -0.002456763992086053
v,-0.00045883262646384537, 0.019030751660466194, -0.001434811856597662
v,-0.0007124054245650768, 0.021337751299142838, 0.009940135292708874
v,-0.0007124051335267723, 0.019037824124097824, -0.002456763992086053
v,-0.00045883297570981085, 0.021369481459259987, 0.010133440606296062
v,-0.0007124054245650768, 0.024298476055264473, 0.010007927194237709
v,-0.0007124054245650768, 0.021337751299142838, 0.009940135292708874
v,-0.0007124054245650768, 0.024298476055264473, 0.010007927194237709
v,-0.0004588323354255408, 0.019437145441770554, -0.009738312102854252
v,-0.0007124048424884677, 0.019247310236096382, -0.009700234048068523
v,-0.0004588333540596068, 0.013983415439724922, 0.005997341126203537
v,-0.0007124054245650768, 0.009832024574279785, -0.00993330217897892
v,-0.0007124058320187032, 0.014027056284248829, 0.006442646495997906
v,-0.0007124048424884677, 0.019247310236096382, -0.009700234048068523
v,-0.00045883236452937126, 0.019195973873138428, -0.009929301217198372
v,-0.0007124048424884677, 0.01900242269039154, -0.009704429656267166
v,-0.00045883419807069004, 0.003554263850674033, 0.009725523181259632
v,-0.0007124065887182951, 0.006569679826498032, 0.009559547528624535
v,-0.0007124067051336169, 0.0034828304778784513, 0.009487169794738293
v,-0.0007124048424884677, 0.01900242269039154, -0.009704429656267166
v,-0.00045883332495577633, 0.01408802904188633, 0.005999857094138861
v,-0.0007124058320187032, 0.014027056284248829, 0.006442646495997906
v,-0.0007124054245650768, 0.009832024574279785, -0.00993330217897892
v,-0.00045883291750214994, 0.009650181047618389, -0.010147872380912304
v,-0.0007124054245650768, 0.00945512019097805, -0.009944266639649868
v,-0.0004588336742017418, 0.012468903325498104, 0.009929643012583256
v,-0.000712405948434025, 0.015449410304427147, 0.009805308654904366
v,-0.0007124061230570078, 0.01242824736982584, 0.009736132808029652
v,-0.0007124067051336169, 0.0034828304778784513, 0.009487169794738293
v,-0.00045883297570981085, 0.00940034631639719, -0.009968175552785397
v,-0.00045883419807069004, 0.003417384810745716, 0.009536970406770706
v,0.0007124058320187032, 0.006569679826498032, 0.009559547528624535
v,0.0004588342853821814, 0.0093456469476223, -0.001656443695537746
v,0.00045883338316343725, 0.006756456568837166, 0.009610184468328953
v,0.0004588343435898423, 0.009434654377400875, -0.0016570721054449677
v,0.0007124062394723296, 0.01242824736982584, 0.009736132808029652
v,0.0004588338197208941, 0.01222966704517603, 0.00973817240446806
v,0.0007124063558876514, 0.015449410304427147, 0.009805308654904366
v,0.0004588348383549601, 0.01894153468310833, -0.001439311308786273
v,0.00045883390703238547, 0.015647638589143753, 0.009816354140639305
v,0.0004588348383549601, 0.019030751660466194, -0.001434811856597662
v,0.0007124067633412778, 0.021337751299142838, 0.009940135292708874
v,0.0004588342853821814, 0.021140996366739273, 0.009939679875969887
v,0.0004588343726936728, 0.021369481459259987, 0.010133440606296062
v,0.0007124070543795824, 0.024298476055264473, 0.010007927194237709
v,0.0004588346346281469, 0.024355538189411163, 0.010201813653111458
v,0.0007124070543795824, 0.024298476055264473, 0.010007927194237709
v,0.00045883507118560374, 0.019437145441770554, -0.009738312102854252
v,0.000458834576420486, 0.024501079693436623, 0.010019677691161633
v,0.00045883399434387684, 0.013983415439724922, 0.005997341591864824
v,0.0007124069961719215, 0.009832024574279785, -0.00993330217897892
v,0.00045883451821282506, 0.00989138800650835, -0.00995689257979393
v,0.00045883507118560374, 0.019195973873138428, -0.009929301217198372
v,0.0007124075200408697, 0.01900242269039154, -0.009704428724944592
v,0.00045883507118560374, 0.019195973873138428, -0.009929301217198372
v,0.00045883323764428496, 0.003554263850674033, 0.009725523181259632
v,0.0007124058320187032, 0.006569679826498032, 0.009559547528624535
v,0.0004588333540596068, 0.006519970018416643, 0.009793429635465145
v,0.0007124075200408697, 0.01900242269039154, -0.009704428724944592
v,0.0004588340234477073, 0.01408802904188633, 0.005999857094138861
v,0.00045883507118560374, 0.01894584856927395, -0.009749691002070904
v,0.00045883451821282506, 0.009650181047618389, -0.010147872380912304
v,0.0007124069961719215, 0.00945512019097805, -0.009944266639649868
v,0.00045883451821282506, 0.009650181047618389, -0.010147872380912304
v,0.0004588338197208941, 0.012468903325498104, 0.009929643012583256
v,0.0007124063558876514, 0.015449410304427147, 0.009805308654904366
v,0.0004588339652400464, 0.015400190837681293, 0.009996761567890644
v,0.0007124056573957205, 0.0034828302450478077, 0.009487169794738293
v,0.0004588345473166555, 0.00940034631639719, -0.009968175552785397
v,0.0007124069961719215, 0.00945512019097805, -0.009944266639649868
v,-0.0004588332085404545, 0.009434654377400875, -0.0016570721054449677
v,0.0004588342853821814, 0.0093456469476223, -0.001656443695537746
v,0.0004588343435898423, 0.009434654377400875, -0.0016570721054449677
v,0.00045883338316343725, 0.006756456568837166, 0.009610184468328953
v,-0.0004588340816553682, 0.006519970018416643, 0.009793429635465145
v,0.0004588333540596068, 0.006519970018416643, 0.009793429635465145
v,-0.00045883297570981085, 0.00940034631639719, -0.009968175552785397
v,0.00045883451821282506, 0.009650181047618389, -0.010147872380912304
v,0.0004588345473166555, 0.00940034631639719, -0.009968175552785397
v,0.00045883451821282506, 0.009650181047618389, -0.010147872380912304
v,-0.00045883291750214994, 0.00989138800650835, -0.00995689257979393
v,0.00045883451821282506, 0.00989138800650835, -0.00995689257979393
v,-0.0004588336742017418, 0.01222966704517603, 0.00973817240446806
v,0.0004588338197208941, 0.012468903325498104, 0.009929643012583256
v,-0.0004588336742017418, 0.012468903325498104, 0.009929643012583256
v,0.00045883323764428496, 0.003554263850674033, 0.009725523181259632
v,-0.00045883419807069004, 0.003417384810745716, 0.009536970406770706
v,0.0004588332958519459, 0.003417384810745716, 0.009536970406770706
v,0.00045883399434387684, 0.013983415439724922, 0.005997341591864824
v,-0.00045883332495577633, 0.01408802904188633, 0.005999857094138861
v,0.0004588340234477073, 0.01408802904188633, 0.005999857094138861
v,0.00045883507118560374, 0.01894584856927395, -0.009749691002070904
v,-0.00045883236452937126, 0.019195973873138428, -0.009929301217198372
v,0.00045883507118560374, 0.019195973873138428, -0.009929301217198372
v,-0.0004588334122672677, 0.015400190837681293, 0.009996761567890644
v,0.00045883390703238547, 0.015647638589143753, 0.009816354140639305
v,-0.0004588334122672677, 0.015647638589143753, 0.009816354140639305
v,-0.00045883262646384537, 0.01894153468310833, -0.0014393111923709512
v,0.0004588348383549601, 0.019030751660466194, -0.001434811856597662
v,-0.00045883262646384537, 0.019030751660466194, -0.001434811856597662
v,-0.0004588329466059804, 0.021140996366739273, 0.009939679875969887
v,0.0004588343726936728, 0.021369481459259987, 0.010133440606296062
v,-0.00045883297570981085, 0.021369481459259987, 0.010133440606296062
v,0.00045883507118560374, 0.019195973873138428, -0.009929301217198372
v,-0.0004588323354255408, 0.019437145441770554, -0.009738312102854252
v,0.00045883507118560374, 0.019437145441770554, -0.009738312102854252
v,-0.000458832859294489, 0.024355538189411163, 0.010201812721788883
v,0.000458834576420486, 0.024501079693436623, 0.010019677691161633
v,-0.000458832859294489, 0.024501079693436623, 0.010019677691161633
v,0.0004588343726936728, 0.021369481459259987, 0.010133440606296062
v,0.0004588346346281469, 0.024355538189411163, 0.010201813653111458
v,-0.000458832859294489, 0.024355538189411163, 0.010201812721788883
v,0.00045883390703238547, 0.015647638589143753, 0.009816354140639305
v,0.0004588348383549601, 0.01894153468310833, -0.001439311308786273
v,-0.00045883262646384537, 0.01894153468310833, -0.0014393111923709512
v,0.0004588338197208941, 0.012468903325498104, 0.009929643012583256
v,0.0004588339652400464, 0.015400190837681293, 0.009996761567890644
v,-0.0004588334122672677, 0.015400190837681293, 0.009996761567890644
v,0.0004588345473166555, 0.00940034631639719, -0.009968175552785397
v,0.0004588332958519459, 0.003417384810745716, 0.009536970406770706
v,-0.00045883419807069004, 0.003417384810745716, 0.009536970406770706
v,0.0004588343435898423, 0.009434654377400875, -0.0016570721054449677
v,0.0004588338197208941, 0.01222966704517603, 0.00973817240446806
v,-0.0004588336742017418, 0.01222966704517603, 0.00973817240446806
v,-0.00045883291750214994, 0.009650181047618389, -0.010147872380912304
v,0.00045883451821282506, 0.009650181047618389, -0.010147872380912304
v,0.00045883451821282506, 0.009650181047618389, -0.010147872380912304
v,0.00045883399434387684, 0.013983415439724922, 0.005997341591864824
v,0.00045883451821282506, 0.00989138800650835, -0.00995689257979393
v,-0.00045883291750214994, 0.00989138800650835, -0.00995689257979393
v,0.0004588348383549601, 0.019030751660466194, -0.001434811856597662
v,0.0004588342853821814, 0.021140996366739273, 0.009939679875969887
v,-0.0004588329466059804, 0.021140996366739273, 0.009939679875969887
v,0.00045883323764428496, 0.003554263850674033, 0.009725523181259632
v,0.0004588333540596068, 0.006519970018416643, 0.009793429635465145
v,-0.0004588340816553682, 0.006519970018416643, 0.009793429635465145
v,0.00045883507118560374, 0.01894584856927395, -0.009749691002070904
v,0.0004588340234477073, 0.01408802904188633, 0.005999857094138861
v,-0.00045883332495577633, 0.01408802904188633, 0.005999857094138861
v,0.000458834576420486, 0.024501079693436623, 0.010019677691161633
v,0.00045883507118560374, 0.019437145441770554, -0.009738312102854252
v,-0.0004588323354255408, 0.019437145441770554, -0.009738312102854252
v,0.00045883338316343725, 0.006756456568837166, 0.009610184468328953
v,0.0004588342853821814, 0.0093456469476223, -0.001656443695537746
v,-0.0004588332085404545, 0.0093456469476223, -0.001656443695537746
v,-0.0004588323354255408, 0.019195973873138428, -0.009929301217198372
v,0.00045883507118560374, 0.019195973873138428, -0.009929301217198372
v,0.00045883507118560374, 0.019195973873138428, -0.009929301217198372
v,-0.0007124065887182951, 0.006569679826498032, 0.009559547528624535
v,-0.0004588340816553682, 0.006756456568837166, 0.009610184468328953
v,-0.0004588332085404545, 0.0093456469476223, -0.001656443695537746
v,-0.0004588332085404545, 0.009434654377400875, -0.0016570721054449677
v,-0.0004588336742017418, 0.01222966704517603, 0.00973817240446806
v,-0.0007124061230570078, 0.01242824736982584, 0.009736132808029652
v,-0.000712405948434025, 0.015449410304427147, 0.009805308654904366
v,-0.0004588334122672677, 0.015647638589143753, 0.009816354140639305
v,-0.00045883262646384537, 0.01894153468310833, -0.0014393111923709512
v,-0.00045883262646384537, 0.019030751660466194, -0.001434811856597662
v,-0.0004588329466059804, 0.021140996366739273, 0.009939679875969887
v,-0.0007124054245650768, 0.021337751299142838, 0.009940135292708874
v,-0.00045883297570981085, 0.021369481459259987, 0.010133440606296062
v,-0.000458832859294489, 0.024355538189411163, 0.010201812721788883
v,-0.0007124054245650768, 0.024298476055264473, 0.010007927194237709
v,-0.0007124054245650768, 0.024298476055264473, 0.010007927194237709
v,-0.000458832859294489, 0.024501079693436623, 0.010019677691161633
v,-0.0004588323354255408, 0.019437145441770554, -0.009738312102854252
v,-0.0004588333540596068, 0.013983415439724922, 0.005997341126203537
v,-0.00045883291750214994, 0.00989138800650835, -0.00995689257979393
v,-0.0007124054245650768, 0.009832024574279785, -0.00993330217897892
v,-0.0007124048424884677, 0.019247310236096382, -0.009700234048068523
v,-0.0004588323354255408, 0.019195973873138428, -0.009929301217198372
v,-0.00045883236452937126, 0.019195973873138428, -0.009929301217198372
v,-0.00045883419807069004, 0.003554263850674033, 0.009725523181259632
v,-0.0004588340816553682, 0.006519970018416643, 0.009793429635465145
v,-0.0007124065887182951, 0.006569679826498032, 0.009559547528624535
v,-0.0007124048424884677, 0.01900242269039154, -0.009704429656267166
v,-0.00045883236452937126, 0.01894584856927395, -0.009749691002070904
v,-0.00045883332495577633, 0.01408802904188633, 0.005999857094138861
v,-0.0007124054245650768, 0.009832024574279785, -0.00993330217897892
v,-0.00045883291750214994, 0.009650181047618389, -0.010147872380912304
v,-0.00045883291750214994, 0.009650181047618389, -0.010147872380912304
v,-0.0004588336742017418, 0.012468903325498104, 0.009929643012583256
v,-0.0004588334122672677, 0.015400190837681293, 0.009996761567890644
v,-0.000712405948434025, 0.015449410304427147, 0.009805308654904366
v,-0.0007124067051336169, 0.0034828304778784513, 0.009487169794738293
v,-0.0007124054245650768, 0.00945512019097805, -0.009944266639649868
v,-0.00045883297570981085, 0.00940034631639719, -0.009968175552785397
v,0.0007124058320187032, 0.006569679826498032, 0.009559547528624535
v,0.0007124067633412778, 0.009382638148963451, -0.0026807852555066347
v,0.0004588342853821814, 0.0093456469476223, -0.001656443695537746
v,0.0004588343435898423, 0.009434654377400875, -0.0016570721054449677
v,0.0007124067633412778, 0.009382638148963451, -0.0026807852555066347
v,0.0007124062394723296, 0.01242824736982584, 0.009736132808029652
v,0.0007124063558876514, 0.015449410304427147, 0.009805308654904366
v,0.000712407345417887, 0.019037824124097824, -0.0024567635264247656
v,0.0004588348383549601, 0.01894153468310833, -0.001439311308786273
v,0.0004588348383549601, 0.019030751660466194, -0.001434811856597662
v,0.000712407345417887, 0.019037824124097824, -0.0024567635264247656
v,0.0007124067633412778, 0.021337751299142838, 0.009940135292708874
v,0.0004588343726936728, 0.021369481459259987, 0.010133440606296062
v,0.0007124067633412778, 0.021337751299142838, 0.009940135292708874
v,0.0007124070543795824, 0.024298476055264473, 0.010007927194237709
v,0.0007124070543795824, 0.024298476055264473, 0.010007927194237709
v,0.0007124075200408697, 0.019247310236096382, -0.009700233116745949
v,0.00045883507118560374, 0.019437145441770554, -0.009738312102854252
v,0.00045883399434387684, 0.013983415439724922, 0.005997341591864824
v,0.0007124064723029733, 0.014027055352926254, 0.006442646495997906
v,0.0007124069961719215, 0.009832024574279785, -0.00993330217897892
v,0.00045883507118560374, 0.019195973873138428, -0.009929301217198372
v,0.0007124075200408697, 0.019247310236096382, -0.009700233116745949
v,0.0007124075200408697, 0.01900242269039154, -0.009704428724944592
v,0.00045883323764428496, 0.003554263850674033, 0.009725523181259632
v,0.0007124056573957205, 0.0034828302450478077, 0.009487169794738293
v,0.0007124058320187032, 0.006569679826498032, 0.009559547528624535
v,0.0007124075200408697, 0.01900242269039154, -0.009704428724944592
v,0.0007124064723029733, 0.014027055352926254, 0.006442646495997906
v,0.0004588340234477073, 0.01408802904188633, 0.005999857094138861
v,0.00045883451821282506, 0.009650181047618389, -0.010147872380912304
v,0.0007124069961719215, 0.009832024574279785, -0.00993330217897892
v,0.0007124069961719215, 0.00945512019097805, -0.009944266639649868
v,0.0004588338197208941, 0.012468903325498104, 0.009929643012583256
v,0.0007124062394723296, 0.01242824736982584, 0.009736132808029652
v,0.0007124063558876514, 0.015449410304427147, 0.009805308654904366
v,0.0007124056573957205, 0.0034828302450478077, 0.009487169794738293
v,0.0004588332958519459, 0.003417384810745716, 0.009536970406770706
v,0.0004588345473166555, 0.00940034631639719, -0.009968175552785397
v,-0.0004588332085404545, 0.009434654377400875, -0.0016570721054449677
v,-0.0004588332085404545, 0.0093456469476223, -0.001656443695537746
v,0.0004588342853821814, 0.0093456469476223, -0.001656443695537746
v,0.00045883338316343725, 0.006756456568837166, 0.009610184468328953
v,-0.0004588340816553682, 0.006756456568837166, 0.009610184468328953
v,-0.0004588340816553682, 0.006519970018416643, 0.009793429635465145
v,-0.00045883297570981085, 0.00940034631639719, -0.009968175552785397
v,-0.00045883291750214994, 0.009650181047618389, -0.010147872380912304
v,0.00045883451821282506, 0.009650181047618389, -0.010147872380912304
v,0.00045883451821282506, 0.009650181047618389, -0.010147872380912304
v,-0.00045883291750214994, 0.009650181047618389, -0.010147872380912304
v,-0.00045883291750214994, 0.00989138800650835, -0.00995689257979393
v,-0.0004588336742017418, 0.01222966704517603, 0.00973817240446806
v,0.0004588338197208941, 0.01222966704517603, 0.00973817240446806
v,0.0004588338197208941, 0.012468903325498104, 0.009929643012583256
v,0.00045883323764428496, 0.003554263850674033, 0.009725523181259632
v,-0.00045883419807069004, 0.003554263850674033, 0.009725523181259632
v,-0.00045883419807069004, 0.003417384810745716, 0.009536970406770706
v,0.00045883399434387684, 0.013983415439724922, 0.005997341591864824
v,-0.0004588333540596068, 0.013983415439724922, 0.005997341126203537
v,-0.00045883332495577633, 0.01408802904188633, 0.005999857094138861
v,0.00045883507118560374, 0.01894584856927395, -0.009749691002070904
v,-0.00045883236452937126, 0.01894584856927395, -0.009749691002070904
v,-0.00045883236452937126, 0.019195973873138428, -0.009929301217198372
v,-0.0004588334122672677, 0.015400190837681293, 0.009996761567890644
v,0.0004588339652400464, 0.015400190837681293, 0.009996761567890644
v,0.00045883390703238547, 0.015647638589143753, 0.009816354140639305
v,-0.00045883262646384537, 0.01894153468310833, -0.0014393111923709512
v,0.0004588348383549601, 0.01894153468310833, -0.001439311308786273
v,0.0004588348383549601, 0.019030751660466194, -0.001434811856597662
v,-0.0004588329466059804, 0.021140996366739273, 0.009939679875969887
v,0.0004588342853821814, 0.021140996366739273, 0.009939679875969887
v,0.0004588343726936728, 0.021369481459259987, 0.010133440606296062
v,0.00045883507118560374, 0.019195973873138428, -0.009929301217198372
v,-0.0004588323354255408, 0.019195973873138428, -0.009929301217198372
v,-0.0004588323354255408, 0.019437145441770554, -0.009738312102854252
v,-0.000458832859294489, 0.024355538189411163, 0.010201812721788883
v,0.0004588346346281469, 0.024355538189411163, 0.010201813653111458
v,0.000458834576420486, 0.024501079693436623, 0.010019677691161633
n,-1.5374981785498676e-06, -0.7871516346931458, 34.37769317626953
n,-26.108505249023438, 5.323548180058424e-07, -8.836770462039567e-07
n,1.0490786053196643e-06, 32.86227035522461, 9.616926193237305
n,-1.5374981785498676e-06, -0.7871516346931458, 34.37769317626953
n,-26.108505249023438, 2.678362420738267e-07, -6.83022392422572e-07
n,-26.108505249023438, 3.214410980945104e-06, -6.076332397242368e-07
n,-1.0248893431707984e-06, -32.73613357543945, -10.041402816772461
n,-26.108505249023438, 6.688798066534218e-07, -8.982082135844394e-07
n,-26.108505249023438, -7.263924430844781e-07, -2.6258096568199107e-06
n,-26.108505249023438, 2.3569452878291486e-06, -8.897513339434227e-07
n,-26.108505249023438, 1.7360395077048452e-06, -1.4304329170045094e-06
n,26.108505249023438, -1.181558900498203e-06, 1.7463685253460426e-06
n,26.108505249023438, -3.546527068465366e-06, 6.38562710264523e-07
n,26.108505249023438, 2.63220363194705e-06, 7.365295573436015e-07
n,26.108505249023438, -1.1811833928732085e-06, 1.7445074718125397e-06
n,26.108505249023438, 4.472275065836584e-07, 7.273298479049117e-07
n,26.108505249023438, -3.5367579584999476e-06, 6.044165843377414e-07
n,26.108505249023438, -7.56788324451918e-07, 1.3402517424765392e-06
n,26.108505249023438, -1.158557665803528e-06, 6.268983270274475e-07
n,26.108505249023438, -1.1524485898917192e-06, 6.282093636400532e-07
n,26.108505249023438, -2.428673269605497e-06, 1.2751886515616206e-06
n,26.108505249023438, -1.1956071830354631e-05, -4.096388693142217e-06
n,-1.8433428294883925e-06, -33.25492858886719, 8.156730651855469
n,-26.108505249023438, 1.1524485898917192e-06, -6.282093636400532e-07
n,-26.108505249023438, 5.813797656628594e-07, -1.8842962390408502e-06
n,0.0, 0.0, 0.0
n,1.8547621039033402e-06, 33.167903900146484, -8.507081985473633
n,-26.108505249023438, 1.7867022279460798e-06, -1.2635003940886236e-06
n,-1.7780182588467142e-06, -33.66222381591797, 6.24515962600708
n,-1.5374981785498676e-06, -0.7871516346931458, 34.37769317626953
n,-26.108505249023438, 1.1629605296548107e-06, -8.839191423248849e-07
n,-1.0219654313914361e-06, -32.7205810546875, -10.092397689819336
n,1.8545732700658846e-06, 33.16938018798828, -8.501246452331543
n,1.1567988167371368e-06, 33.366668701171875, 7.668012619018555
n,0.0, 0.0, 0.0
n,-10.228604316711426, -25.528823852539062, 18.532649993896484
n,-16.317962646484375, 16.411510467529297, 21.17994499206543
n,-25.658967971801758, 0.044855356216430664, 6.353414058685303
n,-14.25452995300293, -17.971376419067383, 22.45464515686035
n,-14.256731986999512, 16.94243621826172, 23.23834991455078
n,-25.656352996826172, -0.32093799114227295, 6.36377477645874
n,-14.350912094116211, -18.545730590820312, 21.869239807128906
n,-16.997716903686523, 20.331642150878906, 16.246707916259766
n,-15.875420570373535, 16.920040130615234, -21.36576271057129
n,-8.881612777709961, -18.829612731933594, -26.222026824951172
n,-23.95457649230957, 0.3288172483444214, -13.672796249389648
n,-7.202006816864014, 20.483396530151367, -25.87032699584961
n,-6.7231364250183105, -19.36943817138672, -26.929553985595703
n,10.22860336303711, -25.52882194519043, 18.532649993896484
n,16.317964553833008, 16.411510467529297, 21.17993927001953
n,25.658967971801758, 0.04483579099178314, 6.353414535522461
n,14.254528045654297, -17.971376419067383, 22.45464515686035
n,14.256732940673828, 16.942434310913086, 23.238346099853516
n,25.656354904174805, -0.3209557831287384, 6.363778114318848
n,14.350910186767578, -18.545730590820312, 21.869237899780273
n,16.99772071838379, 20.33164405822754, 16.2467041015625
n,15.875426292419434, 16.9200382232666, -21.365760803222656
n,8.881612777709961, -18.829612731933594, -26.22202491760254
n,23.95457649230957, 0.328816294670105, -13.672794342041016
n,7.202012062072754, 20.483394622802734, -25.87032699584961
n,6.723139762878418, -19.36944007873535, -26.929553985595703
n,-18.461484909057617, 23.59381866455078, 5.4221086502075195
n,-18.461463928222656, -23.514835357666016, 5.767694473266602
n,-18.461589813232422, 23.237024307250977, 6.8001604080200195
n,-18.46141815185547, -23.80289649963379, 4.416016101837158
n,-18.461515426635742, -0.5565995573997498, 24.308685302734375
n,-18.461496353149414, 23.454299926757812, -6.011293411254883
n,-8.688454627990723, 31.27979850769043, -8.012953758239746
n,-19.953540802001953, 0.37983831763267517, -22.17323875427246
n,-20.251449584960938, -0.5087310075759888, 21.69703483581543
n,-9.124363899230957, -30.660053253173828, -9.447222709655762
n,-19.210798263549805, 0.6770918965339661, -23.27655792236328
n,-18.461515426635742, -0.5565986633300781, 24.308685302734375
n,-6.286406993865967, -31.773029327392578, -9.745983123779297
n,18.46152687072754, 23.59376335144043, 5.422098159790039
n,18.461538314819336, -23.514739990234375, 5.767669200897217
n,18.4615478515625, 23.23707389831543, 6.8001790046691895
n,18.461450576782227, -23.8028507232666, 4.4160075187683105
n,18.46151351928711, -0.5566015839576721, 24.30868148803711
n,18.461387634277344, 23.454439163208008, -6.011324882507324
n,8.130785942077637, 31.518510818481445, -8.08403491973877
n,0.0, 0.0, 0.0
n,20.194673538208008, -0.49890395998954773, 21.788860321044922
n,8.594372749328613, -30.896984100341797, -9.529922485351562
n,0.0, 0.0, 0.0
n,18.46151351928711, -0.5566006898880005, 24.308683395385742
n,7.6652512550354, -31.288127899169922, -9.616464614868164
n,-1.4917990256435587e-06, 0.24275833368301392, 34.38570785522461
n,-2.456645802340063e-07, 21.023681640625, 27.1321964263916
n,3.2161960916710086e-07, -20.045446395874023, -27.86941146850586
n,2.1289879441610537e-06, 21.310213088989258, -26.914588928222656
n,-2.130337179551134e-06, -21.450603485107422, 26.801820755004883
n,-2.1208575162745547e-06, -27.746854782104492, 20.1428279876709
n,1.539227127977938e-06, 0.826727569103241, -34.37676239013672
n,3.232711378586828e-07, -20.023834228515625, -27.88509178161621
n,-3.079499606428726e-07, 20.223785400390625, 27.739070892333984
n,-1.5782250102347462e-06, -1.7319896221160889, 34.34293746948242
n,-2.1366190594562795e-06, -22.200197219848633, 26.178617477416992
n,2.1290125005180016e-06, 21.312707901000977, -26.912595748901367
n,2.622887222969439e-07, 26.785919189453125, 21.40422248840332
n,-1.5374981785498676e-06, -0.7871516346931458, 34.37769317626953
n,3.141520210192539e-06, 32.86227035522461, 9.616926193237305
n,-1.5374981785498676e-06, -0.7871516346931458, 34.37769317626953
n,-1.0248893431707984e-06, -32.73613357543945, -10.041402816772461
n,-1.8433428294883925e-06, -33.25492858886719, 8.156730651855469
n,0.0, 0.0, 0.0
n,1.8547621039033402e-06, 33.167903900146484, -8.507081985473633
n,-1.7780182588467142e-06, -33.66222381591797, 6.245159149169922
n,-1.5374981785498676e-06, -0.7871516346931458, 34.37769317626953
n,-1.0219654313914361e-06, -32.7205810546875, -10.092397689819336
n,1.8545732700658846e-06, 33.16938018798828, -8.501246452331543
n,1.1567988167371368e-06, 33.366668701171875, 7.668013095855713
n,0.0, 0.0, 0.0
n,-18.461523056030273, 23.593772888183594, 5.422095775604248
n,-18.461536407470703, -23.514741897583008, 5.7676682472229
n,-18.4615535736084, 23.23706817626953, 6.800174236297607
n,-18.46145248413086, -23.802852630615234, 4.416006088256836
n,-18.461511611938477, -0.5565991401672363, 24.308687210083008
n,-18.461389541625977, 23.45443344116211, -6.011325359344482
n,-8.130780220031738, 31.518508911132812, -8.084036827087402
n,1.8210587313660653e-06, 33.41035842895508, -7.487761974334717
n,-20.19467544555664, -0.49890226125717163, 21.788864135742188
n,-8.594401359558105, -30.896968841552734, -9.529918670654297
n,0.0, 0.0, 0.0
n,-18.46151351928711, -0.556598424911499, 24.308685302734375
n,-7.665250778198242, -31.288129806518555, -9.616466522216797
n,18.46148681640625, 23.593814849853516, 5.4221110343933105
n,18.46146583557129, -23.514827728271484, 5.767693996429443
n,18.46158218383789, 23.237030029296875, 6.800164222717285
n,18.461414337158203, -23.802898406982422, 4.416017532348633
n,18.46151351928711, -0.5566015839576721, 24.30868148803711
n,18.46150016784668, 23.45429801940918, -6.011292457580566
n,8.688447952270508, 31.279802322387695, -8.012953758239746
n,19.95354461669922, 0.3798370063304901, -22.173236846923828
n,20.251447677612305, -0.5087323784828186, 21.697038650512695
n,9.124361991882324, -30.66005516052246, -9.447222709655762
n,19.210805892944336, 0.6770898699760437, -23.276552200317383
n,18.46151351928711, -0.5566006898880005, 24.30868148803711
n,6.286371231079102, -31.77304458618164, -9.74598503112793
n,-1.4917990256435587e-06, 0.24275821447372437, 34.385704040527344
n,-2.456645802340063e-07, 21.023681640625, 27.1321964263916
n,3.216197228539386e-07, -20.045448303222656, -27.869415283203125
n,2.1289879441610537e-06, 21.310213088989258, -26.914588928222656
n,-2.130337179551134e-06, -21.450603485107422, 26.801820755004883
n,-2.1208575162745547e-06, -27.746854782104492, 20.1428279876709
n,1.539227127977938e-06, 0.826727569103241, -34.37676239013672
n,3.232711378586828e-07, -20.023834228515625, -27.88509178161621
n,-3.079499606428726e-07, 20.223785400390625, 27.739070892333984
n,6.5377148530387785e-06, -1.7320729494094849, 34.34292984008789
n,-2.1366190594562795e-06, -22.2001953125, 26.178617477416992
n,2.1290125005180016e-06, 21.312707901000977, -26.912595748901367
n,2.622887222969439e-07, 26.785919189453125, 21.40422248840332
u,0.8468167781829834, 0.08090782165527344, 0
u,0.862555205821991, 0.14806824922561646, 0
u,0.862555205821991, 0.08090782165527344, 0
u,0.005186581052839756, 0.6554973721504211, 0
u,0.4476318061351776, 0.5983957946300507, 0
u,0.4476317763328552, 0.5318050980567932, 0
u,0.9685231447219849, 0.20198041200637817, 0
u,0.9842615127563477, 0.449468731880188, 0
u,0.9842615127563477, 0.20198041200637817, 0
u,0.8869913816452026, 0.14507752656936646, 0
u,0.8712529540061951, 0.07914888858795166, 0
u,0.8712529540061951, 0.14507752656936646, 0
u,0.004791734274476767, 0.8672689646482468, 0
u,0.1688031405210495, 0.8736379444599152, 0
u,0.37243035435676575, 0.7645373791456223, 0
u,0.1688031405210495, 0.8736379444599152, 0
u,0.00473904050886631, 0.8757472634315491, 0
u,0.44663506746292114, 1.000000017676797, 0
u,0.9239996671676636, 1.000000001235528, 0
u,0.908261239528656, 0.5430289506912231, 0
u,0.908261239528656, 1.0000000005475798, 0
u,0.005186581052839756, 0.6554973721504211, 0
u,0.16886962950229645, 0.6564781367778778, 0
u,0.4476318061351776, 0.5983957946300507, 0
u,0.16886962950229645, 0.6564781367778778, 0
u,0.37243035435676575, 0.7645373791456223, 0
u,0.4476318061351776, 0.7987826764583588, 0
u,0.16886962950229645, 0.6564781367778778, 0
u,0.0052184900268912315, 0.661004513502121, 0
u,0.37243035435676575, 0.7645373791456223, 0
u,0.37243035435676575, 0.7645373791456223, 0
u,0.1688031405210495, 0.8736379444599152, 0
u,0.4476318061351776, 0.7987826764583588, 0
u,0.6207435727119446, 0.6536064147949219, 0
u,0.8986138105392456, 0.5966726839542389, 0
u,0.8985754251480103, 0.5272443890571594, 0
u,0.6208100914955139, 0.8707661777734756, 0
u,0.8243707418441772, 0.7627069652080536, 0
u,0.4571589231491089, 0.8662398159503937, 0
u,0.45712703466415405, 0.8717469573020935, 0
u,0.8995721936225891, 0.9288485124707222, 0
u,0.6208100914955139, 0.8707661777734756, 0
u,0.6208100914955139, 0.8707661777734756, 0
u,0.8995721936225891, 0.7964117377996445, 0
u,0.8995721936225891, 0.7284616827964783, 0
u,0.45673221349716187, 0.6599753797054291, 0
u,0.8243707418441772, 0.7627069652080536, 0
u,0.6207435727119446, 0.6536064147949219, 0
u,0.6207435727119446, 0.6536064147949219, 0
u,0.8985754251480103, 0.5272443890571594, 0
u,0.45667949318885803, 0.651497095823288, 0
u,0.8243707418441772, 0.7627069652080536, 0
u,0.8995721936225891, 0.7284616827964783, 0
u,0.6207435727119446, 0.6536064147949219, 0
u,0.45712703466415405, 0.8717469573020935, 0
u,0.6208100914955139, 0.8707661777734756, 0
u,0.4571589231491089, 0.8662398159503937, 0
u,0.45673221349716187, 0.6599753797054291, 0
u,0.6207435727119446, 0.6536064147949219, 0
u,0.45667949318885803, 0.651497095823288, 0
u,0.45712703466415405, 0.8717469573020935, 0
u,0.8995721340179443, 0.9954392309300601, 0
u,0.8995721936225891, 0.9288485124707222, 0
u,0.6208100914955139, 0.8707661777734756, 0
u,0.8995721936225891, 0.7284616827964783, 0
u,0.8243707418441772, 0.7627069652080536, 0
u,1.0, 0.7547284215688705, 0
u,0.9842615723609924, 0.5115889608860016, 0
u,0.9842615723609924, 0.7547284215688705, 0
u,0.004791734274476767, 0.8672689646482468, 0
u,0.00473904050886631, 0.8757472634315491, 0
u,0.1688031405210495, 0.8736379444599152, 0
u,0.1688031405210495, 0.8736379444599152, 0
u,0.44663506746292114, 1.000000017676797, 0
u,0.44667336344718933, 0.9305716827511787, 0
u,0.45197200775146484, 0.5272442996501923, 0
u,0.45197200775146484, 0.5272442996501923, 0
u,0.45197200775146484, 0.5272442996501923, 0
u,0.8869913816452026, 0.5171395242214203, 0
u,0.8712529540061951, 0.15055203437805176, 0
u,0.8712529540061951, 0.5171395242214203, 0
u,0.16886962950229645, 0.6564781367778778, 0
u,0.4476318061351776, 0.7987826764583588, 0
u,0.4476318061351776, 0.7308326065540314, 0
u,1.0, 1.0000000045576076, 0
u,0.9842615723609924, 0.7547284066677094, 0
u,0.9842615723609924, 1.0000000038696593, 0
u,0.9353891611099243, 0.1831951141357422, 0
u,0.9196507334709167, 0.1164923906326294, 0
u,0.9196507334709167, 0.1831951141357422, 0
u,0.005186581052839756, 0.6554973721504211, 0
u,0.0052184900268912315, 0.661004513502121, 0
u,0.16886962950229645, 0.6564781367778778, 0
u,0.8468167185783386, 0.14806830883026123, 0
u,0.8625551462173462, 0.5171540379524231, 0
u,0.8625551462173462, 0.14806830883026123, 0
u,0.9196507930755615, 0.5355106592178345, 0
u,0.9039124250411987, 0.08152920007705688, 0
u,0.903912365436554, 0.5355106592178345, 0
u,0.9842615723609924, 0.6984739303588867, 0
u,0.9685232043266296, 0.44946879148483276, 0
u,0.9685231447219849, 0.6984739303588867, 0
u,3.153664874844253e-05, 0.6567690372467041, 0
u,-4.758810678850978e-09, 0.6567680239677429, 0
u,3.153664874844253e-05, 0.6567690372467041, 0
u,0.908261239528656, 0.5393491983413696, 0
u,0.903912365436554, 0.5443857908248901, 0
u,0.908261239528656, 0.5430289506912231, 0
u,0.4477115869522095, 0.9263466820120811, 0
u,0.44667336344718933, 0.9305716827511787, 0
u,0.45197197794914246, 0.93156848102808, 0
u,0.1919456124305725, 0.873941957950592, 0
u,0.19188539683818817, 0.8719414323568344, 0
u,0.1688031405210495, 0.8736379444599152, 0
u,0.8712529540061951, 0.15055197477340698, 0
u,0.8712529540061951, 0.14507752656936646, 0
u,0.866904079914093, 0.14608889818191528, 0
u,0.8712529540061951, 0.0736771821975708, 0
u,0.866904079914093, 0.07813888788223267, 0
u,0.8712529540061951, 0.07914888858795166, 0
u,0.19188719987869263, 0.6581186950206757, 0
u,0.19194267690181732, 0.6561108231544495, 0
u,0.16886962950229645, 0.6564781367778778, 0
u,0.862555205821991, 0.07567393779754639, 0
u,0.862555205821991, 0.08090782165527344, 0
u,0.866904079914093, 0.08009719848632812, 0
u,0.45197194814682007, 0.5304223001003265, 0
u,0.4477836489677429, 0.5272443294525146, 0
u,0.4476317763328552, 0.5318050980567932, 0
u,0.8968647718429565, 0.4740230441093445, 0
u,0.8913401961326599, 0.4740230441093445, 0
u,0.8926181197166443, 0.47837191820144653, 0
u,0.8968656063079834, 0.5228954255580902, 0
u,0.8913401961326599, 0.5228954255580902, 0
u,0.8926364183425903, 0.5272442996501923, 0
u,0.8913401961326599, 0.35643112659454346, 0
u,0.8913401961326599, 0.36654597520828247, 0
u,0.8936759233474731, 0.3567153215408325, 0
u,0.8968656063079834, 0.49845921993255615, 0
u,0.8913401961326599, 0.49845921993255615, 0
u,0.8955439329147339, 0.5028081238269806, 0
u,0.8968590497970581, 0.4495868682861328, 0
u,0.8913401961326599, 0.4495868682861328, 0
u,0.8925843834877014, 0.45393574237823486, 0
u,0.9239996671676636, 0.5393491983413696, 0
u,0.9239996671676636, 0.5430289506912231, 0
u,0.9283485412597656, 0.5443857908248901, 0
u,0.8996520042419434, 0.6008976995944977, 0
u,0.903912365436554, 0.5956758856773376, 0
u,0.8986138105392456, 0.5966726839542389, 0
u,0.6438860297203064, 0.653302401304245, 0
u,0.6207435727119446, 0.6536064147949219, 0
u,0.6438258290290833, 0.6553029119968414, 0
u,0.8869913816452026, 0.15055197477340698, 0
u,0.8913402557373047, 0.14608889818191528, 0
u,0.8869913816452026, 0.14507752656936646, 0
u,0.8869913816452026, 0.0736771821975708, 0
u,0.8869913816452026, 0.07914888858795166, 0
u,0.8913402557373047, 0.07813888788223267, 0
u,0.6438276171684265, 0.8691256195306778, 0
u,0.6208100914955139, 0.8707661777734756, 0
u,0.6438831090927124, 0.8711335062980652, 0
u,0.8468167781829834, 0.07567393779754639, 0
u,0.8424679040908813, 0.08009719848632812, 0
u,0.8468167781829834, 0.08090782165527344, 0
u,0.9039123058319092, 0.9968220391310751, 0
u,0.8995721340179443, 0.9954392309300601, 0
u,0.8997240662574768, 0.9999999992141229, 0
u,0.8968647718429565, 0.4582846164703369, 0
u,0.8926181197166443, 0.45393574237823486, 0
u,0.8913401961326599, 0.4582846164703369, 0
u,0.8968656063079834, 0.5071569979190826, 0
u,0.8926364183425903, 0.5028081238269806, 0
u,0.8913401961326599, 0.5071569979190826, 0
u,0.8913401961326599, 0.3561675548553467, 0
u,0.8936783671379089, 0.3564310073852539, 0
u,0.8936783671379089, 0.34632670879364014, 0
u,0.8968656063079834, 0.4827207922935486, 0
u,0.8955439329147339, 0.47837191820144653, 0
u,0.8913401961326599, 0.4827207922935486, 0
u,0.8968590497970581, 0.43384844064712524, 0
u,0.8925843834877014, 0.4294995665550232, 0
u,0.8913401961326599, 0.43384844064712524, 0
u,0.44667336344718933, 0.9305716827511787, 0
u,0.1919456124305725, 0.873941957950592, 0
u,0.1688031405210495, 0.8736379444599152, 0
u,0.19188539683818817, 0.8719414323568344, 0
u,0.4476318061351776, 0.7987826764583588, 0
u,0.1688031405210495, 0.8736379444599152, 0
u,0.4476318061351776, 0.7308326065540314, 0
u,0.19188719987869263, 0.6581186950206757, 0
u,0.16886962950229645, 0.6564781367778778, 0
u,0.19194267690181732, 0.6561108231544495, 0
u,0.4476318061351776, 0.5983957946300507, 0
u,0.16886962950229645, 0.6564781367778778, 0
u,0.862555205821991, 0.08090782165527344, 0
u,0.866904079914093, 0.14668792486190796, 0
u,0.866904079914093, 0.08009719848632812, 0
u,0.4476317763328552, 0.5318050980567932, 0
u,0.004219834227114916, 0.6512492895126343, 0
u,0.005186581052839756, 0.6554973721504211, 0
u,0.8712529540061951, 0.5171395242214203, 0
u,0.866904079914093, 0.15097618103027344, 0
u,0.866904079914093, 0.5272443294525146, 0
u,0.005186581052839756, 0.6554973721504211, 0
u,3.153664874844253e-05, 0.6567690372467041, 0
u,0.0052184900268912315, 0.661004513502121, 0
u,0.45197197794914246, 0.9982712436467409, 0
u,0.44667336344718933, 0.9305716827511787, 0
u,0.44663506746292114, 1.000000017676797, 0
u,0.8669040203094482, 0.148861825466156, 0
u,0.8625551462173462, 0.5171540379524231, 0
u,0.8669040203094482, 0.5272442400455475, 0
u,0.004791734274476767, 0.8672689646482468, 0
u,3.154719161102548e-05, 0.8714668899774551, 0
u,0.00473904050886631, 0.8757472634315491, 0
u,0.8712529540061951, 0.14507752656936646, 0
u,0.866904079914093, 0.07813888788223267, 0
u,0.866904079914093, 0.14608889818191528, 0
u,0.903912365436554, 0.5443857908248901, 0
u,0.908261239528656, 1.0000000005475798, 0
u,0.908261239528656, 0.5430289506912231, 0
u,0.8986138105392456, 0.5966726839542389, 0
u,0.6438860297203064, 0.653302401304245, 0
u,0.8996520042419434, 0.6008976995944977, 0
u,0.6438258290290833, 0.6553029119968414, 0
u,0.8995721936225891, 0.7284616827964783, 0
u,0.8997122049331665, 0.7239989936351776, 0
u,0.8995721936225891, 0.7964117377996445, 0
u,0.6438276171684265, 0.8691256195306778, 0
u,0.8997103571891785, 0.8008737862110138, 0
u,0.6438831090927124, 0.8711335062980652, 0
u,0.8995721936225891, 0.9288485124707222, 0
u,0.8996549248695374, 0.9244255945086479, 0
u,0.8468167781829834, 0.08090782165527344, 0
u,0.8424679040908813, 0.14668792486190796, 0
u,0.8468167781829834, 0.14806824922561646, 0
u,0.8995721340179443, 0.9954392309300601, 0
u,0.456160306930542, 0.8759950250387192, 0
u,0.8997240662574768, 0.9999999992141229, 0
u,0.8869913816452026, 0.5171395242214203, 0
u,0.8913402557373047, 0.15097618103027344, 0
u,0.8869913816452026, 0.15055203437805176, 0
u,0.45197200775146484, 0.8704752922058105, 0
u,0.4571589231491089, 0.8662398159503937, 0
u,0.45197200775146484, 0.8704752922058105, 0
u,0.903912365436554, 0.5289731621742249, 0
u,0.8986138105392456, 0.5966726839542389, 0
u,0.903912365436554, 0.5956758856773376, 0
u,0.8424678444862366, 0.148861825466156, 0
u,0.8468167185783386, 0.5171540379524231, 0
u,0.8468167185783386, 0.14806830883026123, 0
u,0.45197200775146484, 0.6557774543762207, 0
u,0.45667949318885803, 0.651497095823288, 0
u,0.45197200775146484, 0.6557774543762207, 0
u,0.8869913816452026, 0.14507752656936646, 0
u,0.8913402557373047, 0.07813888788223267, 0
u,0.8869913816452026, 0.07914888858795166, 0
u,0.9283485412597656, 0.5443857908248901, 0
u,0.9239996671676636, 1.000000001235528, 0
u,0.9283485412597656, 0.9996751424914692, 0
u,0.8913402557373047, 0.38228434324264526, 0
u,0.8933407664299011, 0.3665459156036377, 0
u,0.8913402557373047, 0.3665459156036377, 0
u,0.9353891611099243, 0.11126846075057983, 0
u,0.9196507334709167, 0.1164923906326294, 0
u,0.9353891611099243, 0.1164923906326294, 0
u,0.8913401961326599, 0.4495868682861328, 0
u,0.8968590497970581, 0.43384844064712524, 0
u,0.8913401961326599, 0.43384844064712524, 0
u,0.8913401961326599, 0.4827207922935486, 0
u,0.8968656063079834, 0.49845921993255615, 0
u,0.8968656063079834, 0.4827207922935486, 0
u,0.8712529540061951, 0.15055197477340698, 0
u,0.8869913816452026, 0.14507752656936646, 0
u,0.8712529540061951, 0.14507752656936646, 0
u,0.9239996671676636, 0.5393491983413696, 0
u,0.908261239528656, 0.5430289506912231, 0
u,0.9239996671676636, 0.5430289506912231, 0
u,0.8913402557373047, 0.39802271127700806, 0
u,0.893693208694458, 0.4137611389160156, 0
u,0.893693208694458, 0.39802271127700806, 0
u,0.8913401961326599, 0.5071569979190826, 0
u,0.8968656063079834, 0.5228954255580902, 0
u,0.8968656063079834, 0.5071569979190826, 0
u,0.8712529540061951, 0.07914888858795166, 0
u,0.8869913816452026, 0.0736771821975708, 0
u,0.8712529540061951, 0.0736771821975708, 0
u,0.8933480978012085, 0.39802271127700806, 0
u,0.8913401961326599, 0.3822842836380005, 0
u,0.8913401961326599, 0.39802271127700806, 0
u,0.862555205821991, 0.07567393779754639, 0
u,0.8468167781829834, 0.08090782165527344, 0
u,0.862555205821991, 0.08090782165527344, 0
u,0.8913401961326599, 0.4582846164703369, 0
u,0.8968647718429565, 0.4740230441093445, 0
u,0.8968647718429565, 0.4582846164703369, 0
u,0.903912365436554, 0.5393491685390472, 0
u,0.9196507930755615, 0.5355106592178345, 0
u,0.903912365436554, 0.5355106592178345, 0
u,0.8468167781829834, 0.08090782165527344, 0
u,0.8468167781829834, 0.14806824922561646, 0
u,0.862555205821991, 0.14806824922561646, 0
u,0.9685231447219849, 0.20198041200637817, 0
u,0.9685231447219849, 0.44946879148483276, 0
u,0.9842615127563477, 0.449468731880188, 0
u,0.8869913816452026, 0.14507752656936646, 0
u,0.8869913816452026, 0.07914888858795166, 0
u,0.8712529540061951, 0.07914888858795166, 0
u,0.9239996671676636, 1.000000001235528, 0
u,0.9239996671676636, 0.5430289506912231, 0
u,0.908261239528656, 0.5430289506912231, 0
u,1.0, 0.7547284215688705, 0
u,1.0, 0.5115889608860016, 0
u,0.9842615723609924, 0.5115889608860016, 0
u,0.45197200775146484, 0.5272442996501923, 0
u,0.45197200775146484, 0.5272442996501923, 0
u,0.45197200775146484, 0.5272442996501923, 0
u,0.8869913816452026, 0.5171395242214203, 0
u,0.8869913816452026, 0.15055203437805176, 0
u,0.8712529540061951, 0.15055203437805176, 0
u,1.0, 1.0000000045576076, 0
u,1.0, 0.7547284066677094, 0
u,0.9842615723609924, 0.7547284066677094, 0
u,0.9353891611099243, 0.1831951141357422, 0
u,0.9353891611099243, 0.1164923906326294, 0
u,0.9196507334709167, 0.1164923906326294, 0
u,0.8468167185783386, 0.14806830883026123, 0
u,0.8468167185783386, 0.5171540379524231, 0
u,0.8625551462173462, 0.5171540379524231, 0
u,0.9196507930755615, 0.5355106592178345, 0
u,0.9196507930755615, 0.08152920007705688, 0
u,0.9039124250411987, 0.08152920007705688, 0
u,0.9842615723609924, 0.6984739303588867, 0
u,0.9842615723609924, 0.44946879148483276, 0
u,0.9685232043266296, 0.44946879148483276, 0
u,3.153664874844253e-05, 0.6567690372467041, 0
u,-4.758810678850978e-09, 0.6567680239677429, 0
u,-4.758810678850978e-09, 0.6567680239677429, 0
u,0.44667336344718933, 0.9305716827511787, 0
u,0.4477115869522095, 0.9263466820120811, 0
u,0.1919456124305725, 0.873941957950592, 0
u,0.19188539683818817, 0.8719414323568344, 0
u,0.447771817445755, 0.8032453656196594, 0
u,0.4476318061351776, 0.7987826764583588, 0
u,0.4476318061351776, 0.7308326065540314, 0
u,0.44776999950408936, 0.7263705730438232, 0
u,0.19188719987869263, 0.6581186950206757, 0
u,0.19194267690181732, 0.6561108231544495, 0
u,0.44771450757980347, 0.6028187274932861, 0
u,0.4476318061351776, 0.5983957946300507, 0
u,0.862555205821991, 0.08090782165527344, 0
u,0.862555205821991, 0.14806824922561646, 0
u,0.866904079914093, 0.14668792486190796, 0
u,0.4476317763328552, 0.5318050980567932, 0
u,0.4477836489677429, 0.5272443294525146, 0
u,0.004219834227114916, 0.6512492895126343, 0
u,0.8712529540061951, 0.5171395242214203, 0
u,0.8712529540061951, 0.15055203437805176, 0
u,0.866904079914093, 0.15097618103027344, 0
u,0.005186581052839756, 0.6554973721504211, 0
u,3.153664874844253e-05, 0.6567690372467041, 0
u,3.153664874844253e-05, 0.6567690372467041, 0
u,0.45197197794914246, 0.9982712436467409, 0
u,0.45197197794914246, 0.93156848102808, 0
u,0.44667336344718933, 0.9305716827511787, 0
u,0.8669040203094482, 0.148861825466156, 0
u,0.8625551462173462, 0.14806830883026123, 0
u,0.8625551462173462, 0.5171540379524231, 0
u,0.004791734274476767, 0.8672689646482468, 0
u,3.154719161102548e-05, 0.8714668899774551, 0
u,3.154719161102548e-05, 0.8714668899774551, 0
u,0.8712529540061951, 0.14507752656936646, 0
u,0.8712529540061951, 0.07914888858795166, 0
u,0.866904079914093, 0.07813888788223267, 0
u,0.903912365436554, 0.5443857908248901, 0
u,0.903912365436554, 0.9996751414146274, 0
u,0.908261239528656, 1.0000000005475798, 0
u,0.8986138105392456, 0.5966726839542389, 0
u,0.6207435727119446, 0.6536064147949219, 0
u,0.6438860297203064, 0.653302401304245, 0
u,0.6438258290290833, 0.6553029119968414, 0
u,0.6207435727119446, 0.6536064147949219, 0
u,0.8995721936225891, 0.7284616827964783, 0
u,0.8995721936225891, 0.7964117377996445, 0
u,0.6208100914955139, 0.8707661777734756, 0
u,0.6438276171684265, 0.8691256195306778, 0
u,0.6438831090927124, 0.8711335062980652, 0
u,0.6208100914955139, 0.8707661777734756, 0
u,0.8995721936225891, 0.9288485124707222, 0
u,0.8468167781829834, 0.08090782165527344, 0
u,0.8424679040908813, 0.08009719848632812, 0
u,0.8424679040908813, 0.14668792486190796, 0
u,0.8995721340179443, 0.9954392309300601, 0
u,0.45712703466415405, 0.8717469573020935, 0
u,0.456160306930542, 0.8759950250387192, 0
u,0.8869913816452026, 0.5171395242214203, 0
u,0.8913402557373047, 0.5272443294525146, 0
u,0.8913402557373047, 0.15097618103027344, 0
u,0.45197200775146484, 0.8704752922058105, 0
u,0.45712703466415405, 0.8717469573020935, 0
u,0.4571589231491089, 0.8662398159503937, 0
u,0.903912365436554, 0.5289731621742249, 0
u,0.8985754251480103, 0.5272443890571594, 0
u,0.8986138105392456, 0.5966726839542389, 0
u,0.8424678444862366, 0.148861825466156, 0
u,0.8424678444862366, 0.5272442400455475, 0
u,0.8468167185783386, 0.5171540379524231, 0
u,0.45197200775146484, 0.6557774543762207, 0
u,0.45673221349716187, 0.6599753797054291, 0
u,0.45667949318885803, 0.651497095823288, 0
u,0.8869913816452026, 0.14507752656936646, 0
u,0.8913402557373047, 0.14608889818191528, 0
u,0.8913402557373047, 0.07813888788223267, 0
u,0.9283485412597656, 0.5443857908248901, 0
u,0.9239996671676636, 0.5430289506912231, 0
u,0.9239996671676636, 1.000000001235528, 0
u,0.8913402557373047, 0.38228434324264526, 0
u,0.8933407664299011, 0.38228434324264526, 0
u,0.8933407664299011, 0.3665459156036377, 0
u,0.9353891611099243, 0.11126846075057983, 0
u,0.9196507334709167, 0.11126846075057983, 0
u,0.9196507334709167, 0.1164923906326294, 0
u,0.8913401961326599, 0.4495868682861328, 0
u,0.8968590497970581, 0.4495868682861328, 0
u,0.8968590497970581, 0.43384844064712524, 0
u,0.8913401961326599, 0.4827207922935486, 0
u,0.8913401961326599, 0.49845921993255615, 0
u,0.8968656063079834, 0.49845921993255615, 0
u,0.8712529540061951, 0.15055197477340698, 0
u,0.8869913816452026, 0.15055197477340698, 0
u,0.8869913816452026, 0.14507752656936646, 0
u,0.9239996671676636, 0.5393491983413696, 0
u,0.908261239528656, 0.5393491983413696, 0
u,0.908261239528656, 0.5430289506912231, 0
u,0.8913402557373047, 0.39802271127700806, 0
u,0.8913402557373047, 0.4137611389160156, 0
u,0.893693208694458, 0.4137611389160156, 0
u,0.8913401961326599, 0.5071569979190826, 0
u,0.8913401961326599, 0.5228954255580902, 0
u,0.8968656063079834, 0.5228954255580902, 0
u,0.8712529540061951, 0.07914888858795166, 0
u,0.8869913816452026, 0.07914888858795166, 0
u,0.8869913816452026, 0.0736771821975708, 0
u,0.8933480978012085, 0.39802271127700806, 0
u,0.8933480978012085, 0.3822842836380005, 0
u,0.8913401961326599, 0.3822842836380005, 0
u,0.862555205821991, 0.07567393779754639, 0
u,0.8468167781829834, 0.07567393779754639, 0
u,0.8468167781829834, 0.08090782165527344, 0
u,0.8913401961326599, 0.4582846164703369, 0
u,0.8913401961326599, 0.4740230441093445, 0
u,0.8968647718429565, 0.4740230441093445, 0
u,0.903912365436554, 0.5393491685390472, 0
u,0.9196507930755615, 0.5393491685390472, 0
u,0.9196507930755615, 0.5355106592178345, 0
