v,0.0004588343726936728, 0.021561255678534508, 0.009307455271482468
v,-0.000458832859294489, 0.02454809658229351, 0.009307455271482468
v,-0.00045883297570981085, 0.021561255678534508, 0.009307455271482468
v,-0.0007124048424884677, 0.018985627219080925, -0.010472442954778671
v,-0.0007124054245650768, 0.02152511104941368, 0.009114926680922508
v,-0.0007124054245650768, 0.024486610665917397, 0.009114926680922508
v,0.00045883390703238547, 0.015833653509616852, 0.009121430106461048
v,-0.00045883262646384537, 0.018869033083319664, -0.002206685720011592
v,-0.0004588334122672677, 0.015833655372262, 0.009121430106461048
v,0.0004588338197208941, 0.012658344581723213, 0.009307455271482468
v,-0.0004588334122672677, 0.015590401366353035, 0.009307455271482468
v,-0.0004588336742017418, 0.012658345513045788, 0.009307455271482468
v,-0.0007124054245650768, 0.009567472152411938, -0.010489923879504204
v,-0.0007124056573957205, 0.009284221567213535, -0.0032290201634168625
v,-0.0007124058320187032, 0.014136267825961113, 0.005785705056041479
v,-0.0007124056573957205, 0.009284221567213535, -0.0032290201634168625
v,-0.0007124054827727377, 0.009190415032207966, -0.010492256842553616
v,-0.000712406646925956, 0.0036644982174038887, 0.009070799686014652
v,0.0004588345473166555, 0.009135107509791851, -0.01051490567624569
v,-0.00045883419807069004, 0.003600209951400757, 0.009122085757553577
v,-0.00045883297570981085, 0.009135108441114426, -0.01051490567624569
v,-0.0007124048424884677, 0.018985627219080925, -0.010472442954778671
v,-0.0007124051335267723, 0.018942007794976234, -0.003226076252758503
v,-0.0007124054245650768, 0.02152511104941368, 0.009114926680922508
v,-0.0007124051335267723, 0.018942007794976234, -0.003226076252758503
v,-0.0007124058320187032, 0.014136267825961113, 0.005785705056041479
v,-0.0007124061230570078, 0.012613270431756973, 0.009114926680922508
v,-0.0007124051335267723, 0.018942007794976234, -0.003226076252758503
v,-0.0007124048424884677, 0.018740706145763397, -0.010471031069755554
v,-0.0007124058320187032, 0.014136267825961113, 0.005785705056041479
v,-0.0007124058320187032, 0.014136267825961113, 0.005785705056041479
v,-0.0007124056573957205, 0.009284221567213535, -0.0032290201634168625
v,-0.0007124061230570078, 0.012613270431756973, 0.009114926680922508
v,0.0007124067633412778, 0.009284221567213535, -0.0032290201634168625
v,0.0007124058320187032, 0.0067521957680583, 0.009072496555745602
v,0.0007124057156033814, 0.0036644982174038887, 0.009070799686014652
v,0.000712407345417887, 0.018942005932331085, -0.0032260757870972157
v,0.0007124064723029733, 0.014136267825961113, 0.005785705056041479
v,0.0007124075200408697, 0.018740706145763397, -0.010471031069755554
v,0.0007124075200408697, 0.018985625356435776, -0.010472442954778671
v,0.0007124067633412778, 0.021525109186768532, 0.009114926680922508
v,0.000712407345417887, 0.018942005932331085, -0.0032260757870972157
v,0.000712407345417887, 0.018942005932331085, -0.0032260757870972157
v,0.0007124064140953124, 0.015635225921869278, 0.009114926680922508
v,0.0007124062394723296, 0.012613270431756973, 0.009114926680922508
v,0.0007124069961719215, 0.009567471221089363, -0.010489923879504204
v,0.0007124064723029733, 0.014136267825961113, 0.005785705056041479
v,0.0007124067633412778, 0.009284221567213535, -0.0032290201634168625
v,0.0007124067633412778, 0.009284221567213535, -0.0032290201634168625
v,0.0007124057156033814, 0.0036644982174038887, 0.009070799686014652
v,0.0007124069379642606, 0.009190415032207966, -0.010492256842553616
v,0.0007124064723029733, 0.014136267825961113, 0.005785705056041479
v,0.0007124062394723296, 0.012613270431756973, 0.009114926680922508
v,0.0007124067633412778, 0.009284221567213535, -0.0032290201634168625
v,0.0007124075200408697, 0.018985625356435776, -0.010472442954778671
v,0.000712407345417887, 0.018942005932331085, -0.0032260757870972157
v,0.0007124075200408697, 0.018740706145763397, -0.010471031069755554
v,0.0007124069961719215, 0.009567471221089363, -0.010489923879504204
v,0.0007124067633412778, 0.009284221567213535, -0.0032290201634168625
v,0.0007124069379642606, 0.009190415032207966, -0.010492256842553616
v,0.0007124075200408697, 0.018985625356435776, -0.010472442954778671
v,0.0007124070543795824, 0.024486610665917397, 0.009114926680922508
v,0.0007124067633412778, 0.021525109186768532, 0.009114926680922508
v,0.000712407345417887, 0.018942005932331085, -0.0032260757870972157
v,0.0007124062394723296, 0.012613270431756973, 0.009114926680922508
v,0.0007124064723029733, 0.014136267825961113, 0.005785705056041479
v,0.0004588343435898423, 0.009359657764434814, -0.0022067660465836525
v,-0.0004588336742017418, 0.012414788827300072, 0.00912151113152504
v,-0.0004588332085404545, 0.009359658695757389, -0.0022067660465836525
v,-0.0007124054245650768, 0.009567472152411938, -0.010489923879504204
v,-0.0007124054827727377, 0.009190415032207966, -0.010492256842553616
v,-0.0007124056573957205, 0.009284221567213535, -0.0032290201634168625
v,-0.0007124056573957205, 0.009284221567213535, -0.0032290201634168625
v,-0.000712406646925956, 0.0036644982174038887, 0.009070799686014652
v,-0.0007124065887182951, 0.0067521957680583, 0.009072496555745602
v,-0.00045883291750214994, 0.009380764327943325, -0.01070027519017458
v,0.00045883451821282506, 0.009380764327943325, -0.01070027519017458
v,-0.00045883291750214994, 0.009380764327943325, -0.01070027519017458
v,0.0004588340234477073, 0.01408244576305151, 0.005341514945030212
v,-0.00045883291750214994, 0.009626279585063457, -0.010514866560697556
v,-0.00045883332495577633, 0.01408244576305151, 0.005341514945030212
v,-0.0007124051335267723, 0.018942007794976234, -0.003226076252758503
v,-0.0007124061230570078, 0.012613270431756973, 0.009114926680922508
v,-0.0007124058902263641, 0.015635225921869278, 0.009114926680922508
v,0.0004588348383549601, 0.018958330154418945, -0.0022042295895516872
v,-0.00045883291750214994, 0.0213283970952034, 0.009118975140154362
v,-0.00045883262646384537, 0.018958330154418945, -0.0022042295895516872
v,0.00045883323764428496, 0.0037413695827126503, 0.009307455271482468
v,-0.0004588340816553682, 0.006707852706313133, 0.009307455271482468
v,-0.00045883419807069004, 0.0037413695827126503, 0.009307455271482468
v,-0.0007124048424884677, 0.018985627219080925, -0.010472442954778671
v,-0.0007124048424884677, 0.018740706145763397, -0.010471031069755554
v,-0.0007124051335267723, 0.018942007794976234, -0.003226076252758503
v,0.0004588350420817733, 0.018683111295104027, -0.010514986701309681
v,-0.00045883332495577633, 0.014187089167535305, 0.005341635551303625
v,-0.0004588323936332017, 0.018683111295104027, -0.010514986701309681
v,0.00045883460552431643, 0.024689428508281708, 0.009122036397457123
v,-0.0004588323354255408, 0.019174538552761078, -0.010514856316149235
v,-0.00045883283019065857, 0.024689430370926857, 0.009122036397457123
v,0.00045883338316343725, 0.006940082646906376, 0.009118844754993916
v,-0.0004588332085404545, 0.009270688518881798, -0.0022041003685444593
v,-0.0004588340816553682, 0.006940082646906376, 0.009118844754993916
v,-0.0004588323354255408, 0.01892905868589878, -0.01070027519017458
v,0.00045883507118560374, 0.01892905868589878, -0.01070027519017458
v,-0.00045883236452937126, 0.01892905868589878, -0.01070027519017458
v,-0.00045883419807069004, 0.0037413695827126503, 0.009307455271482468
v,-0.000712406646925956, 0.0036644982174038887, 0.009070799686014652
v,-0.00045883419807069004, 0.003600209951400757, 0.009122085757553577
v,-0.0004588340816553682, 0.006940082646906376, 0.009118844754993916
v,-0.0007124065887182951, 0.0067521957680583, 0.009072496555745602
v,-0.0004588340816553682, 0.006707852706313133, 0.009307455271482468
v,-0.0004588332085404545, 0.009270688518881798, -0.0022041003685444593
v,-0.0004588332085404545, 0.009359658695757389, -0.0022067660465836525
v,-0.0007124056573957205, 0.009284221567213535, -0.0032290201634168625
v,-0.0004588336742017418, 0.012414788827300072, 0.00912151113152504
v,-0.0004588336742017418, 0.012658345513045788, 0.009307455271482468
v,-0.0007124061230570078, 0.012613270431756973, 0.009114926680922508
v,-0.0004588334122672677, 0.015833655372262, 0.009121430106461048
v,-0.0007124058902263641, 0.015635225921869278, 0.009114926680922508
v,-0.0004588334122672677, 0.015590401366353035, 0.009307455271482468
v,-0.00045883262646384537, 0.018869033083319664, -0.002206685720011592
v,-0.00045883262646384537, 0.018958330154418945, -0.0022042295895516872
v,-0.0007124051335267723, 0.018942007794976234, -0.003226076252758503
v,-0.00045883291750214994, 0.0213283970952034, 0.009118975140154362
v,-0.00045883297570981085, 0.021561255678534508, 0.009307455271482468
v,-0.0007124054245650768, 0.02152511104941368, 0.009114926680922508
v,-0.000458832859294489, 0.02454809658229351, 0.009307455271482468
v,-0.00045883283019065857, 0.024689430370926857, 0.009122036397457123
v,-0.0007124054245650768, 0.024486610665917397, 0.009114926680922508
v,-0.0004588323354255408, 0.019174538552761078, -0.010514856316149235
v,-0.0004588323354255408, 0.01892905868589878, -0.01070027519017458
v,-0.0007124048424884677, 0.018985627219080925, -0.010472442954778671
v,-0.00045883236452937126, 0.01892905868589878, -0.01070027519017458
v,-0.0004588323936332017, 0.018683111295104027, -0.010514986701309681
v,-0.0007124048424884677, 0.018740706145763397, -0.010471031069755554
v,-0.00045883332495577633, 0.01408244576305151, 0.005341514945030212
v,-0.0007124058320187032, 0.014136267825961113, 0.005785705056041479
v,-0.00045883332495577633, 0.014187089167535305, 0.005341635551303625
v,-0.00045883291750214994, 0.009626279585063457, -0.010514866560697556
v,-0.00045883291750214994, 0.009380764327943325, -0.01070027519017458
v,-0.0007124054245650768, 0.009567472152411938, -0.010489923879504204
v,-0.00045883291750214994, 0.009380764327943325, -0.01070027519017458
v,-0.00045883297570981085, 0.009135108441114426, -0.01051490567624569
v,-0.0007124054827727377, 0.009190415032207966, -0.010492256842553616
v,0.00045883323764428496, 0.0037413695827126503, 0.009307455271482468
v,0.0004588332958519459, 0.003600209951400757, 0.009122085757553577
v,0.0007124057156033814, 0.0036644982174038887, 0.009070799686014652
v,0.00045883338316343725, 0.006940082646906376, 0.009118844754993916
v,0.0004588333540596068, 0.006707852706313133, 0.009307455271482468
v,0.0007124058320187032, 0.0067521957680583, 0.009072496555745602
v,0.0004588342853821814, 0.009270688518881798, -0.0022041003685444593
v,0.0007124067633412778, 0.009284221567213535, -0.0032290201634168625
v,0.0004588343435898423, 0.009359657764434814, -0.0022067660465836525
v,0.0004588338197208941, 0.012414788827300072, 0.00912151113152504
v,0.0007124062394723296, 0.012613270431756973, 0.009114926680922508
v,0.0004588338197208941, 0.012658344581723213, 0.009307455271482468
v,0.00045883390703238547, 0.015833653509616852, 0.009121430106461048
v,0.0004588339652400464, 0.015590401366353035, 0.009307455271482468
v,0.0007124064140953124, 0.015635225921869278, 0.009114926680922508
v,0.0004588348383549601, 0.018869033083319664, -0.002206685720011592
v,0.000712407345417887, 0.018942005932331085, -0.0032260757870972157
v,0.0004588348383549601, 0.018958330154418945, -0.0022042295895516872
v,0.00045883431448601186, 0.02132839523255825, 0.009118975140154362
v,0.0007124067633412778, 0.021525109186768532, 0.009114926680922508
v,0.0004588343726936728, 0.021561255678534508, 0.009307455271482468
v,0.0004588346346281469, 0.02454809471964836, 0.009307455271482468
v,0.0007124070543795824, 0.024486610665917397, 0.009114926680922508
v,0.00045883460552431643, 0.024689428508281708, 0.009122036397457123
v,0.00045883507118560374, 0.019174538552761078, -0.010514856316149235
v,0.0007124075200408697, 0.018985625356435776, -0.010472442954778671
v,0.00045883507118560374, 0.01892905868589878, -0.01070027519017458
v,0.00045883507118560374, 0.01892905868589878, -0.01070027519017458
v,0.0007124075200408697, 0.018740706145763397, -0.010471031069755554
v,0.0004588350420817733, 0.018683111295104027, -0.010514986701309681
v,0.0004588340234477073, 0.01408244576305151, 0.005341514945030212
v,0.0004588340234477073, 0.014187089167535305, 0.005341635551303625
v,0.0007124064723029733, 0.014136267825961113, 0.005785705056041479
v,0.00045883451821282506, 0.009626279585063457, -0.010514866560697556
v,0.0007124069961719215, 0.009567471221089363, -0.010489923879504204
v,0.00045883451821282506, 0.009380764327943325, -0.01070027519017458
v,0.00045883451821282506, 0.009380764327943325, -0.01070027519017458
v,0.0007124069379642606, 0.009190415032207966, -0.010492256842553616
v,0.0004588345473166555, 0.009135107509791851, -0.01051490567624569
v,-0.0007124065887182951, 0.0067521957680583, 0.009072496555745602
v,-0.0004588332085404545, 0.009270688518881798, -0.0022041003685444593
v,-0.0007124056573957205, 0.009284221567213535, -0.0032290201634168625
v,-0.0004588332085404545, 0.009359658695757389, -0.0022067660465836525
v,-0.0007124061230570078, 0.012613270431756973, 0.009114926680922508
v,-0.0007124056573957205, 0.009284221567213535, -0.0032290201634168625
v,-0.0007124058902263641, 0.015635225921869278, 0.009114926680922508
v,-0.00045883262646384537, 0.018869033083319664, -0.002206685720011592
v,-0.0007124051335267723, 0.018942007794976234, -0.003226076252758503
v,-0.00045883262646384537, 0.018958330154418945, -0.0022042295895516872
v,-0.0007124054245650768, 0.02152511104941368, 0.009114926680922508
v,-0.0007124051335267723, 0.018942007794976234, -0.003226076252758503
v,-0.00045883297570981085, 0.021561255678534508, 0.009307455271482468
v,-0.0007124054245650768, 0.024486610665917397, 0.009114926680922508
v,-0.0007124054245650768, 0.02152511104941368, 0.009114926680922508
v,-0.0007124054245650768, 0.024486610665917397, 0.009114926680922508
v,-0.0004588323354255408, 0.019174538552761078, -0.010514856316149235
v,-0.0007124048424884677, 0.018985627219080925, -0.010472442954778671
v,-0.00045883332495577633, 0.01408244576305151, 0.005341514945030212
v,-0.0007124054245650768, 0.009567472152411938, -0.010489923879504204
v,-0.0007124058320187032, 0.014136267825961113, 0.005785705056041479
v,-0.0007124048424884677, 0.018985627219080925, -0.010472442954778671
v,-0.00045883236452937126, 0.01892905868589878, -0.01070027519017458
v,-0.0007124048424884677, 0.018740706145763397, -0.010471031069755554
v,-0.00045883419807069004, 0.0037413695827126503, 0.009307455271482468
v,-0.0007124065887182951, 0.0067521957680583, 0.009072496555745602
v,-0.000712406646925956, 0.0036644982174038887, 0.009070799686014652
v,-0.0007124048424884677, 0.018740706145763397, -0.010471031069755554
v,-0.00045883332495577633, 0.014187089167535305, 0.005341635551303625
v,-0.0007124058320187032, 0.014136267825961113, 0.005785705056041479
v,-0.0007124054245650768, 0.009567472152411938, -0.010489923879504204
v,-0.00045883291750214994, 0.009380764327943325, -0.01070027519017458
v,-0.0007124054827727377, 0.009190415032207966, -0.010492256842553616
v,-0.0004588336742017418, 0.012658345513045788, 0.009307455271482468
v,-0.0007124058902263641, 0.015635225921869278, 0.009114926680922508
v,-0.0007124061230570078, 0.012613270431756973, 0.009114926680922508
v,-0.000712406646925956, 0.0036644982174038887, 0.009070799686014652
v,-0.00045883297570981085, 0.009135108441114426, -0.01051490567624569
v,-0.00045883419807069004, 0.003600209951400757, 0.009122085757553577
v,0.0007124058320187032, 0.0067521957680583, 0.009072496555745602
v,0.0004588342853821814, 0.009270688518881798, -0.0022041003685444593
v,0.00045883338316343725, 0.006940082646906376, 0.009118844754993916
v,0.0004588343435898423, 0.009359657764434814, -0.0022067660465836525
v,0.0007124062394723296, 0.012613270431756973, 0.009114926680922508
v,0.0004588338197208941, 0.012414788827300072, 0.00912151113152504
v,0.0007124064140953124, 0.015635225921869278, 0.009114926680922508
v,0.0004588348383549601, 0.018869033083319664, -0.002206685720011592
v,0.00045883390703238547, 0.015833653509616852, 0.009121430106461048
v,0.0004588348383549601, 0.018958330154418945, -0.0022042295895516872
v,0.0007124067633412778, 0.021525109186768532, 0.009114926680922508
v,0.00045883431448601186, 0.02132839523255825, 0.009118975140154362
v,0.0004588343726936728, 0.021561255678534508, 0.009307455271482468
v,0.0007124070543795824, 0.024486610665917397, 0.009114926680922508
v,0.0004588346346281469, 0.02454809471964836, 0.009307455271482468
v,0.0007124070543795824, 0.024486610665917397, 0.009114926680922508
v,0.00045883507118560374, 0.019174538552761078, -0.010514856316149235
v,0.00045883460552431643, 0.024689428508281708, 0.009122036397457123
v,0.0004588340234477073, 0.01408244576305151, 0.005341514945030212
v,0.0007124069961719215, 0.009567471221089363, -0.010489923879504204
v,0.00045883451821282506, 0.009626279585063457, -0.010514866560697556
v,0.00045883507118560374, 0.01892905868589878, -0.01070027519017458
v,0.0007124075200408697, 0.018740706145763397, -0.010471031069755554
v,0.00045883507118560374, 0.01892905868589878, -0.01070027519017458
v,0.00045883323764428496, 0.0037413695827126503, 0.009307455271482468
v,0.0007124058320187032, 0.0067521957680583, 0.009072496555745602
v,0.0004588333540596068, 0.006707852706313133, 0.009307455271482468
v,0.0007124075200408697, 0.018740706145763397, -0.010471031069755554
v,0.0004588340234477073, 0.014187089167535305, 0.005341635551303625
v,0.0004588350420817733, 0.018683111295104027, -0.010514986701309681
v,0.00045883451821282506, 0.009380764327943325, -0.01070027519017458
v,0.0007124069379642606, 0.009190415032207966, -0.010492256842553616
v,0.00045883451821282506, 0.009380764327943325, -0.01070027519017458
v,0.0004588338197208941, 0.012658344581723213, 0.009307455271482468
v,0.0007124064140953124, 0.015635225921869278, 0.009114926680922508
v,0.0004588339652400464, 0.015590401366353035, 0.009307455271482468
v,0.0007124057156033814, 0.0036644982174038887, 0.009070799686014652
v,0.0004588345473166555, 0.009135107509791851, -0.01051490567624569
v,0.0007124069379642606, 0.009190415032207966, -0.010492256842553616
v,-0.0004588332085404545, 0.009359658695757389, -0.0022067660465836525
v,0.0004588342853821814, 0.009270688518881798, -0.0022041003685444593
v,0.0004588343435898423, 0.009359657764434814, -0.0022067660465836525
v,0.00045883338316343725, 0.006940082646906376, 0.009118844754993916
v,-0.0004588340816553682, 0.006707852706313133, 0.009307455271482468
v,0.0004588333540596068, 0.006707852706313133, 0.009307455271482468
v,-0.00045883297570981085, 0.009135108441114426, -0.01051490567624569
v,0.00045883451821282506, 0.009380764327943325, -0.01070027519017458
v,0.0004588345473166555, 0.009135107509791851, -0.01051490567624569
v,0.00045883451821282506, 0.009380764327943325, -0.01070027519017458
v,-0.00045883291750214994, 0.009626279585063457, -0.010514866560697556
v,0.00045883451821282506, 0.009626279585063457, -0.010514866560697556
v,-0.0004588336742017418, 0.012414788827300072, 0.00912151113152504
v,0.0004588338197208941, 0.012658344581723213, 0.009307455271482468
v,-0.0004588336742017418, 0.012658345513045788, 0.009307455271482468
v,0.00045883323764428496, 0.0037413695827126503, 0.009307455271482468
v,-0.00045883419807069004, 0.003600209951400757, 0.009122085757553577
v,0.0004588332958519459, 0.003600209951400757, 0.009122085757553577
v,0.0004588340234477073, 0.01408244576305151, 0.005341514945030212
v,-0.00045883332495577633, 0.014187089167535305, 0.005341635551303625
v,0.0004588340234477073, 0.014187089167535305, 0.005341635551303625
v,0.0004588350420817733, 0.018683111295104027, -0.010514986701309681
v,-0.00045883236452937126, 0.01892905868589878, -0.01070027519017458
v,0.00045883507118560374, 0.01892905868589878, -0.01070027519017458
v,-0.0004588334122672677, 0.015590401366353035, 0.009307455271482468
v,0.00045883390703238547, 0.015833653509616852, 0.009121430106461048
v,-0.0004588334122672677, 0.015833655372262, 0.009121430106461048
v,-0.00045883262646384537, 0.018869033083319664, -0.002206685720011592
v,0.0004588348383549601, 0.018958330154418945, -0.0022042295895516872
v,-0.00045883262646384537, 0.018958330154418945, -0.0022042295895516872
v,-0.00045883291750214994, 0.0213283970952034, 0.009118975140154362
v,0.0004588343726936728, 0.021561255678534508, 0.009307455271482468
v,-0.00045883297570981085, 0.021561255678534508, 0.009307455271482468
v,0.00045883507118560374, 0.01892905868589878, -0.01070027519017458
v,-0.0004588323354255408, 0.019174538552761078, -0.010514856316149235
v,0.00045883507118560374, 0.019174538552761078, -0.010514856316149235
v,-0.000458832859294489, 0.02454809658229351, 0.009307455271482468
v,0.00045883460552431643, 0.024689428508281708, 0.009122036397457123
v,-0.00045883283019065857, 0.024689430370926857, 0.009122036397457123
v,0.0004588343726936728, 0.021561255678534508, 0.009307455271482468
v,0.0004588346346281469, 0.02454809471964836, 0.009307455271482468
v,-0.000458832859294489, 0.02454809658229351, 0.009307455271482468
v,0.00045883390703238547, 0.015833653509616852, 0.009121430106461048
v,0.0004588348383549601, 0.018869033083319664, -0.002206685720011592
v,-0.00045883262646384537, 0.018869033083319664, -0.002206685720011592
v,0.0004588338197208941, 0.012658344581723213, 0.009307455271482468
v,0.0004588339652400464, 0.015590401366353035, 0.009307455271482468
v,-0.0004588334122672677, 0.015590401366353035, 0.009307455271482468
v,0.0004588345473166555, 0.009135107509791851, -0.01051490567624569
v,0.0004588332958519459, 0.003600209951400757, 0.009122085757553577
v,-0.00045883419807069004, 0.003600209951400757, 0.009122085757553577
v,0.0004588343435898423, 0.009359657764434814, -0.0022067660465836525
v,0.0004588338197208941, 0.012414788827300072, 0.00912151113152504
v,-0.0004588336742017418, 0.012414788827300072, 0.00912151113152504
v,-0.00045883291750214994, 0.009380764327943325, -0.01070027519017458
v,0.00045883451821282506, 0.009380764327943325, -0.01070027519017458
v,0.00045883451821282506, 0.009380764327943325, -0.01070027519017458
v,0.0004588340234477073, 0.01408244576305151, 0.005341514945030212
v,0.00045883451821282506, 0.009626279585063457, -0.010514866560697556
v,-0.00045883291750214994, 0.009626279585063457, -0.010514866560697556
v,0.0004588348383549601, 0.018958330154418945, -0.0022042295895516872
v,0.00045883431448601186, 0.02132839523255825, 0.009118975140154362
v,-0.00045883291750214994, 0.0213283970952034, 0.009118975140154362
v,0.00045883323764428496, 0.0037413695827126503, 0.009307455271482468
v,0.0004588333540596068, 0.006707852706313133, 0.009307455271482468
v,-0.0004588340816553682, 0.006707852706313133, 0.009307455271482468
v,0.0004588350420817733, 0.018683111295104027, -0.010514986701309681
v,0.0004588340234477073, 0.014187089167535305, 0.005341635551303625
v,-0.00045883332495577633, 0.014187089167535305, 0.005341635551303625
v,0.00045883460552431643, 0.024689428508281708, 0.009122036397457123
v,0.00045883507118560374, 0.019174538552761078, -0.010514856316149235
v,-0.0004588323354255408, 0.019174538552761078, -0.010514856316149235
v,0.00045883338316343725, 0.006940082646906376, 0.009118844754993916
v,0.0004588342853821814, 0.009270688518881798, -0.0022041003685444593
v,-0.0004588332085404545, 0.009270688518881798, -0.0022041003685444593
v,-0.0004588323354255408, 0.01892905868589878, -0.01070027519017458
v,0.00045883507118560374, 0.01892905868589878, -0.01070027519017458
v,0.00045883507118560374, 0.01892905868589878, -0.01070027519017458
v,-0.0007124065887182951, 0.0067521957680583, 0.009072496555745602
v,-0.0004588340816553682, 0.006940082646906376, 0.009118844754993916
v,-0.0004588332085404545, 0.009270688518881798, -0.0022041003685444593
v,-0.0004588332085404545, 0.009359658695757389, -0.0022067660465836525
v,-0.0004588336742017418, 0.012414788827300072, 0.00912151113152504
v,-0.0007124061230570078, 0.012613270431756973, 0.009114926680922508
v,-0.0007124058902263641, 0.015635225921869278, 0.009114926680922508
v,-0.0004588334122672677, 0.015833655372262, 0.009121430106461048
v,-0.00045883262646384537, 0.018869033083319664, -0.002206685720011592
v,-0.00045883262646384537, 0.018958330154418945, -0.0022042295895516872
v,-0.00045883291750214994, 0.0213283970952034, 0.009118975140154362
v,-0.0007124054245650768, 0.02152511104941368, 0.009114926680922508
v,-0.00045883297570981085, 0.021561255678534508, 0.009307455271482468
v,-0.000458832859294489, 0.02454809658229351, 0.009307455271482468
v,-0.0007124054245650768, 0.024486610665917397, 0.009114926680922508
v,-0.0007124054245650768, 0.024486610665917397, 0.009114926680922508
v,-0.00045883283019065857, 0.024689430370926857, 0.009122036397457123
v,-0.0004588323354255408, 0.019174538552761078, -0.010514856316149235
v,-0.00045883332495577633, 0.01408244576305151, 0.005341514945030212
v,-0.00045883291750214994, 0.009626279585063457, -0.010514866560697556
v,-0.0007124054245650768, 0.009567472152411938, -0.010489923879504204
v,-0.0007124048424884677, 0.018985627219080925, -0.010472442954778671
v,-0.0004588323354255408, 0.01892905868589878, -0.01070027519017458
v,-0.00045883236452937126, 0.01892905868589878, -0.01070027519017458
v,-0.00045883419807069004, 0.0037413695827126503, 0.009307455271482468
v,-0.0004588340816553682, 0.006707852706313133, 0.009307455271482468
v,-0.0007124065887182951, 0.0067521957680583, 0.009072496555745602
v,-0.0007124048424884677, 0.018740706145763397, -0.010471031069755554
v,-0.0004588323936332017, 0.018683111295104027, -0.010514986701309681
v,-0.00045883332495577633, 0.014187089167535305, 0.005341635551303625
v,-0.0007124054245650768, 0.009567472152411938, -0.010489923879504204
v,-0.00045883291750214994, 0.009380764327943325, -0.01070027519017458
v,-0.00045883291750214994, 0.009380764327943325, -0.01070027519017458
v,-0.0004588336742017418, 0.012658345513045788, 0.009307455271482468
v,-0.0004588334122672677, 0.015590401366353035, 0.009307455271482468
v,-0.0007124058902263641, 0.015635225921869278, 0.009114926680922508
v,-0.000712406646925956, 0.0036644982174038887, 0.009070799686014652
v,-0.0007124054827727377, 0.009190415032207966, -0.010492256842553616
v,-0.00045883297570981085, 0.009135108441114426, -0.01051490567624569
v,0.0007124058320187032, 0.0067521957680583, 0.009072496555745602
v,0.0007124067633412778, 0.009284221567213535, -0.0032290201634168625
v,0.0004588342853821814, 0.009270688518881798, -0.0022041003685444593
v,0.0004588343435898423, 0.009359657764434814, -0.0022067660465836525
v,0.0007124067633412778, 0.009284221567213535, -0.0032290201634168625
v,0.0007124062394723296, 0.012613270431756973, 0.009114926680922508
v,0.0007124064140953124, 0.015635225921869278, 0.009114926680922508
v,0.000712407345417887, 0.018942005932331085, -0.0032260757870972157
v,0.0004588348383549601, 0.018869033083319664, -0.002206685720011592
v,0.0004588348383549601, 0.018958330154418945, -0.0022042295895516872
v,0.000712407345417887, 0.018942005932331085, -0.0032260757870972157
v,0.0007124067633412778, 0.021525109186768532, 0.009114926680922508
v,0.0004588343726936728, 0.021561255678534508, 0.009307455271482468
v,0.0007124067633412778, 0.021525109186768532, 0.009114926680922508
v,0.0007124070543795824, 0.024486610665917397, 0.009114926680922508
v,0.0007124070543795824, 0.024486610665917397, 0.009114926680922508
v,0.0007124075200408697, 0.018985625356435776, -0.010472442954778671
v,0.00045883507118560374, 0.019174538552761078, -0.010514856316149235
v,0.0004588340234477073, 0.01408244576305151, 0.005341514945030212
v,0.0007124064723029733, 0.014136267825961113, 0.005785705056041479
v,0.0007124069961719215, 0.009567471221089363, -0.010489923879504204
v,0.00045883507118560374, 0.01892905868589878, -0.01070027519017458
v,0.0007124075200408697, 0.018985625356435776, -0.010472442954778671
v,0.0007124075200408697, 0.018740706145763397, -0.010471031069755554
v,0.00045883323764428496, 0.0037413695827126503, 0.009307455271482468
v,0.0007124057156033814, 0.0036644982174038887, 0.009070799686014652
v,0.0007124058320187032, 0.0067521957680583, 0.009072496555745602
v,0.0007124075200408697, 0.018740706145763397, -0.010471031069755554
v,0.0007124064723029733, 0.014136267825961113, 0.005785705056041479
v,0.0004588340234477073, 0.014187089167535305, 0.005341635551303625
v,0.00045883451821282506, 0.009380764327943325, -0.01070027519017458
v,0.0007124069961719215, 0.009567471221089363, -0.010489923879504204
v,0.0007124069379642606, 0.009190415032207966, -0.010492256842553616
v,0.0004588338197208941, 0.012658344581723213, 0.009307455271482468
v,0.0007124062394723296, 0.012613270431756973, 0.009114926680922508
v,0.0007124064140953124, 0.015635225921869278, 0.009114926680922508
v,0.0007124057156033814, 0.0036644982174038887, 0.009070799686014652
v,0.0004588332958519459, 0.003600209951400757, 0.009122085757553577
v,0.0004588345473166555, 0.009135107509791851, -0.01051490567624569
v,-0.0004588332085404545, 0.009359658695757389, -0.0022067660465836525
v,-0.0004588332085404545, 0.009270688518881798, -0.0022041003685444593
v,0.0004588342853821814, 0.009270688518881798, -0.0022041003685444593
v,0.00045883338316343725, 0.006940082646906376, 0.009118844754993916
v,-0.0004588340816553682, 0.006940082646906376, 0.009118844754993916
v,-0.0004588340816553682, 0.006707852706313133, 0.009307455271482468
v,-0.00045883297570981085, 0.009135108441114426, -0.01051490567624569
v,-0.00045883291750214994, 0.009380764327943325, -0.01070027519017458
v,0.00045883451821282506, 0.009380764327943325, -0.01070027519017458
v,0.00045883451821282506, 0.009380764327943325, -0.01070027519017458
v,-0.00045883291750214994, 0.009380764327943325, -0.01070027519017458
v,-0.00045883291750214994, 0.009626279585063457, -0.010514866560697556
v,-0.0004588336742017418, 0.012414788827300072, 0.00912151113152504
v,0.0004588338197208941, 0.012414788827300072, 0.00912151113152504
v,0.0004588338197208941, 0.012658344581723213, 0.009307455271482468
v,0.00045883323764428496, 0.0037413695827126503, 0.009307455271482468
v,-0.00045883419807069004, 0.0037413695827126503, 0.009307455271482468
v,-0.00045883419807069004, 0.003600209951400757, 0.009122085757553577
v,0.0004588340234477073, 0.01408244576305151, 0.005341514945030212
v,-0.00045883332495577633, 0.01408244576305151, 0.005341514945030212
v,-0.00045883332495577633, 0.014187089167535305, 0.005341635551303625
v,0.0004588350420817733, 0.018683111295104027, -0.010514986701309681
v,-0.0004588323936332017, 0.018683111295104027, -0.010514986701309681
v,-0.00045883236452937126, 0.01892905868589878, -0.01070027519017458
v,-0.0004588334122672677, 0.015590401366353035, 0.009307455271482468
v,0.0004588339652400464, 0.015590401366353035, 0.009307455271482468
v,0.00045883390703238547, 0.015833653509616852, 0.009121430106461048
v,-0.00045883262646384537, 0.018869033083319664, -0.002206685720011592
v,0.0004588348383549601, 0.018869033083319664, -0.002206685720011592
v,0.0004588348383549601, 0.018958330154418945, -0.0022042295895516872
v,-0.00045883291750214994, 0.0213283970952034, 0.009118975140154362
v,0.00045883431448601186, 0.02132839523255825, 0.009118975140154362
v,0.0004588343726936728, 0.021561255678534508, 0.009307455271482468
v,0.00045883507118560374, 0.01892905868589878, -0.01070027519017458
v,-0.0004588323354255408, 0.01892905868589878, -0.01070027519017458
v,-0.0004588323354255408, 0.019174538552761078, -0.010514856316149235
v,-0.000458832859294489, 0.02454809658229351, 0.009307455271482468
v,0.0004588346346281469, 0.02454809471964836, 0.009307455271482468
v,0.00045883460552431643, 0.024689428508281708, 0.009122036397457123
n,-1.503090629739745e-06, 6.57021773141711e-14, 34.3867073059082
n,-26.108505249023438, 5.122859647599398e-07, -8.695075166542665e-07
n,1.0583246421447257e-06, 33.07379913330078, 8.862152099609375
n,-1.503090629739745e-06, 6.57021773141711e-14, 34.3867073059082
n,-26.108505249023438, 2.5242997025998193e-07, -6.628502546845993e-07
n,-26.108505249023438, 3.19995820063923e-06, -6.549313411596813e-07
n,-1.034561591950478e-06, -32.95741653442383, -9.289403915405273
n,-26.108505249023438, 6.484424943664635e-07, -8.871600698512339e-07
n,-26.108505249023438, -7.860109008106519e-07, -2.5823694613791304e-06
n,-26.108505249023438, 2.3362592855846742e-06, -9.17347165341198e-07
n,-26.108505249023438, 1.7031392189892358e-06, -1.4436737956202705e-06
n,26.108505249023438, -1.1415719427532167e-06, 1.7468340729465126e-06
n,26.108505249023438, -3.531279389790143e-06, 6.934552629900281e-07
n,26.108505249023438, 2.6480747692403384e-06, 6.499580536001304e-07
n,26.108505249023438, -1.1412390676923678e-06, 1.744964720273856e-06
n,26.108505249023438, 4.6346065118996194e-07, 6.907773695274955e-07
n,26.108505249023438, -3.522294491631328e-06, 6.590944394702092e-07
n,26.108505249023438, -7.262090662152332e-07, 1.3311000657267869e-06
n,26.108505249023438, -1.144202656178095e-06, 6.271304755500751e-07
n,26.108505249023438, -1.1380651585568557e-06, 6.283013931351888e-07
n,26.108505249023438, -2.399145159870386e-06, 1.3043254512012936e-06
n,26.108505249023438, -1.2047008567606099e-05, -3.847751941066235e-06
n,-1.834800059441477e-06, -33.05949783325195, 8.915837287902832
n,-26.108505249023438, 1.1380651585568557e-06, -6.283013931351888e-07
n,-26.108505249023438, 5.383927828006563e-07, -1.8709868072619429e-06
n,0.0, 0.0, 0.0
n,1.8458697468304308e-06, 32.964473724365234, -9.264104843139648
n,-26.108505249023438, 1.7576099935467937e-06, -1.2779448752553435e-06
n,-1.7713836086841184e-06, -33.51044464111328, 7.0140910148620605
n,-1.503090629739745e-06, 6.57021773141711e-14, 34.3867073059082
n,-26.108505249023438, 1.1427208619352314e-06, -8.841847716212214e-07
n,-1.031689066621766e-06, -32.94303512573242, -9.340742111206055
n,1.845686711021699e-06, 32.966087341308594, -9.258305549621582
n,1.1640890988928732e-06, 33.5334587097168, 6.902202129364014
n,0.0, 0.0, 0.0
n,-10.228604316711426, -25.097900390625, 19.112180709838867
n,-16.317962646484375, 16.892044067382812, 20.798717498779297
n,-25.658967971801758, 0.19028063118457794, 6.3507232666015625
n,-14.25452995300293, -17.452655792236328, 22.860149383544922
n,-14.256731986999512, 17.469947814941406, 22.844432830810547
n,-25.656352996826172, -0.17517970502376556, 6.369454383850098
n,-14.350912094116211, -18.040258407592773, 22.28804588317871
n,-16.997716903686523, 20.698219299316406, 15.777036666870117
n,-15.875420570373535, 16.426517486572266, -21.747482299804688
n,-8.881612777709961, -19.424930572509766, -25.78412628173828
n,-23.95457649230957, 0.015744876116514206, -13.676741600036621
n,-7.202006816864014, 19.885826110839844, -26.332439422607422
n,-6.7231364250183105, -19.980810165405273, -26.479110717773438
n,10.22860336303711, -25.097898483276367, 19.112180709838867
n,16.317964553833008, 16.89204216003418, 20.79871368408203
n,25.658967971801758, 0.1902610808610916, 6.350724220275879
n,14.254528045654297, -17.452653884887695, 22.860149383544922
n,14.256732940673828, 17.469945907592773, 22.84442710876465
n,25.656354904174805, -0.17519740760326385, 6.369458198547363
n,14.350910186767578, -18.04025650024414, 22.288042068481445
n,16.99772071838379, 20.69822120666504, 15.777033805847168
n,15.875426292419434, 16.426517486572266, -21.747482299804688
n,8.881612777709961, -19.424930572509766, -25.78412628173828
n,23.95457649230957, 0.01574396900832653, -13.676739692687988
n,7.202012062072754, 19.885826110839844, -26.332439422607422
n,6.723139762878418, -19.980810165405273, -26.479110717773438
n,-18.461484909057617, 23.71175193786621, 4.880598545074463
n,-18.461463928222656, -23.376644134521484, 6.304465293884277
n,-18.461589813232422, 23.386598587036133, 6.266456604003906
n,-18.46141815185547, -23.695571899414062, 4.959734916687012
n,-18.461515426635742, 3.622411384185398e-07, 24.315059661865234
n,-18.461496353149414, 23.310546875, -6.546615123748779
n,-8.688454627990723, 31.08817481994629, -8.726884841918945
n,-19.953540802001953, -0.12783236801624298, -22.176124572753906
n,-20.251447677612305, -0.011927297338843346, 21.702999114990234
n,-9.124363899230957, -30.868276596069336, -8.742903709411621
n,-19.210798263549805, 0.1440870314836502, -23.285959243774414
n,-18.461515426635742, 1.2428188256308204e-06, 24.315059661865234
n,-6.286406993865967, -31.98780059814453, -9.016108512878418
n,18.46152687072754, 23.711700439453125, 4.880589485168457
n,18.461538314819336, -23.376548767089844, 6.30443811416626
n,18.4615478515625, 23.38665008544922, 6.26647424697876
n,18.461450576782227, -23.695524215698242, 4.959725856781006
n,18.46151351928711, -1.7176189430756494e-06, 24.31505584716797
n,18.461387634277344, 23.310686111450195, -6.54664945602417
n,8.130785942077637, 31.325197219848633, -8.803413391113281
n,0.0, 0.0, 0.0
n,20.19467544555664, -8.827373108033498e-07, 21.794572830200195
n,8.594372749328613, -31.107036590576172, -8.820158958435059
n,0.0, 0.0, 0.0
n,18.46151351928711, -8.069784485087439e-07, 24.3150577545166
n,7.6652512550354, -31.500059127807617, -8.897725105285645
n,-1.4573953421859187e-06, 1.0298234224319458, 34.37114334106445
n,-2.1875683842154103e-07, 21.639259338378906, 26.64383316040039
n,2.939630689979822e-07, -20.67815589904785, -27.403247833251953
n,2.101812924593105e-06, 20.688522338867188, -27.395355224609375
n,-2.103273345710477e-06, -20.83145523071289, 27.285829544067383
n,-2.1003845631639706e-06, -27.278491973876953, 20.772708892822266
n,1.5048200339151663e-06, 0.03958683833479881, -34.38668441772461
n,2.955986246888642e-07, -20.65690803527832, -27.419418334960938
n,-2.8042580879628076e-07, 20.853464126586914, 27.26885986328125
n,-1.5438413356605452e-06, -0.9453859329223633, 34.37358856201172
n,-2.110170044034021e-06, -21.59511947631836, 26.679946899414062
n,2.1018392999394564e-06, 20.69106101989746, -27.39341926574707
n,2.8339894697637646e-07, 27.26886749267578, 20.78545379638672
n,-1.503090629739745e-06, 6.57021773141711e-14, 34.3867073059082
n,3.150766360704438e-06, 33.07379913330078, 8.862152099609375
n,-1.503090629739745e-06, 6.57021773141711e-14, 34.3867073059082
n,-1.034561591950478e-06, -32.95741653442383, -9.289403915405273
n,-1.834800059441477e-06, -33.05949783325195, 8.915837287902832
n,0.0, 0.0, 0.0
n,1.8458697468304308e-06, 32.964473724365234, -9.264104843139648
n,-1.7713834949972806e-06, -33.51044464111328, 7.014090538024902
n,-1.503090629739745e-06, 6.57021773141711e-14, 34.3867073059082
n,-1.031689066621766e-06, -32.94303512573242, -9.340742111206055
n,1.845686711021699e-06, 32.966087341308594, -9.258305549621582
n,1.1640890988928732e-06, 33.5334587097168, 6.902202606201172
n,0.0, 0.0, 0.0
n,-18.461523056030273, 23.711706161499023, 4.880587100982666
n,-18.461536407470703, -23.376550674438477, 6.304436683654785
n,-18.4615535736084, 23.386640548706055, 6.266469478607178
n,-18.46145248413086, -23.695528030395508, 4.959724426269531
n,-18.461511611938477, 8.069783348219062e-07, 24.315061569213867
n,-18.461389541625977, 23.310680389404297, -6.546649932861328
n,-8.130780220031738, 31.3251953125, -8.803414344787598
n,1.8131834167434135e-06, 33.230201721191406, -8.250602722167969
n,-20.194673538208008, 8.82737253959931e-07, 21.79457664489746
n,-8.594401359558105, -31.107023239135742, -8.820155143737793
n,0.0, 0.0, 0.0
n,-18.46151351928711, 1.4807835668761982e-06, 24.315059661865234
n,-7.665250778198242, -31.500062942504883, -8.897726058959961
n,18.46148681640625, 23.711750030517578, 4.880600929260254
n,18.46146583557129, -23.376636505126953, 6.304465293884277
n,18.46158218383789, 23.38660430908203, 6.266460418701172
n,18.461414337158203, -23.695571899414062, 4.9597368240356445
n,18.46151351928711, -1.6964532960628276e-06, 24.31505584716797
n,18.46150016784668, 23.310546875, -6.546613693237305
n,8.688447952270508, 31.088178634643555, -8.726886749267578
n,19.95354461669922, -0.12783367931842804, -22.176124572753906
n,20.251449584960938, -0.011928600259125233, 21.703001022338867
n,9.124361991882324, -30.868276596069336, -8.742903709411621
n,19.210805892944336, 0.1440851241350174, -23.28595542907715
n,18.46151351928711, -8.069784485087439e-07, 24.31505584716797
n,6.286371231079102, -31.98781394958496, -9.01611042022705
n,-1.457395228499081e-06, 1.0298233032226562, 34.37113952636719
n,-2.1875683842154103e-07, 21.639259338378906, 26.64383316040039
n,2.9396312584140105e-07, -20.678157806396484, -27.40325164794922
n,2.101812924593105e-06, 20.688522338867188, -27.395355224609375
n,-2.103273345710477e-06, -20.83145523071289, 27.285829544067383
n,-2.1003845631639706e-06, -27.278491973876953, 20.772708892822266
n,1.5048200339151663e-06, 0.03958683833479881, -34.38668441772461
n,2.955986246888642e-07, -20.65690803527832, -27.419418334960938
n,-2.8042580879628076e-07, 20.853464126586914, 27.26885986328125
n,6.572098300239304e-06, -0.945469319820404, 34.37358474731445
n,-2.110170044034021e-06, -21.595117568969727, 26.679946899414062
n,2.1018392999394564e-06, 20.69106101989746, -27.39341926574707
n,2.8339894697637646e-07, 27.26886749267578, 20.78545379638672
u,0.8468167781829834, 0.08090782165527344, 0
u,0.862555205821991, 0.14806824922561646, 0
u,0.862555205821991, 0.08090782165527344, 0
u,0.005186581052839756, 0.6554973721504211, 0
u,0.4476318061351776, 0.5983957946300507, 0
u,0.4476317763328552, 0.5318050980567932, 0
u,0.9685231447219849, 0.20198041200637817, 0
u,0.9842615127563477, 0.449468731880188, 0
u,0.9842615127563477, 0.20198041200637817, 0
u,0.8869913816452026, 0.14507752656936646, 0
u,0.8712529540061951, 0.07914888858795166, 0
u,0.8712529540061951, 0.14507752656936646, 0
u,0.004791734274476767, 0.8672689646482468, 0
u,0.1688031405210495, 0.8736379444599152, 0
u,0.37243035435676575, 0.7645373791456223, 0
u,0.1688031405210495, 0.8736379444599152, 0
u,0.00473904050886631, 0.8757472634315491, 0
u,0.44663506746292114, 1.000000017676797, 0
u,0.9239996671676636, 1.000000001235528, 0
u,0.908261239528656, 0.5430289506912231, 0
u,0.908261239528656, 1.0000000005475798, 0
u,0.005186581052839756, 0.6554973721504211, 0
u,0.16886962950229645, 0.6564781367778778, 0
u,0.4476318061351776, 0.5983957946300507, 0
u,0.16886962950229645, 0.6564781367778778, 0
u,0.37243035435676575, 0.7645373791456223, 0
u,0.4476318061351776, 0.7987826764583588, 0
u,0.16886962950229645, 0.6564781367778778, 0
u,0.0052184900268912315, 0.661004513502121, 0
u,0.37243035435676575, 0.7645373791456223, 0
u,0.37243035435676575, 0.7645373791456223, 0
u,0.1688031405210495, 0.8736379444599152, 0
u,0.4476318061351776, 0.7987826764583588, 0
u,0.6207435727119446, 0.6536064147949219, 0
u,0.8986138105392456, 0.5966726839542389, 0
u,0.8985754251480103, 0.5272443890571594, 0
u,0.6208100914955139, 0.8707661777734756, 0
u,0.8243707418441772, 0.7627069652080536, 0
u,0.4571589231491089, 0.8662398159503937, 0
u,0.45712703466415405, 0.8717469573020935, 0
u,0.8995721936225891, 0.9288485124707222, 0
u,0.6208100914955139, 0.8707661777734756, 0
u,0.6208100914955139, 0.8707661777734756, 0
u,0.8995721936225891, 0.7964117377996445, 0
u,0.8995721936225891, 0.7284616827964783, 0
u,0.45673221349716187, 0.6599753797054291, 0
u,0.8243707418441772, 0.7627069652080536, 0
u,0.6207435727119446, 0.6536064147949219, 0
u,0.6207435727119446, 0.6536064147949219, 0
u,0.8985754251480103, 0.5272443890571594, 0
u,0.45667949318885803, 0.651497095823288, 0
u,0.8243707418441772, 0.7627069652080536, 0
u,0.8995721936225891, 0.7284616827964783, 0
u,0.6207435727119446, 0.6536064147949219, 0
u,0.45712703466415405, 0.8717469573020935, 0
u,0.6208100914955139, 0.8707661777734756, 0
u,0.4571589231491089, 0.8662398159503937, 0
u,0.45673221349716187, 0.6599753797054291, 0
u,0.6207435727119446, 0.6536064147949219, 0
u,0.45667949318885803, 0.651497095823288, 0
u,0.45712703466415405, 0.8717469573020935, 0
u,0.8995721340179443, 0.9954392309300601, 0
u,0.8995721936225891, 0.9288485124707222, 0
u,0.6208100914955139, 0.8707661777734756, 0
u,0.8995721936225891, 0.7284616827964783, 0
u,0.8243707418441772, 0.7627069652080536, 0
u,1.0, 0.7547284215688705, 0
u,0.9842615723609924, 0.5115889608860016, 0
u,0.9842615723609924, 0.7547284215688705, 0
u,0.004791734274476767, 0.8672689646482468, 0
u,0.00473904050886631, 0.8757472634315491, 0
u,0.1688031405210495, 0.8736379444599152, 0
u,0.1688031405210495, 0.8736379444599152, 0
u,0.44663506746292114, 1.000000017676797, 0
u,0.44667336344718933, 0.9305716827511787, 0
u,0.45197200775146484, 0.5272442996501923, 0
u,0.45197200775146484, 0.5272442996501923, 0
u,0.45197200775146484, 0.5272442996501923, 0
u,0.8869913816452026, 0.5171395242214203, 0
u,0.8712529540061951, 0.15055203437805176, 0
u,0.8712529540061951, 0.5171395242214203, 0
u,0.16886962950229645, 0.6564781367778778, 0
u,0.4476318061351776, 0.7987826764583588, 0
u,0.4476318061351776, 0.7308326065540314, 0
u,1.0, 1.0000000045576076, 0
u,0.9842615723609924, 0.7547284066677094, 0
u,0.9842615723609924, 1.0000000038696593, 0
u,0.9353891611099243, 0.1831951141357422, 0
u,0.9196507334709167, 0.1164923906326294, 0
u,0.9196507334709167, 0.1831951141357422, 0
u,0.005186581052839756, 0.6554973721504211, 0
u,0.0052184900268912315, 0.661004513502121, 0
u,0.16886962950229645, 0.6564781367778778, 0
u,0.8468167185783386, 0.14806830883026123, 0
u,0.8625551462173462, 0.5171540379524231, 0
u,0.8625551462173462, 0.14806830883026123, 0
u,0.9196507930755615, 0.5355106592178345, 0
u,0.9039124250411987, 0.08152920007705688, 0
u,0.903912365436554, 0.5355106592178345, 0
u,0.9842615723609924, 0.6984739303588867, 0
u,0.9685232043266296, 0.44946879148483276, 0
u,0.9685231447219849, 0.6984739303588867, 0
u,3.153664874844253e-05, 0.6567690372467041, 0
u,-4.758810678850978e-09, 0.6567680239677429, 0
u,3.153664874844253e-05, 0.6567690372467041, 0
u,0.908261239528656, 0.5393491983413696, 0
u,0.903912365436554, 0.5443857908248901, 0
u,0.908261239528656, 0.5430289506912231, 0
u,0.4477115869522095, 0.9263466820120811, 0
u,0.44667336344718933, 0.9305716827511787, 0
u,0.45197197794914246, 0.93156848102808, 0
u,0.1919456124305725, 0.873941957950592, 0
u,0.19188539683818817, 0.8719414323568344, 0
u,0.1688031405210495, 0.8736379444599152, 0
u,0.8712529540061951, 0.15055197477340698, 0
u,0.8712529540061951, 0.14507752656936646, 0
u,0.866904079914093, 0.14608889818191528, 0
u,0.8712529540061951, 0.0736771821975708, 0
u,0.866904079914093, 0.07813888788223267, 0
u,0.8712529540061951, 0.07914888858795166, 0
u,0.19188719987869263, 0.6581186950206757, 0
u,0.19194267690181732, 0.6561108231544495, 0
u,0.16886962950229645, 0.6564781367778778, 0
u,0.862555205821991, 0.07567393779754639, 0
u,0.862555205821991, 0.08090782165527344, 0
u,0.866904079914093, 0.08009719848632812, 0
u,0.45197194814682007, 0.5304223001003265, 0
u,0.4477836489677429, 0.5272443294525146, 0
u,0.4476317763328552, 0.5318050980567932, 0
u,0.8968647718429565, 0.4740230441093445, 0
u,0.8913401961326599, 0.4740230441093445, 0
u,0.8926181197166443, 0.47837191820144653, 0
u,0.8968656063079834, 0.5228954255580902, 0
u,0.8913401961326599, 0.5228954255580902, 0
u,0.8926364183425903, 0.5272442996501923, 0
u,0.8913401961326599, 0.35643112659454346, 0
u,0.8913401961326599, 0.36654597520828247, 0
u,0.8936759233474731, 0.3567153215408325, 0
u,0.8968656063079834, 0.49845921993255615, 0
u,0.8913401961326599, 0.49845921993255615, 0
u,0.8955439329147339, 0.5028081238269806, 0
u,0.8968590497970581, 0.4495868682861328, 0
u,0.8913401961326599, 0.4495868682861328, 0
u,0.8925843834877014, 0.45393574237823486, 0
u,0.9239996671676636, 0.5393491983413696, 0
u,0.9239996671676636, 0.5430289506912231, 0
u,0.9283485412597656, 0.5443857908248901, 0
u,0.8996520042419434, 0.6008976995944977, 0
u,0.903912365436554, 0.5956758856773376, 0
u,0.8986138105392456, 0.5966726839542389, 0
u,0.6438860297203064, 0.653302401304245, 0
u,0.6207435727119446, 0.6536064147949219, 0
u,0.6438258290290833, 0.6553029119968414, 0
u,0.8869913816452026, 0.15055197477340698, 0
u,0.8913402557373047, 0.14608889818191528, 0
u,0.8869913816452026, 0.14507752656936646, 0
u,0.8869913816452026, 0.0736771821975708, 0
u,0.8869913816452026, 0.07914888858795166, 0
u,0.8913402557373047, 0.07813888788223267, 0
u,0.6438276171684265, 0.8691256195306778, 0
u,0.6208100914955139, 0.8707661777734756, 0
u,0.6438831090927124, 0.8711335062980652, 0
u,0.8468167781829834, 0.07567393779754639, 0
u,0.8424679040908813, 0.08009719848632812, 0
u,0.8468167781829834, 0.08090782165527344, 0
u,0.9039123058319092, 0.9968220391310751, 0
u,0.8995721340179443, 0.9954392309300601, 0
u,0.8997240662574768, 0.9999999992141229, 0
u,0.8968647718429565, 0.4582846164703369, 0
u,0.8926181197166443, 0.45393574237823486, 0
u,0.8913401961326599, 0.4582846164703369, 0
u,0.8968656063079834, 0.5071569979190826, 0
u,0.8926364183425903, 0.5028081238269806, 0
u,0.8913401961326599, 0.5071569979190826, 0
u,0.8913401961326599, 0.3561675548553467, 0
u,0.8936783671379089, 0.3564310073852539, 0
u,0.8936783671379089, 0.34632670879364014, 0
u,0.8968656063079834, 0.4827207922935486, 0
u,0.8955439329147339, 0.47837191820144653, 0
u,0.8913401961326599, 0.4827207922935486, 0
u,0.8968590497970581, 0.43384844064712524, 0
u,0.8925843834877014, 0.4294995665550232, 0
u,0.8913401961326599, 0.43384844064712524, 0
u,0.44667336344718933, 0.9305716827511787, 0
u,0.1919456124305725, 0.873941957950592, 0
u,0.1688031405210495, 0.8736379444599152, 0
u,0.19188539683818817, 0.8719414323568344, 0
u,0.4476318061351776, 0.7987826764583588, 0
u,0.1688031405210495, 0.8736379444599152, 0
u,0.4476318061351776, 0.7308326065540314, 0
u,0.19188719987869263, 0.6581186950206757, 0
u,0.16886962950229645, 0.6564781367778778, 0
u,0.19194267690181732, 0.6561108231544495, 0
u,0.4476318061351776, 0.5983957946300507, 0
u,0.16886962950229645, 0.6564781367778778, 0
u,0.862555205821991, 0.08090782165527344, 0
u,0.866904079914093, 0.14668792486190796, 0
u,0.866904079914093, 0.08009719848632812, 0
u,0.4476317763328552, 0.5318050980567932, 0
u,0.004219834227114916, 0.6512492895126343, 0
u,0.005186581052839756, 0.6554973721504211, 0
u,0.8712529540061951, 0.5171395242214203, 0
u,0.866904079914093, 0.15097618103027344, 0
u,0.866904079914093, 0.5272443294525146, 0
u,0.005186581052839756, 0.6554973721504211, 0
u,3.153664874844253e-05, 0.6567690372467041, 0
u,0.0052184900268912315, 0.661004513502121, 0
u,0.45197197794914246, 0.9982712436467409, 0
u,0.44667336344718933, 0.9305716827511787, 0
u,0.44663506746292114, 1.000000017676797, 0
u,0.8669040203094482, 0.148861825466156, 0
u,0.8625551462173462, 0.5171540379524231, 0
u,0.8669040203094482, 0.5272442400455475, 0
u,0.004791734274476767, 0.8672689646482468, 0
u,3.154719161102548e-05, 0.8714668899774551, 0
u,0.00473904050886631, 0.8757472634315491, 0
u,0.8712529540061951, 0.14507752656936646, 0
u,0.866904079914093, 0.07813888788223267, 0
u,0.866904079914093, 0.14608889818191528, 0
u,0.903912365436554, 0.5443857908248901, 0
u,0.908261239528656, 1.0000000005475798, 0
u,0.908261239528656, 0.5430289506912231, 0
u,0.8986138105392456, 0.5966726839542389, 0
u,0.6438860297203064, 0.653302401304245, 0
u,0.8996520042419434, 0.6008976995944977, 0
u,0.6438258290290833, 0.6553029119968414, 0
u,0.8995721936225891, 0.7284616827964783, 0
u,0.8997122049331665, 0.7239989936351776, 0
u,0.8995721936225891, 0.7964117377996445, 0
u,0.6438276171684265, 0.8691256195306778, 0
u,0.8997103571891785, 0.8008737862110138, 0
u,0.6438831090927124, 0.8711335062980652, 0
u,0.8995721936225891, 0.9288485124707222, 0
u,0.8996549248695374, 0.9244255945086479, 0
u,0.8468167781829834, 0.08090782165527344, 0
u,0.8424679040908813, 0.14668792486190796, 0
u,0.8468167781829834, 0.14806824922561646, 0
u,0.8995721340179443, 0.9954392309300601, 0
u,0.456160306930542, 0.8759950250387192, 0
u,0.8997240662574768, 0.9999999992141229, 0
u,0.8869913816452026, 0.5171395242214203, 0
u,0.8913402557373047, 0.15097618103027344, 0
u,0.8869913816452026, 0.15055203437805176, 0
u,0.45197200775146484, 0.8704752922058105, 0
u,0.4571589231491089, 0.8662398159503937, 0
u,0.45197200775146484, 0.8704752922058105, 0
u,0.903912365436554, 0.5289731621742249, 0
u,0.8986138105392456, 0.5966726839542389, 0
u,0.903912365436554, 0.5956758856773376, 0
u,0.8424678444862366, 0.148861825466156, 0
u,0.8468167185783386, 0.5171540379524231, 0
u,0.8468167185783386, 0.14806830883026123, 0
u,0.45197200775146484, 0.6557774543762207, 0
u,0.45667949318885803, 0.651497095823288, 0
u,0.45197200775146484, 0.6557774543762207, 0
u,0.8869913816452026, 0.14507752656936646, 0
u,0.8913402557373047, 0.07813888788223267, 0
u,0.8869913816452026, 0.07914888858795166, 0
u,0.9283485412597656, 0.5443857908248901, 0
u,0.9239996671676636, 1.000000001235528, 0
u,0.9283485412597656, 0.9996751424914692, 0
u,0.8913402557373047, 0.38228434324264526, 0
u,0.8933407664299011, 0.3665459156036377, 0
u,0.8913402557373047, 0.3665459156036377, 0
u,0.9353891611099243, 0.11126846075057983, 0
u,0.9196507334709167, 0.1164923906326294, 0
u,0.9353891611099243, 0.1164923906326294, 0
u,0.8913401961326599, 0.4495868682861328, 0
u,0.8968590497970581, 0.43384844064712524, 0
u,0.8913401961326599, 0.43384844064712524, 0
u,0.8913401961326599, 0.4827207922935486, 0
u,0.8968656063079834, 0.49845921993255615, 0
u,0.8968656063079834, 0.4827207922935486, 0
u,0.8712529540061951, 0.15055197477340698, 0
u,0.8869913816452026, 0.14507752656936646, 0
u,0.8712529540061951, 0.14507752656936646, 0
u,0.9239996671676636, 0.5393491983413696, 0
u,0.908261239528656, 0.5430289506912231, 0
u,0.9239996671676636, 0.5430289506912231, 0
u,0.8913402557373047, 0.39802271127700806, 0
u,0.893693208694458, 0.4137611389160156, 0
u,0.893693208694458, 0.39802271127700806, 0
u,0.8913401961326599, 0.5071569979190826, 0
u,0.8968656063079834, 0.5228954255580902, 0
u,0.8968656063079834, 0.5071569979190826, 0
u,0.8712529540061951, 0.07914888858795166, 0
u,0.8869913816452026, 0.0736771821975708, 0
u,0.8712529540061951, 0.0736771821975708, 0
u,0.8933480978012085, 0.39802271127700806, 0
u,0.8913401961326599, 0.3822842836380005, 0
u,0.8913401961326599, 0.39802271127700806, 0
u,0.862555205821991, 0.07567393779754639, 0
u,0.8468167781829834, 0.08090782165527344, 0
u,0.862555205821991, 0.08090782165527344, 0
u,0.8913401961326599, 0.4582846164703369, 0
u,0.8968647718429565, 0.4740230441093445, 0
u,0.8968647718429565, 0.4582846164703369, 0
u,0.903912365436554, 0.5393491685390472, 0
u,0.9196507930755615, 0.5355106592178345, 0
u,0.903912365436554, 0.5355106592178345, 0
u,0.8468167781829834, 0.08090782165527344, 0
u,0.8468167781829834, 0.14806824922561646, 0
u,0.862555205821991, 0.14806824922561646, 0
u,0.9685231447219849, 0.20198041200637817, 0
u,0.9685231447219849, 0.44946879148483276, 0
u,0.9842615127563477, 0.449468731880188, 0
u,0.8869913816452026, 0.14507752656936646, 0
u,0.8869913816452026, 0.07914888858795166, 0
u,0.8712529540061951, 0.07914888858795166, 0
u,0.9239996671676636, 1.000000001235528, 0
u,0.9239996671676636, 0.5430289506912231, 0
u,0.908261239528656, 0.5430289506912231, 0
u,1.0, 0.7547284215688705, 0
u,1.0, 0.5115889608860016, 0
u,0.9842615723609924, 0.5115889608860016, 0
u,0.45197200775146484, 0.5272442996501923, 0
u,0.45197200775146484, 0.5272442996501923, 0
u,0.45197200775146484, 0.5272442996501923, 0
u,0.8869913816452026, 0.5171395242214203, 0
u,0.8869913816452026, 0.15055203437805176, 0
u,0.8712529540061951, 0.15055203437805176, 0
u,1.0, 1.0000000045576076, 0
u,1.0, 0.7547284066677094, 0
u,0.9842615723609924, 0.7547284066677094, 0
u,0.9353891611099243, 0.1831951141357422, 0
u,0.9353891611099243, 0.1164923906326294, 0
u,0.9196507334709167, 0.1164923906326294, 0
u,0.8468167185783386, 0.14806830883026123, 0
u,0.8468167185783386, 0.5171540379524231, 0
u,0.8625551462173462, 0.5171540379524231, 0
u,0.9196507930755615, 0.5355106592178345, 0
u,0.9196507930755615, 0.08152920007705688, 0
u,0.9039124250411987, 0.08152920007705688, 0
u,0.9842615723609924, 0.6984739303588867, 0
u,0.9842615723609924, 0.44946879148483276, 0
u,0.9685232043266296, 0.44946879148483276, 0
u,3.153664874844253e-05, 0.6567690372467041, 0
u,-4.758810678850978e-09, 0.6567680239677429, 0
u,-4.758810678850978e-09, 0.6567680239677429, 0
u,0.44667336344718933, 0.9305716827511787, 0
u,0.4477115869522095, 0.9263466820120811, 0
u,0.1919456124305725, 0.873941957950592, 0
u,0.19188539683818817, 0.8719414323568344, 0
u,0.447771817445755, 0.8032453656196594, 0
u,0.4476318061351776, 0.7987826764583588, 0
u,0.4476318061351776, 0.7308326065540314, 0
u,0.44776999950408936, 0.7263705730438232, 0
u,0.19188719987869263, 0.6581186950206757, 0
u,0.19194267690181732, 0.6561108231544495, 0
u,0.44771450757980347, 0.6028187274932861, 0
u,0.4476318061351776, 0.5983957946300507, 0
u,0.862555205821991, 0.08090782165527344, 0
u,0.862555205821991, 0.14806824922561646, 0
u,0.866904079914093, 0.14668792486190796, 0
u,0.4476317763328552, 0.5318050980567932, 0
u,0.4477836489677429, 0.5272443294525146, 0
u,0.004219834227114916, 0.6512492895126343, 0
u,0.8712529540061951, 0.5171395242214203, 0
u,0.8712529540061951, 0.15055203437805176, 0
u,0.866904079914093, 0.15097618103027344, 0
u,0.005186581052839756, 0.6554973721504211, 0
u,3.153664874844253e-05, 0.6567690372467041, 0
u,3.153664874844253e-05, 0.6567690372467041, 0
u,0.45197197794914246, 0.9982712436467409, 0
u,0.45197197794914246, 0.93156848102808, 0
u,0.44667336344718933, 0.9305716827511787, 0
u,0.8669040203094482, 0.148861825466156, 0
u,0.8625551462173462, 0.14806830883026123, 0
u,0.8625551462173462, 0.5171540379524231, 0
u,0.004791734274476767, 0.8672689646482468, 0
u,3.154719161102548e-05, 0.8714668899774551, 0
u,3.154719161102548e-05, 0.8714668899774551, 0
u,0.8712529540061951, 0.14507752656936646, 0
u,0.8712529540061951, 0.07914888858795166, 0
u,0.866904079914093, 0.07813888788223267, 0
u,0.903912365436554, 0.5443857908248901, 0
u,0.903912365436554, 0.9996751414146274, 0
u,0.908261239528656, 1.0000000005475798, 0
u,0.8986138105392456, 0.5966726839542389, 0
u,0.6207435727119446, 0.6536064147949219, 0
u,0.6438860297203064, 0.653302401304245, 0
u,0.6438258290290833, 0.6553029119968414, 0
u,0.6207435727119446, 0.6536064147949219, 0
u,0.8995721936225891, 0.7284616827964783, 0
u,0.8995721936225891, 0.7964117377996445, 0
u,0.6208100914955139, 0.8707661777734756, 0
u,0.6438276171684265, 0.8691256195306778, 0
u,0.6438831090927124, 0.8711335062980652, 0
u,0.6208100914955139, 0.8707661777734756, 0
u,0.8995721936225891, 0.9288485124707222, 0
u,0.8468167781829834, 0.08090782165527344, 0
u,0.8424679040908813, 0.08009719848632812, 0
u,0.8424679040908813, 0.14668792486190796, 0
u,0.8995721340179443, 0.9954392309300601, 0
u,0.45712703466415405, 0.8717469573020935, 0
u,0.456160306930542, 0.8759950250387192, 0
u,0.8869913816452026, 0.5171395242214203, 0
u,0.8913402557373047, 0.5272443294525146, 0
u,0.8913402557373047, 0.15097618103027344, 0
u,0.45197200775146484, 0.8704752922058105, 0
u,0.45712703466415405, 0.8717469573020935, 0
u,0.4571589231491089, 0.8662398159503937, 0
u,0.903912365436554, 0.5289731621742249, 0
u,0.8985754251480103, 0.5272443890571594, 0
u,0.8986138105392456, 0.5966726839542389, 0
u,0.8424678444862366, 0.148861825466156, 0
u,0.8424678444862366, 0.5272442400455475, 0
u,0.8468167185783386, 0.5171540379524231, 0
u,0.45197200775146484, 0.6557774543762207, 0
u,0.45673221349716187, 0.6599753797054291, 0
u,0.45667949318885803, 0.651497095823288, 0
u,0.8869913816452026, 0.14507752656936646, 0
u,0.8913402557373047, 0.14608889818191528, 0
u,0.8913402557373047, 0.07813888788223267, 0
u,0.9283485412597656, 0.5443857908248901, 0
u,0.9239996671676636, 0.5430289506912231, 0
u,0.9239996671676636, 1.000000001235528, 0
u,0.8913402557373047, 0.38228434324264526, 0
u,0.8933407664299011, 0.38228434324264526, 0
u,0.8933407664299011, 0.3665459156036377, 0
u,0.9353891611099243, 0.11126846075057983, 0
u,0.9196507334709167, 0.11126846075057983, 0
u,0.9196507334709167, 0.1164923906326294, 0
u,0.8913401961326599, 0.4495868682861328, 0
u,0.8968590497970581, 0.4495868682861328, 0
u,0.8968590497970581, 0.43384844064712524, 0
u,0.8913401961326599, 0.4827207922935486, 0
u,0.8913401961326599, 0.49845921993255615, 0
u,0.8968656063079834, 0.49845921993255615, 0
u,0.8712529540061951, 0.15055197477340698, 0
u,0.8869913816452026, 0.15055197477340698, 0
u,0.8869913816452026, 0.14507752656936646, 0
u,0.9239996671676636, 0.5393491983413696, 0
u,0.908261239528656, 0.5393491983413696, 0
u,0.908261239528656, 0.5430289506912231, 0
u,0.8913402557373047, 0.39802271127700806, 0
u,0.8913402557373047, 0.4137611389160156, 0
u,0.893693208694458, 0.4137611389160156, 0
u,0.8913401961326599, 0.5071569979190826, 0
u,0.8913401961326599, 0.5228954255580902, 0
u,0.8968656063079834, 0.5228954255580902, 0
u,0.8712529540061951, 0.07914888858795166, 0
u,0.8869913816452026, 0.07914888858795166, 0
u,0.8869913816452026, 0.0736771821975708, 0
u,0.8933480978012085, 0.39802271127700806, 0
u,0.8933480978012085, 0.3822842836380005, 0
u,0.8913401961326599, 0.3822842836380005, 0
u,0.862555205821991, 0.07567393779754639, 0
u,0.8468167781829834, 0.07567393779754639, 0
u,0.8468167781829834, 0.08090782165527344, 0
u,0.8913401961326599, 0.4582846164703369, 0
u,0.8913401961326599, 0.4740230441093445, 0
u,0.8968647718429565, 0.4740230441093445, 0
u,0.903912365436554, 0.5393491685390472, 0
u,0.9196507930755615, 0.5393491685390472, 0
u,0.9196507930755615, 0.5355106592178345, 0
