v,-0.0035613274667412043, 0.008935345336794853, 0.009307455271482468
v,-0.005069838836789131, 0.0061989761888980865, 0.009307455271482468
v,-0.0029232408851385117, 0.008275831118226051, 0.009307455271482468
v,-0.0008958554244600236, 0.009884518571197987, -0.010472442954778671
v,-0.002720945281907916, 0.008118725381791592, 0.009114926680922508
v,-0.0048493328504264355, 0.006059490144252777, 0.009114926680922508
v,0.0005550172063522041, 0.012917948886752129, 0.009121430106461048
v,-0.0009883790044113994, 0.010147829540073872, -0.002206685720011592
v,0.0011931037297472358, 0.012258434668183327, 0.009121430106461048
v,0.0028370660729706287, 0.015125853009521961, 0.009307455271482468
v,0.0013679263647645712, 0.012427576817572117, 0.009307455271482468
v,0.0034751526545733213, 0.01446633879095316, 0.009307455271482468
v,0.0058728354051709175, 0.016433292999863625, -0.010489923879504204
v,0.0060764034278690815, 0.016630247235298157, -0.0032290201634168625
v,0.002589308423921466, 0.013256448321044445, 0.005785705056041479
v,0.0060764034278690815, 0.016630247235298157, -0.0032290201634168625
v,0.006143820937722921, 0.016695475205779076, -0.010492256842553616
v,0.010115217417478561, 0.020537838339805603, 0.009070799686014652
v,0.005369164980947971, 0.017575684934854507, -0.01051490567624569
v,0.009985103271901608, 0.020764779299497604, 0.009122085757553577
v,0.00600725132972002, 0.016916170716285706, -0.01051490567624569
v,-0.0008958554244600236, 0.009884518571197987, -0.010472442954778671
v,-0.0008645066991448402, 0.009914848953485489, -0.003226076252758503
v,-0.002720945281907916, 0.008118725381791592, 0.009114926680922508
v,-0.0008645066991448402, 0.009914848953485489, -0.003226076252758503
v,0.002589308423921466, 0.013256448321044445, 0.005785705056041479
v,0.0036838646046817303, 0.014315441250801086, 0.009114926680922508
v,-0.0008645066991448402, 0.009914848953485489, -0.003226076252758503
v,-0.0007198352250270545, 0.010054820217192173, -0.010471031069755554
v,0.002589308423921466, 0.013256448321044445, 0.005785705056041479
v,0.002589308423921466, 0.013256448321044445, 0.005785705056041479
v,0.0060764034278690815, 0.016630247235298157, -0.0032290201634168625
v,0.0036838646046817303, 0.014315441250801086, 0.009114926680922508
v,0.005085681099444628, 0.017654240131378174, -0.0032290201634168625
v,0.006905411835759878, 0.01941484585404396, 0.009072496555745602
v,0.009124495089054108, 0.02156183123588562, 0.009070799686014652
v,-0.001855229027569294, 0.010938840918242931, -0.0032260757870972157
v,0.0015985860954970121, 0.014280440285801888, 0.005785705056041479
v,-0.0017105574952438474, 0.011078812181949615, -0.010471031069755554
v,-0.0018865776946768165, 0.010908510535955429, -0.010472442954778671
v,-0.003711667377501726, 0.009142717346549034, 0.009114926680922508
v,-0.001855229027569294, 0.010938840918242931, -0.0032260757870972157
v,-0.001855229027569294, 0.010938840918242931, -0.0032260757870972157
v,0.0005213074036873877, 0.01323816180229187, 0.009114926680922508
v,0.0026931422762572765, 0.015339433215558529, 0.009114926680922508
v,0.004882113076746464, 0.01745728589594364, -0.010489923879504204
v,0.0015985860954970121, 0.014280440285801888, 0.005785705056041479
v,0.005085681099444628, 0.017654240131378174, -0.0032290201634168625
v,0.005085681099444628, 0.017654240131378174, -0.0032290201634168625
v,0.009124495089054108, 0.02156183123588562, 0.009070799686014652
v,0.005153098609298468, 0.017719466239213943, -0.010492256842553616
v,0.0015985860954970121, 0.014280440285801888, 0.005785705056041479
v,0.0026931422762572765, 0.015339433215558529, 0.009114926680922508
v,0.005085681099444628, 0.017654240131378174, -0.0032290201634168625
v,-0.0018865776946768165, 0.010908510535955429, -0.010472442954778671
v,-0.001855229027569294, 0.010938840918242931, -0.0032260757870972157
v,-0.0017105574952438474, 0.011078812181949615, -0.010471031069755554
v,0.004882113076746464, 0.01745728589594364, -0.010489923879504204
v,0.005085681099444628, 0.017654240131378174, -0.0032290201634168625
v,0.005153098609298468, 0.017719466239213943, -0.010492256842553616
v,-0.0018865776946768165, 0.010908510535955429, -0.010472442954778671
v,-0.005840055178850889, 0.00708348210901022, 0.009114926680922508
v,-0.003711667377501726, 0.009142717346549034, 0.009114926680922508
v,-0.001855229027569294, 0.010938840918242931, -0.0032260757870972157
v,0.0026931422762572765, 0.015339433215558529, 0.009114926680922508
v,0.0015985860954970121, 0.014280440285801888, 0.005785705056041479
v,0.005207784008234739, 0.017419546842575073, -0.0022067660465836525
v,0.003650193102657795, 0.014635692350566387, 0.00912151113152504
v,0.005845870357006788, 0.01676003262400627, -0.0022067660465836525
v,0.0058728354051709175, 0.016433292999863625, -0.010489923879504204
v,0.006143820937722921, 0.016695475205779076, -0.010492256842553616
v,0.0060764034278690815, 0.016630247235298157, -0.0032290201634168625
v,0.0060764034278690815, 0.016630247235298157, -0.0032290201634168625
v,0.010115217417478561, 0.020537838339805603, 0.009070799686014652
v,0.00789613462984562, 0.018390852957963943, 0.009072496555745602
v,0.005830701906234026, 0.01674535684287548, -0.01070027519017458
v,0.00519261509180069, 0.017404871061444283, -0.01070027519017458
v,0.005830701906234026, 0.01674535684287548, -0.01070027519017458
v,0.0018135854043066502, 0.014135626144707203, 0.005341514945030212
v,0.005654253531247377, 0.016574641689658165, -0.010514866560697556
v,0.002451671753078699, 0.013476111926138401, 0.005341514945030212
v,-0.0008645066991448402, 0.009914848953485489, -0.003226076252758503
v,0.0036838646046817303, 0.014315441250801086, 0.009114926680922508
v,0.0015120296739041805, 0.012214169837534428, 0.009114926680922508
v,-0.00169064209330827, 0.01074525248259306, -0.0022042295895516872
v,-0.002755887806415558, 0.008437746204435825, 0.009118975140154362
v,-0.0010525555117055774, 0.010085737332701683, -0.0022042295895516872
v,0.00924556702375412, 0.02132614143192768, 0.009307455271482468
v,0.007751685567200184, 0.01860392652451992, 0.009307455271482468
v,0.009883653372526169, 0.02066662721335888, 0.009307455271482468
v,-0.0008958554244600236, 0.009884518571197987, -0.010472442954778671
v,-0.0007198352250270545, 0.010054820217192173, -0.010471031069755554
v,-0.0008645066991448402, 0.009914848953485489, -0.003226076252758503
v,-0.0014928467571735382, 0.010936621576547623, -0.010514986701309681
v,0.0023764658253639936, 0.013403348624706268, 0.005341635551303625
v,-0.0008547602337785065, 0.01027710735797882, -0.010514986701309681
v,-0.005809499882161617, 0.006760215852409601, 0.009122036397457123
v,-0.0012079422594979405, 0.009935399517416954, -0.010514856316149235
v,-0.005171413533389568, 0.006100701633840799, 0.009122036397457123
v,0.006946698296815157, 0.019101962447166443, 0.009118844754993916
v,0.005909811705350876, 0.01682189665734768, -0.0022041003685444593
v,0.007584785111248493, 0.01844244822859764, 0.009118844754993916
v,-0.0010315190302208066, 0.010106091387569904, -0.01070027519017458
v,-0.0016696054954081774, 0.010765605606138706, -0.01070027519017458
v,-0.0010315190302208066, 0.010106091387569904, -0.01070027519017458
v,0.009883653372526169, 0.02066662721335888, 0.009307455271482468
v,0.010115217417478561, 0.020537838339805603, 0.009070799686014652
v,0.009985103271901608, 0.020764779299497604, 0.009122085757553577
v,0.007584785111248493, 0.01844244822859764, 0.009118844754993916
v,0.00789613462984562, 0.018390852957963943, 0.009072496555745602
v,0.007751685567200184, 0.01860392652451992, 0.009307455271482468
v,0.005909811705350876, 0.01682189665734768, -0.0022041003685444593
v,0.005845870357006788, 0.01676003262400627, -0.0022067660465836525
v,0.0060764034278690815, 0.016630247235298157, -0.0032290201634168625
v,0.003650193102657795, 0.014635692350566387, 0.00912151113152504
v,0.0034751526545733213, 0.01446633879095316, 0.009307455271482468
v,0.0036838646046817303, 0.014315441250801086, 0.009114926680922508
v,0.0011931037297472358, 0.012258434668183327, 0.009121430106461048
v,0.0015120296739041805, 0.012214169837534428, 0.009114926680922508
v,0.0013679263647645712, 0.012427576817572117, 0.009307455271482468
v,-0.0009883790044113994, 0.010147829540073872, -0.002206685720011592
v,-0.0010525555117055774, 0.010085737332701683, -0.0022042295895516872
v,-0.0008645066991448402, 0.009914848953485489, -0.003226076252758503
v,-0.002755887806415558, 0.008437746204435825, 0.009118975140154362
v,-0.0029232408851385117, 0.008275831118226051, 0.009307455271482468
v,-0.002720945281907916, 0.008118725381791592, 0.009114926680922508
v,-0.005069838836789131, 0.0061989761888980865, 0.009307455271482468
v,-0.005171413533389568, 0.006100701633840799, 0.009122036397457123
v,-0.0048493328504264355, 0.006059490144252777, 0.009114926680922508
v,-0.0012079422594979405, 0.009935399517416954, -0.010514856316149235
v,-0.0010315190302208066, 0.010106091387569904, -0.01070027519017458
v,-0.0008958554244600236, 0.009884518571197987, -0.010472442954778671
v,-0.0010315190302208066, 0.010106091387569904, -0.01070027519017458
v,-0.0008547602337785065, 0.01027710735797882, -0.010514986701309681
v,-0.0007198352250270545, 0.010054820217192173, -0.010471031069755554
v,0.002451671753078699, 0.013476111926138401, 0.005341514945030212
v,0.002589308423921466, 0.013256448321044445, 0.005785705056041479
v,0.0023764658253639936, 0.013403348624706268, 0.005341635551303625
v,0.005654253531247377, 0.016574641689658165, -0.010514866560697556
v,0.005830701906234026, 0.01674535684287548, -0.01070027519017458
v,0.0058728354051709175, 0.016433292999863625, -0.010489923879504204
v,0.005830701906234026, 0.01674535684287548, -0.01070027519017458
v,0.00600725132972002, 0.016916170716285706, -0.01051490567624569
v,0.006143820937722921, 0.016695475205779076, -0.010492256842553616
v,0.00924556702375412, 0.02132614143192768, 0.009307455271482468
v,0.009347016923129559, 0.021424293518066406, 0.009122085757553577
v,0.009124495089054108, 0.02156183123588562, 0.009070799686014652
v,0.006946698296815157, 0.019101962447166443, 0.009118844754993916
v,0.007113598752766848, 0.019263440743088722, 0.009307455271482468
v,0.006905411835759878, 0.01941484585404396, 0.009072496555745602
v,0.005271725356578827, 0.01748141087591648, -0.0022041003685444593
v,0.005085681099444628, 0.017654240131378174, -0.0032290201634168625
v,0.005207784008234739, 0.017419546842575073, -0.0022067660465836525
v,0.0030121065210551023, 0.015295206569135189, 0.00912151113152504
v,0.0026931422762572765, 0.015339433215558529, 0.009114926680922508
v,0.0028370660729706287, 0.015125853009521961, 0.009307455271482468
v,0.0005550172063522041, 0.012917948886752129, 0.009121430106461048
v,0.0007298398413695395, 0.013087091036140919, 0.009307455271482468
v,0.0005213074036873877, 0.01323816180229187, 0.009114926680922508
v,-0.001626465586014092, 0.010807343758642673, -0.002206685720011592
v,-0.001855229027569294, 0.010938840918242931, -0.0032260757870972157
v,-0.00169064209330827, 0.01074525248259306, -0.0022042295895516872
v,-0.0033939743880182505, 0.009097260423004627, 0.009118975140154362
v,-0.003711667377501726, 0.009142717346549034, 0.009114926680922508
v,-0.0035613274667412043, 0.008935345336794853, 0.009307455271482468
v,-0.005707925651222467, 0.006858490407466888, 0.009307455271482468
v,-0.005840055178850889, 0.00708348210901022, 0.009114926680922508
v,-0.005809499882161617, 0.006760215852409601, 0.009122036397457123
v,-0.0018460287246853113, 0.010594913735985756, -0.010514856316149235
v,-0.0018865776946768165, 0.010908510535955429, -0.010472442954778671
v,-0.0016696054954081774, 0.010765605606138706, -0.01070027519017458
v,-0.0016696054954081774, 0.010765605606138706, -0.01070027519017458
v,-0.0017105574952438474, 0.011078812181949615, -0.010471031069755554
v,-0.0014928467571735382, 0.010936621576547623, -0.010514986701309681
v,0.0018135854043066502, 0.014135626144707203, 0.005341514945030212
v,0.0017383793601766229, 0.01406286284327507, 0.005341635551303625
v,0.0015985860954970121, 0.014280440285801888, 0.005785705056041479
v,0.005016166716814041, 0.017234155908226967, -0.010514866560697556
v,0.004882113076746464, 0.01745728589594364, -0.010489923879504204
v,0.00519261509180069, 0.017404871061444283, -0.01070027519017458
v,0.00519261509180069, 0.017404871061444283, -0.01070027519017458
v,0.005153098609298468, 0.017719466239213943, -0.010492256842553616
v,0.005369164980947971, 0.017575684934854507, -0.01051490567624569
v,0.00789613462984562, 0.018390852957963943, 0.009072496555745602
v,0.005909811705350876, 0.01682189665734768, -0.0022041003685444593
v,0.0060764034278690815, 0.016630247235298157, -0.0032290201634168625
v,0.005845870357006788, 0.01676003262400627, -0.0022067660465836525
v,0.0036838646046817303, 0.014315441250801086, 0.009114926680922508
v,0.0060764034278690815, 0.016630247235298157, -0.0032290201634168625
v,0.0015120296739041805, 0.012214169837534428, 0.009114926680922508
v,-0.0009883790044113994, 0.010147829540073872, -0.002206685720011592
v,-0.0008645066991448402, 0.009914848953485489, -0.003226076252758503
v,-0.0010525555117055774, 0.010085737332701683, -0.0022042295895516872
v,-0.002720945281907916, 0.008118725381791592, 0.009114926680922508
v,-0.0008645066991448402, 0.009914848953485489, -0.003226076252758503
v,-0.0029232408851385117, 0.008275831118226051, 0.009307455271482468
v,-0.0048493328504264355, 0.006059490144252777, 0.009114926680922508
v,-0.002720945281907916, 0.008118725381791592, 0.009114926680922508
v,-0.0048493328504264355, 0.006059490144252777, 0.009114926680922508
v,-0.0012079422594979405, 0.009935399517416954, -0.010514856316149235
v,-0.0008958554244600236, 0.009884518571197987, -0.010472442954778671
v,0.002451671753078699, 0.013476111926138401, 0.005341514945030212
v,0.0058728354051709175, 0.016433292999863625, -0.010489923879504204
v,0.002589308423921466, 0.013256448321044445, 0.005785705056041479
v,-0.0008958554244600236, 0.009884518571197987, -0.010472442954778671
v,-0.0010315190302208066, 0.010106091387569904, -0.01070027519017458
v,-0.0007198352250270545, 0.010054820217192173, -0.010471031069755554
v,0.009883653372526169, 0.02066662721335888, 0.009307455271482468
v,0.00789613462984562, 0.018390852957963943, 0.009072496555745602
v,0.010115217417478561, 0.020537838339805603, 0.009070799686014652
v,-0.0007198352250270545, 0.010054820217192173, -0.010471031069755554
v,0.0023764658253639936, 0.013403348624706268, 0.005341635551303625
v,0.002589308423921466, 0.013256448321044445, 0.005785705056041479
v,0.0058728354051709175, 0.016433292999863625, -0.010489923879504204
v,0.005830701906234026, 0.01674535684287548, -0.01070027519017458
v,0.006143820937722921, 0.016695475205779076, -0.010492256842553616
v,0.0034751526545733213, 0.01446633879095316, 0.009307455271482468
v,0.0015120296739041805, 0.012214169837534428, 0.009114926680922508
v,0.0036838646046817303, 0.014315441250801086, 0.009114926680922508
v,0.010115217417478561, 0.020537838339805603, 0.009070799686014652
v,0.00600725132972002, 0.016916170716285706, -0.01051490567624569
v,0.009985103271901608, 0.020764779299497604, 0.009122085757553577
v,0.006905411835759878, 0.01941484585404396, 0.009072496555745602
v,0.005271725356578827, 0.01748141087591648, -0.0022041003685444593
v,0.006946698296815157, 0.019101962447166443, 0.009118844754993916
v,0.005207784008234739, 0.017419546842575073, -0.0022067660465836525
v,0.0026931422762572765, 0.015339433215558529, 0.009114926680922508
v,0.0030121065210551023, 0.015295206569135189, 0.00912151113152504
v,0.0005213074036873877, 0.01323816180229187, 0.009114926680922508
v,-0.001626465586014092, 0.010807343758642673, -0.002206685720011592
v,0.0005550172063522041, 0.012917948886752129, 0.009121430106461048
v,-0.00169064209330827, 0.01074525248259306, -0.0022042295895516872
v,-0.003711667377501726, 0.009142717346549034, 0.009114926680922508
v,-0.0033939743880182505, 0.009097260423004627, 0.009118975140154362
v,-0.0035613274667412043, 0.008935345336794853, 0.009307455271482468
v,-0.005840055178850889, 0.00708348210901022, 0.009114926680922508
v,-0.005707925651222467, 0.006858490407466888, 0.009307455271482468
v,-0.005840055178850889, 0.00708348210901022, 0.009114926680922508
v,-0.0018460287246853113, 0.010594913735985756, -0.010514856316149235
v,-0.005809499882161617, 0.006760215852409601, 0.009122036397457123
v,0.0018135854043066502, 0.014135626144707203, 0.005341514945030212
v,0.004882113076746464, 0.01745728589594364, -0.010489923879504204
v,0.005016166716814041, 0.017234155908226967, -0.010514866560697556
v,-0.0016696054954081774, 0.010765605606138706, -0.01070027519017458
v,-0.0017105574952438474, 0.011078812181949615, -0.010471031069755554
v,-0.0016696054954081774, 0.010765605606138706, -0.01070027519017458
v,0.00924556702375412, 0.02132614143192768, 0.009307455271482468
v,0.006905411835759878, 0.01941484585404396, 0.009072496555745602
v,0.007113598752766848, 0.019263440743088722, 0.009307455271482468
v,-0.0017105574952438474, 0.011078812181949615, -0.010471031069755554
v,0.0017383793601766229, 0.01406286284327507, 0.005341635551303625
v,-0.0014928467571735382, 0.010936621576547623, -0.010514986701309681
v,0.00519261509180069, 0.017404871061444283, -0.01070027519017458
v,0.005153098609298468, 0.017719466239213943, -0.010492256842553616
v,0.00519261509180069, 0.017404871061444283, -0.01070027519017458
v,0.0028370660729706287, 0.015125853009521961, 0.009307455271482468
v,0.0005213074036873877, 0.01323816180229187, 0.009114926680922508
v,0.0007298398413695395, 0.013087091036140919, 0.009307455271482468
v,0.009124495089054108, 0.02156183123588562, 0.009070799686014652
v,0.005369164980947971, 0.017575684934854507, -0.01051490567624569
v,0.005153098609298468, 0.017719466239213943, -0.010492256842553616
v,0.005845870357006788, 0.01676003262400627, -0.0022067660465836525
v,0.005271725356578827, 0.01748141087591648, -0.0022041003685444593
v,0.005207784008234739, 0.017419546842575073, -0.0022067660465836525
v,0.006946698296815157, 0.019101962447166443, 0.009118844754993916
v,0.007751685567200184, 0.01860392652451992, 0.009307455271482468
v,0.007113598752766848, 0.019263440743088722, 0.009307455271482468
v,0.00600725132972002, 0.016916170716285706, -0.01051490567624569
v,0.00519261509180069, 0.017404871061444283, -0.01070027519017458
v,0.005369164980947971, 0.017575684934854507, -0.01051490567624569
v,0.00519261509180069, 0.017404871061444283, -0.01070027519017458
v,0.005654253531247377, 0.016574641689658165, -0.010514866560697556
v,0.005016166716814041, 0.017234155908226967, -0.010514866560697556
v,0.003650193102657795, 0.014635692350566387, 0.00912151113152504
v,0.0028370660729706287, 0.015125853009521961, 0.009307455271482468
v,0.0034751526545733213, 0.01446633879095316, 0.009307455271482468
v,0.00924556702375412, 0.02132614143192768, 0.009307455271482468
v,0.009985103271901608, 0.020764779299497604, 0.009122085757553577
v,0.009347016923129559, 0.021424293518066406, 0.009122085757553577
v,0.0018135854043066502, 0.014135626144707203, 0.005341514945030212
v,0.0023764658253639936, 0.013403348624706268, 0.005341635551303625
v,0.0017383793601766229, 0.01406286284327507, 0.005341635551303625
v,-0.0014928467571735382, 0.010936621576547623, -0.010514986701309681
v,-0.0010315190302208066, 0.010106091387569904, -0.01070027519017458
v,-0.0016696054954081774, 0.010765605606138706, -0.01070027519017458
v,0.0013679263647645712, 0.012427576817572117, 0.009307455271482468
v,0.0005550172063522041, 0.012917948886752129, 0.009121430106461048
v,0.0011931037297472358, 0.012258434668183327, 0.009121430106461048
v,-0.0009883790044113994, 0.010147829540073872, -0.002206685720011592
v,-0.00169064209330827, 0.01074525248259306, -0.0022042295895516872
v,-0.0010525555117055774, 0.010085737332701683, -0.0022042295895516872
v,-0.002755887806415558, 0.008437746204435825, 0.009118975140154362
v,-0.0035613274667412043, 0.008935345336794853, 0.009307455271482468
v,-0.0029232408851385117, 0.008275831118226051, 0.009307455271482468
v,-0.0016696054954081774, 0.010765605606138706, -0.01070027519017458
v,-0.0012079422594979405, 0.009935399517416954, -0.010514856316149235
v,-0.0018460287246853113, 0.010594913735985756, -0.010514856316149235
v,-0.005069838836789131, 0.0061989761888980865, 0.009307455271482468
v,-0.005809499882161617, 0.006760215852409601, 0.009122036397457123
v,-0.005171413533389568, 0.006100701633840799, 0.009122036397457123
v,-0.0035613274667412043, 0.008935345336794853, 0.009307455271482468
v,-0.005707925651222467, 0.006858490407466888, 0.009307455271482468
v,-0.005069838836789131, 0.0061989761888980865, 0.009307455271482468
v,0.0005550172063522041, 0.012917948886752129, 0.009121430106461048
v,-0.001626465586014092, 0.010807343758642673, -0.002206685720011592
v,-0.0009883790044113994, 0.010147829540073872, -0.002206685720011592
v,0.0028370660729706287, 0.015125853009521961, 0.009307455271482468
v,0.0007298398413695395, 0.013087091036140919, 0.009307455271482468
v,0.0013679263647645712, 0.012427576817572117, 0.009307455271482468
v,0.005369164980947971, 0.017575684934854507, -0.01051490567624569
v,0.009347016923129559, 0.021424293518066406, 0.009122085757553577
v,0.009985103271901608, 0.020764779299497604, 0.009122085757553577
v,0.005207784008234739, 0.017419546842575073, -0.0022067660465836525
v,0.0030121065210551023, 0.015295206569135189, 0.00912151113152504
v,0.003650193102657795, 0.014635692350566387, 0.00912151113152504
v,0.005830701906234026, 0.01674535684287548, -0.01070027519017458
v,0.00519261509180069, 0.017404871061444283, -0.01070027519017458
v,0.00519261509180069, 0.017404871061444283, -0.01070027519017458
v,0.0018135854043066502, 0.014135626144707203, 0.005341514945030212
v,0.005016166716814041, 0.017234155908226967, -0.010514866560697556
v,0.005654253531247377, 0.016574641689658165, -0.010514866560697556
v,-0.00169064209330827, 0.01074525248259306, -0.0022042295895516872
v,-0.0033939743880182505, 0.009097260423004627, 0.009118975140154362
v,-0.002755887806415558, 0.008437746204435825, 0.009118975140154362
v,0.00924556702375412, 0.02132614143192768, 0.009307455271482468
v,0.007113598752766848, 0.019263440743088722, 0.009307455271482468
v,0.007751685567200184, 0.01860392652451992, 0.009307455271482468
v,-0.0014928467571735382, 0.010936621576547623, -0.010514986701309681
v,0.0017383793601766229, 0.01406286284327507, 0.005341635551303625
v,0.0023764658253639936, 0.013403348624706268, 0.005341635551303625
v,-0.005809499882161617, 0.006760215852409601, 0.009122036397457123
v,-0.0018460287246853113, 0.010594913735985756, -0.010514856316149235
v,-0.0012079422594979405, 0.009935399517416954, -0.010514856316149235
v,0.006946698296815157, 0.019101962447166443, 0.009118844754993916
v,0.005271725356578827, 0.01748141087591648, -0.0022041003685444593
v,0.005909811705350876, 0.01682189665734768, -0.0022041003685444593
v,-0.0010315190302208066, 0.010106091387569904, -0.01070027519017458
v,-0.0016696054954081774, 0.010765605606138706, -0.01070027519017458
v,-0.0016696054954081774, 0.010765605606138706, -0.01070027519017458
v,0.00789613462984562, 0.018390852957963943, 0.009072496555745602
v,0.007584785111248493, 0.01844244822859764, 0.009118844754993916
v,0.005909811705350876, 0.01682189665734768, -0.0022041003685444593
v,0.005845870357006788, 0.01676003262400627, -0.0022067660465836525
v,0.003650193102657795, 0.014635692350566387, 0.00912151113152504
v,0.0036838646046817303, 0.014315441250801086, 0.009114926680922508
v,0.0015120296739041805, 0.012214169837534428, 0.009114926680922508
v,0.0011931037297472358, 0.012258434668183327, 0.009121430106461048
v,-0.0009883790044113994, 0.010147829540073872, -0.002206685720011592
v,-0.0010525555117055774, 0.010085737332701683, -0.0022042295895516872
v,-0.002755887806415558, 0.008437746204435825, 0.009118975140154362
v,-0.002720945281907916, 0.008118725381791592, 0.009114926680922508
v,-0.0029232408851385117, 0.008275831118226051, 0.009307455271482468
v,-0.005069838836789131, 0.0061989761888980865, 0.009307455271482468
v,-0.0048493328504264355, 0.006059490144252777, 0.009114926680922508
v,-0.0048493328504264355, 0.006059490144252777, 0.009114926680922508
v,-0.005171413533389568, 0.006100701633840799, 0.009122036397457123
v,-0.0012079422594979405, 0.009935399517416954, -0.010514856316149235
v,0.002451671753078699, 0.013476111926138401, 0.005341514945030212
v,0.005654253531247377, 0.016574641689658165, -0.010514866560697556
v,0.0058728354051709175, 0.016433292999863625, -0.010489923879504204
v,-0.0008958554244600236, 0.009884518571197987, -0.010472442954778671
v,-0.0010315190302208066, 0.010106091387569904, -0.01070027519017458
v,-0.0010315190302208066, 0.010106091387569904, -0.01070027519017458
v,0.009883653372526169, 0.02066662721335888, 0.009307455271482468
v,0.007751685567200184, 0.01860392652451992, 0.009307455271482468
v,0.00789613462984562, 0.018390852957963943, 0.009072496555745602
v,-0.0007198352250270545, 0.010054820217192173, -0.010471031069755554
v,-0.0008547602337785065, 0.01027710735797882, -0.010514986701309681
v,0.0023764658253639936, 0.013403348624706268, 0.005341635551303625
v,0.0058728354051709175, 0.016433292999863625, -0.010489923879504204
v,0.005830701906234026, 0.01674535684287548, -0.01070027519017458
v,0.005830701906234026, 0.01674535684287548, -0.01070027519017458
v,0.0034751526545733213, 0.01446633879095316, 0.009307455271482468
v,0.0013679263647645712, 0.012427576817572117, 0.009307455271482468
v,0.0015120296739041805, 0.012214169837534428, 0.009114926680922508
v,0.010115217417478561, 0.020537838339805603, 0.009070799686014652
v,0.006143820937722921, 0.016695475205779076, -0.010492256842553616
v,0.00600725132972002, 0.016916170716285706, -0.01051490567624569
v,0.006905411835759878, 0.01941484585404396, 0.009072496555745602
v,0.005085681099444628, 0.017654240131378174, -0.0032290201634168625
v,0.005271725356578827, 0.01748141087591648, -0.0022041003685444593
v,0.005207784008234739, 0.017419546842575073, -0.0022067660465836525
v,0.005085681099444628, 0.017654240131378174, -0.0032290201634168625
v,0.0026931422762572765, 0.015339433215558529, 0.009114926680922508
v,0.0005213074036873877, 0.01323816180229187, 0.009114926680922508
v,-0.001855229027569294, 0.010938840918242931, -0.0032260757870972157
v,-0.001626465586014092, 0.010807343758642673, -0.002206685720011592
v,-0.00169064209330827, 0.01074525248259306, -0.0022042295895516872
v,-0.001855229027569294, 0.010938840918242931, -0.0032260757870972157
v,-0.003711667377501726, 0.009142717346549034, 0.009114926680922508
v,-0.0035613274667412043, 0.008935345336794853, 0.009307455271482468
v,-0.003711667377501726, 0.009142717346549034, 0.009114926680922508
v,-0.005840055178850889, 0.00708348210901022, 0.009114926680922508
v,-0.005840055178850889, 0.00708348210901022, 0.009114926680922508
v,-0.0018865776946768165, 0.010908510535955429, -0.010472442954778671
v,-0.0018460287246853113, 0.010594913735985756, -0.010514856316149235
v,0.0018135854043066502, 0.014135626144707203, 0.005341514945030212
v,0.0015985860954970121, 0.014280440285801888, 0.005785705056041479
v,0.004882113076746464, 0.01745728589594364, -0.010489923879504204
v,-0.0016696054954081774, 0.010765605606138706, -0.01070027519017458
v,-0.0018865776946768165, 0.010908510535955429, -0.010472442954778671
v,-0.0017105574952438474, 0.011078812181949615, -0.010471031069755554
v,0.00924556702375412, 0.02132614143192768, 0.009307455271482468
v,0.009124495089054108, 0.02156183123588562, 0.009070799686014652
v,0.006905411835759878, 0.01941484585404396, 0.009072496555745602
v,-0.0017105574952438474, 0.011078812181949615, -0.010471031069755554
v,0.0015985860954970121, 0.014280440285801888, 0.005785705056041479
v,0.0017383793601766229, 0.01406286284327507, 0.005341635551303625
v,0.00519261509180069, 0.017404871061444283, -0.01070027519017458
v,0.004882113076746464, 0.01745728589594364, -0.010489923879504204
v,0.005153098609298468, 0.017719466239213943, -0.010492256842553616
v,0.0028370660729706287, 0.015125853009521961, 0.009307455271482468
v,0.0026931422762572765, 0.015339433215558529, 0.009114926680922508
v,0.0005213074036873877, 0.01323816180229187, 0.009114926680922508
v,0.009124495089054108, 0.02156183123588562, 0.009070799686014652
v,0.009347016923129559, 0.021424293518066406, 0.009122085757553577
v,0.005369164980947971, 0.017575684934854507, -0.01051490567624569
v,0.005845870357006788, 0.01676003262400627, -0.0022067660465836525
v,0.005909811705350876, 0.01682189665734768, -0.0022041003685444593
v,0.005271725356578827, 0.01748141087591648, -0.0022041003685444593
v,0.006946698296815157, 0.019101962447166443, 0.009118844754993916
v,0.007584785111248493, 0.01844244822859764, 0.009118844754993916
v,0.007751685567200184, 0.01860392652451992, 0.009307455271482468
v,0.00600725132972002, 0.016916170716285706, -0.01051490567624569
v,0.005830701906234026, 0.01674535684287548, -0.01070027519017458
v,0.00519261509180069, 0.017404871061444283, -0.01070027519017458
v,0.00519261509180069, 0.017404871061444283, -0.01070027519017458
v,0.005830701906234026, 0.01674535684287548, -0.01070027519017458
v,0.005654253531247377, 0.016574641689658165, -0.010514866560697556
v,0.003650193102657795, 0.014635692350566387, 0.00912151113152504
v,0.0030121065210551023, 0.015295206569135189, 0.00912151113152504
v,0.0028370660729706287, 0.015125853009521961, 0.009307455271482468
v,0.00924556702375412, 0.02132614143192768, 0.009307455271482468
v,0.009883653372526169, 0.02066662721335888, 0.009307455271482468
v,0.009985103271901608, 0.020764779299497604, 0.009122085757553577
v,0.0018135854043066502, 0.014135626144707203, 0.005341514945030212
v,0.002451671753078699, 0.013476111926138401, 0.005341514945030212
v,0.0023764658253639936, 0.013403348624706268, 0.005341635551303625
v,-0.0014928467571735382, 0.010936621576547623, -0.010514986701309681
v,-0.0008547602337785065, 0.01027710735797882, -0.010514986701309681
v,-0.0010315190302208066, 0.010106091387569904, -0.01070027519017458
v,0.0013679263647645712, 0.012427576817572117, 0.009307455271482468
v,0.0007298398413695395, 0.013087091036140919, 0.009307455271482468
v,0.0005550172063522041, 0.012917948886752129, 0.009121430106461048
v,-0.0009883790044113994, 0.010147829540073872, -0.002206685720011592
v,-0.001626465586014092, 0.010807343758642673, -0.002206685720011592
v,-0.00169064209330827, 0.01074525248259306, -0.0022042295895516872
v,-0.002755887806415558, 0.008437746204435825, 0.009118975140154362
v,-0.0033939743880182505, 0.009097260423004627, 0.009118975140154362
v,-0.0035613274667412043, 0.008935345336794853, 0.009307455271482468
v,-0.0016696054954081774, 0.010765605606138706, -0.01070027519017458
v,-0.0010315190302208066, 0.010106091387569904, -0.01070027519017458
v,-0.0012079422594979405, 0.009935399517416954, -0.010514856316149235
v,-0.005069838836789131, 0.0061989761888980865, 0.009307455271482468
v,-0.005707925651222467, 0.006858490407466888, 0.009307455271482468
v,-0.005809499882161617, 0.006760215852409601, 0.009122036397457123
n,1.0451520893184352e-06, -1.0802496035466902e-06, 34.38671112060547
n,18.154165267944336, -18.763805389404297, -8.695075734976854e-07
n,-23.769662857055664, -22.99738311767578, 8.862153053283691
n,1.0451520893184352e-06, -1.0802496035466902e-06, 34.38671112060547
n,18.154165267944336, -18.763805389404297, -6.628503115280182e-07
n,18.154163360595703, -18.76380729675293, -6.549313980031002e-07
n,23.686019897460938, 22.916458129882812, -9.28940486907959
n,18.154165267944336, -18.763805389404297, -8.871601266946527e-07
n,18.15416717529297, -18.763803482055664, -2.582369688752806e-06
n,18.154165267944336, -18.763805389404297, -9.173472221846168e-07
n,18.154165267944336, -18.763805389404297, -1.4436739093071083e-06
n,-18.154165267944336, 18.763805389404297, 1.7468341866333503e-06
n,-18.154163360595703, 18.76380729675293, 6.93455319833447e-07
n,-18.15416717529297, 18.763803482055664, 6.499581104435492e-07
n,-18.154165267944336, 18.763805389404297, 1.7449649476475315e-06
n,-18.15416717529297, 18.763803482055664, 6.907774832143332e-07
n,-18.154163360595703, 18.76380729675293, 6.59094496313628e-07
n,-18.154165267944336, 18.763805389404297, 1.3311002931004623e-06
n,-18.154165267944336, 18.763805389404297, 6.271305323934939e-07
n,-18.154165267944336, 18.763805389404297, 6.283014499786077e-07
n,-18.154165267944336, 18.763805389404297, 1.3043255648881313e-06
n,-18.154157638549805, 18.763813018798828, -3.847751941066235e-06
n,23.759384155273438, 22.98744010925293, 8.915838241577148
n,18.154165267944336, -18.763805389404297, -6.283014499786077e-07
n,18.154165267944336, -18.763805389404297, -1.8709869209487806e-06
n,0.0, 0.0, 0.0
n,-23.691091537475586, -22.92136573791504, -9.264105796813965
n,18.154165267944336, -18.763805389404297, -1.2779449889421812e-06
n,24.083471298217773, 23.300996780395508, 7.014091491699219
n,1.0451520893184352e-06, -1.0802496035466902e-06, 34.38671112060547
n,18.154165267944336, -18.763805389404297, -8.841848284646403e-07
n,23.675683975219727, 22.906457901000977, -9.340743064880371
n,-23.692249298095703, -22.922487258911133, -9.258306503295898
n,-24.100011825561523, -23.316999435424805, 6.90220308303833
n,0.0, 0.0, 0.0
n,25.14980697631836, 10.100308418273926, 19.1121826171875
n,-0.7936118245124817, -23.473119735717773, 20.79871940612793
n,17.704833984375, -18.57303810119629, 6.350723743438721
n,22.454648971557617, 1.890925645828247, 22.860151290893555
n,-2.6421902179718018, -22.39358139038086, 22.84443473815918
n,17.965667724609375, -18.317041397094727, 6.369455337524414
n,22.943967819213867, 2.2302372455596924, 22.288049697875977
n,-3.0563998222351074, -26.608219146728516, 15.77703857421875
n,-0.7667595744132996, -22.831377029418945, -21.747486114501953
n,20.1361141204834, 7.123755931854248, -25.784128189086914
n,16.64514923095703, -17.226755142211914, -13.676743507385254
n,-9.283845901489258, -19.003297805786133, -26.332441329956055
n,19.034753799438477, 9.061544418334961, -26.47911262512207
n,10.925187110900879, 24.802608489990234, 19.1121826171875
n,-23.486522674560547, -0.01815098337829113, 20.798715591430664
n,-17.978322982788086, 18.308433532714844, 6.350724697113037
n,2.6312930583953857, 22.37997055053711, 22.860151290893555
n,-22.46860694885254, -1.901365041732788, 22.84442901611328
n,-17.713857650756836, 18.560672760009766, 6.3694586753845215
n,2.9865758419036865, 22.857820510864258, 22.288043975830078
n,-26.69462776184082, -2.1761908531188965, 15.7770357131958
n,-22.8442440032959, -0.012501033022999763, -21.747486114501953
n,7.784717082977295, 19.889928817749023, -25.784128189086914
n,-16.66777992248535, 17.20486068725586, -13.676741600036621
n,-19.299468994140625, -8.651337623596191, -26.332441329956055
n,9.685083389282227, 18.725189208984375, -26.47911262512207
n,-4.204371452331543, -29.755624771118164, 4.880599021911621
n,29.63736343383789, 2.986621618270874, 6.3044657707214355
n,-3.970616102218628, -29.52960777282715, 6.266457557678223
n,29.866540908813477, 3.2084157466888428, 4.95973539352417
n,12.836942672729492, -13.268022537231445, 24.315061569213867
n,-3.9160234928131104, -29.476659774780273, -6.546616077423096
n,-16.301233291625977, -27.860977172851562, -8.726886749267578
n,13.96627426147461, -14.251435279846191, -22.17612648010254
n,14.090119361877441, -14.54612922668457, 21.703001022338867
n,28.529077529907227, 14.906258583068848, -8.742904663085938
n,13.25439453125, -13.906712532043457, -23.285961151123047
n,12.836941719055176, -13.268023490905762, 24.315061569213867
n,27.36033058166504, 17.724302291870117, -9.016109466552734
n,-29.878206253051758, -3.2195522785186768, 4.880589962005615
n,3.9634287357330322, 29.5225830078125, 6.304439067840576
n,-29.64461326599121, -2.9935190677642822, 6.266475200653076
n,4.192730903625488, 29.74431610107422, 4.959726333618164
n,-12.836942672729492, 13.268025398254395, 24.3150577545166
n,-29.589906692504883, -2.940814733505249, -6.546649932861328
n,-28.166589736938477, -15.938041687011719, -8.803414344787598
n,0.0, 0.0, 0.0
n,-14.042070388793945, 14.513620376586914, 21.794574737548828
n,16.380207061767578, 27.806476593017578, -8.820159912109375
n,0.0, 0.0, 0.0
n,-12.836941719055176, 13.268022537231445, 24.315059661865234
n,17.308717727661133, 27.412012100219727, -8.897726058959961
n,-0.740118145942688, -0.716073751449585, 34.37114715576172
n,-15.551822662353516, -15.046544075012207, 26.643836975097656
n,14.861091613769531, 14.378254890441895, -27.40325164794922
n,-14.86854362487793, -14.38546085357666, -27.395357131958008
n,14.971267700195312, 14.484848022460938, 27.28583335876465
n,19.604658126831055, 18.967700958251953, 20.7727108001709
n,-0.02845153398811817, -0.027525048702955246, -34.386688232421875
n,14.845821380615234, 14.363480567932129, -27.419422149658203
n,-14.987082481384277, -14.500153541564941, 27.268861770629883
n,0.6794363260269165, 0.65735924243927, 34.373592376708984
n,15.520101547241211, 15.015851020812988, 26.679950714111328
n,-14.870367050170898, -14.387226104736328, -27.393423080444336
n,-19.597740173339844, -18.961008071899414, 20.785457611083984
n,1.0451520893184352e-06, -1.0802496035466902e-06, 34.38671112060547
n,-23.769664764404297, -22.99738121032715, 8.862153053283691
n,1.0451520893184352e-06, -1.0802496035466902e-06, 34.38671112060547
n,23.686019897460938, 22.916458129882812, -9.28940486907959
n,23.759384155273438, 22.98744010925293, 8.915838241577148
n,0.0, 0.0, 0.0
n,-23.691091537475586, -22.92136573791504, -9.264105796813965
n,24.083471298217773, 23.300996780395508, 7.0140910148620605
n,1.0451520893184352e-06, -1.0802496035466902e-06, 34.38671112060547
n,23.675683975219727, 22.906457901000977, -9.340743064880371
n,-23.692249298095703, -22.922487258911133, -9.258306503295898
n,-24.100011825561523, -23.316999435424805, 6.902203559875488
n,0.0, 0.0, 0.0
n,-4.204311370849609, -29.755619049072266, 4.880587577819824
n,29.637346267700195, 2.986504316329956, 6.304437637329102
n,-3.9706714153289795, -29.529613494873047, 6.266469955444336
n,29.866533279418945, 3.2083613872528076, 4.9597249031066895
n,12.83694076538086, -13.268021583557129, 24.3150634765625
n,-3.9161922931671143, -29.476675033569336, -6.5466508865356445
n,-16.859346389770508, -27.62499237060547, -8.803415298461914
n,-23.882064819335938, -23.106136322021484, -8.250603675842285
n,14.042069435119629, -14.513620376586914, 21.794578552246094
n,28.3321590423584, 15.453143119812012, -8.82015609741211
n,0.0, 0.0, 0.0
n,12.83694076538086, -13.268022537231445, 24.315061569213867
n,27.96855926513672, 16.39420509338379, -8.897727012634277
n,-29.878215789794922, -3.219616174697876, 4.880601406097412
n,3.963541269302368, 29.522592544555664, 6.304466247558594
n,-29.644603729248047, -2.993461847305298, 6.266461372375488
n,4.1927900314331055, 29.74432373046875, 4.959737300872803
n,-12.836942672729492, 13.268025398254395, 24.3150577545166
n,-29.589885711669922, -2.9406373500823975, -6.546614646911621
n,-28.384008407592773, -15.372451782226562, -8.726887702941895
n,-13.78253173828125, 14.42920970916748, -22.17612648010254
n,-14.072975158691406, 14.56271743774414, 21.7030029296875
n,15.840093612670898, 28.02135467529297, -8.742904663085938
n,-13.461503028869629, 13.706339836120605, -23.28595733642578
n,-12.836941719055176, 13.268022537231445, 24.3150577545166
n,18.6180419921875, 26.76018524169922, -9.016111373901367
n,-0.7401180863380432, -0.7160736918449402, 34.37114334106445
n,-15.551822662353516, -15.046544075012207, 26.643836975097656
n,14.861092567443848, 14.378256797790527, -27.403255462646484
n,-14.86854362487793, -14.38546085357666, -27.395357131958008
n,14.971267700195312, 14.484848022460938, 27.28583335876465
n,19.604658126831055, 18.967700958251953, 20.7727108001709
n,-0.02845153398811817, -0.027525048702955246, -34.386688232421875
n,14.845821380615234, 14.363480567932129, -27.419422149658203
n,-14.987082481384277, -14.500153541564941, 27.268861770629883
n,0.6794905662536621, 0.6574230194091797, 34.37358856201172
n,15.520100593566895, 15.015849113464355, 26.679950714111328
n,-14.870367050170898, -14.387226104736328, -27.393423080444336
n,-19.597740173339844, -18.961008071899414, 20.785457611083984
u,0.8468167781829834, 0.08090782165527344, 0
u,0.862555205821991, 0.14806824922561646, 0
u,0.862555205821991, 0.08090782165527344, 0
u,0.005186581052839756, 0.6554973721504211, 0
u,0.4476318061351776, 0.5983957946300507, 0
u,0.4476317763328552, 0.5318050980567932, 0
u,0.9685231447219849, 0.20198041200637817, 0
u,0.9842615127563477, 0.449468731880188, 0
u,0.9842615127563477, 0.20198041200637817, 0
u,0.8869913816452026, 0.14507752656936646, 0
u,0.8712529540061951, 0.07914888858795166, 0
u,0.8712529540061951, 0.14507752656936646, 0
u,0.004791734274476767, 0.8672689646482468, 0
u,0.1688031405210495, 0.8736379444599152, 0
u,0.37243035435676575, 0.7645373791456223, 0
u,0.1688031405210495, 0.8736379444599152, 0
u,0.00473904050886631, 0.8757472634315491, 0
u,0.44663506746292114, 1.000000017676797, 0
u,0.9239996671676636, 1.000000001235528, 0
u,0.908261239528656, 0.5430289506912231, 0
u,0.908261239528656, 1.0000000005475798, 0
u,0.005186581052839756, 0.6554973721504211, 0
u,0.16886962950229645, 0.6564781367778778, 0
u,0.4476318061351776, 0.5983957946300507, 0
u,0.16886962950229645, 0.6564781367778778, 0
u,0.37243035435676575, 0.7645373791456223, 0
u,0.4476318061351776, 0.7987826764583588, 0
u,0.16886962950229645, 0.6564781367778778, 0
u,0.0052184900268912315, 0.661004513502121, 0
u,0.37243035435676575, 0.7645373791456223, 0
u,0.37243035435676575, 0.7645373791456223, 0
u,0.1688031405210495, 0.8736379444599152, 0
u,0.4476318061351776, 0.7987826764583588, 0
u,0.6207435727119446, 0.6536064147949219, 0
u,0.8986138105392456, 0.5966726839542389, 0
u,0.8985754251480103, 0.5272443890571594, 0
u,0.6208100914955139, 0.8707661777734756, 0
u,0.8243707418441772, 0.7627069652080536, 0
u,0.4571589231491089, 0.8662398159503937, 0
u,0.45712703466415405, 0.8717469573020935, 0
u,0.8995721936225891, 0.9288485124707222, 0
u,0.6208100914955139, 0.8707661777734756, 0
u,0.6208100914955139, 0.8707661777734756, 0
u,0.8995721936225891, 0.7964117377996445, 0
u,0.8995721936225891, 0.7284616827964783, 0
u,0.45673221349716187, 0.6599753797054291, 0
u,0.8243707418441772, 0.7627069652080536, 0
u,0.6207435727119446, 0.6536064147949219, 0
u,0.6207435727119446, 0.6536064147949219, 0
u,0.8985754251480103, 0.5272443890571594, 0
u,0.45667949318885803, 0.651497095823288, 0
u,0.8243707418441772, 0.7627069652080536, 0
u,0.8995721936225891, 0.7284616827964783, 0
u,0.6207435727119446, 0.6536064147949219, 0
u,0.45712703466415405, 0.8717469573020935, 0
u,0.6208100914955139, 0.8707661777734756, 0
u,0.4571589231491089, 0.8662398159503937, 0
u,0.45673221349716187, 0.6599753797054291, 0
u,0.6207435727119446, 0.6536064147949219, 0
u,0.45667949318885803, 0.651497095823288, 0
u,0.45712703466415405, 0.8717469573020935, 0
u,0.8995721340179443, 0.9954392309300601, 0
u,0.8995721936225891, 0.9288485124707222, 0
u,0.6208100914955139, 0.8707661777734756, 0
u,0.8995721936225891, 0.7284616827964783, 0
u,0.8243707418441772, 0.7627069652080536, 0
u,1.0, 0.7547284215688705, 0
u,0.9842615723609924, 0.5115889608860016, 0
u,0.9842615723609924, 0.7547284215688705, 0
u,0.004791734274476767, 0.8672689646482468, 0
u,0.00473904050886631, 0.8757472634315491, 0
u,0.1688031405210495, 0.8736379444599152, 0
u,0.1688031405210495, 0.8736379444599152, 0
u,0.44663506746292114, 1.000000017676797, 0
u,0.44667336344718933, 0.9305716827511787, 0
u,0.45197200775146484, 0.5272442996501923, 0
u,0.45197200775146484, 0.5272442996501923, 0
u,0.45197200775146484, 0.5272442996501923, 0
u,0.8869913816452026, 0.5171395242214203, 0
u,0.8712529540061951, 0.15055203437805176, 0
u,0.8712529540061951, 0.5171395242214203, 0
u,0.16886962950229645, 0.6564781367778778, 0
u,0.4476318061351776, 0.7987826764583588, 0
u,0.4476318061351776, 0.7308326065540314, 0
u,1.0, 1.0000000045576076, 0
u,0.9842615723609924, 0.7547284066677094, 0
u,0.9842615723609924, 1.0000000038696593, 0
u,0.9353891611099243, 0.1831951141357422, 0
u,0.9196507334709167, 0.1164923906326294, 0
u,0.9196507334709167, 0.1831951141357422, 0
u,0.005186581052839756, 0.6554973721504211, 0
u,0.0052184900268912315, 0.661004513502121, 0
u,0.16886962950229645, 0.6564781367778778, 0
u,0.8468167185783386, 0.14806830883026123, 0
u,0.8625551462173462, 0.5171540379524231, 0
u,0.8625551462173462, 0.14806830883026123, 0
u,0.9196507930755615, 0.5355106592178345, 0
u,0.9039124250411987, 0.08152920007705688, 0
u,0.903912365436554, 0.5355106592178345, 0
u,0.9842615723609924, 0.6984739303588867, 0
u,0.9685232043266296, 0.44946879148483276, 0
u,0.9685231447219849, 0.6984739303588867, 0
u,3.153664874844253e-05, 0.6567690372467041, 0
u,-4.758810678850978e-09, 0.6567680239677429, 0
u,3.153664874844253e-05, 0.6567690372467041, 0
u,0.908261239528656, 0.5393491983413696, 0
u,0.903912365436554, 0.5443857908248901, 0
u,0.908261239528656, 0.5430289506912231, 0
u,0.4477115869522095, 0.9263466820120811, 0
u,0.44667336344718933, 0.9305716827511787, 0
u,0.45197197794914246, 0.93156848102808, 0
u,0.1919456124305725, 0.873941957950592, 0
u,0.19188539683818817, 0.8719414323568344, 0
u,0.1688031405210495, 0.8736379444599152, 0
u,0.8712529540061951, 0.15055197477340698, 0
u,0.8712529540061951, 0.14507752656936646, 0
u,0.866904079914093, 0.14608889818191528, 0
u,0.8712529540061951, 0.0736771821975708, 0
u,0.866904079914093, 0.07813888788223267, 0
u,0.8712529540061951, 0.07914888858795166, 0
u,0.19188719987869263, 0.6581186950206757, 0
u,0.19194267690181732, 0.6561108231544495, 0
u,0.16886962950229645, 0.6564781367778778, 0
u,0.862555205821991, 0.07567393779754639, 0
u,0.862555205821991, 0.08090782165527344, 0
u,0.866904079914093, 0.08009719848632812, 0
u,0.45197194814682007, 0.5304223001003265, 0
u,0.4477836489677429, 0.5272443294525146, 0
u,0.4476317763328552, 0.5318050980567932, 0
u,0.8968647718429565, 0.4740230441093445, 0
u,0.8913401961326599, 0.4740230441093445, 0
u,0.8926181197166443, 0.47837191820144653, 0
u,0.8968656063079834, 0.5228954255580902, 0
u,0.8913401961326599, 0.5228954255580902, 0
u,0.8926364183425903, 0.5272442996501923, 0
u,0.8913401961326599, 0.35643112659454346, 0
u,0.8913401961326599, 0.36654597520828247, 0
u,0.8936759233474731, 0.3567153215408325, 0
u,0.8968656063079834, 0.49845921993255615, 0
u,0.8913401961326599, 0.49845921993255615, 0
u,0.8955439329147339, 0.5028081238269806, 0
u,0.8968590497970581, 0.4495868682861328, 0
u,0.8913401961326599, 0.4495868682861328, 0
u,0.8925843834877014, 0.45393574237823486, 0
u,0.9239996671676636, 0.5393491983413696, 0
u,0.9239996671676636, 0.5430289506912231, 0
u,0.9283485412597656, 0.5443857908248901, 0
u,0.8996520042419434, 0.6008976995944977, 0
u,0.903912365436554, 0.5956758856773376, 0
u,0.8986138105392456, 0.5966726839542389, 0
u,0.6438860297203064, 0.653302401304245, 0
u,0.6207435727119446, 0.6536064147949219, 0
u,0.6438258290290833, 0.6553029119968414, 0
u,0.8869913816452026, 0.15055197477340698, 0
u,0.8913402557373047, 0.14608889818191528, 0
u,0.8869913816452026, 0.14507752656936646, 0
u,0.8869913816452026, 0.0736771821975708, 0
u,0.8869913816452026, 0.07914888858795166, 0
u,0.8913402557373047, 0.07813888788223267, 0
u,0.6438276171684265, 0.8691256195306778, 0
u,0.6208100914955139, 0.8707661777734756, 0
u,0.6438831090927124, 0.8711335062980652, 0
u,0.8468167781829834, 0.07567393779754639, 0
u,0.8424679040908813, 0.08009719848632812, 0
u,0.8468167781829834, 0.08090782165527344, 0
u,0.9039123058319092, 0.9968220391310751, 0
u,0.8995721340179443, 0.9954392309300601, 0
u,0.8997240662574768, 0.9999999992141229, 0
u,0.8968647718429565, 0.4582846164703369, 0
u,0.8926181197166443, 0.45393574237823486, 0
u,0.8913401961326599, 0.4582846164703369, 0
u,0.8968656063079834, 0.5071569979190826, 0
u,0.8926364183425903, 0.5028081238269806, 0
u,0.8913401961326599, 0.5071569979190826, 0
u,0.8913401961326599, 0.3561675548553467, 0
u,0.8936783671379089, 0.3564310073852539, 0
u,0.8936783671379089, 0.34632670879364014, 0
u,0.8968656063079834, 0.4827207922935486, 0
u,0.8955439329147339, 0.47837191820144653, 0
u,0.8913401961326599, 0.4827207922935486, 0
u,0.8968590497970581, 0.43384844064712524, 0
u,0.8925843834877014, 0.4294995665550232, 0
u,0.8913401961326599, 0.43384844064712524, 0
u,0.44667336344718933, 0.9305716827511787, 0
u,0.1919456124305725, 0.873941957950592, 0
u,0.1688031405210495, 0.8736379444599152, 0
u,0.19188539683818817, 0.8719414323568344, 0
u,0.4476318061351776, 0.7987826764583588, 0
u,0.1688031405210495, 0.8736379444599152, 0
u,0.4476318061351776, 0.7308326065540314, 0
u,0.19188719987869263, 0.6581186950206757, 0
u,0.16886962950229645, 0.6564781367778778, 0
u,0.19194267690181732, 0.6561108231544495, 0
u,0.4476318061351776, 0.5983957946300507, 0
u,0.16886962950229645, 0.6564781367778778, 0
u,0.862555205821991, 0.08090782165527344, 0
u,0.866904079914093, 0.14668792486190796, 0
u,0.866904079914093, 0.08009719848632812, 0
u,0.4476317763328552, 0.5318050980567932, 0
u,0.004219834227114916, 0.6512492895126343, 0
u,0.005186581052839756, 0.6554973721504211, 0
u,0.8712529540061951, 0.5171395242214203, 0
u,0.866904079914093, 0.15097618103027344, 0
u,0.866904079914093, 0.5272443294525146, 0
u,0.005186581052839756, 0.6554973721504211, 0
u,3.153664874844253e-05, 0.6567690372467041, 0
u,0.0052184900268912315, 0.661004513502121, 0
u,0.45197197794914246, 0.9982712436467409, 0
u,0.44667336344718933, 0.9305716827511787, 0
u,0.44663506746292114, 1.000000017676797, 0
u,0.8669040203094482, 0.148861825466156, 0
u,0.8625551462173462, 0.5171540379524231, 0
u,0.8669040203094482, 0.5272442400455475, 0
u,0.004791734274476767, 0.8672689646482468, 0
u,3.154719161102548e-05, 0.8714668899774551, 0
u,0.00473904050886631, 0.8757472634315491, 0
u,0.8712529540061951, 0.14507752656936646, 0
u,0.866904079914093, 0.07813888788223267, 0
u,0.866904079914093, 0.14608889818191528, 0
u,0.903912365436554, 0.5443857908248901, 0
u,0.908261239528656, 1.0000000005475798, 0
u,0.908261239528656, 0.5430289506912231, 0
u,0.8986138105392456, 0.5966726839542389, 0
u,0.6438860297203064, 0.653302401304245, 0
u,0.8996520042419434, 0.6008976995944977, 0
u,0.6438258290290833, 0.6553029119968414, 0
u,0.8995721936225891, 0.7284616827964783, 0
u,0.8997122049331665, 0.7239989936351776, 0
u,0.8995721936225891, 0.7964117377996445, 0
u,0.6438276171684265, 0.8691256195306778, 0
u,0.8997103571891785, 0.8008737862110138, 0
u,0.6438831090927124, 0.8711335062980652, 0
u,0.8995721936225891, 0.9288485124707222, 0
u,0.8996549248695374, 0.9244255945086479, 0
u,0.8468167781829834, 0.08090782165527344, 0
u,0.8424679040908813, 0.14668792486190796, 0
u,0.8468167781829834, 0.14806824922561646, 0
u,0.8995721340179443, 0.9954392309300601, 0
u,0.456160306930542, 0.8759950250387192, 0
u,0.8997240662574768, 0.9999999992141229, 0
u,0.8869913816452026, 0.5171395242214203, 0
u,0.8913402557373047, 0.15097618103027344, 0
u,0.8869913816452026, 0.15055203437805176, 0
u,0.45197200775146484, 0.8704752922058105, 0
u,0.4571589231491089, 0.8662398159503937, 0
u,0.45197200775146484, 0.8704752922058105, 0
u,0.903912365436554, 0.5289731621742249, 0
u,0.8986138105392456, 0.5966726839542389, 0
u,0.903912365436554, 0.5956758856773376, 0
u,0.8424678444862366, 0.148861825466156, 0
u,0.8468167185783386, 0.5171540379524231, 0
u,0.8468167185783386, 0.14806830883026123, 0
u,0.45197200775146484, 0.6557774543762207, 0
u,0.45667949318885803, 0.651497095823288, 0
u,0.45197200775146484, 0.6557774543762207, 0
u,0.8869913816452026, 0.14507752656936646, 0
u,0.8913402557373047, 0.07813888788223267, 0
u,0.8869913816452026, 0.07914888858795166, 0
u,0.9283485412597656, 0.5443857908248901, 0
u,0.9239996671676636, 1.000000001235528, 0
u,0.9283485412597656, 0.9996751424914692, 0
u,0.8913402557373047, 0.38228434324264526, 0
u,0.8933407664299011, 0.3665459156036377, 0
u,0.8913402557373047, 0.3665459156036377, 0
u,0.9353891611099243, 0.11126846075057983, 0
u,0.9196507334709167, 0.1164923906326294, 0
u,0.9353891611099243, 0.1164923906326294, 0
u,0.8913401961326599, 0.4495868682861328, 0
u,0.8968590497970581, 0.43384844064712524, 0
u,0.8913401961326599, 0.43384844064712524, 0
u,0.8913401961326599, 0.4827207922935486, 0
u,0.8968656063079834, 0.49845921993255615, 0
u,0.8968656063079834, 0.4827207922935486, 0
u,0.8712529540061951, 0.15055197477340698, 0
u,0.8869913816452026, 0.14507752656936646, 0
u,0.8712529540061951, 0.14507752656936646, 0
u,0.9239996671676636, 0.5393491983413696, 0
u,0.908261239528656, 0.5430289506912231, 0
u,0.9239996671676636, 0.5430289506912231, 0
u,0.8913402557373047, 0.39802271127700806, 0
u,0.893693208694458, 0.4137611389160156, 0
u,0.893693208694458, 0.39802271127700806, 0
u,0.8913401961326599, 0.5071569979190826, 0
u,0.8968656063079834, 0.5228954255580902, 0
u,0.8968656063079834, 0.5071569979190826, 0
u,0.8712529540061951, 0.07914888858795166, 0
u,0.8869913816452026, 0.0736771821975708, 0
u,0.8712529540061951, 0.0736771821975708, 0
u,0.8933480978012085, 0.39802271127700806, 0
u,0.8913401961326599, 0.3822842836380005, 0
u,0.8913401961326599, 0.39802271127700806, 0
u,0.862555205821991, 0.07567393779754639, 0
u,0.8468167781829834, 0.08090782165527344, 0
u,0.862555205821991, 0.08090782165527344, 0
u,0.8913401961326599, 0.4582846164703369, 0
u,0.8968647718429565, 0.4740230441093445, 0
u,0.8968647718429565, 0.4582846164703369, 0
u,0.903912365436554, 0.5393491685390472, 0
u,0.9196507930755615, 0.5355106592178345, 0
u,0.903912365436554, 0.5355106592178345, 0
u,0.8468167781829834, 0.08090782165527344, 0
u,0.8468167781829834, 0.14806824922561646, 0
u,0.862555205821991, 0.14806824922561646, 0
u,0.9685231447219849, 0.20198041200637817, 0
u,0.9685231447219849, 0.44946879148483276, 0
u,0.9842615127563477, 0.449468731880188, 0
u,0.8869913816452026, 0.14507752656936646, 0
u,0.8869913816452026, 0.07914888858795166, 0
u,0.8712529540061951, 0.07914888858795166, 0
u,0.9239996671676636, 1.000000001235528, 0
u,0.9239996671676636, 0.5430289506912231, 0
u,0.908261239528656, 0.5430289506912231, 0
u,1.0, 0.7547284215688705, 0
u,1.0, 0.5115889608860016, 0
u,0.9842615723609924, 0.5115889608860016, 0
u,0.45197200775146484, 0.5272442996501923, 0
u,0.45197200775146484, 0.5272442996501923, 0
u,0.45197200775146484, 0.5272442996501923, 0
u,0.8869913816452026, 0.5171395242214203, 0
u,0.8869913816452026, 0.15055203437805176, 0
u,0.8712529540061951, 0.15055203437805176, 0
u,1.0, 1.0000000045576076, 0
u,1.0, 0.7547284066677094, 0
u,0.9842615723609924, 0.7547284066677094, 0
u,0.9353891611099243, 0.1831951141357422, 0
u,0.9353891611099243, 0.1164923906326294, 0
u,0.9196507334709167, 0.1164923906326294, 0
u,0.8468167185783386, 0.14806830883026123, 0
u,0.8468167185783386, 0.5171540379524231, 0
u,0.8625551462173462, 0.5171540379524231, 0
u,0.9196507930755615, 0.5355106592178345, 0
u,0.9196507930755615, 0.08152920007705688, 0
u,0.9039124250411987, 0.08152920007705688, 0
u,0.9842615723609924, 0.6984739303588867, 0
u,0.9842615723609924, 0.44946879148483276, 0
u,0.9685232043266296, 0.44946879148483276, 0
u,3.153664874844253e-05, 0.6567690372467041, 0
u,-4.758810678850978e-09, 0.6567680239677429, 0
u,-4.758810678850978e-09, 0.6567680239677429, 0
u,0.44667336344718933, 0.9305716827511787, 0
u,0.4477115869522095, 0.9263466820120811, 0
u,0.1919456124305725, 0.873941957950592, 0
u,0.19188539683818817, 0.8719414323568344, 0
u,0.447771817445755, 0.8032453656196594, 0
u,0.4476318061351776, 0.7987826764583588, 0
u,0.4476318061351776, 0.7308326065540314, 0
u,0.44776999950408936, 0.7263705730438232, 0
u,0.19188719987869263, 0.6581186950206757, 0
u,0.19194267690181732, 0.6561108231544495, 0
u,0.44771450757980347, 0.6028187274932861, 0
u,0.4476318061351776, 0.5983957946300507, 0
u,0.862555205821991, 0.08090782165527344, 0
u,0.862555205821991, 0.14806824922561646, 0
u,0.866904079914093, 0.14668792486190796, 0
u,0.4476317763328552, 0.5318050980567932, 0
u,0.4477836489677429, 0.5272443294525146, 0
u,0.004219834227114916, 0.6512492895126343, 0
u,0.8712529540061951, 0.5171395242214203, 0
u,0.8712529540061951, 0.15055203437805176, 0
u,0.866904079914093, 0.15097618103027344, 0
u,0.005186581052839756, 0.6554973721504211, 0
u,3.153664874844253e-05, 0.6567690372467041, 0
u,3.153664874844253e-05, 0.6567690372467041, 0
u,0.45197197794914246, 0.9982712436467409, 0
u,0.45197197794914246, 0.93156848102808, 0
u,0.44667336344718933, 0.9305716827511787, 0
u,0.8669040203094482, 0.148861825466156, 0
u,0.8625551462173462, 0.14806830883026123, 0
u,0.8625551462173462, 0.5171540379524231, 0
u,0.004791734274476767, 0.8672689646482468, 0
u,3.154719161102548e-05, 0.8714668899774551, 0
u,3.154719161102548e-05, 0.8714668899774551, 0
u,0.8712529540061951, 0.14507752656936646, 0
u,0.8712529540061951, 0.07914888858795166, 0
u,0.866904079914093, 0.07813888788223267, 0
u,0.903912365436554, 0.5443857908248901, 0
u,0.903912365436554, 0.9996751414146274, 0
u,0.908261239528656, 1.0000000005475798, 0
u,0.8986138105392456, 0.5966726839542389, 0
u,0.6207435727119446, 0.6536064147949219, 0
u,0.6438860297203064, 0.653302401304245, 0
u,0.6438258290290833, 0.6553029119968414, 0
u,0.6207435727119446, 0.6536064147949219, 0
u,0.8995721936225891, 0.7284616827964783, 0
u,0.8995721936225891, 0.7964117377996445, 0
u,0.6208100914955139, 0.8707661777734756, 0
u,0.6438276171684265, 0.8691256195306778, 0
u,0.6438831090927124, 0.8711335062980652, 0
u,0.6208100914955139, 0.8707661777734756, 0
u,0.8995721936225891, 0.9288485124707222, 0
u,0.8468167781829834, 0.08090782165527344, 0
u,0.8424679040908813, 0.08009719848632812, 0
u,0.8424679040908813, 0.14668792486190796, 0
u,0.8995721340179443, 0.9954392309300601, 0
u,0.45712703466415405, 0.8717469573020935, 0
u,0.456160306930542, 0.8759950250387192, 0
u,0.8869913816452026, 0.5171395242214203, 0
u,0.8913402557373047, 0.5272443294525146, 0
u,0.8913402557373047, 0.15097618103027344, 0
u,0.45197200775146484, 0.8704752922058105, 0
u,0.45712703466415405, 0.8717469573020935, 0
u,0.4571589231491089, 0.8662398159503937, 0
u,0.903912365436554, 0.5289731621742249, 0
u,0.8985754251480103, 0.5272443890571594, 0
u,0.8986138105392456, 0.5966726839542389, 0
u,0.8424678444862366, 0.148861825466156, 0
u,0.8424678444862366, 0.5272442400455475, 0
u,0.8468167185783386, 0.5171540379524231, 0
u,0.45197200775146484, 0.6557774543762207, 0
u,0.45673221349716187, 0.6599753797054291, 0
u,0.45667949318885803, 0.651497095823288, 0
u,0.8869913816452026, 0.14507752656936646, 0
u,0.8913402557373047, 0.14608889818191528, 0
u,0.8913402557373047, 0.07813888788223267, 0
u,0.9283485412597656, 0.5443857908248901, 0
u,0.9239996671676636, 0.5430289506912231, 0
u,0.9239996671676636, 1.000000001235528, 0
u,0.8913402557373047, 0.38228434324264526, 0
u,0.8933407664299011, 0.38228434324264526, 0
u,0.8933407664299011, 0.3665459156036377, 0
u,0.9353891611099243, 0.11126846075057983, 0
u,0.9196507334709167, 0.11126846075057983, 0
u,0.9196507334709167, 0.1164923906326294, 0
u,0.8913401961326599, 0.4495868682861328, 0
u,0.8968590497970581, 0.4495868682861328, 0
u,0.8968590497970581, 0.43384844064712524, 0
u,0.8913401961326599, 0.4827207922935486, 0
u,0.8913401961326599, 0.49845921993255615, 0
u,0.8968656063079834, 0.49845921993255615, 0
u,0.8712529540061951, 0.15055197477340698, 0
u,0.8869913816452026, 0.15055197477340698, 0
u,0.8869913816452026, 0.14507752656936646, 0
u,0.9239996671676636, 0.5393491983413696, 0
u,0.908261239528656, 0.5393491983413696, 0
u,0.908261239528656, 0.5430289506912231, 0
u,0.8913402557373047, 0.39802271127700806, 0
u,0.8913402557373047, 0.4137611389160156, 0
u,0.893693208694458, 0.4137611389160156, 0
u,0.8913401961326599, 0.5071569979190826, 0
u,0.8913401961326599, 0.5228954255580902, 0
u,0.8968656063079834, 0.5228954255580902, 0
u,0.8712529540061951, 0.07914888858795166, 0
u,0.8869913816452026, 0.07914888858795166, 0
u,0.8869913816452026, 0.0736771821975708, 0
u,0.8933480978012085, 0.39802271127700806, 0
u,0.8933480978012085, 0.3822842836380005, 0
u,0.8913401961326599, 0.3822842836380005, 0
u,0.862555205821991, 0.07567393779754639, 0
u,0.8468167781829834, 0.07567393779754639, 0
u,0.8468167781829834, 0.08090782165527344, 0
u,0.8913401961326599, 0.4582846164703369, 0
u,0.8913401961326599, 0.4740230441093445, 0
u,0.8968647718429565, 0.4740230441093445, 0
u,0.903912365436554, 0.5393491685390472, 0
u,0.9196507930755615, 0.5393491685390472, 0
u,0.9196507930755615, 0.5355106592178345, 0
