v,-0.005852936767041683, 0.013117312453687191, 0.009307455271482468
v,-0.008652237243950367, 0.011729060672223568, 0.009307455271482468
v,-0.005704650655388832, 0.01221170462667942, 0.009307455271482468
v,-0.0031218950171023607, 0.0123776625841856, -0.010472442954778671
v,-0.0056280046701431274, 0.011967305094003677, 0.009114926680922508
v,-0.008550585247576237, 0.011488755233585835, 0.009114926680922508
v,-0.00020060743554495275, 0.014042837545275688, 0.009121430106461048
v,-0.003047808539122343, 0.012646742165088654, -0.002206685720011592
v,-5.232125840848312e-05, 0.013137229718267918, 0.009121430106461048
v,0.002932972041890025, 0.014555936679244041, 0.009307455271482468
v,0.00018773529154714197, 0.013176537118852139, 0.009307455271482468
v,0.0030812581535428762, 0.013650328852236271, 0.009307455271482468
v,0.006172485649585724, 0.013899545185267925, -0.010489923879504204
v,0.006452013272792101, 0.013945315033197403, -0.0032290201634168625
v,0.001663732691667974, 0.013161270879209042, 0.005785705056041479
v,0.006452013272792101, 0.013945315033197403, -0.0032290201634168625
v,0.006544587668031454, 0.013960474170744419, -0.010492256842553616
v,0.011997882276773453, 0.014853407628834248, 0.009070799686014652
v,0.006409906316548586, 0.015125258825719357, -0.01051490567624569
v,0.012020350433886051, 0.01511403638869524, 0.009122085757553577
v,0.006558192428201437, 0.014219650998711586, -0.01051490567624569
v,-0.0031218950171023607, 0.0123776625841856, -0.010472442954778671
v,-0.0030788485892117023, 0.01238471083343029, -0.003226076252758503
v,-0.0056280046701431274, 0.011967305094003677, 0.009114926680922508
v,-0.0030788485892117023, 0.01238471083343029, -0.003226076252758503
v,0.001663732691667974, 0.013161270879209042, 0.005785705056041479
v,0.0031667149160057306, 0.013407372869551182, 0.009114926680922508
v,-0.0030788485892117023, 0.01238471083343029, -0.003226076252758503
v,-0.002880193991586566, 0.012417239136993885, -0.010471031069755554
v,0.001663732691667974, 0.013161270879209042, 0.005785705056041479
v,0.001663732691667974, 0.013161270879209042, 0.005785705056041479
v,0.006452013272792101, 0.013945315033197403, -0.0032290201634168625
v,0.0031667149160057306, 0.013407372869551182, 0.009114926680922508
v,0.00622177729383111, 0.015351402573287487, -0.0032290201634168625
v,0.008720527403056622, 0.015760554000735283, 0.009072496555745602
v,0.011767646297812462, 0.01625949516892433, 0.009070799686014652
v,-0.0033090845681726933, 0.013790798373520374, -0.0032260757870972157
v,0.001433496829122305, 0.014567358419299126, 0.005785705056041479
v,-0.0031104297377169132, 0.013823326677083969, -0.010471031069755554
v,-0.003352130763232708, 0.013783750124275684, -0.010472442954778671
v,-0.005858240649104118, 0.013373392634093761, 0.009114926680922508
v,-0.0033090845681726933, 0.013790798373520374, -0.0032260757870972157
v,-0.0033090845681726933, 0.013790798373520374, -0.0032260757870972157
v,-4.576101491693407e-05, 0.014325140975415707, 0.009114926680922508
v,0.0029364789370447397, 0.014813460409641266, 0.009114926680922508
v,0.005942249670624733, 0.01530563272535801, -0.010489923879504204
v,0.001433496829122305, 0.014567358419299126, 0.005785705056041479
v,0.00622177729383111, 0.015351402573287487, -0.0032290201634168625
v,0.00622177729383111, 0.015351402573287487, -0.0032290201634168625
v,0.011767646297812462, 0.01625949516892433, 0.009070799686014652
v,0.006314351689070463, 0.015366561710834503, -0.010492256842553616
v,0.001433496829122305, 0.014567358419299126, 0.005785705056041479
v,0.0029364789370447397, 0.014813460409641266, 0.009114926680922508
v,0.00622177729383111, 0.015351402573287487, -0.0032290201634168625
v,-0.003352130763232708, 0.013783750124275684, -0.010472442954778671
v,-0.0033090845681726933, 0.013790798373520374, -0.0032260757870972157
v,-0.0031104297377169132, 0.013823326677083969, -0.010471031069755554
v,0.005942249670624733, 0.01530563272535801, -0.010489923879504204
v,0.00622177729383111, 0.015351402573287487, -0.0032290201634168625
v,0.006314351689070463, 0.015366561710834503, -0.010492256842553616
v,-0.003352130763232708, 0.013783750124275684, -0.010472442954778671
v,-0.008780820295214653, 0.012894842773675919, 0.009114926680922508
v,-0.005858240649104118, 0.013373392634093761, 0.009114926680922508
v,-0.0033090845681726933, 0.013790798373520374, -0.0032260757870972157
v,0.0029364789370447397, 0.014813460409641266, 0.009114926680922508
v,0.001433496829122305, 0.014567358419299126, 0.005785705056041479
v,0.006188307423144579, 0.015088973566889763, -0.0022067660465836525
v,0.0033216136507689953, 0.013689685612916946, 0.00912151113152504
v,0.00633659353479743, 0.014183365739881992, -0.0022067660465836525
v,0.006172485649585724, 0.013899545185267925, -0.010489923879504204
v,0.006544587668031454, 0.013960474170744419, -0.010492256842553616
v,0.006452013272792101, 0.013945315033197403, -0.0032290201634168625
v,0.006452013272792101, 0.013945315033197403, -0.0032290201634168625
v,0.011997882276773453, 0.014853407628834248, 0.009070799686014652
v,0.008950763382017612, 0.014354465529322624, 0.009072496555745602
v,0.006315764505416155, 0.01417995523661375, -0.01070027519017458
v,0.006167478393763304, 0.015085563063621521, -0.01070027519017458
v,0.006315764505416155, 0.01417995523661375, -0.01070027519017458
v,0.001527586835436523, 0.014325815252959728, 0.005341514945030212
v,0.006073475815355778, 0.01414028275758028, -0.010514866560697556
v,0.001675872947089374, 0.013420208357274532, 0.005341514945030212
v,-0.0030788485892117023, 0.01238471083343029, -0.003226076252758503
v,0.0031667149160057306, 0.013407372869551182, 0.009114926680922508
v,0.0001844748912844807, 0.012919054366648197, 0.009114926680922508
v,-0.00328421825543046, 0.013537920080125332, -0.0022042295895516872
v,-0.0054748510010540485, 0.01224933285266161, 0.009118975140154362
v,-0.003135932143777609, 0.012632313184440136, -0.0022042295895516872
v,0.01173275988548994, 0.015996834263205528, 0.009307455271482468
v,0.008953548967838287, 0.014611870981752872, 0.009307455271482468
v,0.011881045997142792, 0.015091225504875183, 0.009307455271482468
v,-0.0031218950171023607, 0.0123776625841856, -0.010472442954778671
v,-0.002880193991586566, 0.012417239136993885, -0.010471031069755554
v,-0.0030788485892117023, 0.01238471083343029, -0.003226076252758503
v,-0.0030126168858259916, 0.013582393527030945, -0.010514986701309681
v,0.001572604407556355, 0.013403299264609814, 0.005341635551303625
v,-0.002864330541342497, 0.012676785700023174, -0.010514986701309681
v,-0.008939999155700207, 0.012611829675734043, 0.009122036397457123
v,-0.0033493000082671642, 0.012597375549376011, -0.010514856316149235
v,-0.008791713044047356, 0.011706221848726273, 0.009122036397457123
v,0.008576084859669209, 0.015479952096939087, 0.009118844754993916
v,0.006424393970519304, 0.014197742566466331, -0.0022041003685444593
v,0.00872437097132206, 0.014574345201253891, 0.009118844754993916
v,-0.0031070453114807606, 0.012637043371796608, -0.01070027519017458
v,-0.0032553316559642553, 0.013542650267481804, -0.01070027519017458
v,-0.0031070453114807606, 0.012637043371796608, -0.01070027519017458
v,0.011881045997142792, 0.015091225504875183, 0.009307455271482468
v,0.011997882276773453, 0.014853407628834248, 0.009070799686014652
v,0.012020350433886051, 0.01511403638869524, 0.009122085757553577
v,0.00872437097132206, 0.014574345201253891, 0.009118844754993916
v,0.008950763382017612, 0.014354465529322624, 0.009072496555745602
v,0.008953548967838287, 0.014611870981752872, 0.009307455271482468
v,0.006424393970519304, 0.014197742566466331, -0.0022041003685444593
v,0.00633659353479743, 0.014183365739881992, -0.0022067660465836525
v,0.006452013272792101, 0.013945315033197403, -0.0032290201634168625
v,0.0033216136507689953, 0.013689685612916946, 0.00912151113152504
v,0.0030812581535428762, 0.013650328852236271, 0.009307455271482468
v,0.0031667149160057306, 0.013407372869551182, 0.009114926680922508
v,-5.232125840848312e-05, 0.013137229718267918, 0.009121430106461048
v,0.0001844748912844807, 0.012919054366648197, 0.009114926680922508
v,0.00018773529154714197, 0.013176537118852139, 0.009307455271482468
v,-0.003047808539122343, 0.012646742165088654, -0.002206685720011592
v,-0.003135932143777609, 0.012632313184440136, -0.0022042295895516872
v,-0.0030788485892117023, 0.01238471083343029, -0.003226076252758503
v,-0.0054748510010540485, 0.01224933285266161, 0.009118975140154362
v,-0.005704650655388832, 0.01221170462667942, 0.009307455271482468
v,-0.0056280046701431274, 0.011967305094003677, 0.009114926680922508
v,-0.008652237243950367, 0.011729060672223568, 0.009307455271482468
v,-0.008791713044047356, 0.011706221848726273, 0.009122036397457123
v,-0.008550585247576237, 0.011488755233585835, 0.009114926680922508
v,-0.0033493000082671642, 0.012597375549376011, -0.010514856316149235
v,-0.0031070453114807606, 0.012637043371796608, -0.01070027519017458
v,-0.0031218950171023607, 0.0123776625841856, -0.010472442954778671
v,-0.0031070453114807606, 0.012637043371796608, -0.01070027519017458
v,-0.002864330541342497, 0.012676785700023174, -0.010514986701309681
v,-0.002880193991586566, 0.012417239136993885, -0.010471031069755554
v,0.001675872947089374, 0.013420208357274532, 0.005341514945030212
v,0.001663732691667974, 0.013161270879209042, 0.005785705056041479
v,0.001572604407556355, 0.013403299264609814, 0.005341635551303625
v,0.006073475815355778, 0.01414028275758028, -0.010514866560697556
v,0.006315764505416155, 0.01417995523661375, -0.01070027519017458
v,0.006172485649585724, 0.013899545185267925, -0.010489923879504204
v,0.006315764505416155, 0.01417995523661375, -0.01070027519017458
v,0.006558192428201437, 0.014219650998711586, -0.01051490567624569
v,0.006544587668031454, 0.013960474170744419, -0.010492256842553616
v,0.01173275988548994, 0.015996834263205528, 0.009307455271482468
v,0.0118720643222332, 0.01601964421570301, 0.009122085757553577
v,0.011767646297812462, 0.01625949516892433, 0.009070799686014652
v,0.008576084859669209, 0.015479952096939087, 0.009118844754993916
v,0.008805262856185436, 0.015517478808760643, 0.009307455271482468
v,0.008720527403056622, 0.015760554000735283, 0.009072496555745602
v,0.006276107858866453, 0.015103349462151527, -0.0022041003685444593
v,0.00622177729383111, 0.015351402573287487, -0.0032290201634168625
v,0.006188307423144579, 0.015088973566889763, -0.0022067660465836525
v,0.003173327539116144, 0.014595292508602142, 0.00912151113152504
v,0.0029364789370447397, 0.014813460409641266, 0.009114926680922508
v,0.002932972041890025, 0.014555936679244041, 0.009307455271482468
v,-0.00020060743554495275, 0.014042837545275688, 0.009121430106461048
v,3.9449092582799494e-05, 0.014082144945859909, 0.009307455271482468
v,-4.576101491693407e-05, 0.014325140975415707, 0.009114926680922508
v,-0.003196094650775194, 0.013552349992096424, -0.002206685720011592
v,-0.0033090845681726933, 0.013790798373520374, -0.0032260757870972157
v,-0.00328421825543046, 0.013537920080125332, -0.0022042295895516872
v,-0.0056231371127069, 0.013154939748346806, 0.009118975140154362
v,-0.005858240649104118, 0.013373392634093761, 0.009114926680922508
v,-0.005852936767041683, 0.013117312453687191, 0.009307455271482468
v,-0.008800523355603218, 0.012634667567908764, 0.009307455271482468
v,-0.008780820295214653, 0.012894842773675919, 0.009114926680922508
v,-0.008939999155700207, 0.012611829675734043, 0.009122036397457123
v,-0.003497586352750659, 0.013502983376383781, -0.010514856316149235
v,-0.003352130763232708, 0.013783750124275684, -0.010472442954778671
v,-0.0032553316559642553, 0.013542650267481804, -0.01070027519017458
v,-0.0032553316559642553, 0.013542650267481804, -0.01070027519017458
v,-0.0031104297377169132, 0.013823326677083969, -0.010471031069755554
v,-0.0030126168858259916, 0.013582393527030945, -0.010514986701309681
v,0.001527586835436523, 0.014325815252959728, 0.005341514945030212
v,0.001424318179488182, 0.01430890616029501, 0.005341635551303625
v,0.001433496829122305, 0.014567358419299126, 0.005785705056041479
v,0.005925189703702927, 0.015045889653265476, -0.010514866560697556
v,0.005942249670624733, 0.01530563272535801, -0.010489923879504204
v,0.006167478393763304, 0.015085563063621521, -0.01070027519017458
v,0.006167478393763304, 0.015085563063621521, -0.01070027519017458
v,0.006314351689070463, 0.015366561710834503, -0.010492256842553616
v,0.006409906316548586, 0.015125258825719357, -0.01051490567624569
v,0.008950763382017612, 0.014354465529322624, 0.009072496555745602
v,0.006424393970519304, 0.014197742566466331, -0.0022041003685444593
v,0.006452013272792101, 0.013945315033197403, -0.0032290201634168625
v,0.00633659353479743, 0.014183365739881992, -0.0022067660465836525
v,0.0031667149160057306, 0.013407372869551182, 0.009114926680922508
v,0.006452013272792101, 0.013945315033197403, -0.0032290201634168625
v,0.0001844748912844807, 0.012919054366648197, 0.009114926680922508
v,-0.003047808539122343, 0.012646742165088654, -0.002206685720011592
v,-0.0030788485892117023, 0.01238471083343029, -0.003226076252758503
v,-0.003135932143777609, 0.012632313184440136, -0.0022042295895516872
v,-0.0056280046701431274, 0.011967305094003677, 0.009114926680922508
v,-0.0030788485892117023, 0.01238471083343029, -0.003226076252758503
v,-0.005704650655388832, 0.01221170462667942, 0.009307455271482468
v,-0.008550585247576237, 0.011488755233585835, 0.009114926680922508
v,-0.0056280046701431274, 0.011967305094003677, 0.009114926680922508
v,-0.008550585247576237, 0.011488755233585835, 0.009114926680922508
v,-0.0033493000082671642, 0.012597375549376011, -0.010514856316149235
v,-0.0031218950171023607, 0.0123776625841856, -0.010472442954778671
v,0.001675872947089374, 0.013420208357274532, 0.005341514945030212
v,0.006172485649585724, 0.013899545185267925, -0.010489923879504204
v,0.001663732691667974, 0.013161270879209042, 0.005785705056041479
v,-0.0031218950171023607, 0.0123776625841856, -0.010472442954778671
v,-0.0031070453114807606, 0.012637043371796608, -0.01070027519017458
v,-0.002880193991586566, 0.012417239136993885, -0.010471031069755554
v,0.011881045997142792, 0.015091225504875183, 0.009307455271482468
v,0.008950763382017612, 0.014354465529322624, 0.009072496555745602
v,0.011997882276773453, 0.014853407628834248, 0.009070799686014652
v,-0.002880193991586566, 0.012417239136993885, -0.010471031069755554
v,0.001572604407556355, 0.013403299264609814, 0.005341635551303625
v,0.001663732691667974, 0.013161270879209042, 0.005785705056041479
v,0.006172485649585724, 0.013899545185267925, -0.010489923879504204
v,0.006315764505416155, 0.01417995523661375, -0.01070027519017458
v,0.006544587668031454, 0.013960474170744419, -0.010492256842553616
v,0.0030812581535428762, 0.013650328852236271, 0.009307455271482468
v,0.0001844748912844807, 0.012919054366648197, 0.009114926680922508
v,0.0031667149160057306, 0.013407372869551182, 0.009114926680922508
v,0.011997882276773453, 0.014853407628834248, 0.009070799686014652
v,0.006558192428201437, 0.014219650998711586, -0.01051490567624569
v,0.012020350433886051, 0.01511403638869524, 0.009122085757553577
v,0.008720527403056622, 0.015760554000735283, 0.009072496555745602
v,0.006276107858866453, 0.015103349462151527, -0.0022041003685444593
v,0.008576084859669209, 0.015479952096939087, 0.009118844754993916
v,0.006188307423144579, 0.015088973566889763, -0.0022067660465836525
v,0.0029364789370447397, 0.014813460409641266, 0.009114926680922508
v,0.003173327539116144, 0.014595292508602142, 0.00912151113152504
v,-4.576101491693407e-05, 0.014325140975415707, 0.009114926680922508
v,-0.003196094650775194, 0.013552349992096424, -0.002206685720011592
v,-0.00020060743554495275, 0.014042837545275688, 0.009121430106461048
v,-0.00328421825543046, 0.013537920080125332, -0.0022042295895516872
v,-0.005858240649104118, 0.013373392634093761, 0.009114926680922508
v,-0.0056231371127069, 0.013154939748346806, 0.009118975140154362
v,-0.005852936767041683, 0.013117312453687191, 0.009307455271482468
v,-0.008780820295214653, 0.012894842773675919, 0.009114926680922508
v,-0.008800523355603218, 0.012634667567908764, 0.009307455271482468
v,-0.008780820295214653, 0.012894842773675919, 0.009114926680922508
v,-0.003497586352750659, 0.013502983376383781, -0.010514856316149235
v,-0.008939999155700207, 0.012611829675734043, 0.009122036397457123
v,0.001527586835436523, 0.014325815252959728, 0.005341514945030212
v,0.005942249670624733, 0.01530563272535801, -0.010489923879504204
v,0.005925189703702927, 0.015045889653265476, -0.010514866560697556
v,-0.0032553316559642553, 0.013542650267481804, -0.01070027519017458
v,-0.0031104297377169132, 0.013823326677083969, -0.010471031069755554
v,-0.0032553316559642553, 0.013542650267481804, -0.01070027519017458
v,0.01173275988548994, 0.015996834263205528, 0.009307455271482468
v,0.008720527403056622, 0.015760554000735283, 0.009072496555745602
v,0.008805262856185436, 0.015517478808760643, 0.009307455271482468
v,-0.0031104297377169132, 0.013823326677083969, -0.010471031069755554
v,0.001424318179488182, 0.01430890616029501, 0.005341635551303625
v,-0.0030126168858259916, 0.013582393527030945, -0.010514986701309681
v,0.006167478393763304, 0.015085563063621521, -0.01070027519017458
v,0.006314351689070463, 0.015366561710834503, -0.010492256842553616
v,0.006167478393763304, 0.015085563063621521, -0.01070027519017458
v,0.002932972041890025, 0.014555936679244041, 0.009307455271482468
v,-4.576101491693407e-05, 0.014325140975415707, 0.009114926680922508
v,3.9449092582799494e-05, 0.014082144945859909, 0.009307455271482468
v,0.011767646297812462, 0.01625949516892433, 0.009070799686014652
v,0.006409906316548586, 0.015125258825719357, -0.01051490567624569
v,0.006314351689070463, 0.015366561710834503, -0.010492256842553616
v,0.00633659353479743, 0.014183365739881992, -0.0022067660465836525
v,0.006276107858866453, 0.015103349462151527, -0.0022041003685444593
v,0.006188307423144579, 0.015088973566889763, -0.0022067660465836525
v,0.008576084859669209, 0.015479952096939087, 0.009118844754993916
v,0.008953548967838287, 0.014611870981752872, 0.009307455271482468
v,0.008805262856185436, 0.015517478808760643, 0.009307455271482468
v,0.006558192428201437, 0.014219650998711586, -0.01051490567624569
v,0.006167478393763304, 0.015085563063621521, -0.01070027519017458
v,0.006409906316548586, 0.015125258825719357, -0.01051490567624569
v,0.006167478393763304, 0.015085563063621521, -0.01070027519017458
v,0.006073475815355778, 0.01414028275758028, -0.010514866560697556
v,0.005925189703702927, 0.015045889653265476, -0.010514866560697556
v,0.0033216136507689953, 0.013689685612916946, 0.00912151113152504
v,0.002932972041890025, 0.014555936679244041, 0.009307455271482468
v,0.0030812581535428762, 0.013650328852236271, 0.009307455271482468
v,0.01173275988548994, 0.015996834263205528, 0.009307455271482468
v,0.012020350433886051, 0.01511403638869524, 0.009122085757553577
v,0.0118720643222332, 0.01601964421570301, 0.009122085757553577
v,0.001527586835436523, 0.014325815252959728, 0.005341514945030212
v,0.001572604407556355, 0.013403299264609814, 0.005341635551303625
v,0.001424318179488182, 0.01430890616029501, 0.005341635551303625
v,-0.0030126168858259916, 0.013582393527030945, -0.010514986701309681
v,-0.0031070453114807606, 0.012637043371796608, -0.01070027519017458
v,-0.0032553316559642553, 0.013542650267481804, -0.01070027519017458
v,0.00018773529154714197, 0.013176537118852139, 0.009307455271482468
v,-0.00020060743554495275, 0.014042837545275688, 0.009121430106461048
v,-5.232125840848312e-05, 0.013137229718267918, 0.009121430106461048
v,-0.003047808539122343, 0.012646742165088654, -0.002206685720011592
v,-0.00328421825543046, 0.013537920080125332, -0.0022042295895516872
v,-0.003135932143777609, 0.012632313184440136, -0.0022042295895516872
v,-0.0054748510010540485, 0.01224933285266161, 0.009118975140154362
v,-0.005852936767041683, 0.013117312453687191, 0.009307455271482468
v,-0.005704650655388832, 0.01221170462667942, 0.009307455271482468
v,-0.0032553316559642553, 0.013542650267481804, -0.01070027519017458
v,-0.0033493000082671642, 0.012597375549376011, -0.010514856316149235
v,-0.003497586352750659, 0.013502983376383781, -0.010514856316149235
v,-0.008652237243950367, 0.011729060672223568, 0.009307455271482468
v,-0.008939999155700207, 0.012611829675734043, 0.009122036397457123
v,-0.008791713044047356, 0.011706221848726273, 0.009122036397457123
v,-0.005852936767041683, 0.013117312453687191, 0.009307455271482468
v,-0.008800523355603218, 0.012634667567908764, 0.009307455271482468
v,-0.008652237243950367, 0.011729060672223568, 0.009307455271482468
v,-0.00020060743554495275, 0.014042837545275688, 0.009121430106461048
v,-0.003196094650775194, 0.013552349992096424, -0.002206685720011592
v,-0.003047808539122343, 0.012646742165088654, -0.002206685720011592
v,0.002932972041890025, 0.014555936679244041, 0.009307455271482468
v,3.9449092582799494e-05, 0.014082144945859909, 0.009307455271482468
v,0.00018773529154714197, 0.013176537118852139, 0.009307455271482468
v,0.006409906316548586, 0.015125258825719357, -0.01051490567624569
v,0.0118720643222332, 0.01601964421570301, 0.009122085757553577
v,0.012020350433886051, 0.01511403638869524, 0.009122085757553577
v,0.006188307423144579, 0.015088973566889763, -0.0022067660465836525
v,0.003173327539116144, 0.014595292508602142, 0.00912151113152504
v,0.0033216136507689953, 0.013689685612916946, 0.00912151113152504
v,0.006315764505416155, 0.01417995523661375, -0.01070027519017458
v,0.006167478393763304, 0.015085563063621521, -0.01070027519017458
v,0.006167478393763304, 0.015085563063621521, -0.01070027519017458
v,0.001527586835436523, 0.014325815252959728, 0.005341514945030212
v,0.005925189703702927, 0.015045889653265476, -0.010514866560697556
v,0.006073475815355778, 0.01414028275758028, -0.010514866560697556
v,-0.00328421825543046, 0.013537920080125332, -0.0022042295895516872
v,-0.0056231371127069, 0.013154939748346806, 0.009118975140154362
v,-0.0054748510010540485, 0.01224933285266161, 0.009118975140154362
v,0.01173275988548994, 0.015996834263205528, 0.009307455271482468
v,0.008805262856185436, 0.015517478808760643, 0.009307455271482468
v,0.008953548967838287, 0.014611870981752872, 0.009307455271482468
v,-0.0030126168858259916, 0.013582393527030945, -0.010514986701309681
v,0.001424318179488182, 0.01430890616029501, 0.005341635551303625
v,0.001572604407556355, 0.013403299264609814, 0.005341635551303625
v,-0.008939999155700207, 0.012611829675734043, 0.009122036397457123
v,-0.003497586352750659, 0.013502983376383781, -0.010514856316149235
v,-0.0033493000082671642, 0.012597375549376011, -0.010514856316149235
v,0.008576084859669209, 0.015479952096939087, 0.009118844754993916
v,0.006276107858866453, 0.015103349462151527, -0.0022041003685444593
v,0.006424393970519304, 0.014197742566466331, -0.0022041003685444593
v,-0.0031070453114807606, 0.012637043371796608, -0.01070027519017458
v,-0.0032553316559642553, 0.013542650267481804, -0.01070027519017458
v,-0.0032553316559642553, 0.013542650267481804, -0.01070027519017458
v,0.008950763382017612, 0.014354465529322624, 0.009072496555745602
v,0.00872437097132206, 0.014574345201253891, 0.009118844754993916
v,0.006424393970519304, 0.014197742566466331, -0.0022041003685444593
v,0.00633659353479743, 0.014183365739881992, -0.0022067660465836525
v,0.0033216136507689953, 0.013689685612916946, 0.00912151113152504
v,0.0031667149160057306, 0.013407372869551182, 0.009114926680922508
v,0.0001844748912844807, 0.012919054366648197, 0.009114926680922508
v,-5.232125840848312e-05, 0.013137229718267918, 0.009121430106461048
v,-0.003047808539122343, 0.012646742165088654, -0.002206685720011592
v,-0.003135932143777609, 0.012632313184440136, -0.0022042295895516872
v,-0.0054748510010540485, 0.01224933285266161, 0.009118975140154362
v,-0.0056280046701431274, 0.011967305094003677, 0.009114926680922508
v,-0.005704650655388832, 0.01221170462667942, 0.009307455271482468
v,-0.008652237243950367, 0.011729060672223568, 0.009307455271482468
v,-0.008550585247576237, 0.011488755233585835, 0.009114926680922508
v,-0.008550585247576237, 0.011488755233585835, 0.009114926680922508
v,-0.008791713044047356, 0.011706221848726273, 0.009122036397457123
v,-0.0033493000082671642, 0.012597375549376011, -0.010514856316149235
v,0.001675872947089374, 0.013420208357274532, 0.005341514945030212
v,0.006073475815355778, 0.01414028275758028, -0.010514866560697556
v,0.006172485649585724, 0.013899545185267925, -0.010489923879504204
v,-0.0031218950171023607, 0.0123776625841856, -0.010472442954778671
v,-0.0031070453114807606, 0.012637043371796608, -0.01070027519017458
v,-0.0031070453114807606, 0.012637043371796608, -0.01070027519017458
v,0.011881045997142792, 0.015091225504875183, 0.009307455271482468
v,0.008953548967838287, 0.014611870981752872, 0.009307455271482468
v,0.008950763382017612, 0.014354465529322624, 0.009072496555745602
v,-0.002880193991586566, 0.012417239136993885, -0.010471031069755554
v,-0.002864330541342497, 0.012676785700023174, -0.010514986701309681
v,0.001572604407556355, 0.013403299264609814, 0.005341635551303625
v,0.006172485649585724, 0.013899545185267925, -0.010489923879504204
v,0.006315764505416155, 0.01417995523661375, -0.01070027519017458
v,0.006315764505416155, 0.01417995523661375, -0.01070027519017458
v,0.0030812581535428762, 0.013650328852236271, 0.009307455271482468
v,0.00018773529154714197, 0.013176537118852139, 0.009307455271482468
v,0.0001844748912844807, 0.012919054366648197, 0.009114926680922508
v,0.011997882276773453, 0.014853407628834248, 0.009070799686014652
v,0.006544587668031454, 0.013960474170744419, -0.010492256842553616
v,0.006558192428201437, 0.014219650998711586, -0.01051490567624569
v,0.008720527403056622, 0.015760554000735283, 0.009072496555745602
v,0.00622177729383111, 0.015351402573287487, -0.0032290201634168625
v,0.006276107858866453, 0.015103349462151527, -0.0022041003685444593
v,0.006188307423144579, 0.015088973566889763, -0.0022067660465836525
v,0.00622177729383111, 0.015351402573287487, -0.0032290201634168625
v,0.0029364789370447397, 0.014813460409641266, 0.009114926680922508
v,-4.576101491693407e-05, 0.014325140975415707, 0.009114926680922508
v,-0.0033090845681726933, 0.013790798373520374, -0.0032260757870972157
v,-0.003196094650775194, 0.013552349992096424, -0.002206685720011592
v,-0.00328421825543046, 0.013537920080125332, -0.0022042295895516872
v,-0.0033090845681726933, 0.013790798373520374, -0.0032260757870972157
v,-0.005858240649104118, 0.013373392634093761, 0.009114926680922508
v,-0.005852936767041683, 0.013117312453687191, 0.009307455271482468
v,-0.005858240649104118, 0.013373392634093761, 0.009114926680922508
v,-0.008780820295214653, 0.012894842773675919, 0.009114926680922508
v,-0.008780820295214653, 0.012894842773675919, 0.009114926680922508
v,-0.003352130763232708, 0.013783750124275684, -0.010472442954778671
v,-0.003497586352750659, 0.013502983376383781, -0.010514856316149235
v,0.001527586835436523, 0.014325815252959728, 0.005341514945030212
v,0.001433496829122305, 0.014567358419299126, 0.005785705056041479
v,0.005942249670624733, 0.01530563272535801, -0.010489923879504204
v,-0.0032553316559642553, 0.013542650267481804, -0.01070027519017458
v,-0.003352130763232708, 0.013783750124275684, -0.010472442954778671
v,-0.0031104297377169132, 0.013823326677083969, -0.010471031069755554
v,0.01173275988548994, 0.015996834263205528, 0.009307455271482468
v,0.011767646297812462, 0.01625949516892433, 0.009070799686014652
v,0.008720527403056622, 0.015760554000735283, 0.009072496555745602
v,-0.0031104297377169132, 0.013823326677083969, -0.010471031069755554
v,0.001433496829122305, 0.014567358419299126, 0.005785705056041479
v,0.001424318179488182, 0.01430890616029501, 0.005341635551303625
v,0.006167478393763304, 0.015085563063621521, -0.01070027519017458
v,0.005942249670624733, 0.01530563272535801, -0.010489923879504204
v,0.006314351689070463, 0.015366561710834503, -0.010492256842553616
v,0.002932972041890025, 0.014555936679244041, 0.009307455271482468
v,0.0029364789370447397, 0.014813460409641266, 0.009114926680922508
v,-4.576101491693407e-05, 0.014325140975415707, 0.009114926680922508
v,0.011767646297812462, 0.01625949516892433, 0.009070799686014652
v,0.0118720643222332, 0.01601964421570301, 0.009122085757553577
v,0.006409906316548586, 0.015125258825719357, -0.01051490567624569
v,0.00633659353479743, 0.014183365739881992, -0.0022067660465836525
v,0.006424393970519304, 0.014197742566466331, -0.0022041003685444593
v,0.006276107858866453, 0.015103349462151527, -0.0022041003685444593
v,0.008576084859669209, 0.015479952096939087, 0.009118844754993916
v,0.00872437097132206, 0.014574345201253891, 0.009118844754993916
v,0.008953548967838287, 0.014611870981752872, 0.009307455271482468
v,0.006558192428201437, 0.014219650998711586, -0.01051490567624569
v,0.006315764505416155, 0.01417995523661375, -0.01070027519017458
v,0.006167478393763304, 0.015085563063621521, -0.01070027519017458
v,0.006167478393763304, 0.015085563063621521, -0.01070027519017458
v,0.006315764505416155, 0.01417995523661375, -0.01070027519017458
v,0.006073475815355778, 0.01414028275758028, -0.010514866560697556
v,0.0033216136507689953, 0.013689685612916946, 0.00912151113152504
v,0.003173327539116144, 0.014595292508602142, 0.00912151113152504
v,0.002932972041890025, 0.014555936679244041, 0.009307455271482468
v,0.01173275988548994, 0.015996834263205528, 0.009307455271482468
v,0.011881045997142792, 0.015091225504875183, 0.009307455271482468
v,0.012020350433886051, 0.01511403638869524, 0.009122085757553577
v,0.001527586835436523, 0.014325815252959728, 0.005341514945030212
v,0.001675872947089374, 0.013420208357274532, 0.005341514945030212
v,0.001572604407556355, 0.013403299264609814, 0.005341635551303625
v,-0.0030126168858259916, 0.013582393527030945, -0.010514986701309681
v,-0.002864330541342497, 0.012676785700023174, -0.010514986701309681
v,-0.0031070453114807606, 0.012637043371796608, -0.01070027519017458
v,0.00018773529154714197, 0.013176537118852139, 0.009307455271482468
v,3.9449092582799494e-05, 0.014082144945859909, 0.009307455271482468
v,-0.00020060743554495275, 0.014042837545275688, 0.009121430106461048
v,-0.003047808539122343, 0.012646742165088654, -0.002206685720011592
v,-0.003196094650775194, 0.013552349992096424, -0.002206685720011592
v,-0.00328421825543046, 0.013537920080125332, -0.0022042295895516872
v,-0.0054748510010540485, 0.01224933285266161, 0.009118975140154362
v,-0.0056231371127069, 0.013154939748346806, 0.009118975140154362
v,-0.005852936767041683, 0.013117312453687191, 0.009307455271482468
v,-0.0032553316559642553, 0.013542650267481804, -0.01070027519017458
v,-0.0031070453114807606, 0.012637043371796608, -0.01070027519017458
v,-0.0033493000082671642, 0.012597375549376011, -0.010514856316149235
v,-0.008652237243950367, 0.011729060672223568, 0.009307455271482468
v,-0.008800523355603218, 0.012634667567908764, 0.009307455271482468
v,-0.008939999155700207, 0.012611829675734043, 0.009122036397457123
n,2.4288493705171277e-07, -1.4833369732514257e-06, 34.38671112060547
n,4.218883037567139, -25.7653865814209, -8.695075734976854e-07
n,-32.63914489746094, -5.344406604766846, 8.862153053283691
n,2.4288493705171277e-07, -1.4833369732514257e-06, 34.38671112060547
n,4.218883514404297, -25.7653865814209, -6.628503115280182e-07
n,4.218880653381348, -25.7653865814209, -6.549313980031002e-07
n,32.5242919921875, 5.325600624084473, -9.28940486907959
n,4.218883037567139, -25.7653865814209, -8.871601266946527e-07
n,4.218884468078613, -25.7653865814209, -2.582369688752806e-06
n,4.218881607055664, -25.7653865814209, -9.173472221846168e-07
n,4.218882083892822, -25.7653865814209, -1.4436739093071083e-06
n,-4.2188825607299805, 25.7653865814209, 1.7468341866333503e-06
n,-4.2188801765441895, 25.7653865814209, 6.934552629900281e-07
n,-4.218886375427246, 25.7653865814209, 6.499581104435492e-07
n,-4.2188825607299805, 25.7653865814209, 1.7449649476475315e-06
n,-4.218883991241455, 25.7653865814209, 6.907774832143332e-07
n,-4.2188801765441895, 25.7653865814209, 6.59094496313628e-07
n,-4.218883037567139, 25.7653865814209, 1.3311002931004623e-06
n,-4.2188825607299805, 25.7653865814209, 6.271305323934939e-07
n,-4.2188825607299805, 25.7653865814209, 6.283014499786077e-07
n,-4.218881130218506, 25.7653865814209, 1.3043255648881313e-06
n,-4.218871593475342, 25.76538848876953, -3.847751941066235e-06
n,32.625030517578125, 5.342094898223877, 8.915838241577148
n,4.2188825607299805, -25.7653865814209, -6.283014499786077e-07
n,4.218883037567139, -25.7653865814209, -1.8709869209487806e-06
n,0.0, 0.0, 0.0
n,-32.531253814697266, -5.32673978805542, -9.264105796813965
n,4.218882083892822, -25.7653865814209, -1.2779449889421812e-06
n,33.07004928588867, 5.414963245391846, 7.014091491699219
n,2.4288493705171277e-07, -1.4833369732514257e-06, 34.38671112060547
n,4.2188825607299805, -25.7653865814209, -8.841848284646403e-07
n,32.51009750366211, 5.323276519775391, -9.340743064880371
n,-32.53284454345703, -5.327000141143799, -9.258306503295898
n,-33.0927619934082, -5.418683052062988, 6.90220308303833
n,0.0, 0.0, 0.0
n,26.42090606689453, -6.038600921630859, 19.1121826171875
n,-14.033222198486328, -18.83310317993164, 20.79871940612793
n,3.958462953567505, -25.35250473022461, 6.350723743438721
n,19.526687622070312, -11.247015953063965, 22.860151290893555
n,-14.93660831451416, -16.892345428466797, 22.84443473815918
n,4.318697929382324, -25.290870666503906, 6.369455337524414
n,20.122142791748047, -11.247179985046387, 22.288049697875977
n,-17.679536819458008, -20.11896514892578, 15.77703857421875
n,-13.64532470703125, -18.32115364074707, -21.747486114501953
n,20.604829788208008, -5.626007556915283, -25.784128189086914
n,3.8552916049957275, -23.642309188842773, -13.676743507385254
n,-18.460712432861328, -10.32071590423584, -26.332441329956055
n,20.804616928100586, -3.406074285507202, -26.47911262512207
n,23.115217208862305, 14.149758338928223, 19.1121826171875
n,-19.306873321533203, 13.373920440673828, 20.798715591430664
n,-4.334003448486328, 25.291011810302734, 6.350724697113037
n,14.91989517211914, 16.887374877929688, 22.860151290893555
n,-19.54410743713379, 11.2463960647583, 22.84442901611328
n,-3.9729251861572266, 25.34748649597168, 6.3694586753845215
n,15.48420238494873, 17.077442169189453, 22.288043975830078
n,-23.172874450683594, 13.429702758789062, 15.7770357131958
n,-18.775955200195312, 13.012423515319824, -21.747486114501953
n,17.734464645385742, 11.90377140045166, -25.784128189086914
n,-3.886366844177246, 23.63722038269043, -13.676741600036621
n,-20.78826332092285, 3.894005298614502, -26.332441329956055
n,18.63182830810547, 9.863490104675293, -26.47911262512207
n,-20.416934967041016, -22.05045509338379, 4.880599021911621
n,26.052621841430664, -14.441402435302734, 6.3044657707214355
n,-20.096036911010742, -21.998016357421875, 6.266457557678223
n,26.367351531982422, -14.38982105255127, 4.95973539352417
n,2.983203172683716, -18.21889305114746, 24.315061569213867
n,-20.020999908447266, -21.985633850097656, -6.546616077423096
n,-29.275644302368164, -13.597820281982422, -8.726886749267578
n,3.3504531383514404, -19.670654296875, -22.17612648010254
n,3.284210205078125, -19.983375549316406, 21.703001022338867
n,31.937015533447266, -4.016435146331787, -8.742904663085938
n,2.9620871543884277, -18.981613159179688, -23.285961151123047
n,2.9832022190093994, -18.21889305114746, 24.315061569213867
n,32.5832405090332, -1.0348702669143677, -9.016109466552734
n,-26.383283615112305, 14.387323379516602, 4.880589962005615
n,20.08612823486328, 21.996341705322266, 6.304439067840576
n,-26.062509536743164, 14.439868927001953, 6.266475200653076
n,20.400924682617188, 22.047800064086914, 4.959726333618164
n,-2.9832019805908203, 18.218894958496094, 24.3150577545166
n,-25.987518310546875, 14.451984405517578, -6.546649932861328
n,-32.227378845214844, 2.962080955505371, -8.803414344787598
n,0.0, 0.0, 0.0
n,-3.2632646560668945, 19.929277420043945, 21.794574737548828
n,29.30946159362793, 13.508023262023926, -8.820159912109375
n,0.0, 0.0, 0.0
n,-2.9832024574279785, 18.218891143798828, 24.315059661865234
n,29.847455978393555, 12.654621124267578, -8.897726058959961
n,-1.016289234161377, -0.16641098260879517, 34.37114715576172
n,-21.354875564575195, -3.4966962337493896, 26.643836975097656
n,20.406404495239258, 3.3413913249969482, -27.40325164794922
n,-20.41663360595703, -3.343064069747925, -27.395357131958008
n,20.557689666748047, 3.3661606311798096, 27.28583335876465
n,26.919998168945312, 4.407939434051514, 20.7727108001709
n,-0.03906682878732681, -0.006395366974174976, -34.386688232421875
n,20.385435104370117, 3.3379578590393066, -27.419422149658203
n,-20.579408645629883, -3.3697195053100586, 27.268861770629883
n,0.9329619407653809, 0.1527637392282486, 34.373592376708984
n,21.311317443847656, 3.4895615577697754, 26.679950714111328
n,-20.419137954711914, -3.3434741497039795, -27.393423080444336
n,-26.910499572753906, -4.406386375427246, 20.785457611083984
n,2.4288493705171277e-07, -1.4833369732514257e-06, 34.38671112060547
n,-32.63914489746094, -5.344404220581055, 8.862153053283691
n,2.4288493705171277e-07, -1.4833369732514257e-06, 34.38671112060547
n,32.5242919921875, 5.325600624084473, -9.28940486907959
n,32.625030517578125, 5.342094898223877, 8.915838241577148
n,0.0, 0.0, 0.0
n,-32.531253814697266, -5.32673978805542, -9.264105796813965
n,33.07004928588867, 5.414963245391846, 7.0140910148620605
n,2.4288493705171277e-07, -1.4833369732514257e-06, 34.38671112060547
n,32.51009750366211, 5.323276519775391, -9.340743064880371
n,-32.53284454345703, -5.327000141143799, -9.258306503295898
n,-33.0927619934082, -5.418683052062988, 6.902203559875488
n,0.0, 0.0, 0.0
n,-20.41688346862793, -22.05048370361328, 4.880587577819824
n,26.052541732788086, -14.441488265991211, 6.304437637329102
n,-20.096084594726562, -21.99798583984375, 6.266469955444336
n,26.367313385009766, -14.389862060546875, 4.9597249031066895
n,2.9832022190093994, -18.218891143798828, 24.3150634765625
n,-20.021148681640625, -21.985551834106445, -6.5466508865356445
n,-29.59966468811035, -13.085775375366211, -8.803415298461914
n,-32.79349136352539, -5.369678974151611, -8.250603675842285
n,3.2632644176483154, -19.92927360534668, 21.794578552246094
n,32.08698654174805, -3.454857349395752, -8.82015609741211
n,0.0, 0.0, 0.0
n,2.983201742172241, -18.218891143798828, 24.315061569213867
n,32.32472229003906, -2.474407196044922, -8.897727012634277
n,-26.383329391479492, 14.387276649475098, 4.880601406097412
n,20.086225509643555, 21.99628448486328, 6.304466247558594
n,-26.062471389770508, 14.439909934997559, 6.266461372375488
n,20.400978088378906, 22.047771453857422, 4.959737300872803
n,-2.9832019805908203, 18.218894958496094, 24.3150577545166
n,-25.98740005493164, 14.452116966247559, -6.546614646911621
n,-32.083587646484375, 3.5507140159606934, -8.726887702941895
n,-3.09814715385437, 19.71196937561035, -22.17612648010254
n,-3.2606678009033203, 19.987232208251953, 21.7030029296875
n,28.988197326660156, 13.99246597290039, -8.742904663085938
n,-3.2464730739593506, 18.935054779052734, -23.28595733642578
n,-2.9832024574279785, 18.218891143798828, 24.3150577545166
n,30.551610946655273, 11.372678756713867, -9.016111373901367
n,-1.0162891149520874, -0.16641096770763397, 34.37114334106445
n,-21.354875564575195, -3.4966962337493896, 26.643836975097656
n,20.40640640258789, 3.3413915634155273, -27.403255462646484
n,-20.41663360595703, -3.343064069747925, -27.395357131958008
n,20.557689666748047, 3.3661606311798096, 27.28583335876465
n,26.919998168945312, 4.407939434051514, 20.7727108001709
n,-0.03906682878732681, -0.006395366974174976, -34.386688232421875
n,20.385435104370117, 3.3379578590393066, -27.419422149658203
n,-20.579408645629883, -3.3697195053100586, 27.268861770629883
n,0.9330428838729858, 0.15278522670269012, 34.37358856201172
n,21.311315536499023, 3.489561080932617, 26.679950714111328
n,-20.419137954711914, -3.3434741497039795, -27.393423080444336
n,-26.910499572753906, -4.406386375427246, 20.785457611083984
u,0.8468167781829834, 0.08090782165527344, 0
u,0.862555205821991, 0.14806824922561646, 0
u,0.862555205821991, 0.08090782165527344, 0
u,0.005186581052839756, 0.6554973721504211, 0
u,0.4476318061351776, 0.5983957946300507, 0
u,0.4476317763328552, 0.5318050980567932, 0
u,0.9685231447219849, 0.20198041200637817, 0
u,0.9842615127563477, 0.449468731880188, 0
u,0.9842615127563477, 0.20198041200637817, 0
u,0.8869913816452026, 0.14507752656936646, 0
u,0.8712529540061951, 0.07914888858795166, 0
u,0.8712529540061951, 0.14507752656936646, 0
u,0.004791734274476767, 0.8672689646482468, 0
u,0.1688031405210495, 0.8736379444599152, 0
u,0.37243035435676575, 0.7645373791456223, 0
u,0.1688031405210495, 0.8736379444599152, 0
u,0.00473904050886631, 0.8757472634315491, 0
u,0.44663506746292114, 1.000000017676797, 0
u,0.9239996671676636, 1.000000001235528, 0
u,0.908261239528656, 0.5430289506912231, 0
u,0.908261239528656, 1.0000000005475798, 0
u,0.005186581052839756, 0.6554973721504211, 0
u,0.16886962950229645, 0.6564781367778778, 0
u,0.4476318061351776, 0.5983957946300507, 0
u,0.16886962950229645, 0.6564781367778778, 0
u,0.37243035435676575, 0.7645373791456223, 0
u,0.4476318061351776, 0.7987826764583588, 0
u,0.16886962950229645, 0.6564781367778778, 0
u,0.0052184900268912315, 0.661004513502121, 0
u,0.37243035435676575, 0.7645373791456223, 0
u,0.37243035435676575, 0.7645373791456223, 0
u,0.1688031405210495, 0.8736379444599152, 0
u,0.4476318061351776, 0.7987826764583588, 0
u,0.6207435727119446, 0.6536064147949219, 0
u,0.8986138105392456, 0.5966726839542389, 0
u,0.8985754251480103, 0.5272443890571594, 0
u,0.6208100914955139, 0.8707661777734756, 0
u,0.8243707418441772, 0.7627069652080536, 0
u,0.4571589231491089, 0.8662398159503937, 0
u,0.45712703466415405, 0.8717469573020935, 0
u,0.8995721936225891, 0.9288485124707222, 0
u,0.6208100914955139, 0.8707661777734756, 0
u,0.6208100914955139, 0.8707661777734756, 0
u,0.8995721936225891, 0.7964117377996445, 0
u,0.8995721936225891, 0.7284616827964783, 0
u,0.45673221349716187, 0.6599753797054291, 0
u,0.8243707418441772, 0.7627069652080536, 0
u,0.6207435727119446, 0.6536064147949219, 0
u,0.6207435727119446, 0.6536064147949219, 0
u,0.8985754251480103, 0.5272443890571594, 0
u,0.45667949318885803, 0.651497095823288, 0
u,0.8243707418441772, 0.7627069652080536, 0
u,0.8995721936225891, 0.7284616827964783, 0
u,0.6207435727119446, 0.6536064147949219, 0
u,0.45712703466415405, 0.8717469573020935, 0
u,0.6208100914955139, 0.8707661777734756, 0
u,0.4571589231491089, 0.8662398159503937, 0
u,0.45673221349716187, 0.6599753797054291, 0
u,0.6207435727119446, 0.6536064147949219, 0
u,0.45667949318885803, 0.651497095823288, 0
u,0.45712703466415405, 0.8717469573020935, 0
u,0.8995721340179443, 0.9954392309300601, 0
u,0.8995721936225891, 0.9288485124707222, 0
u,0.6208100914955139, 0.8707661777734756, 0
u,0.8995721936225891, 0.7284616827964783, 0
u,0.8243707418441772, 0.7627069652080536, 0
u,1.0, 0.7547284215688705, 0
u,0.9842615723609924, 0.5115889608860016, 0
u,0.9842615723609924, 0.7547284215688705, 0
u,0.004791734274476767, 0.8672689646482468, 0
u,0.00473904050886631, 0.8757472634315491, 0
u,0.1688031405210495, 0.8736379444599152, 0
u,0.1688031405210495, 0.8736379444599152, 0
u,0.44663506746292114, 1.000000017676797, 0
u,0.44667336344718933, 0.9305716827511787, 0
u,0.45197200775146484, 0.5272442996501923, 0
u,0.45197200775146484, 0.5272442996501923, 0
u,0.45197200775146484, 0.5272442996501923, 0
u,0.8869913816452026, 0.5171395242214203, 0
u,0.8712529540061951, 0.15055203437805176, 0
u,0.8712529540061951, 0.5171395242214203, 0
u,0.16886962950229645, 0.6564781367778778, 0
u,0.4476318061351776, 0.7987826764583588, 0
u,0.4476318061351776, 0.7308326065540314, 0
u,1.0, 1.0000000045576076, 0
u,0.9842615723609924, 0.7547284066677094, 0
u,0.9842615723609924, 1.0000000038696593, 0
u,0.9353891611099243, 0.1831951141357422, 0
u,0.9196507334709167, 0.1164923906326294, 0
u,0.9196507334709167, 0.1831951141357422, 0
u,0.005186581052839756, 0.6554973721504211, 0
u,0.0052184900268912315, 0.661004513502121, 0
u,0.16886962950229645, 0.6564781367778778, 0
u,0.8468167185783386, 0.14806830883026123, 0
u,0.8625551462173462, 0.5171540379524231, 0
u,0.8625551462173462, 0.14806830883026123, 0
u,0.9196507930755615, 0.5355106592178345, 0
u,0.9039124250411987, 0.08152920007705688, 0
u,0.903912365436554, 0.5355106592178345, 0
u,0.9842615723609924, 0.6984739303588867, 0
u,0.9685232043266296, 0.44946879148483276, 0
u,0.9685231447219849, 0.6984739303588867, 0
u,3.153664874844253e-05, 0.6567690372467041, 0
u,-4.758810678850978e-09, 0.6567680239677429, 0
u,3.153664874844253e-05, 0.6567690372467041, 0
u,0.908261239528656, 0.5393491983413696, 0
u,0.903912365436554, 0.5443857908248901, 0
u,0.908261239528656, 0.5430289506912231, 0
u,0.4477115869522095, 0.9263466820120811, 0
u,0.44667336344718933, 0.9305716827511787, 0
u,0.45197197794914246, 0.93156848102808, 0
u,0.1919456124305725, 0.873941957950592, 0
u,0.19188539683818817, 0.8719414323568344, 0
u,0.1688031405210495, 0.8736379444599152, 0
u,0.8712529540061951, 0.15055197477340698, 0
u,0.8712529540061951, 0.14507752656936646, 0
u,0.866904079914093, 0.14608889818191528, 0
u,0.8712529540061951, 0.0736771821975708, 0
u,0.866904079914093, 0.07813888788223267, 0
u,0.8712529540061951, 0.07914888858795166, 0
u,0.19188719987869263, 0.6581186950206757, 0
u,0.19194267690181732, 0.6561108231544495, 0
u,0.16886962950229645, 0.6564781367778778, 0
u,0.862555205821991, 0.07567393779754639, 0
u,0.862555205821991, 0.08090782165527344, 0
u,0.866904079914093, 0.08009719848632812, 0
u,0.45197194814682007, 0.5304223001003265, 0
u,0.4477836489677429, 0.5272443294525146, 0
u,0.4476317763328552, 0.5318050980567932, 0
u,0.8968647718429565, 0.4740230441093445, 0
u,0.8913401961326599, 0.4740230441093445, 0
u,0.8926181197166443, 0.47837191820144653, 0
u,0.8968656063079834, 0.5228954255580902, 0
u,0.8913401961326599, 0.5228954255580902, 0
u,0.8926364183425903, 0.5272442996501923, 0
u,0.8913401961326599, 0.35643112659454346, 0
u,0.8913401961326599, 0.36654597520828247, 0
u,0.8936759233474731, 0.3567153215408325, 0
u,0.8968656063079834, 0.49845921993255615, 0
u,0.8913401961326599, 0.49845921993255615, 0
u,0.8955439329147339, 0.5028081238269806, 0
u,0.8968590497970581, 0.4495868682861328, 0
u,0.8913401961326599, 0.4495868682861328, 0
u,0.8925843834877014, 0.45393574237823486, 0
u,0.9239996671676636, 0.5393491983413696, 0
u,0.9239996671676636, 0.5430289506912231, 0
u,0.9283485412597656, 0.5443857908248901, 0
u,0.8996520042419434, 0.6008976995944977, 0
u,0.903912365436554, 0.5956758856773376, 0
u,0.8986138105392456, 0.5966726839542389, 0
u,0.6438860297203064, 0.653302401304245, 0
u,0.6207435727119446, 0.6536064147949219, 0
u,0.6438258290290833, 0.6553029119968414, 0
u,0.8869913816452026, 0.15055197477340698, 0
u,0.8913402557373047, 0.14608889818191528, 0
u,0.8869913816452026, 0.14507752656936646, 0
u,0.8869913816452026, 0.0736771821975708, 0
u,0.8869913816452026, 0.07914888858795166, 0
u,0.8913402557373047, 0.07813888788223267, 0
u,0.6438276171684265, 0.8691256195306778, 0
u,0.6208100914955139, 0.8707661777734756, 0
u,0.6438831090927124, 0.8711335062980652, 0
u,0.8468167781829834, 0.07567393779754639, 0
u,0.8424679040908813, 0.08009719848632812, 0
u,0.8468167781829834, 0.08090782165527344, 0
u,0.9039123058319092, 0.9968220391310751, 0
u,0.8995721340179443, 0.9954392309300601, 0
u,0.8997240662574768, 0.9999999992141229, 0
u,0.8968647718429565, 0.4582846164703369, 0
u,0.8926181197166443, 0.45393574237823486, 0
u,0.8913401961326599, 0.4582846164703369, 0
u,0.8968656063079834, 0.5071569979190826, 0
u,0.8926364183425903, 0.5028081238269806, 0
u,0.8913401961326599, 0.5071569979190826, 0
u,0.8913401961326599, 0.3561675548553467, 0
u,0.8936783671379089, 0.3564310073852539, 0
u,0.8936783671379089, 0.34632670879364014, 0
u,0.8968656063079834, 0.4827207922935486, 0
u,0.8955439329147339, 0.47837191820144653, 0
u,0.8913401961326599, 0.4827207922935486, 0
u,0.8968590497970581, 0.43384844064712524, 0
u,0.8925843834877014, 0.4294995665550232, 0
u,0.8913401961326599, 0.43384844064712524, 0
u,0.44667336344718933, 0.9305716827511787, 0
u,0.1919456124305725, 0.873941957950592, 0
u,0.1688031405210495, 0.8736379444599152, 0
u,0.19188539683818817, 0.8719414323568344, 0
u,0.4476318061351776, 0.7987826764583588, 0
u,0.1688031405210495, 0.8736379444599152, 0
u,0.4476318061351776, 0.7308326065540314, 0
u,0.19188719987869263, 0.6581186950206757, 0
u,0.16886962950229645, 0.6564781367778778, 0
u,0.19194267690181732, 0.6561108231544495, 0
u,0.4476318061351776, 0.5983957946300507, 0
u,0.16886962950229645, 0.6564781367778778, 0
u,0.862555205821991, 0.08090782165527344, 0
u,0.866904079914093, 0.14668792486190796, 0
u,0.866904079914093, 0.08009719848632812, 0
u,0.4476317763328552, 0.5318050980567932, 0
u,0.004219834227114916, 0.6512492895126343, 0
u,0.005186581052839756, 0.6554973721504211, 0
u,0.8712529540061951, 0.5171395242214203, 0
u,0.866904079914093, 0.15097618103027344, 0
u,0.866904079914093, 0.5272443294525146, 0
u,0.005186581052839756, 0.6554973721504211, 0
u,3.153664874844253e-05, 0.6567690372467041, 0
u,0.0052184900268912315, 0.661004513502121, 0
u,0.45197197794914246, 0.9982712436467409, 0
u,0.44667336344718933, 0.9305716827511787, 0
u,0.44663506746292114, 1.000000017676797, 0
u,0.8669040203094482, 0.148861825466156, 0
u,0.8625551462173462, 0.5171540379524231, 0
u,0.8669040203094482, 0.5272442400455475, 0
u,0.004791734274476767, 0.8672689646482468, 0
u,3.154719161102548e-05, 0.8714668899774551, 0
u,0.00473904050886631, 0.8757472634315491, 0
u,0.8712529540061951, 0.14507752656936646, 0
u,0.866904079914093, 0.07813888788223267, 0
u,0.866904079914093, 0.14608889818191528, 0
u,0.903912365436554, 0.5443857908248901, 0
u,0.908261239528656, 1.0000000005475798, 0
u,0.908261239528656, 0.5430289506912231, 0
u,0.8986138105392456, 0.5966726839542389, 0
u,0.6438860297203064, 0.653302401304245, 0
u,0.8996520042419434, 0.6008976995944977, 0
u,0.6438258290290833, 0.6553029119968414, 0
u,0.8995721936225891, 0.7284616827964783, 0
u,0.8997122049331665, 0.7239989936351776, 0
u,0.8995721936225891, 0.7964117377996445, 0
u,0.6438276171684265, 0.8691256195306778, 0
u,0.8997103571891785, 0.8008737862110138, 0
u,0.6438831090927124, 0.8711335062980652, 0
u,0.8995721936225891, 0.9288485124707222, 0
u,0.8996549248695374, 0.9244255945086479, 0
u,0.8468167781829834, 0.08090782165527344, 0
u,0.8424679040908813, 0.14668792486190796, 0
u,0.8468167781829834, 0.14806824922561646, 0
u,0.8995721340179443, 0.9954392309300601, 0
u,0.456160306930542, 0.8759950250387192, 0
u,0.8997240662574768, 0.9999999992141229, 0
u,0.8869913816452026, 0.5171395242214203, 0
u,0.8913402557373047, 0.15097618103027344, 0
u,0.8869913816452026, 0.15055203437805176, 0
u,0.45197200775146484, 0.8704752922058105, 0
u,0.4571589231491089, 0.8662398159503937, 0
u,0.45197200775146484, 0.8704752922058105, 0
u,0.903912365436554, 0.5289731621742249, 0
u,0.8986138105392456, 0.5966726839542389, 0
u,0.903912365436554, 0.5956758856773376, 0
u,0.8424678444862366, 0.148861825466156, 0
u,0.8468167185783386, 0.5171540379524231, 0
u,0.8468167185783386, 0.14806830883026123, 0
u,0.45197200775146484, 0.6557774543762207, 0
u,0.45667949318885803, 0.651497095823288, 0
u,0.45197200775146484, 0.6557774543762207, 0
u,0.8869913816452026, 0.14507752656936646, 0
u,0.8913402557373047, 0.07813888788223267, 0
u,0.8869913816452026, 0.07914888858795166, 0
u,0.9283485412597656, 0.5443857908248901, 0
u,0.9239996671676636, 1.000000001235528, 0
u,0.9283485412597656, 0.9996751424914692, 0
u,0.8913402557373047, 0.38228434324264526, 0
u,0.8933407664299011, 0.3665459156036377, 0
u,0.8913402557373047, 0.3665459156036377, 0
u,0.9353891611099243, 0.11126846075057983, 0
u,0.9196507334709167, 0.1164923906326294, 0
u,0.9353891611099243, 0.1164923906326294, 0
u,0.8913401961326599, 0.4495868682861328, 0
u,0.8968590497970581, 0.43384844064712524, 0
u,0.8913401961326599, 0.43384844064712524, 0
u,0.8913401961326599, 0.4827207922935486, 0
u,0.8968656063079834, 0.49845921993255615, 0
u,0.8968656063079834, 0.4827207922935486, 0
u,0.8712529540061951, 0.15055197477340698, 0
u,0.8869913816452026, 0.14507752656936646, 0
u,0.8712529540061951, 0.14507752656936646, 0
u,0.9239996671676636, 0.5393491983413696, 0
u,0.908261239528656, 0.5430289506912231, 0
u,0.9239996671676636, 0.5430289506912231, 0
u,0.8913402557373047, 0.39802271127700806, 0
u,0.893693208694458, 0.4137611389160156, 0
u,0.893693208694458, 0.39802271127700806, 0
u,0.8913401961326599, 0.5071569979190826, 0
u,0.8968656063079834, 0.5228954255580902, 0
u,0.8968656063079834, 0.5071569979190826, 0
u,0.8712529540061951, 0.07914888858795166, 0
u,0.8869913816452026, 0.0736771821975708, 0
u,0.8712529540061951, 0.0736771821975708, 0
u,0.8933480978012085, 0.39802271127700806, 0
u,0.8913401961326599, 0.3822842836380005, 0
u,0.8913401961326599, 0.39802271127700806, 0
u,0.862555205821991, 0.07567393779754639, 0
u,0.8468167781829834, 0.08090782165527344, 0
u,0.862555205821991, 0.08090782165527344, 0
u,0.8913401961326599, 0.4582846164703369, 0
u,0.8968647718429565, 0.4740230441093445, 0
u,0.8968647718429565, 0.4582846164703369, 0
u,0.903912365436554, 0.5393491685390472, 0
u,0.9196507930755615, 0.5355106592178345, 0
u,0.903912365436554, 0.5355106592178345, 0
u,0.8468167781829834, 0.08090782165527344, 0
u,0.8468167781829834, 0.14806824922561646, 0
u,0.862555205821991, 0.14806824922561646, 0
u,0.9685231447219849, 0.20198041200637817, 0
u,0.9685231447219849, 0.44946879148483276, 0
u,0.9842615127563477, 0.449468731880188, 0
u,0.8869913816452026, 0.14507752656936646, 0
u,0.8869913816452026, 0.07914888858795166, 0
u,0.8712529540061951, 0.07914888858795166, 0
u,0.9239996671676636, 1.000000001235528, 0
u,0.9239996671676636, 0.5430289506912231, 0
u,0.908261239528656, 0.5430289506912231, 0
u,1.0, 0.7547284215688705, 0
u,1.0, 0.5115889608860016, 0
u,0.9842615723609924, 0.5115889608860016, 0
u,0.45197200775146484, 0.5272442996501923, 0
u,0.45197200775146484, 0.5272442996501923, 0
u,0.45197200775146484, 0.5272442996501923, 0
u,0.8869913816452026, 0.5171395242214203, 0
u,0.8869913816452026, 0.15055203437805176, 0
u,0.8712529540061951, 0.15055203437805176, 0
u,1.0, 1.0000000045576076, 0
u,1.0, 0.7547284066677094, 0
u,0.9842615723609924, 0.7547284066677094, 0
u,0.9353891611099243, 0.1831951141357422, 0
u,0.9353891611099243, 0.1164923906326294, 0
u,0.9196507334709167, 0.1164923906326294, 0
u,0.8468167185783386, 0.14806830883026123, 0
u,0.8468167185783386, 0.5171540379524231, 0
u,0.8625551462173462, 0.5171540379524231, 0
u,0.9196507930755615, 0.5355106592178345, 0
u,0.9196507930755615, 0.08152920007705688, 0
u,0.9039124250411987, 0.08152920007705688, 0
u,0.9842615723609924, 0.6984739303588867, 0
u,0.9842615723609924, 0.44946879148483276, 0
u,0.9685232043266296, 0.44946879148483276, 0
u,3.153664874844253e-05, 0.6567690372467041, 0
u,-4.758810678850978e-09, 0.6567680239677429, 0
u,-4.758810678850978e-09, 0.6567680239677429, 0
u,0.44667336344718933, 0.9305716827511787, 0
u,0.4477115869522095, 0.9263466820120811, 0
u,0.1919456124305725, 0.873941957950592, 0
u,0.19188539683818817, 0.8719414323568344, 0
u,0.447771817445755, 0.8032453656196594, 0
u,0.4476318061351776, 0.7987826764583588, 0
u,0.4476318061351776, 0.7308326065540314, 0
u,0.44776999950408936, 0.7263705730438232, 0
u,0.19188719987869263, 0.6581186950206757, 0
u,0.19194267690181732, 0.6561108231544495, 0
u,0.44771450757980347, 0.6028187274932861, 0
u,0.4476318061351776, 0.5983957946300507, 0
u,0.862555205821991, 0.08090782165527344, 0
u,0.862555205821991, 0.14806824922561646, 0
u,0.866904079914093, 0.14668792486190796, 0
u,0.4476317763328552, 0.5318050980567932, 0
u,0.4477836489677429, 0.5272443294525146, 0
u,0.004219834227114916, 0.6512492895126343, 0
u,0.8712529540061951, 0.5171395242214203, 0
u,0.8712529540061951, 0.15055203437805176, 0
u,0.866904079914093, 0.15097618103027344, 0
u,0.005186581052839756, 0.6554973721504211, 0
u,3.153664874844253e-05, 0.6567690372467041, 0
u,3.153664874844253e-05, 0.6567690372467041, 0
u,0.45197197794914246, 0.9982712436467409, 0
u,0.45197197794914246, 0.93156848102808, 0
u,0.44667336344718933, 0.9305716827511787, 0
u,0.8669040203094482, 0.148861825466156, 0
u,0.8625551462173462, 0.14806830883026123, 0
u,0.8625551462173462, 0.5171540379524231, 0
u,0.004791734274476767, 0.8672689646482468, 0
u,3.154719161102548e-05, 0.8714668899774551, 0
u,3.154719161102548e-05, 0.8714668899774551, 0
u,0.8712529540061951, 0.14507752656936646, 0
u,0.8712529540061951, 0.07914888858795166, 0
u,0.866904079914093, 0.07813888788223267, 0
u,0.903912365436554, 0.5443857908248901, 0
u,0.903912365436554, 0.9996751414146274, 0
u,0.908261239528656, 1.0000000005475798, 0
u,0.8986138105392456, 0.5966726839542389, 0
u,0.6207435727119446, 0.6536064147949219, 0
u,0.6438860297203064, 0.653302401304245, 0
u,0.6438258290290833, 0.6553029119968414, 0
u,0.6207435727119446, 0.6536064147949219, 0
u,0.8995721936225891, 0.7284616827964783, 0
u,0.8995721936225891, 0.7964117377996445, 0
u,0.6208100914955139, 0.8707661777734756, 0
u,0.6438276171684265, 0.8691256195306778, 0
u,0.6438831090927124, 0.8711335062980652, 0
u,0.6208100914955139, 0.8707661777734756, 0
u,0.8995721936225891, 0.9288485124707222, 0
u,0.8468167781829834, 0.08090782165527344, 0
u,0.8424679040908813, 0.08009719848632812, 0
u,0.8424679040908813, 0.14668792486190796, 0
u,0.8995721340179443, 0.9954392309300601, 0
u,0.45712703466415405, 0.8717469573020935, 0
u,0.456160306930542, 0.8759950250387192, 0
u,0.8869913816452026, 0.5171395242214203, 0
u,0.8913402557373047, 0.5272443294525146, 0
u,0.8913402557373047, 0.15097618103027344, 0
u,0.45197200775146484, 0.8704752922058105, 0
u,0.45712703466415405, 0.8717469573020935, 0
u,0.4571589231491089, 0.8662398159503937, 0
u,0.903912365436554, 0.5289731621742249, 0
u,0.8985754251480103, 0.5272443890571594, 0
u,0.8986138105392456, 0.5966726839542389, 0
u,0.8424678444862366, 0.148861825466156, 0
u,0.8424678444862366, 0.5272442400455475, 0
u,0.8468167185783386, 0.5171540379524231, 0
u,0.45197200775146484, 0.6557774543762207, 0
u,0.45673221349716187, 0.6599753797054291, 0
u,0.45667949318885803, 0.651497095823288, 0
u,0.8869913816452026, 0.14507752656936646, 0
u,0.8913402557373047, 0.14608889818191528, 0
u,0.8913402557373047, 0.07813888788223267, 0
u,0.9283485412597656, 0.5443857908248901, 0
u,0.9239996671676636, 0.5430289506912231, 0
u,0.9239996671676636, 1.000000001235528, 0
u,0.8913402557373047, 0.38228434324264526, 0
u,0.8933407664299011, 0.38228434324264526, 0
u,0.8933407664299011, 0.3665459156036377, 0
u,0.9353891611099243, 0.11126846075057983, 0
u,0.9196507334709167, 0.11126846075057983, 0
u,0.9196507334709167, 0.1164923906326294, 0
u,0.8913401961326599, 0.4495868682861328, 0
u,0.8968590497970581, 0.4495868682861328, 0
u,0.8968590497970581, 0.43384844064712524, 0
u,0.8913401961326599, 0.4827207922935486, 0
u,0.8913401961326599, 0.49845921993255615, 0
u,0.8968656063079834, 0.49845921993255615, 0
u,0.8712529540061951, 0.15055197477340698, 0
u,0.8869913816452026, 0.15055197477340698, 0
u,0.8869913816452026, 0.14507752656936646, 0
u,0.9239996671676636, 0.5393491983413696, 0
u,0.908261239528656, 0.5393491983413696, 0
u,0.908261239528656, 0.5430289506912231, 0
u,0.8913402557373047, 0.39802271127700806, 0
u,0.8913402557373047, 0.4137611389160156, 0
u,0.893693208694458, 0.4137611389160156, 0
u,0.8913401961326599, 0.5071569979190826, 0
u,0.8913401961326599, 0.5228954255580902, 0
u,0.8968656063079834, 0.5228954255580902, 0
u,0.8712529540061951, 0.07914888858795166, 0
u,0.8869913816452026, 0.07914888858795166, 0
u,0.8869913816452026, 0.0736771821975708, 0
u,0.8933480978012085, 0.39802271127700806, 0
u,0.8933480978012085, 0.3822842836380005, 0
u,0.8913401961326599, 0.3822842836380005, 0
u,0.862555205821991, 0.07567393779754639, 0
u,0.8468167781829834, 0.07567393779754639, 0
u,0.8468167781829834, 0.08090782165527344, 0
u,0.8913401961326599, 0.4582846164703369, 0
u,0.8913401961326599, 0.4740230441093445, 0
u,0.8968647718429565, 0.4740230441093445, 0
u,0.903912365436554, 0.5393491685390472, 0
u,0.9196507930755615, 0.5393491685390472, 0
u,0.9196507930755615, 0.5355106592178345, 0
