v,0.01171767059713602, 0.013340395875275135, 0.009307455271482468
v,0.014651023782789707, 0.014416854828596115, 0.009307455271482468
v,0.011668479070067406, 0.014256743714213371, 0.009307455271482468
v,0.009082959033548832, 0.014371883124113083, -0.010472442954778671
v,0.011618792079389095, 0.014508014544844627, 0.009114926680922508
v,0.014576034620404243, 0.014666766859591007, 0.009114926680922508
v,0.005998304113745689, 0.013033365830779076, 0.009121430106461048
v,0.00898012612015009, 0.014112425968050957, -0.002206685720011592
v,0.005949112121015787, 0.013949713669717312, 0.009121430106461048
v,0.0028275600634515285, 0.012863151729106903, 0.009307455271482468
v,0.0057062082923948765, 0.01393667422235012, 0.009307455271482468
v,0.0027783680707216263, 0.01377949956804514, 0.009307455271482468
v,-0.00032165407901629806, 0.013867019675672054, -0.010489923879504204
v,-0.0006044967449270189, 0.013851835392415524, -0.0032290201634168625
v,0.004240573383867741, 0.01411193236708641, 0.005785705056041479
v,-0.0006044967449270189, 0.013851835392415524, -0.0032290201634168625
v,-0.0006981691694818437, 0.013846807181835175, -0.010492256842553616
v,-0.00621614046394825, 0.013550588861107826, 0.009070799686014652
v,-0.0006906117778271437, 0.012674286030232906, -0.01051490567624569
v,-0.006266743876039982, 0.013293934985995293, 0.009122085757553577
v,-0.000739803712349385, 0.013590633869171143, -0.01051490567624569
v,0.009082959033548832, 0.014371883124113083, -0.010472442954778671
v,0.009039402939379215, 0.014369545504450798, -0.003226076252758503
v,0.011618792079389095, 0.014508014544844627, 0.009114926680922508
v,0.009039402939379215, 0.014369545504450798, -0.003226076252758503
v,0.004240573383867741, 0.01411193236708641, 0.005785705056041479
v,0.0027197657618671656, 0.014030291698873043, 0.009114926680922508
v,0.009039402939379215, 0.014369545504450798, -0.003226076252758503
v,0.008838391862809658, 0.014358754269778728, -0.010471031069755554
v,0.004240573383867741, 0.01411193236708641, 0.005785705056041479
v,0.004240573383867741, 0.01411193236708641, 0.005785705056041479
v,-0.0006044967449270189, 0.013851835392415524, -0.0032290201634168625
v,0.0027197657618671656, 0.014030291698873043, 0.009114926680922508
v,-0.0005281190387904644, 0.012429071590304375, -0.0032290201634168625
v,-0.003056504763662815, 0.012293342500925064, 0.009072496555745602
v,-0.006139762699604034, 0.012127825058996677, 0.009070799686014652
v,0.009115779772400856, 0.01294678170233965, -0.0032260757870972157
v,0.004316951148211956, 0.012689168564975262, 0.005785705056041479
v,0.008914769627153873, 0.01293599046766758, -0.010471031069755554
v,0.009159336797893047, 0.012949119322001934, -0.010472442954778671
v,0.01169516984373331, 0.013085250742733479, 0.009114926680922508
v,0.009115779772400856, 0.01294678170233965, -0.0032260757870972157
v,0.009115779772400856, 0.01294678170233965, -0.0032260757870972157
v,0.005813753232359886, 0.012769521214067936, 0.009114926680922508
v,0.0027961432933807373, 0.012607527896761894, 0.009114926680922508
v,-0.0002452763728797436, 0.012444255873560905, -0.010489923879504204
v,0.004316951148211956, 0.012689168564975262, 0.005785705056041479
v,-0.0005281190387904644, 0.012429071590304375, -0.0032290201634168625
v,-0.0005281190387904644, 0.012429071590304375, -0.0032290201634168625
v,-0.006139762699604034, 0.012127825058996677, 0.009070799686014652
v,-0.0006217914633452892, 0.012424043379724026, -0.010492256842553616
v,0.004316951148211956, 0.012689168564975262, 0.005785705056041479
v,0.0027961432933807373, 0.012607527896761894, 0.009114926680922508
v,-0.0005281190387904644, 0.012429071590304375, -0.0032290201634168625
v,0.009159336797893047, 0.012949119322001934, -0.010472442954778671
v,0.009115779772400856, 0.01294678170233965, -0.0032260757870972157
v,0.008914769627153873, 0.01293599046766758, -0.010471031069755554
v,-0.0002452763728797436, 0.012444255873560905, -0.010489923879504204
v,-0.0005281190387904644, 0.012429071590304375, -0.0032290201634168625
v,-0.0006217914633452892, 0.012424043379724026, -0.010492256842553616
v,0.009159336797893047, 0.012949119322001934, -0.010472442954778671
v,0.014652412384748459, 0.013244003057479858, 0.009114926680922508
v,0.01169516984373331, 0.013085250742733479, 0.009114926680922508
v,0.009115779772400856, 0.01294678170233965, -0.0032260757870972157
v,0.0027961432933807373, 0.012607527896761894, 0.009114926680922508
v,0.004316951148211956, 0.012689168564975262, 0.005785705056041479
v,-0.0004663842264562845, 0.012686323374509811, -0.0022067660465836525
v,0.0025351617950946093, 0.01376644428819418, 0.00912151113152504
v,-0.0005155762191861868, 0.013602672144770622, -0.0022067660465836525
v,-0.00032165407901629806, 0.013867019675672054, -0.010489923879504204
v,-0.0006981691694818437, 0.013846807181835175, -0.010492256842553616
v,-0.0006044967449270189, 0.013851835392415524, -0.0032290201634168625
v,-0.0006044967449270189, 0.013851835392415524, -0.0032290201634168625
v,-0.00621614046394825, 0.013550588861107826, 0.009070799686014652
v,-0.0031328825280070305, 0.013716106303036213, 0.009072496555745602
v,-0.0004945003311149776, 0.013603802770376205, -0.01070027519017458
v,-0.0004453083674889058, 0.01268745493143797, -0.01070027519017458
v,-0.0004945003311149776, 0.013603802770376205, -0.01070027519017458
v,0.004249613266438246, 0.01293949130922556, 0.005341514945030212
v,-0.0002493380743544549, 0.013616964221000671, -0.010514866560697556
v,0.0042004212737083435, 0.013855839148163795, 0.005341514945030212
v,0.009039402939379215, 0.014369545504450798, -0.003226076252758503
v,0.0027197657618671656, 0.014030291698873043, 0.009114926680922508
v,0.005737375468015671, 0.014192285016179085, 0.009114926680922508
v,0.009118487127125263, 0.01320086419582367, -0.0022042295895516872
v,0.01143595390021801, 0.0142442611977458, 0.009118975140154362
v,0.009069294668734074, 0.01411721296608448, -0.0022042295895516872
v,-0.006076595280319452, 0.012385153211653233, 0.009307455271482468
v,-0.0031635689083486795, 0.013460521586239338, 0.009307455271482468
v,-0.0061257872730493546, 0.013301501981914043, 0.009307455271482468
v,0.009082959033548832, 0.014371883124113083, -0.010472442954778671
v,0.008838391862809658, 0.014358754269778728, -0.010471031069755554
v,0.009039402939379215, 0.014369545504450798, -0.003226076252758503
v,0.008843664079904556, 0.013186111114919186, -0.010514986701309681
v,0.004304914735257626, 0.013861448504030704, 0.005341635551303625
v,0.008794472552835941, 0.014102458953857422, -0.010514986701309681
v,0.014841347001492977, 0.013508083298802376, 0.009122036397457123
v,0.00928519293665886, 0.014128802344202995, -0.010514856316149235
v,0.014792154543101788, 0.014424431137740612, 0.009122036397457123
v,-0.0028824808541685343, 0.012556621804833412, 0.009118844754993916
v,-0.0006044178735464811, 0.013597902841866016, -0.0022041003685444593
v,-0.0029316728468984365, 0.013472969643771648, 0.009118844754993916
v,0.009040066041052341, 0.014115643687546253, -0.01070027519017458
v,0.009089257568120956, 0.013199294917285442, -0.01070027519017458
v,0.009040066041052341, 0.014115643687546253, -0.01070027519017458
v,-0.0061257872730493546, 0.013301501981914043, 0.009307455271482468
v,-0.00621614046394825, 0.013550588861107826, 0.009070799686014652
v,-0.006266743876039982, 0.013293934985995293, 0.009122085757553577
v,-0.0029316728468984365, 0.013472969643771648, 0.009118844754993916
v,-0.0031328825280070305, 0.013716106303036213, 0.009072496555745602
v,-0.0031635689083486795, 0.013460521586239338, 0.009307455271482468
v,-0.0006044178735464811, 0.013597902841866016, -0.0022041003685444593
v,-0.0005155762191861868, 0.013602672144770622, -0.0022067660465836525
v,-0.0006044967449270189, 0.013851835392415524, -0.0032290201634168625
v,0.0025351617950946093, 0.01376644428819418, 0.00912151113152504
v,0.0027783680707216263, 0.01377949956804514, 0.009307455271482468
v,0.0027197657618671656, 0.014030291698873043, 0.009114926680922508
v,0.005949112121015787, 0.013949713669717312, 0.009121430106461048
v,0.005737375468015671, 0.014192285016179085, 0.009114926680922508
v,0.0057062082923948765, 0.01393667422235012, 0.009307455271482468
v,0.00898012612015009, 0.014112425968050957, -0.002206685720011592
v,0.009069294668734074, 0.01411721296608448, -0.0022042295895516872
v,0.009039402939379215, 0.014369545504450798, -0.003226076252758503
v,0.01143595390021801, 0.0142442611977458, 0.009118975140154362
v,0.011668479070067406, 0.014256743714213371, 0.009307455271482468
v,0.011618792079389095, 0.014508014544844627, 0.009114926680922508
v,0.014651023782789707, 0.014416854828596115, 0.009307455271482468
v,0.014792154543101788, 0.014424431137740612, 0.009122036397457123
v,0.014576034620404243, 0.014666766859591007, 0.009114926680922508
v,0.00928519293665886, 0.014128802344202995, -0.010514856316149235
v,0.009040066041052341, 0.014115643687546253, -0.01070027519017458
v,0.009082959033548832, 0.014371883124113083, -0.010472442954778671
v,0.009040066041052341, 0.014115643687546253, -0.01070027519017458
v,0.008794472552835941, 0.014102458953857422, -0.010514986701309681
v,0.008838391862809658, 0.014358754269778728, -0.010471031069755554
v,0.0042004212737083435, 0.013855839148163795, 0.005341514945030212
v,0.004240573383867741, 0.01411193236708641, 0.005785705056041479
v,0.004304914735257626, 0.013861448504030704, 0.005341635551303625
v,-0.0002493380743544549, 0.013616964221000671, -0.010514866560697556
v,-0.0004945003311149776, 0.013603802770376205, -0.01070027519017458
v,-0.00032165407901629806, 0.013867019675672054, -0.010489923879504204
v,-0.0004945003311149776, 0.013603802770376205, -0.01070027519017458
v,-0.000739803712349385, 0.013590633869171143, -0.01051490567624569
v,-0.0006981691694818437, 0.013846807181835175, -0.010492256842553616
v,-0.006076595280319452, 0.012385153211653233, 0.009307455271482468
v,-0.00621755188331008, 0.012377586215734482, 0.009122085757553577
v,-0.006139762699604034, 0.012127825058996677, 0.009070799686014652
v,-0.0028824808541685343, 0.012556621804833412, 0.009118844754993916
v,-0.0031143769156187773, 0.012544172815978527, 0.009307455271482468
v,-0.003056504763662815, 0.012293342500925064, 0.009072496555745602
v,-0.0005552258808165789, 0.012681554071605206, -0.0022041003685444593
v,-0.0005281190387904644, 0.012429071590304375, -0.0032290201634168625
v,-0.0004663842264562845, 0.012686323374509811, -0.0022067660465836525
v,0.0025843537878245115, 0.012850095517933369, 0.00912151113152504
v,0.0027961432933807373, 0.012607527896761894, 0.009114926680922508
v,0.0028275600634515285, 0.012863151729106903, 0.009307455271482468
v,0.005998304113745689, 0.013033365830779076, 0.009121430106461048
v,0.005755400285124779, 0.013020326383411884, 0.009307455271482468
v,0.005813753232359886, 0.012769521214067936, 0.009114926680922508
v,0.009029318578541279, 0.01319607812911272, -0.002206685720011592
v,0.009115779772400856, 0.01294678170233965, -0.0032260757870972157
v,0.009118487127125263, 0.01320086419582367, -0.0022042295895516872
v,0.0114851463586092, 0.013327913358807564, 0.009118975140154362
v,0.01169516984373331, 0.013085250742733479, 0.009114926680922508
v,0.01171767059713602, 0.013340395875275135, 0.009307455271482468
v,0.014700216241180897, 0.013500506989657879, 0.009307455271482468
v,0.014652412384748459, 0.013244003057479858, 0.009114926680922508
v,0.014841347001492977, 0.013508083298802376, 0.009122036397457123
v,0.009334385395050049, 0.013212454505264759, -0.010514856316149235
v,0.009159336797893047, 0.012949119322001934, -0.010472442954778671
v,0.009089257568120956, 0.013199294917285442, -0.01070027519017458
v,0.009089257568120956, 0.013199294917285442, -0.01070027519017458
v,0.008914769627153873, 0.01293599046766758, -0.010471031069755554
v,0.008843664079904556, 0.013186111114919186, -0.010514986701309681
v,0.004249613266438246, 0.01293949130922556, 0.005341514945030212
v,0.004354106727987528, 0.012945100665092468, 0.005341635551303625
v,0.004316951148211956, 0.012689168564975262, 0.005785705056041479
v,-0.00020014609617646784, 0.01270061545073986, -0.010514866560697556
v,-0.0002452763728797436, 0.012444255873560905, -0.010489923879504204
v,-0.0004453083674889058, 0.01268745493143797, -0.01070027519017458
v,-0.0004453083674889058, 0.01268745493143797, -0.01070027519017458
v,-0.0006217914633452892, 0.012424043379724026, -0.010492256842553616
v,-0.0006906117778271437, 0.012674286030232906, -0.01051490567624569
v,-0.0031328825280070305, 0.013716106303036213, 0.009072496555745602
v,-0.0006044178735464811, 0.013597902841866016, -0.0022041003685444593
v,-0.0006044967449270189, 0.013851835392415524, -0.0032290201634168625
v,-0.0005155762191861868, 0.013602672144770622, -0.0022067660465836525
v,0.0027197657618671656, 0.014030291698873043, 0.009114926680922508
v,-0.0006044967449270189, 0.013851835392415524, -0.0032290201634168625
v,0.005737375468015671, 0.014192285016179085, 0.009114926680922508
v,0.00898012612015009, 0.014112425968050957, -0.002206685720011592
v,0.009039402939379215, 0.014369545504450798, -0.003226076252758503
v,0.009069294668734074, 0.01411721296608448, -0.0022042295895516872
v,0.011618792079389095, 0.014508014544844627, 0.009114926680922508
v,0.009039402939379215, 0.014369545504450798, -0.003226076252758503
v,0.011668479070067406, 0.014256743714213371, 0.009307455271482468
v,0.014576034620404243, 0.014666766859591007, 0.009114926680922508
v,0.011618792079389095, 0.014508014544844627, 0.009114926680922508
v,0.014576034620404243, 0.014666766859591007, 0.009114926680922508
v,0.00928519293665886, 0.014128802344202995, -0.010514856316149235
v,0.009082959033548832, 0.014371883124113083, -0.010472442954778671
v,0.0042004212737083435, 0.013855839148163795, 0.005341514945030212
v,-0.00032165407901629806, 0.013867019675672054, -0.010489923879504204
v,0.004240573383867741, 0.01411193236708641, 0.005785705056041479
v,0.009082959033548832, 0.014371883124113083, -0.010472442954778671
v,0.009040066041052341, 0.014115643687546253, -0.01070027519017458
v,0.008838391862809658, 0.014358754269778728, -0.010471031069755554
v,-0.0061257872730493546, 0.013301501981914043, 0.009307455271482468
v,-0.0031328825280070305, 0.013716106303036213, 0.009072496555745602
v,-0.00621614046394825, 0.013550588861107826, 0.009070799686014652
v,0.008838391862809658, 0.014358754269778728, -0.010471031069755554
v,0.004304914735257626, 0.013861448504030704, 0.005341635551303625
v,0.004240573383867741, 0.01411193236708641, 0.005785705056041479
v,-0.00032165407901629806, 0.013867019675672054, -0.010489923879504204
v,-0.0004945003311149776, 0.013603802770376205, -0.01070027519017458
v,-0.0006981691694818437, 0.013846807181835175, -0.010492256842553616
v,0.0027783680707216263, 0.01377949956804514, 0.009307455271482468
v,0.005737375468015671, 0.014192285016179085, 0.009114926680922508
v,0.0027197657618671656, 0.014030291698873043, 0.009114926680922508
v,-0.00621614046394825, 0.013550588861107826, 0.009070799686014652
v,-0.000739803712349385, 0.013590633869171143, -0.01051490567624569
v,-0.006266743876039982, 0.013293934985995293, 0.009122085757553577
v,-0.003056504763662815, 0.012293342500925064, 0.009072496555745602
v,-0.0005552258808165789, 0.012681554071605206, -0.0022041003685444593
v,-0.0028824808541685343, 0.012556621804833412, 0.009118844754993916
v,-0.0004663842264562845, 0.012686323374509811, -0.0022067660465836525
v,0.0027961432933807373, 0.012607527896761894, 0.009114926680922508
v,0.0025843537878245115, 0.012850095517933369, 0.00912151113152504
v,0.005813753232359886, 0.012769521214067936, 0.009114926680922508
v,0.009029318578541279, 0.01319607812911272, -0.002206685720011592
v,0.005998304113745689, 0.013033365830779076, 0.009121430106461048
v,0.009118487127125263, 0.01320086419582367, -0.0022042295895516872
v,0.01169516984373331, 0.013085250742733479, 0.009114926680922508
v,0.0114851463586092, 0.013327913358807564, 0.009118975140154362
v,0.01171767059713602, 0.013340395875275135, 0.009307455271482468
v,0.014652412384748459, 0.013244003057479858, 0.009114926680922508
v,0.014700216241180897, 0.013500506989657879, 0.009307455271482468
v,0.014652412384748459, 0.013244003057479858, 0.009114926680922508
v,0.009334385395050049, 0.013212454505264759, -0.010514856316149235
v,0.014841347001492977, 0.013508083298802376, 0.009122036397457123
v,0.004249613266438246, 0.01293949130922556, 0.005341514945030212
v,-0.0002452763728797436, 0.012444255873560905, -0.010489923879504204
v,-0.00020014609617646784, 0.01270061545073986, -0.010514866560697556
v,0.009089257568120956, 0.013199294917285442, -0.01070027519017458
v,0.008914769627153873, 0.01293599046766758, -0.010471031069755554
v,0.009089257568120956, 0.013199294917285442, -0.01070027519017458
v,-0.006076595280319452, 0.012385153211653233, 0.009307455271482468
v,-0.003056504763662815, 0.012293342500925064, 0.009072496555745602
v,-0.0031143769156187773, 0.012544172815978527, 0.009307455271482468
v,0.008914769627153873, 0.01293599046766758, -0.010471031069755554
v,0.004354106727987528, 0.012945100665092468, 0.005341635551303625
v,0.008843664079904556, 0.013186111114919186, -0.010514986701309681
v,-0.0004453083674889058, 0.01268745493143797, -0.01070027519017458
v,-0.0006217914633452892, 0.012424043379724026, -0.010492256842553616
v,-0.0004453083674889058, 0.01268745493143797, -0.01070027519017458
v,0.0028275600634515285, 0.012863151729106903, 0.009307455271482468
v,0.005813753232359886, 0.012769521214067936, 0.009114926680922508
v,0.005755400285124779, 0.013020326383411884, 0.009307455271482468
v,-0.006139762699604034, 0.012127825058996677, 0.009070799686014652
v,-0.0006906117778271437, 0.012674286030232906, -0.01051490567624569
v,-0.0006217914633452892, 0.012424043379724026, -0.010492256842553616
v,-0.0005155762191861868, 0.013602672144770622, -0.0022067660465836525
v,-0.0005552258808165789, 0.012681554071605206, -0.0022041003685444593
v,-0.0004663842264562845, 0.012686323374509811, -0.0022067660465836525
v,-0.0028824808541685343, 0.012556621804833412, 0.009118844754993916
v,-0.0031635689083486795, 0.013460521586239338, 0.009307455271482468
v,-0.0031143769156187773, 0.012544172815978527, 0.009307455271482468
v,-0.000739803712349385, 0.013590633869171143, -0.01051490567624569
v,-0.0004453083674889058, 0.01268745493143797, -0.01070027519017458
v,-0.0006906117778271437, 0.012674286030232906, -0.01051490567624569
v,-0.0004453083674889058, 0.01268745493143797, -0.01070027519017458
v,-0.0002493380743544549, 0.013616964221000671, -0.010514866560697556
v,-0.00020014609617646784, 0.01270061545073986, -0.010514866560697556
v,0.0025351617950946093, 0.01376644428819418, 0.00912151113152504
v,0.0028275600634515285, 0.012863151729106903, 0.009307455271482468
v,0.0027783680707216263, 0.01377949956804514, 0.009307455271482468
v,-0.006076595280319452, 0.012385153211653233, 0.009307455271482468
v,-0.006266743876039982, 0.013293934985995293, 0.009122085757553577
v,-0.00621755188331008, 0.012377586215734482, 0.009122085757553577
v,0.004249613266438246, 0.01293949130922556, 0.005341514945030212
v,0.004304914735257626, 0.013861448504030704, 0.005341635551303625
v,0.004354106727987528, 0.012945100665092468, 0.005341635551303625
v,0.008843664079904556, 0.013186111114919186, -0.010514986701309681
v,0.009040066041052341, 0.014115643687546253, -0.01070027519017458
v,0.009089257568120956, 0.013199294917285442, -0.01070027519017458
v,0.0057062082923948765, 0.01393667422235012, 0.009307455271482468
v,0.005998304113745689, 0.013033365830779076, 0.009121430106461048
v,0.005949112121015787, 0.013949713669717312, 0.009121430106461048
v,0.00898012612015009, 0.014112425968050957, -0.002206685720011592
v,0.009118487127125263, 0.01320086419582367, -0.0022042295895516872
v,0.009069294668734074, 0.01411721296608448, -0.0022042295895516872
v,0.01143595390021801, 0.0142442611977458, 0.009118975140154362
v,0.01171767059713602, 0.013340395875275135, 0.009307455271482468
v,0.011668479070067406, 0.014256743714213371, 0.009307455271482468
v,0.009089257568120956, 0.013199294917285442, -0.01070027519017458
v,0.00928519293665886, 0.014128802344202995, -0.010514856316149235
v,0.009334385395050049, 0.013212454505264759, -0.010514856316149235
v,0.014651023782789707, 0.014416854828596115, 0.009307455271482468
v,0.014841347001492977, 0.013508083298802376, 0.009122036397457123
v,0.014792154543101788, 0.014424431137740612, 0.009122036397457123
v,0.01171767059713602, 0.013340395875275135, 0.009307455271482468
v,0.014700216241180897, 0.013500506989657879, 0.009307455271482468
v,0.014651023782789707, 0.014416854828596115, 0.009307455271482468
v,0.005998304113745689, 0.013033365830779076, 0.009121430106461048
v,0.009029318578541279, 0.01319607812911272, -0.002206685720011592
v,0.00898012612015009, 0.014112425968050957, -0.002206685720011592
v,0.0028275600634515285, 0.012863151729106903, 0.009307455271482468
v,0.005755400285124779, 0.013020326383411884, 0.009307455271482468
v,0.0057062082923948765, 0.01393667422235012, 0.009307455271482468
v,-0.0006906117778271437, 0.012674286030232906, -0.01051490567624569
v,-0.00621755188331008, 0.012377586215734482, 0.009122085757553577
v,-0.006266743876039982, 0.013293934985995293, 0.009122085757553577
v,-0.0004663842264562845, 0.012686323374509811, -0.0022067660465836525
v,0.0025843537878245115, 0.012850095517933369, 0.00912151113152504
v,0.0025351617950946093, 0.01376644428819418, 0.00912151113152504
v,-0.0004945003311149776, 0.013603802770376205, -0.01070027519017458
v,-0.0004453083674889058, 0.01268745493143797, -0.01070027519017458
v,-0.0004453083674889058, 0.01268745493143797, -0.01070027519017458
v,0.004249613266438246, 0.01293949130922556, 0.005341514945030212
v,-0.00020014609617646784, 0.01270061545073986, -0.010514866560697556
v,-0.0002493380743544549, 0.013616964221000671, -0.010514866560697556
v,0.009118487127125263, 0.01320086419582367, -0.0022042295895516872
v,0.0114851463586092, 0.013327913358807564, 0.009118975140154362
v,0.01143595390021801, 0.0142442611977458, 0.009118975140154362
v,-0.006076595280319452, 0.012385153211653233, 0.009307455271482468
v,-0.0031143769156187773, 0.012544172815978527, 0.009307455271482468
v,-0.0031635689083486795, 0.013460521586239338, 0.009307455271482468
v,0.008843664079904556, 0.013186111114919186, -0.010514986701309681
v,0.004354106727987528, 0.012945100665092468, 0.005341635551303625
v,0.004304914735257626, 0.013861448504030704, 0.005341635551303625
v,0.014841347001492977, 0.013508083298802376, 0.009122036397457123
v,0.009334385395050049, 0.013212454505264759, -0.010514856316149235
v,0.00928519293665886, 0.014128802344202995, -0.010514856316149235
v,-0.0028824808541685343, 0.012556621804833412, 0.009118844754993916
v,-0.0005552258808165789, 0.012681554071605206, -0.0022041003685444593
v,-0.0006044178735464811, 0.013597902841866016, -0.0022041003685444593
v,0.009040066041052341, 0.014115643687546253, -0.01070027519017458
v,0.009089257568120956, 0.013199294917285442, -0.01070027519017458
v,0.009089257568120956, 0.013199294917285442, -0.01070027519017458
v,-0.0031328825280070305, 0.013716106303036213, 0.009072496555745602
v,-0.0029316728468984365, 0.013472969643771648, 0.009118844754993916
v,-0.0006044178735464811, 0.013597902841866016, -0.0022041003685444593
v,-0.0005155762191861868, 0.013602672144770622, -0.0022067660465836525
v,0.0025351617950946093, 0.01376644428819418, 0.00912151113152504
v,0.0027197657618671656, 0.014030291698873043, 0.009114926680922508
v,0.005737375468015671, 0.014192285016179085, 0.009114926680922508
v,0.005949112121015787, 0.013949713669717312, 0.009121430106461048
v,0.00898012612015009, 0.014112425968050957, -0.002206685720011592
v,0.009069294668734074, 0.01411721296608448, -0.0022042295895516872
v,0.01143595390021801, 0.0142442611977458, 0.009118975140154362
v,0.011618792079389095, 0.014508014544844627, 0.009114926680922508
v,0.011668479070067406, 0.014256743714213371, 0.009307455271482468
v,0.014651023782789707, 0.014416854828596115, 0.009307455271482468
v,0.014576034620404243, 0.014666766859591007, 0.009114926680922508
v,0.014576034620404243, 0.014666766859591007, 0.009114926680922508
v,0.014792154543101788, 0.014424431137740612, 0.009122036397457123
v,0.00928519293665886, 0.014128802344202995, -0.010514856316149235
v,0.0042004212737083435, 0.013855839148163795, 0.005341514945030212
v,-0.0002493380743544549, 0.013616964221000671, -0.010514866560697556
v,-0.00032165407901629806, 0.013867019675672054, -0.010489923879504204
v,0.009082959033548832, 0.014371883124113083, -0.010472442954778671
v,0.009040066041052341, 0.014115643687546253, -0.01070027519017458
v,0.009040066041052341, 0.014115643687546253, -0.01070027519017458
v,-0.0061257872730493546, 0.013301501981914043, 0.009307455271482468
v,-0.0031635689083486795, 0.013460521586239338, 0.009307455271482468
v,-0.0031328825280070305, 0.013716106303036213, 0.009072496555745602
v,0.008838391862809658, 0.014358754269778728, -0.010471031069755554
v,0.008794472552835941, 0.014102458953857422, -0.010514986701309681
v,0.004304914735257626, 0.013861448504030704, 0.005341635551303625
v,-0.00032165407901629806, 0.013867019675672054, -0.010489923879504204
v,-0.0004945003311149776, 0.013603802770376205, -0.01070027519017458
v,-0.0004945003311149776, 0.013603802770376205, -0.01070027519017458
v,0.0027783680707216263, 0.01377949956804514, 0.009307455271482468
v,0.0057062082923948765, 0.01393667422235012, 0.009307455271482468
v,0.005737375468015671, 0.014192285016179085, 0.009114926680922508
v,-0.00621614046394825, 0.013550588861107826, 0.009070799686014652
v,-0.0006981691694818437, 0.013846807181835175, -0.010492256842553616
v,-0.000739803712349385, 0.013590633869171143, -0.01051490567624569
v,-0.003056504763662815, 0.012293342500925064, 0.009072496555745602
v,-0.0005281190387904644, 0.012429071590304375, -0.0032290201634168625
v,-0.0005552258808165789, 0.012681554071605206, -0.0022041003685444593
v,-0.0004663842264562845, 0.012686323374509811, -0.0022067660465836525
v,-0.0005281190387904644, 0.012429071590304375, -0.0032290201634168625
v,0.0027961432933807373, 0.012607527896761894, 0.009114926680922508
v,0.005813753232359886, 0.012769521214067936, 0.009114926680922508
v,0.009115779772400856, 0.01294678170233965, -0.0032260757870972157
v,0.009029318578541279, 0.01319607812911272, -0.002206685720011592
v,0.009118487127125263, 0.01320086419582367, -0.0022042295895516872
v,0.009115779772400856, 0.01294678170233965, -0.0032260757870972157
v,0.01169516984373331, 0.013085250742733479, 0.009114926680922508
v,0.01171767059713602, 0.013340395875275135, 0.009307455271482468
v,0.01169516984373331, 0.013085250742733479, 0.009114926680922508
v,0.014652412384748459, 0.013244003057479858, 0.009114926680922508
v,0.014652412384748459, 0.013244003057479858, 0.009114926680922508
v,0.009159336797893047, 0.012949119322001934, -0.010472442954778671
v,0.009334385395050049, 0.013212454505264759, -0.010514856316149235
v,0.004249613266438246, 0.01293949130922556, 0.005341514945030212
v,0.004316951148211956, 0.012689168564975262, 0.005785705056041479
v,-0.0002452763728797436, 0.012444255873560905, -0.010489923879504204
v,0.009089257568120956, 0.013199294917285442, -0.01070027519017458
v,0.009159336797893047, 0.012949119322001934, -0.010472442954778671
v,0.008914769627153873, 0.01293599046766758, -0.010471031069755554
v,-0.006076595280319452, 0.012385153211653233, 0.009307455271482468
v,-0.006139762699604034, 0.012127825058996677, 0.009070799686014652
v,-0.003056504763662815, 0.012293342500925064, 0.009072496555745602
v,0.008914769627153873, 0.01293599046766758, -0.010471031069755554
v,0.004316951148211956, 0.012689168564975262, 0.005785705056041479
v,0.004354106727987528, 0.012945100665092468, 0.005341635551303625
v,-0.0004453083674889058, 0.01268745493143797, -0.01070027519017458
v,-0.0002452763728797436, 0.012444255873560905, -0.010489923879504204
v,-0.0006217914633452892, 0.012424043379724026, -0.010492256842553616
v,0.0028275600634515285, 0.012863151729106903, 0.009307455271482468
v,0.0027961432933807373, 0.012607527896761894, 0.009114926680922508
v,0.005813753232359886, 0.012769521214067936, 0.009114926680922508
v,-0.006139762699604034, 0.012127825058996677, 0.009070799686014652
v,-0.00621755188331008, 0.012377586215734482, 0.009122085757553577
v,-0.0006906117778271437, 0.012674286030232906, -0.01051490567624569
v,-0.0005155762191861868, 0.013602672144770622, -0.0022067660465836525
v,-0.0006044178735464811, 0.013597902841866016, -0.0022041003685444593
v,-0.0005552258808165789, 0.012681554071605206, -0.0022041003685444593
v,-0.0028824808541685343, 0.012556621804833412, 0.009118844754993916
v,-0.0029316728468984365, 0.013472969643771648, 0.009118844754993916
v,-0.0031635689083486795, 0.013460521586239338, 0.009307455271482468
v,-0.000739803712349385, 0.013590633869171143, -0.01051490567624569
v,-0.0004945003311149776, 0.013603802770376205, -0.01070027519017458
v,-0.0004453083674889058, 0.01268745493143797, -0.01070027519017458
v,-0.0004453083674889058, 0.01268745493143797, -0.01070027519017458
v,-0.0004945003311149776, 0.013603802770376205, -0.01070027519017458
v,-0.0002493380743544549, 0.013616964221000671, -0.010514866560697556
v,0.0025351617950946093, 0.01376644428819418, 0.00912151113152504
v,0.0025843537878245115, 0.012850095517933369, 0.00912151113152504
v,0.0028275600634515285, 0.012863151729106903, 0.009307455271482468
v,-0.006076595280319452, 0.012385153211653233, 0.009307455271482468
v,-0.0061257872730493546, 0.013301501981914043, 0.009307455271482468
v,-0.006266743876039982, 0.013293934985995293, 0.009122085757553577
v,0.004249613266438246, 0.01293949130922556, 0.005341514945030212
v,0.0042004212737083435, 0.013855839148163795, 0.005341514945030212
v,0.004304914735257626, 0.013861448504030704, 0.005341635551303625
v,0.008843664079904556, 0.013186111114919186, -0.010514986701309681
v,0.008794472552835941, 0.014102458953857422, -0.010514986701309681
v,0.009040066041052341, 0.014115643687546253, -0.01070027519017458
v,0.0057062082923948765, 0.01393667422235012, 0.009307455271482468
v,0.005755400285124779, 0.013020326383411884, 0.009307455271482468
v,0.005998304113745689, 0.013033365830779076, 0.009121430106461048
v,0.00898012612015009, 0.014112425968050957, -0.002206685720011592
v,0.009029318578541279, 0.01319607812911272, -0.002206685720011592
v,0.009118487127125263, 0.01320086419582367, -0.0022042295895516872
v,0.01143595390021801, 0.0142442611977458, 0.009118975140154362
v,0.0114851463586092, 0.013327913358807564, 0.009118975140154362
v,0.01171767059713602, 0.013340395875275135, 0.009307455271482468
v,0.009089257568120956, 0.013199294917285442, -0.01070027519017458
v,0.009040066041052341, 0.014115643687546253, -0.01070027519017458
v,0.00928519293665886, 0.014128802344202995, -0.010514856316149235
v,0.014651023782789707, 0.014416854828596115, 0.009307455271482468
v,0.014700216241180897, 0.013500506989657879, 0.009307455271482468
v,0.014841347001492977, 0.013508083298802376, 0.009122036397457123
n,-8.05738480380569e-08, 1.5009295566414949e-06, 34.38671112060547
n,-1.399558663368225, 26.070968627929688, -8.695075734976854e-07
n,33.0262451171875, 1.772936224937439, 8.862153053283691
n,-8.05738480380569e-08, 1.5009295566414949e-06, 34.38671112060547
n,-1.3995589017868042, 26.070968627929688, -6.628503115280182e-07
n,-1.399556040763855, 26.070968627929688, -6.549313980031002e-07
n,-32.910030364990234, -1.7666974067687988, -9.28940486907959
n,-1.3995585441589355, 26.070968627929688, -8.871601835380716e-07
n,-1.3995599746704102, 26.070968627929688, -2.582369688752806e-06
n,-1.3995568752288818, 26.070968627929688, -9.173472221846168e-07
n,-1.3995574712753296, 26.070968627929688, -1.4436739093071083e-06
n,1.3995580673217773, -26.070968627929688, 1.7468341866333503e-06
n,1.3995556831359863, -26.070968627929688, 6.934552629900281e-07
n,1.399561882019043, -26.070968627929688, 6.499581104435492e-07
n,1.3995580673217773, -26.070968627929688, 1.7449649476475315e-06
n,1.3995596170425415, -26.070968627929688, 6.907774832143332e-07
n,1.3995556831359863, -26.070968627929688, 6.59094496313628e-07
n,1.399558424949646, -26.070968627929688, 1.3311002931004623e-06
n,1.3995580673217773, -26.070968627929688, 6.271305323934939e-07
n,1.3995580673217773, -26.070968627929688, 6.283014499786077e-07
n,1.3995567560195923, -26.070968627929688, 1.3043255648881313e-06
n,1.3995472192764282, -26.070968627929688, -3.847752395813586e-06
n,-33.011962890625, -1.772168755531311, 8.915838241577148
n,-1.3995580673217773, 26.070968627929688, -6.283014499786077e-07
n,-1.399558663368225, 26.070968627929688, -1.8709869209487806e-06
n,0.0, 0.0, 0.0
n,32.917076110839844, 1.7670750617980957, -9.264105796813965
n,-1.3995574712753296, 26.070968627929688, -1.2779449889421812e-06
n,-33.46226119995117, -1.796341896057129, 7.014091491699219
n,-8.05738480380569e-08, 1.5009295566414949e-06, 34.38671112060547
n,-1.3995580673217773, 26.070968627929688, -8.841848284646403e-07
n,-32.895668029785156, -1.765926480293274, -9.340743064880371
n,32.91868591308594, 1.7671613693237305, -9.258306503295898
n,33.4852409362793, 1.7975763082504272, 6.90220308303833
n,0.0, 0.0, 0.0
n,-25.610122680664062, 8.868513107299805, 19.1121826171875
n,15.993023872375488, 17.200008392333984, 20.79871940612793
n,-1.1854544878005981, 25.632278442382812, 6.350723743438721
n,-18.191680908203125, 13.298478126525879, 22.860151290893555
n,16.680591583251953, 15.172719955444336, 22.84443473815918
n,-1.5502492189407349, 25.610076904296875, 6.369455337524414
n,-18.783605575561523, 13.3632230758667, 22.288049697875977
n,19.757287979125977, 18.082815170288086, 15.77703857421875
n,15.551889419555664, 16.7331485748291, -21.747486114501953
n,-19.873104095458984, 7.827559947967529, -25.784128189086914
n,-1.2683745622634888, 23.92098045349121, -13.676743507385254
n,19.471166610717773, 8.257641792297363, -26.332441329956055
n,-20.31247901916504, 5.642389297485352, -26.47911262512207
n,-24.51350212097168, -11.559283256530762, 19.1121826171875
n,17.74248504638672, -15.388996124267578, 20.798715591430664
n,1.5654489994049072, -25.611879348754883, 6.350724697113037
n,-16.66343879699707, -15.169591903686523, 22.860151290893555
n,18.20906639099121, -13.299751281738281, 22.84442901611328
n,1.2003759145736694, -25.628860473632812, 6.3694586753845215
n,-17.24502944946289, -15.297334671020508, 22.288043975830078
n,21.579631805419922, -15.863743782043457, 15.7770357131958
n,17.253908157348633, -14.972049713134766, -21.747486114501953
n,-18.9208984375, -9.910126686096191, -25.784128189086914
n,1.2998181581497192, -23.919294357299805, -13.676741600036621
n,20.24329948425293, -6.125668048858643, -26.332441329956055
n,-19.591684341430664, -7.784554958343506, -26.47911262512207
n,22.688024520874023, 19.706022262573242, 4.880599021911621
n,-24.33266830444336, 17.181804656982422, 6.3044657707214355
n,22.363330841064453, 19.688695907592773, 6.266457557678223
n,-24.651132583618164, 17.164661407470703, 4.95973539352417
n,-0.9896381497383118, 18.434972763061523, 24.315061569213867
n,22.28739356994629, 19.684528350830078, -6.546616077423096
n,30.577728271484375, 10.342459678649902, -8.726886749267578
n,-1.197268009185791, 19.91800308227539, -22.17612648010254
n,-1.097498893737793, 20.22169303894043, 21.703001022338867
n,-31.313007354736328, 7.456536769866943, -8.742904663085938
n,-0.8859244585037231, 19.19090461730957, -23.285961151123047
n,-0.9896373152732849, 18.434972763061523, 24.315061569213867
n,-32.27879333496094, 4.562647342681885, -9.016109466552734
n,24.667245864868164, -17.163908004760742, 4.880589962005615
n,-22.353296279907227, -19.688108444213867, 6.304439067840576
n,24.342662811279297, -17.181352615356445, 6.266475200653076
n,-22.67181968688965, -19.70511817932129, 4.959726333618164
n,0.9896368384361267, -18.434972763061523, 24.3150577545166
n,24.266799926757812, -17.18526268005371, -6.546649932861328
n,31.71601104736328, -6.439894199371338, -8.803414344787598
n,0.0, 0.0, 0.0
n,1.0825445652008057, -20.16564178466797, 21.794574737548828
n,-30.601606369018555, -10.24952507019043, -8.820159912109375
n,0.0, 0.0, 0.0
n,0.9896376729011536, -18.43497085571289, 24.315059661865234
n,-31.043867111206055, -9.342806816101074, -8.897726058959961
n,1.028342604637146, 0.05520564690232277, 34.37114715576172
n,21.608144760131836, 1.1599833965301514, 26.643836975097656
n,-20.64842414855957, -1.1084630489349365, -27.40325164794922
n,20.658775329589844, 1.1090162992477417, -27.395357131958008
n,-20.801504135131836, -1.1166783571243286, 27.28583335876465
n,-27.239269256591797, -1.4622747898101807, 20.7727108001709
n,0.03953000158071518, 0.002120569348335266, -34.386688232421875
n,-20.627206802368164, -1.1073240041732788, -27.419422149658203
n,20.8234806060791, 1.1178604364395142, 27.268861770629883
n,-0.9440267086029053, -0.05067633464932442, 34.373592376708984
n,-21.564069747924805, -1.157614827156067, 26.679950714111328
n,20.66131019592285, 1.1091523170471191, -27.393423080444336
n,27.229658126831055, 1.4617607593536377, 20.785457611083984
n,-8.05738480380569e-08, 1.5009295566414949e-06, 34.38671112060547
n,33.0262451171875, 1.7729341983795166, 8.862153053283691
n,-8.05738480380569e-08, 1.5009295566414949e-06, 34.38671112060547
n,-32.910030364990234, -1.7666974067687988, -9.28940486907959
n,-33.011962890625, -1.772168755531311, 8.915838241577148
n,0.0, 0.0, 0.0
n,32.917076110839844, 1.7670750617980957, -9.264105796813965
n,-33.46226119995117, -1.796341896057129, 7.0140910148620605
n,-8.05738480380569e-08, 1.5009295566414949e-06, 34.38671112060547
n,-32.895668029785156, -1.765926480293274, -9.340743064880371
n,32.91868591308594, 1.7671613693237305, -9.258306503295898
n,33.4852409362793, 1.7975763082504272, 6.902203559875488
n,0.0, 0.0, 0.0
n,22.68797492980957, 19.706056594848633, 4.880587577819824
n,-24.332576751708984, 17.181880950927734, 6.304437637329102
n,22.36337661743164, 19.688663482666016, 6.266469955444336
n,-24.651092529296875, 17.16469955444336, 4.9597249031066895
n,-0.989637553691864, 18.434968948364258, 24.3150634765625
n,22.28753089904785, 19.68442726135254, -6.5466508865356445
n,30.844301223754883, 9.798293113708496, -8.803415298461914
n,33.18242263793945, 1.7813193798065186, -8.250603675842285
n,-1.0825444459915161, 20.165637969970703, 21.794578552246094
n,-31.52300262451172, 6.91453742980957, -8.82015609741211
n,0.0, 0.0, 0.0
n,-0.9896369576454163, 18.43497085571289, 24.315061569213867
n,-31.86566925048828, 5.965654373168945, -8.897727012634277
n,24.66729164123535, -17.163864135742188, 4.880601406097412
n,-22.3533878326416, -19.688039779663086, 6.304466247558594
n,24.342618942260742, -17.1813907623291, 6.266461372375488
n,-22.6718692779541, -19.70508575439453, 4.959737300872803
n,0.9896368384361267, -18.434972763061523, 24.3150577545166
n,24.26666831970215, -17.185382843017578, -6.546614646911621
n,31.509227752685547, -7.009459495544434, -8.726887702941895
n,0.941969633102417, -19.93170928955078, -22.17612648010254
n,1.07367742061615, -20.222972869873047, 21.7030029296875
n,-30.33477783203125, -10.765953063964844, -8.742904663085938
n,1.1736825704574585, -19.175460815429688, -23.28595733642578
n,0.9896376729011536, -18.43497085571289, 24.3150577545166
n,-31.604835510253906, -7.992055892944336, -9.016111373901367
n,1.0283424854278564, 0.05520563945174217, 34.37114334106445
n,21.608144760131836, 1.1599833965301514, 26.643836975097656
n,-20.648426055908203, -1.1084630489349365, -27.403255462646484
n,20.658775329589844, 1.1090162992477417, -27.395357131958008
n,-20.801504135131836, -1.1166783571243286, 27.28583335876465
n,-27.239269256591797, -1.4622747898101807, 20.7727108001709
n,0.03953000158071518, 0.002120569348335266, -34.386688232421875
n,-20.627206802368164, -1.1073240041732788, -27.419422149658203
n,20.8234806060791, 1.1178604364395142, 27.268861770629883
n,-0.9441094994544983, -0.050688911229372025, 34.37358856201172
n,-21.564067840576172, -1.157614827156067, 26.679950714111328
n,20.66131019592285, 1.1091523170471191, -27.393423080444336
n,27.229658126831055, 1.4617607593536377, 20.785457611083984
u,0.8468167781829834, 0.08090782165527344, 0
u,0.862555205821991, 0.14806824922561646, 0
u,0.862555205821991, 0.08090782165527344, 0
u,0.005186581052839756, 0.6554973721504211, 0
u,0.4476318061351776, 0.5983957946300507, 0
u,0.4476317763328552, 0.5318050980567932, 0
u,0.9685231447219849, 0.20198041200637817, 0
u,0.9842615127563477, 0.449468731880188, 0
u,0.9842615127563477, 0.20198041200637817, 0
u,0.8869913816452026, 0.14507752656936646, 0
u,0.8712529540061951, 0.07914888858795166, 0
u,0.8712529540061951, 0.14507752656936646, 0
u,0.004791734274476767, 0.8672689646482468, 0
u,0.1688031405210495, 0.8736379444599152, 0
u,0.37243035435676575, 0.7645373791456223, 0
u,0.1688031405210495, 0.8736379444599152, 0
u,0.00473904050886631, 0.8757472634315491, 0
u,0.44663506746292114, 1.000000017676797, 0
u,0.9239996671676636, 1.000000001235528, 0
u,0.908261239528656, 0.5430289506912231, 0
u,0.908261239528656, 1.0000000005475798, 0
u,0.005186581052839756, 0.6554973721504211, 0
u,0.16886962950229645, 0.6564781367778778, 0
u,0.4476318061351776, 0.5983957946300507, 0
u,0.16886962950229645, 0.6564781367778778, 0
u,0.37243035435676575, 0.7645373791456223, 0
u,0.4476318061351776, 0.7987826764583588, 0
u,0.16886962950229645, 0.6564781367778778, 0
u,0.0052184900268912315, 0.661004513502121, 0
u,0.37243035435676575, 0.7645373791456223, 0
u,0.37243035435676575, 0.7645373791456223, 0
u,0.1688031405210495, 0.8736379444599152, 0
u,0.4476318061351776, 0.7987826764583588, 0
u,0.6207435727119446, 0.6536064147949219, 0
u,0.8986138105392456, 0.5966726839542389, 0
u,0.8985754251480103, 0.5272443890571594, 0
u,0.6208100914955139, 0.8707661777734756, 0
u,0.8243707418441772, 0.7627069652080536, 0
u,0.4571589231491089, 0.8662398159503937, 0
u,0.45712703466415405, 0.8717469573020935, 0
u,0.8995721936225891, 0.9288485124707222, 0
u,0.6208100914955139, 0.8707661777734756, 0
u,0.6208100914955139, 0.8707661777734756, 0
u,0.8995721936225891, 0.7964117377996445, 0
u,0.8995721936225891, 0.7284616827964783, 0
u,0.45673221349716187, 0.6599753797054291, 0
u,0.8243707418441772, 0.7627069652080536, 0
u,0.6207435727119446, 0.6536064147949219, 0
u,0.6207435727119446, 0.6536064147949219, 0
u,0.8985754251480103, 0.5272443890571594, 0
u,0.45667949318885803, 0.651497095823288, 0
u,0.8243707418441772, 0.7627069652080536, 0
u,0.8995721936225891, 0.7284616827964783, 0
u,0.6207435727119446, 0.6536064147949219, 0
u,0.45712703466415405, 0.8717469573020935, 0
u,0.6208100914955139, 0.8707661777734756, 0
u,0.4571589231491089, 0.8662398159503937, 0
u,0.45673221349716187, 0.6599753797054291, 0
u,0.6207435727119446, 0.6536064147949219, 0
u,0.45667949318885803, 0.651497095823288, 0
u,0.45712703466415405, 0.8717469573020935, 0
u,0.8995721340179443, 0.9954392309300601, 0
u,0.8995721936225891, 0.9288485124707222, 0
u,0.6208100914955139, 0.8707661777734756, 0
u,0.8995721936225891, 0.7284616827964783, 0
u,0.8243707418441772, 0.7627069652080536, 0
u,1.0, 0.7547284215688705, 0
u,0.9842615723609924, 0.5115889608860016, 0
u,0.9842615723609924, 0.7547284215688705, 0
u,0.004791734274476767, 0.8672689646482468, 0
u,0.00473904050886631, 0.8757472634315491, 0
u,0.1688031405210495, 0.8736379444599152, 0
u,0.1688031405210495, 0.8736379444599152, 0
u,0.44663506746292114, 1.000000017676797, 0
u,0.44667336344718933, 0.9305716827511787, 0
u,0.45197200775146484, 0.5272442996501923, 0
u,0.45197200775146484, 0.5272442996501923, 0
u,0.45197200775146484, 0.5272442996501923, 0
u,0.8869913816452026, 0.5171395242214203, 0
u,0.8712529540061951, 0.15055203437805176, 0
u,0.8712529540061951, 0.5171395242214203, 0
u,0.16886962950229645, 0.6564781367778778, 0
u,0.4476318061351776, 0.7987826764583588, 0
u,0.4476318061351776, 0.7308326065540314, 0
u,1.0, 1.0000000045576076, 0
u,0.9842615723609924, 0.7547284066677094, 0
u,0.9842615723609924, 1.0000000038696593, 0
u,0.9353891611099243, 0.1831951141357422, 0
u,0.9196507334709167, 0.1164923906326294, 0
u,0.9196507334709167, 0.1831951141357422, 0
u,0.005186581052839756, 0.6554973721504211, 0
u,0.0052184900268912315, 0.661004513502121, 0
u,0.16886962950229645, 0.6564781367778778, 0
u,0.8468167185783386, 0.14806830883026123, 0
u,0.8625551462173462, 0.5171540379524231, 0
u,0.8625551462173462, 0.14806830883026123, 0
u,0.9196507930755615, 0.5355106592178345, 0
u,0.9039124250411987, 0.08152920007705688, 0
u,0.903912365436554, 0.5355106592178345, 0
u,0.9842615723609924, 0.6984739303588867, 0
u,0.9685232043266296, 0.44946879148483276, 0
u,0.9685231447219849, 0.6984739303588867, 0
u,3.153664874844253e-05, 0.6567690372467041, 0
u,-4.758810678850978e-09, 0.6567680239677429, 0
u,3.153664874844253e-05, 0.6567690372467041, 0
u,0.908261239528656, 0.5393491983413696, 0
u,0.903912365436554, 0.5443857908248901, 0
u,0.908261239528656, 0.5430289506912231, 0
u,0.4477115869522095, 0.9263466820120811, 0
u,0.44667336344718933, 0.9305716827511787, 0
u,0.45197197794914246, 0.93156848102808, 0
u,0.1919456124305725, 0.873941957950592, 0
u,0.19188539683818817, 0.8719414323568344, 0
u,0.1688031405210495, 0.8736379444599152, 0
u,0.8712529540061951, 0.15055197477340698, 0
u,0.8712529540061951, 0.14507752656936646, 0
u,0.866904079914093, 0.14608889818191528, 0
u,0.8712529540061951, 0.0736771821975708, 0
u,0.866904079914093, 0.07813888788223267, 0
u,0.8712529540061951, 0.07914888858795166, 0
u,0.19188719987869263, 0.6581186950206757, 0
u,0.19194267690181732, 0.6561108231544495, 0
u,0.16886962950229645, 0.6564781367778778, 0
u,0.862555205821991, 0.07567393779754639, 0
u,0.862555205821991, 0.08090782165527344, 0
u,0.866904079914093, 0.08009719848632812, 0
u,0.45197194814682007, 0.5304223001003265, 0
u,0.4477836489677429, 0.5272443294525146, 0
u,0.4476317763328552, 0.5318050980567932, 0
u,0.8968647718429565, 0.4740230441093445, 0
u,0.8913401961326599, 0.4740230441093445, 0
u,0.8926181197166443, 0.47837191820144653, 0
u,0.8968656063079834, 0.5228954255580902, 0
u,0.8913401961326599, 0.5228954255580902, 0
u,0.8926364183425903, 0.5272442996501923, 0
u,0.8913401961326599, 0.35643112659454346, 0
u,0.8913401961326599, 0.36654597520828247, 0
u,0.8936759233474731, 0.3567153215408325, 0
u,0.8968656063079834, 0.49845921993255615, 0
u,0.8913401961326599, 0.49845921993255615, 0
u,0.8955439329147339, 0.5028081238269806, 0
u,0.8968590497970581, 0.4495868682861328, 0
u,0.8913401961326599, 0.4495868682861328, 0
u,0.8925843834877014, 0.45393574237823486, 0
u,0.9239996671676636, 0.5393491983413696, 0
u,0.9239996671676636, 0.5430289506912231, 0
u,0.9283485412597656, 0.5443857908248901, 0
u,0.8996520042419434, 0.6008976995944977, 0
u,0.903912365436554, 0.5956758856773376, 0
u,0.8986138105392456, 0.5966726839542389, 0
u,0.6438860297203064, 0.653302401304245, 0
u,0.6207435727119446, 0.6536064147949219, 0
u,0.6438258290290833, 0.6553029119968414, 0
u,0.8869913816452026, 0.15055197477340698, 0
u,0.8913402557373047, 0.14608889818191528, 0
u,0.8869913816452026, 0.14507752656936646, 0
u,0.8869913816452026, 0.0736771821975708, 0
u,0.8869913816452026, 0.07914888858795166, 0
u,0.8913402557373047, 0.07813888788223267, 0
u,0.6438276171684265, 0.8691256195306778, 0
u,0.6208100914955139, 0.8707661777734756, 0
u,0.6438831090927124, 0.8711335062980652, 0
u,0.8468167781829834, 0.07567393779754639, 0
u,0.8424679040908813, 0.08009719848632812, 0
u,0.8468167781829834, 0.08090782165527344, 0
u,0.9039123058319092, 0.9968220391310751, 0
u,0.8995721340179443, 0.9954392309300601, 0
u,0.8997240662574768, 0.9999999992141229, 0
u,0.8968647718429565, 0.4582846164703369, 0
u,0.8926181197166443, 0.45393574237823486, 0
u,0.8913401961326599, 0.4582846164703369, 0
u,0.8968656063079834, 0.5071569979190826, 0
u,0.8926364183425903, 0.5028081238269806, 0
u,0.8913401961326599, 0.5071569979190826, 0
u,0.8913401961326599, 0.3561675548553467, 0
u,0.8936783671379089, 0.3564310073852539, 0
u,0.8936783671379089, 0.34632670879364014, 0
u,0.8968656063079834, 0.4827207922935486, 0
u,0.8955439329147339, 0.47837191820144653, 0
u,0.8913401961326599, 0.4827207922935486, 0
u,0.8968590497970581, 0.43384844064712524, 0
u,0.8925843834877014, 0.4294995665550232, 0
u,0.8913401961326599, 0.43384844064712524, 0
u,0.44667336344718933, 0.9305716827511787, 0
u,0.1919456124305725, 0.873941957950592, 0
u,0.1688031405210495, 0.8736379444599152, 0
u,0.19188539683818817, 0.8719414323568344, 0
u,0.4476318061351776, 0.7987826764583588, 0
u,0.1688031405210495, 0.8736379444599152, 0
u,0.4476318061351776, 0.7308326065540314, 0
u,0.19188719987869263, 0.6581186950206757, 0
u,0.16886962950229645, 0.6564781367778778, 0
u,0.19194267690181732, 0.6561108231544495, 0
u,0.4476318061351776, 0.5983957946300507, 0
u,0.16886962950229645, 0.6564781367778778, 0
u,0.862555205821991, 0.08090782165527344, 0
u,0.866904079914093, 0.14668792486190796, 0
u,0.866904079914093, 0.08009719848632812, 0
u,0.4476317763328552, 0.5318050980567932, 0
u,0.004219834227114916, 0.6512492895126343, 0
u,0.005186581052839756, 0.6554973721504211, 0
u,0.8712529540061951, 0.5171395242214203, 0
u,0.866904079914093, 0.15097618103027344, 0
u,0.866904079914093, 0.5272443294525146, 0
u,0.005186581052839756, 0.6554973721504211, 0
u,3.153664874844253e-05, 0.6567690372467041, 0
u,0.0052184900268912315, 0.661004513502121, 0
u,0.45197197794914246, 0.9982712436467409, 0
u,0.44667336344718933, 0.9305716827511787, 0
u,0.44663506746292114, 1.000000017676797, 0
u,0.8669040203094482, 0.148861825466156, 0
u,0.8625551462173462, 0.5171540379524231, 0
u,0.8669040203094482, 0.5272442400455475, 0
u,0.004791734274476767, 0.8672689646482468, 0
u,3.154719161102548e-05, 0.8714668899774551, 0
u,0.00473904050886631, 0.8757472634315491, 0
u,0.8712529540061951, 0.14507752656936646, 0
u,0.866904079914093, 0.07813888788223267, 0
u,0.866904079914093, 0.14608889818191528, 0
u,0.903912365436554, 0.5443857908248901, 0
u,0.908261239528656, 1.0000000005475798, 0
u,0.908261239528656, 0.5430289506912231, 0
u,0.8986138105392456, 0.5966726839542389, 0
u,0.6438860297203064, 0.653302401304245, 0
u,0.8996520042419434, 0.6008976995944977, 0
u,0.6438258290290833, 0.6553029119968414, 0
u,0.8995721936225891, 0.7284616827964783, 0
u,0.8997122049331665, 0.7239989936351776, 0
u,0.8995721936225891, 0.7964117377996445, 0
u,0.6438276171684265, 0.8691256195306778, 0
u,0.8997103571891785, 0.8008737862110138, 0
u,0.6438831090927124, 0.8711335062980652, 0
u,0.8995721936225891, 0.9288485124707222, 0
u,0.8996549248695374, 0.9244255945086479, 0
u,0.8468167781829834, 0.08090782165527344, 0
u,0.8424679040908813, 0.14668792486190796, 0
u,0.8468167781829834, 0.14806824922561646, 0
u,0.8995721340179443, 0.9954392309300601, 0
u,0.456160306930542, 0.8759950250387192, 0
u,0.8997240662574768, 0.9999999992141229, 0
u,0.8869913816452026, 0.5171395242214203, 0
u,0.8913402557373047, 0.15097618103027344, 0
u,0.8869913816452026, 0.15055203437805176, 0
u,0.45197200775146484, 0.8704752922058105, 0
u,0.4571589231491089, 0.8662398159503937, 0
u,0.45197200775146484, 0.8704752922058105, 0
u,0.903912365436554, 0.5289731621742249, 0
u,0.8986138105392456, 0.5966726839542389, 0
u,0.903912365436554, 0.5956758856773376, 0
u,0.8424678444862366, 0.148861825466156, 0
u,0.8468167185783386, 0.5171540379524231, 0
u,0.8468167185783386, 0.14806830883026123, 0
u,0.45197200775146484, 0.6557774543762207, 0
u,0.45667949318885803, 0.651497095823288, 0
u,0.45197200775146484, 0.6557774543762207, 0
u,0.8869913816452026, 0.14507752656936646, 0
u,0.8913402557373047, 0.07813888788223267, 0
u,0.8869913816452026, 0.07914888858795166, 0
u,0.9283485412597656, 0.5443857908248901, 0
u,0.9239996671676636, 1.000000001235528, 0
u,0.9283485412597656, 0.9996751424914692, 0
u,0.8913402557373047, 0.38228434324264526, 0
u,0.8933407664299011, 0.3665459156036377, 0
u,0.8913402557373047, 0.3665459156036377, 0
u,0.9353891611099243, 0.11126846075057983, 0
u,0.9196507334709167, 0.1164923906326294, 0
u,0.9353891611099243, 0.1164923906326294, 0
u,0.8913401961326599, 0.4495868682861328, 0
u,0.8968590497970581, 0.43384844064712524, 0
u,0.8913401961326599, 0.43384844064712524, 0
u,0.8913401961326599, 0.4827207922935486, 0
u,0.8968656063079834, 0.49845921993255615, 0
u,0.8968656063079834, 0.4827207922935486, 0
u,0.8712529540061951, 0.15055197477340698, 0
u,0.8869913816452026, 0.14507752656936646, 0
u,0.8712529540061951, 0.14507752656936646, 0
u,0.9239996671676636, 0.5393491983413696, 0
u,0.908261239528656, 0.5430289506912231, 0
u,0.9239996671676636, 0.5430289506912231, 0
u,0.8913402557373047, 0.39802271127700806, 0
u,0.893693208694458, 0.4137611389160156, 0
u,0.893693208694458, 0.39802271127700806, 0
u,0.8913401961326599, 0.5071569979190826, 0
u,0.8968656063079834, 0.5228954255580902, 0
u,0.8968656063079834, 0.5071569979190826, 0
u,0.8712529540061951, 0.07914888858795166, 0
u,0.8869913816452026, 0.0736771821975708, 0
u,0.8712529540061951, 0.0736771821975708, 0
u,0.8933480978012085, 0.39802271127700806, 0
u,0.8913401961326599, 0.3822842836380005, 0
u,0.8913401961326599, 0.39802271127700806, 0
u,0.862555205821991, 0.07567393779754639, 0
u,0.8468167781829834, 0.08090782165527344, 0
u,0.862555205821991, 0.08090782165527344, 0
u,0.8913401961326599, 0.4582846164703369, 0
u,0.8968647718429565, 0.4740230441093445, 0
u,0.8968647718429565, 0.4582846164703369, 0
u,0.903912365436554, 0.5393491685390472, 0
u,0.9196507930755615, 0.5355106592178345, 0
u,0.903912365436554, 0.5355106592178345, 0
u,0.8468167781829834, 0.08090782165527344, 0
u,0.8468167781829834, 0.14806824922561646, 0
u,0.862555205821991, 0.14806824922561646, 0
u,0.9685231447219849, 0.20198041200637817, 0
u,0.9685231447219849, 0.44946879148483276, 0
u,0.9842615127563477, 0.449468731880188, 0
u,0.8869913816452026, 0.14507752656936646, 0
u,0.8869913816452026, 0.07914888858795166, 0
u,0.8712529540061951, 0.07914888858795166, 0
u,0.9239996671676636, 1.000000001235528, 0
u,0.9239996671676636, 0.5430289506912231, 0
u,0.908261239528656, 0.5430289506912231, 0
u,1.0, 0.7547284215688705, 0
u,1.0, 0.5115889608860016, 0
u,0.9842615723609924, 0.5115889608860016, 0
u,0.45197200775146484, 0.5272442996501923, 0
u,0.45197200775146484, 0.5272442996501923, 0
u,0.45197200775146484, 0.5272442996501923, 0
u,0.8869913816452026, 0.5171395242214203, 0
u,0.8869913816452026, 0.15055203437805176, 0
u,0.8712529540061951, 0.15055203437805176, 0
u,1.0, 1.0000000045576076, 0
u,1.0, 0.7547284066677094, 0
u,0.9842615723609924, 0.7547284066677094, 0
u,0.9353891611099243, 0.1831951141357422, 0
u,0.9353891611099243, 0.1164923906326294, 0
u,0.9196507334709167, 0.1164923906326294, 0
u,0.8468167185783386, 0.14806830883026123, 0
u,0.8468167185783386, 0.5171540379524231, 0
u,0.8625551462173462, 0.5171540379524231, 0
u,0.9196507930755615, 0.5355106592178345, 0
u,0.9196507930755615, 0.08152920007705688, 0
u,0.9039124250411987, 0.08152920007705688, 0
u,0.9842615723609924, 0.6984739303588867, 0
u,0.9842615723609924, 0.44946879148483276, 0
u,0.9685232043266296, 0.44946879148483276, 0
u,3.153664874844253e-05, 0.6567690372467041, 0
u,-4.758810678850978e-09, 0.6567680239677429, 0
u,-4.758810678850978e-09, 0.6567680239677429, 0
u,0.44667336344718933, 0.9305716827511787, 0
u,0.4477115869522095, 0.9263466820120811, 0
u,0.1919456124305725, 0.873941957950592, 0
u,0.19188539683818817, 0.8719414323568344, 0
u,0.447771817445755, 0.8032453656196594, 0
u,0.4476318061351776, 0.7987826764583588, 0
u,0.4476318061351776, 0.7308326065540314, 0
u,0.44776999950408936, 0.7263705730438232, 0
u,0.19188719987869263, 0.6581186950206757, 0
u,0.19194267690181732, 0.6561108231544495, 0
u,0.44771450757980347, 0.6028187274932861, 0
u,0.4476318061351776, 0.5983957946300507, 0
u,0.862555205821991, 0.08090782165527344, 0
u,0.862555205821991, 0.14806824922561646, 0
u,0.866904079914093, 0.14668792486190796, 0
u,0.4476317763328552, 0.5318050980567932, 0
u,0.4477836489677429, 0.5272443294525146, 0
u,0.004219834227114916, 0.6512492895126343, 0
u,0.8712529540061951, 0.5171395242214203, 0
u,0.8712529540061951, 0.15055203437805176, 0
u,0.866904079914093, 0.15097618103027344, 0
u,0.005186581052839756, 0.6554973721504211, 0
u,3.153664874844253e-05, 0.6567690372467041, 0
u,3.153664874844253e-05, 0.6567690372467041, 0
u,0.45197197794914246, 0.9982712436467409, 0
u,0.45197197794914246, 0.93156848102808, 0
u,0.44667336344718933, 0.9305716827511787, 0
u,0.8669040203094482, 0.148861825466156, 0
u,0.8625551462173462, 0.14806830883026123, 0
u,0.8625551462173462, 0.5171540379524231, 0
u,0.004791734274476767, 0.8672689646482468, 0
u,3.154719161102548e-05, 0.8714668899774551, 0
u,3.154719161102548e-05, 0.8714668899774551, 0
u,0.8712529540061951, 0.14507752656936646, 0
u,0.8712529540061951, 0.07914888858795166, 0
u,0.866904079914093, 0.07813888788223267, 0
u,0.903912365436554, 0.5443857908248901, 0
u,0.903912365436554, 0.9996751414146274, 0
u,0.908261239528656, 1.0000000005475798, 0
u,0.8986138105392456, 0.5966726839542389, 0
u,0.6207435727119446, 0.6536064147949219, 0
u,0.6438860297203064, 0.653302401304245, 0
u,0.6438258290290833, 0.6553029119968414, 0
u,0.6207435727119446, 0.6536064147949219, 0
u,0.8995721936225891, 0.7284616827964783, 0
u,0.8995721936225891, 0.7964117377996445, 0
u,0.6208100914955139, 0.8707661777734756, 0
u,0.6438276171684265, 0.8691256195306778, 0
u,0.6438831090927124, 0.8711335062980652, 0
u,0.6208100914955139, 0.8707661777734756, 0
u,0.8995721936225891, 0.9288485124707222, 0
u,0.8468167781829834, 0.08090782165527344, 0
u,0.8424679040908813, 0.08009719848632812, 0
u,0.8424679040908813, 0.14668792486190796, 0
u,0.8995721340179443, 0.9954392309300601, 0
u,0.45712703466415405, 0.8717469573020935, 0
u,0.456160306930542, 0.8759950250387192, 0
u,0.8869913816452026, 0.5171395242214203, 0
u,0.8913402557373047, 0.5272443294525146, 0
u,0.8913402557373047, 0.15097618103027344, 0
u,0.45197200775146484, 0.8704752922058105, 0
u,0.45712703466415405, 0.8717469573020935, 0
u,0.4571589231491089, 0.8662398159503937, 0
u,0.903912365436554, 0.5289731621742249, 0
u,0.8985754251480103, 0.5272443890571594, 0
u,0.8986138105392456, 0.5966726839542389, 0
u,0.8424678444862366, 0.148861825466156, 0
u,0.8424678444862366, 0.5272442400455475, 0
u,0.8468167185783386, 0.5171540379524231, 0
u,0.45197200775146484, 0.6557774543762207, 0
u,0.45673221349716187, 0.6599753797054291, 0
u,0.45667949318885803, 0.651497095823288, 0
u,0.8869913816452026, 0.14507752656936646, 0
u,0.8913402557373047, 0.14608889818191528, 0
u,0.8913402557373047, 0.07813888788223267, 0
u,0.9283485412597656, 0.5443857908248901, 0
u,0.9239996671676636, 0.5430289506912231, 0
u,0.9239996671676636, 1.000000001235528, 0
u,0.8913402557373047, 0.38228434324264526, 0
u,0.8933407664299011, 0.38228434324264526, 0
u,0.8933407664299011, 0.3665459156036377, 0
u,0.9353891611099243, 0.11126846075057983, 0
u,0.9196507334709167, 0.11126846075057983, 0
u,0.9196507334709167, 0.1164923906326294, 0
u,0.8913401961326599, 0.4495868682861328, 0
u,0.8968590497970581, 0.4495868682861328, 0
u,0.8968590497970581, 0.43384844064712524, 0
u,0.8913401961326599, 0.4827207922935486, 0
u,0.8913401961326599, 0.49845921993255615, 0
u,0.8968656063079834, 0.49845921993255615, 0
u,0.8712529540061951, 0.15055197477340698, 0
u,0.8869913816452026, 0.15055197477340698, 0
u,0.8869913816452026, 0.14507752656936646, 0
u,0.9239996671676636, 0.5393491983413696, 0
u,0.908261239528656, 0.5393491983413696, 0
u,0.908261239528656, 0.5430289506912231, 0
u,0.8913402557373047, 0.39802271127700806, 0
u,0.8913402557373047, 0.4137611389160156, 0
u,0.893693208694458, 0.4137611389160156, 0
u,0.8913401961326599, 0.5071569979190826, 0
u,0.8913401961326599, 0.5228954255580902, 0
u,0.8968656063079834, 0.5228954255580902, 0
u,0.8712529540061951, 0.07914888858795166, 0
u,0.8869913816452026, 0.07914888858795166, 0
u,0.8869913816452026, 0.0736771821975708, 0
u,0.8933480978012085, 0.39802271127700806, 0
u,0.8933480978012085, 0.3822842836380005, 0
u,0.8913401961326599, 0.3822842836380005, 0
u,0.862555205821991, 0.07567393779754639, 0
u,0.8468167781829834, 0.07567393779754639, 0
u,0.8468167781829834, 0.08090782165527344, 0
u,0.8913401961326599, 0.4582846164703369, 0
u,0.8913401961326599, 0.4740230441093445, 0
u,0.8968647718429565, 0.4740230441093445, 0
u,0.903912365436554, 0.5393491685390472, 0
u,0.9196507930755615, 0.5393491685390472, 0
u,0.9196507930755615, 0.5355106592178345, 0
