v,0.00045883431448601186, 0.020481999963521957, 0.013713966123759747
v,-0.0004588328883983195, 0.02344604581594467, 0.014082268811762333
v,-0.00045883303391747177, 0.020481999963521957, 0.013713966123759747
v,-0.0007124047842808068, 0.020365053787827492, -0.006232576910406351
v,-0.0007124054827727377, 0.020469870418310165, 0.01351844985038042
v,-0.0007124054827727377, 0.023408768698573112, 0.013883627951145172
v,0.000458833877928555, 0.014821046963334084, 0.01282309927046299
v,-0.0004588325973600149, 0.019230112433433533, 0.0019557224586606026
v,-0.00045883344137109816, 0.014821046963334084, 0.01282309927046299
v,0.00045883379061706364, 0.011647031642496586, 0.012616162188351154
v,-0.0004588334704749286, 0.014556711539626122, 0.01297770906239748
v,-0.00045883370330557227, 0.011647031642496586, 0.012616162188351154
v,-0.0007124053663574159, 0.011020930483937263, -0.007411262486129999
v,-0.0007124055991880596, 0.009844510816037655, -0.00024069802020676434
v,-0.0007124058320187032, 0.013547937385737896, 0.009303528815507889
v,-0.0007124055991880596, 0.009844510816037655, -0.00024069802020676434
v,-0.0007124053663574159, 0.01064703892916441, -0.0074600717052817345
v,-0.0007124067051336169, 0.0027510037180036306, 0.01127229630947113
v,0.00045883460552431643, 0.010594946332275867, -0.007489368319511414
v,-0.0004588342271745205, 0.0026808821130543947, 0.011315262876451015
v,-0.00045883291750214994, 0.010594946332275867, -0.007489368319511414
v,-0.0007124047842808068, 0.020365053787827492, -0.006232576910406351
v,-0.0007124050753191113, 0.019428228959441185, 0.0009531098767183721
v,-0.0007124054827727377, 0.020469870418310165, 0.01351844985038042
v,-0.0007124050753191113, 0.019428228959441185, 0.0009531098767183721
v,-0.0007124058320187032, 0.013547937385737896, 0.009303528815507889
v,-0.0007124061230570078, 0.011626041494309902, 0.012419545091688633
v,-0.0007124050753191113, 0.019428228959441185, 0.0009531098767183721
v,-0.0007124047842808068, 0.020121829584240913, -0.006261376664042473
v,-0.0007124058320187032, 0.013547937385737896, 0.009303528815507889
v,-0.0007124058320187032, 0.013547937385737896, 0.009303528815507889
v,-0.0007124055991880596, 0.009844510816037655, -0.00024069802020676434
v,-0.0007124061230570078, 0.011626041494309902, 0.012419545091688633
v,0.0007124068215489388, 0.009844510816037655, -0.00024069796199910343
v,0.0007124057738110423, 0.005814927630126476, 0.011654718779027462
v,0.0007124056573957205, 0.002751003485172987, 0.01127229630947113
v,0.0007124074036255479, 0.019428228959441185, 0.0009531104587949812
v,0.0007124064723029733, 0.013547937385737896, 0.009303528815507889
v,0.0007124075782485306, 0.020121829584240913, -0.006261376664042473
v,0.0007124075782485306, 0.020365053787827492, -0.006232576444745064
v,0.0007124067051336169, 0.020469870418310165, 0.01351844985038042
v,0.0007124074036255479, 0.019428228959441185, 0.0009531104587949812
v,0.0007124074036255479, 0.019428228959441185, 0.0009531104587949812
v,0.0007124063558876514, 0.01462493371218443, 0.012792177498340607
v,0.0007124062394723296, 0.011626041494309902, 0.012419545091688633
v,0.0007124070543795824, 0.011020930483937263, -0.007411262486129999
v,0.0007124064723029733, 0.013547937385737896, 0.009303528815507889
v,0.0007124068215489388, 0.009844510816037655, -0.00024069796199910343
v,0.0007124068215489388, 0.009844510816037655, -0.00024069796199910343
v,0.0007124056573957205, 0.002751003485172987, 0.01127229630947113
v,0.0007124070543795824, 0.01064703892916441, -0.0074600717052817345
v,0.0007124064723029733, 0.013547937385737896, 0.009303528815507889
v,0.0007124062394723296, 0.011626041494309902, 0.012419545091688633
v,0.0007124068215489388, 0.009844510816037655, -0.00024069796199910343
v,0.0007124075782485306, 0.020365053787827492, -0.006232576444745064
v,0.0007124074036255479, 0.019428228959441185, 0.0009531104587949812
v,0.0007124075782485306, 0.020121829584240913, -0.006261376664042473
v,0.0007124070543795824, 0.011020930483937263, -0.007411262486129999
v,0.0007124068215489388, 0.009844510816037655, -0.00024069796199910343
v,0.0007124070543795824, 0.01064703892916441, -0.0074600717052817345
v,0.0007124075782485306, 0.020365053787827492, -0.006232576444745064
v,0.0007124069961719215, 0.023408768698573112, 0.013883627951145172
v,0.0007124067051336169, 0.020469870418310165, 0.01351844985038042
v,0.0007124074036255479, 0.019428228959441185, 0.0009531104587949812
v,0.0007124062394723296, 0.011626041494309902, 0.012419545091688633
v,0.0007124064723029733, 0.013547937385737896, 0.009303528815507889
v,0.0004588343435898423, 0.009793318808078766, 0.0007830568356439471
v,-0.00045883370330557227, 0.01142826210707426, 0.01240160409361124
v,-0.0004588332085404545, 0.009793318808078766, 0.0007830568356439471
v,-0.0007124053663574159, 0.011020930483937263, -0.007411262486129999
v,-0.0007124053663574159, 0.01064703892916441, -0.0074600717052817345
v,-0.0007124055991880596, 0.009844510816037655, -0.00024069802020676434
v,-0.0007124055991880596, 0.009844510816037655, -0.00024069802020676434
v,-0.0007124067051336169, 0.0027510037180036306, 0.01127229630947113
v,-0.000712406646925956, 0.005814927630126476, 0.011654718779027462
v,-0.000458832859294489, 0.010861585848033428, -0.007643031422048807
v,0.000458834576420486, 0.010861585848033428, -0.007643031422048807
v,-0.000458832859294489, 0.010861585848033428, -0.007643031422048807
v,0.00045883399434387684, 0.01354929804801941, 0.008856091648340225
v,-0.000458832859294489, 0.011082365177571774, -0.007428762502968311
v,-0.0004588333540596068, 0.01354929804801941, 0.008856091648340225
v,-0.0007124050753191113, 0.019428228959441185, 0.0009531098767183721
v,-0.0007124061230570078, 0.011626041494309902, 0.012419545091688633
v,-0.000712405948434025, 0.01462493371218443, 0.012792177498340607
v,0.00045883486745879054, 0.01931842602789402, 0.0019691709894686937
v,-0.00045883297570981085, 0.02027415856719017, 0.013498211279511452
v,-0.0004588325973600149, 0.01931842602789402, 0.0019691709894686937
v,0.0004588332085404545, 0.0027981065213680267, 0.011516624130308628
v,-0.00045883411075919867, 0.005741950590163469, 0.011882415972650051
v,-0.0004588342271745205, 0.0027981067541986704, 0.011516623198986053
v,-0.0007124047842808068, 0.020365053787827492, -0.006232576910406351
v,-0.0007124047842808068, 0.020121829584240913, -0.006261376664042473
v,-0.0007124050753191113, 0.019428228959441185, 0.0009531098767183721
v,0.0004588351002894342, 0.020070094615221024, -0.006312098819762468
v,-0.0004588333540596068, 0.013653128407895565, 0.008869115263223648
v,-0.0004588323354255408, 0.020070094615221024, -0.006312098819762468
v,0.0004588345473166555, 0.023609163239598274, 0.013915693387389183
v,-0.0004588322772178799, 0.02055775560438633, -0.006251372396945953
v,-0.0004588328883983195, 0.023609163239598274, 0.013915692456066608
v,0.0004588333540596068, 0.005995666142553091, 0.011723881587386131
v,-0.0004588332085404545, 0.009704699739813805, 0.0007747312774881721
v,-0.00045883411075919867, 0.005995666142553091, 0.011723881587386131
v,-0.0004588322772178799, 0.02033701166510582, -0.00646564643830061
v,0.00045883512939326465, 0.02033701166510582, -0.00646564643830061
v,-0.00045883230632171035, 0.02033701166510582, -0.00646564643830061
v,-0.0004588342271745205, 0.0027981067541986704, 0.011516623198986053
v,-0.0007124067051336169, 0.0027510037180036306, 0.01127229630947113
v,-0.0004588342271745205, 0.0026808821130543947, 0.011315262876451015
v,-0.00045883411075919867, 0.005995666142553091, 0.011723881587386131
v,-0.000712406646925956, 0.005814927630126476, 0.011654718779027462
v,-0.00045883411075919867, 0.005741950590163469, 0.011882415972650051
v,-0.0004588332085404545, 0.009704699739813805, 0.0007747312774881721
v,-0.0004588332085404545, 0.009793318808078766, 0.0007830568356439471
v,-0.0007124055991880596, 0.009844510816037655, -0.00024069802020676434
v,-0.00045883370330557227, 0.01142826210707426, 0.01240160409361124
v,-0.00045883370330557227, 0.011647031642496586, 0.012616162188351154
v,-0.0007124061230570078, 0.011626041494309902, 0.012419545091688633
v,-0.00045883344137109816, 0.014821046963334084, 0.01282309927046299
v,-0.000712405948434025, 0.01462493371218443, 0.012792177498340607
v,-0.0004588334704749286, 0.014556711539626122, 0.01297770906239748
v,-0.0004588325973600149, 0.019230112433433533, 0.0019557224586606026
v,-0.0004588325973600149, 0.01931842602789402, 0.0019691709894686937
v,-0.0007124050753191113, 0.019428228959441185, 0.0009531098767183721
v,-0.00045883297570981085, 0.02027415856719017, 0.013498211279511452
v,-0.00045883303391747177, 0.020481999963521957, 0.013713966123759747
v,-0.0007124054827727377, 0.020469870418310165, 0.01351844985038042
v,-0.0004588328883983195, 0.02344604581594467, 0.014082268811762333
v,-0.0004588328883983195, 0.023609163239598274, 0.013915692456066608
v,-0.0007124054827727377, 0.023408768698573112, 0.013883627951145172
v,-0.0004588322772178799, 0.02055775560438633, -0.006251372396945953
v,-0.0004588322772178799, 0.02033701166510582, -0.00646564643830061
v,-0.0007124047842808068, 0.020365053787827492, -0.006232576910406351
v,-0.00045883230632171035, 0.02033701166510582, -0.00646564643830061
v,-0.0004588323354255408, 0.020070094615221024, -0.006312098819762468
v,-0.0007124047842808068, 0.020121829584240913, -0.006261376664042473
v,-0.0004588333540596068, 0.01354929804801941, 0.008856091648340225
v,-0.0007124058320187032, 0.013547937385737896, 0.009303528815507889
v,-0.0004588333540596068, 0.013653128407895565, 0.008869115263223648
v,-0.000458832859294489, 0.011082365177571774, -0.007428762502968311
v,-0.000458832859294489, 0.010861585848033428, -0.007643031422048807
v,-0.0007124053663574159, 0.011020930483937263, -0.007411262486129999
v,-0.000458832859294489, 0.010861585848033428, -0.007643031422048807
v,-0.00045883291750214994, 0.010594946332275867, -0.007489368319511414
v,-0.0007124053663574159, 0.01064703892916441, -0.0074600717052817345
v,0.0004588332085404545, 0.0027981065213680267, 0.011516624130308628
v,0.0004588332667481154, 0.0026808821130543947, 0.011315262876451015
v,0.0007124056573957205, 0.002751003485172987, 0.01127229630947113
v,0.0004588333540596068, 0.005995666142553091, 0.011723881587386131
v,0.00045883332495577633, 0.005741950590163469, 0.011882415972650051
v,0.0007124057738110423, 0.005814927630126476, 0.011654718779027462
v,0.0004588342853821814, 0.009704699739813805, 0.0007747312774881721
v,0.0007124068215489388, 0.009844510816037655, -0.00024069796199910343
v,0.0004588343435898423, 0.009793318808078766, 0.0007830568356439471
v,0.00045883379061706364, 0.01142826210707426, 0.012401605024933815
v,0.0007124062394723296, 0.011626041494309902, 0.012419545091688633
v,0.00045883379061706364, 0.011647031642496586, 0.012616162188351154
v,0.000458833877928555, 0.014821046963334084, 0.01282309927046299
v,0.00045883390703238547, 0.014556711539626122, 0.01297770906239748
v,0.0007124063558876514, 0.01462493371218443, 0.012792177498340607
v,0.00045883486745879054, 0.019230112433433533, 0.0019557224586606026
v,0.0007124074036255479, 0.019428228959441185, 0.0009531104587949812
v,0.00045883486745879054, 0.01931842602789402, 0.0019691709894686937
v,0.00045883425627835095, 0.02027415856719017, 0.013498211279511452
v,0.0007124067051336169, 0.020469870418310165, 0.01351844985038042
v,0.00045883431448601186, 0.020481999963521957, 0.013713966123759747
v,0.00045883460552431643, 0.02344604581594467, 0.014082268811762333
v,0.0007124069961719215, 0.023408768698573112, 0.013883627951145172
v,0.0004588345473166555, 0.023609163239598274, 0.013915693387389183
v,0.00045883512939326465, 0.02055775560438633, -0.006251372396945953
v,0.0007124075782485306, 0.020365053787827492, -0.006232576444745064
v,0.00045883512939326465, 0.02033701166510582, -0.00646564643830061
v,0.00045883512939326465, 0.02033701166510582, -0.00646564643830061
v,0.0007124075782485306, 0.020121829584240913, -0.006261376664042473
v,0.0004588351002894342, 0.020070094615221024, -0.006312098819762468
v,0.00045883399434387684, 0.01354929804801941, 0.008856091648340225
v,0.00045883399434387684, 0.013653128407895565, 0.008869115263223648
v,0.0007124064723029733, 0.013547937385737896, 0.009303528815507889
v,0.000458834576420486, 0.011082365177571774, -0.007428762502968311
v,0.0007124070543795824, 0.011020930483937263, -0.007411262486129999
v,0.000458834576420486, 0.010861585848033428, -0.007643031422048807
v,0.000458834576420486, 0.010861585848033428, -0.007643031422048807
v,0.0007124070543795824, 0.01064703892916441, -0.0074600717052817345
v,0.00045883460552431643, 0.010594946332275867, -0.007489368319511414
v,-0.000712406646925956, 0.005814927630126476, 0.011654718779027462
v,-0.0004588332085404545, 0.009704699739813805, 0.0007747312774881721
v,-0.0007124055991880596, 0.009844510816037655, -0.00024069802020676434
v,-0.0004588332085404545, 0.009793318808078766, 0.0007830568356439471
v,-0.0007124061230570078, 0.011626041494309902, 0.012419545091688633
v,-0.0007124055991880596, 0.009844510816037655, -0.00024069802020676434
v,-0.000712405948434025, 0.01462493371218443, 0.012792177498340607
v,-0.0004588325973600149, 0.019230112433433533, 0.0019557224586606026
v,-0.0007124050753191113, 0.019428228959441185, 0.0009531098767183721
v,-0.0004588325973600149, 0.01931842602789402, 0.0019691709894686937
v,-0.0007124054827727377, 0.020469870418310165, 0.01351844985038042
v,-0.0007124050753191113, 0.019428228959441185, 0.0009531098767183721
v,-0.00045883303391747177, 0.020481999963521957, 0.013713966123759747
v,-0.0007124054827727377, 0.023408768698573112, 0.013883627951145172
v,-0.0007124054827727377, 0.020469870418310165, 0.01351844985038042
v,-0.0007124054827727377, 0.023408768698573112, 0.013883627951145172
v,-0.0004588322772178799, 0.02055775560438633, -0.006251372396945953
v,-0.0007124047842808068, 0.020365053787827492, -0.006232576910406351
v,-0.0004588333540596068, 0.01354929804801941, 0.008856091648340225
v,-0.0007124053663574159, 0.011020930483937263, -0.007411262486129999
v,-0.0007124058320187032, 0.013547937385737896, 0.009303528815507889
v,-0.0007124047842808068, 0.020365053787827492, -0.006232576910406351
v,-0.00045883230632171035, 0.02033701166510582, -0.00646564643830061
v,-0.0007124047842808068, 0.020121829584240913, -0.006261376664042473
v,-0.0004588342271745205, 0.0027981067541986704, 0.011516623198986053
v,-0.000712406646925956, 0.005814927630126476, 0.011654718779027462
v,-0.0007124067051336169, 0.0027510037180036306, 0.01127229630947113
v,-0.0007124047842808068, 0.020121829584240913, -0.006261376664042473
v,-0.0004588333540596068, 0.013653128407895565, 0.008869115263223648
v,-0.0007124058320187032, 0.013547937385737896, 0.009303528815507889
v,-0.0007124053663574159, 0.011020930483937263, -0.007411262486129999
v,-0.000458832859294489, 0.010861585848033428, -0.007643031422048807
v,-0.0007124053663574159, 0.01064703892916441, -0.0074600717052817345
v,-0.00045883370330557227, 0.011647031642496586, 0.012616162188351154
v,-0.000712405948434025, 0.01462493371218443, 0.012792177498340607
v,-0.0007124061230570078, 0.011626041494309902, 0.012419545091688633
v,-0.0007124067051336169, 0.0027510037180036306, 0.01127229630947113
v,-0.00045883291750214994, 0.010594946332275867, -0.007489368319511414
v,-0.0004588342271745205, 0.0026808821130543947, 0.011315262876451015
v,0.0007124057738110423, 0.005814927630126476, 0.011654718779027462
v,0.0004588342853821814, 0.009704699739813805, 0.0007747312774881721
v,0.0004588333540596068, 0.005995666142553091, 0.011723881587386131
v,0.0004588343435898423, 0.009793318808078766, 0.0007830568356439471
v,0.0007124062394723296, 0.011626041494309902, 0.012419545091688633
v,0.00045883379061706364, 0.01142826210707426, 0.012401605024933815
v,0.0007124063558876514, 0.01462493371218443, 0.012792177498340607
v,0.00045883486745879054, 0.019230112433433533, 0.0019557224586606026
v,0.000458833877928555, 0.014821046963334084, 0.01282309927046299
v,0.00045883486745879054, 0.01931842602789402, 0.0019691709894686937
v,0.0007124067051336169, 0.020469870418310165, 0.01351844985038042
v,0.00045883425627835095, 0.02027415856719017, 0.013498211279511452
v,0.00045883431448601186, 0.020481999963521957, 0.013713966123759747
v,0.0007124069961719215, 0.023408768698573112, 0.013883627951145172
v,0.00045883460552431643, 0.02344604581594467, 0.014082268811762333
v,0.0007124069961719215, 0.023408768698573112, 0.013883627951145172
v,0.00045883512939326465, 0.02055775560438633, -0.006251372396945953
v,0.0004588345473166555, 0.023609163239598274, 0.013915693387389183
v,0.00045883399434387684, 0.01354929804801941, 0.008856091648340225
v,0.0007124070543795824, 0.011020930483937263, -0.007411262486129999
v,0.000458834576420486, 0.011082365177571774, -0.007428762502968311
v,0.00045883512939326465, 0.02033701166510582, -0.00646564643830061
v,0.0007124075782485306, 0.020121829584240913, -0.006261376664042473
v,0.00045883512939326465, 0.02033701166510582, -0.00646564643830061
v,0.0004588332085404545, 0.0027981065213680267, 0.011516624130308628
v,0.0007124057738110423, 0.005814927630126476, 0.011654718779027462
v,0.00045883332495577633, 0.005741950590163469, 0.011882415972650051
v,0.0007124075782485306, 0.020121829584240913, -0.006261376664042473
v,0.00045883399434387684, 0.013653128407895565, 0.008869115263223648
v,0.0004588351002894342, 0.020070094615221024, -0.006312098819762468
v,0.000458834576420486, 0.010861585848033428, -0.007643031422048807
v,0.0007124070543795824, 0.01064703892916441, -0.0074600717052817345
v,0.000458834576420486, 0.010861585848033428, -0.007643031422048807
v,0.00045883379061706364, 0.011647031642496586, 0.012616162188351154
v,0.0007124063558876514, 0.01462493371218443, 0.012792177498340607
v,0.00045883390703238547, 0.014556711539626122, 0.01297770906239748
v,0.0007124056573957205, 0.002751003485172987, 0.01127229630947113
v,0.00045883460552431643, 0.010594946332275867, -0.007489368319511414
v,0.0007124070543795824, 0.01064703892916441, -0.0074600717052817345
v,-0.0004588332085404545, 0.009793318808078766, 0.0007830568356439471
v,0.0004588342853821814, 0.009704699739813805, 0.0007747312774881721
v,0.0004588343435898423, 0.009793318808078766, 0.0007830568356439471
v,0.0004588333540596068, 0.005995666142553091, 0.011723881587386131
v,-0.00045883411075919867, 0.005741950590163469, 0.011882415972650051
v,0.00045883332495577633, 0.005741950590163469, 0.011882415972650051
v,-0.00045883291750214994, 0.010594946332275867, -0.007489368319511414
v,0.000458834576420486, 0.010861585848033428, -0.007643031422048807
v,0.00045883460552431643, 0.010594946332275867, -0.007489368319511414
v,0.000458834576420486, 0.010861585848033428, -0.007643031422048807
v,-0.000458832859294489, 0.011082365177571774, -0.007428762502968311
v,0.000458834576420486, 0.011082365177571774, -0.007428762502968311
v,-0.00045883370330557227, 0.01142826210707426, 0.01240160409361124
v,0.00045883379061706364, 0.011647031642496586, 0.012616162188351154
v,-0.00045883370330557227, 0.011647031642496586, 0.012616162188351154
v,0.0004588332085404545, 0.0027981065213680267, 0.011516624130308628
v,-0.0004588342271745205, 0.0026808821130543947, 0.011315262876451015
v,0.0004588332667481154, 0.0026808821130543947, 0.011315262876451015
v,0.00045883399434387684, 0.01354929804801941, 0.008856091648340225
v,-0.0004588333540596068, 0.013653128407895565, 0.008869115263223648
v,0.00045883399434387684, 0.013653128407895565, 0.008869115263223648
v,0.0004588351002894342, 0.020070094615221024, -0.006312098819762468
v,-0.00045883230632171035, 0.02033701166510582, -0.00646564643830061
v,0.00045883512939326465, 0.02033701166510582, -0.00646564643830061
v,-0.0004588334704749286, 0.014556711539626122, 0.01297770906239748
v,0.000458833877928555, 0.014821046963334084, 0.01282309927046299
v,-0.00045883344137109816, 0.014821046963334084, 0.01282309927046299
v,-0.0004588325973600149, 0.019230112433433533, 0.0019557224586606026
v,0.00045883486745879054, 0.01931842602789402, 0.0019691709894686937
v,-0.0004588325973600149, 0.01931842602789402, 0.0019691709894686937
v,-0.00045883297570981085, 0.02027415856719017, 0.013498211279511452
v,0.00045883431448601186, 0.020481999963521957, 0.013713966123759747
v,-0.00045883303391747177, 0.020481999963521957, 0.013713966123759747
v,0.00045883512939326465, 0.02033701166510582, -0.00646564643830061
v,-0.0004588322772178799, 0.02055775560438633, -0.006251372396945953
v,0.00045883512939326465, 0.02055775560438633, -0.006251372396945953
v,-0.0004588328883983195, 0.02344604581594467, 0.014082268811762333
v,0.0004588345473166555, 0.023609163239598274, 0.013915693387389183
v,-0.0004588328883983195, 0.023609163239598274, 0.013915692456066608
v,0.00045883431448601186, 0.020481999963521957, 0.013713966123759747
v,0.00045883460552431643, 0.02344604581594467, 0.014082268811762333
v,-0.0004588328883983195, 0.02344604581594467, 0.014082268811762333
v,0.000458833877928555, 0.014821046963334084, 0.01282309927046299
v,0.00045883486745879054, 0.019230112433433533, 0.0019557224586606026
v,-0.0004588325973600149, 0.019230112433433533, 0.0019557224586606026
v,0.00045883379061706364, 0.011647031642496586, 0.012616162188351154
v,0.00045883390703238547, 0.014556711539626122, 0.01297770906239748
v,-0.0004588334704749286, 0.014556711539626122, 0.01297770906239748
v,0.00045883460552431643, 0.010594946332275867, -0.007489368319511414
v,0.0004588332667481154, 0.0026808821130543947, 0.011315262876451015
v,-0.0004588342271745205, 0.0026808821130543947, 0.011315262876451015
v,0.0004588343435898423, 0.009793318808078766, 0.0007830568356439471
v,0.00045883379061706364, 0.01142826210707426, 0.012401605024933815
v,-0.00045883370330557227, 0.01142826210707426, 0.01240160409361124
v,-0.000458832859294489, 0.010861585848033428, -0.007643031422048807
v,0.000458834576420486, 0.010861585848033428, -0.007643031422048807
v,0.000458834576420486, 0.010861585848033428, -0.007643031422048807
v,0.00045883399434387684, 0.01354929804801941, 0.008856091648340225
v,0.000458834576420486, 0.011082365177571774, -0.007428762502968311
v,-0.000458832859294489, 0.011082365177571774, -0.007428762502968311
v,0.00045883486745879054, 0.01931842602789402, 0.0019691709894686937
v,0.00045883425627835095, 0.02027415856719017, 0.013498211279511452
v,-0.00045883297570981085, 0.02027415856719017, 0.013498211279511452
v,0.0004588332085404545, 0.0027981065213680267, 0.011516624130308628
v,0.00045883332495577633, 0.005741950590163469, 0.011882415972650051
v,-0.00045883411075919867, 0.005741950590163469, 0.011882415972650051
v,0.0004588351002894342, 0.020070094615221024, -0.006312098819762468
v,0.00045883399434387684, 0.013653128407895565, 0.008869115263223648
v,-0.0004588333540596068, 0.013653128407895565, 0.008869115263223648
v,0.0004588345473166555, 0.023609163239598274, 0.013915693387389183
v,0.00045883512939326465, 0.02055775560438633, -0.006251372396945953
v,-0.0004588322772178799, 0.02055775560438633, -0.006251372396945953
v,0.0004588333540596068, 0.005995666142553091, 0.011723881587386131
v,0.0004588342853821814, 0.009704699739813805, 0.0007747312774881721
v,-0.0004588332085404545, 0.009704699739813805, 0.0007747312774881721
v,-0.0004588322772178799, 0.02033701166510582, -0.00646564643830061
v,0.00045883512939326465, 0.02033701166510582, -0.00646564643830061
v,0.00045883512939326465, 0.02033701166510582, -0.00646564643830061
v,-0.000712406646925956, 0.005814927630126476, 0.011654718779027462
v,-0.00045883411075919867, 0.005995666142553091, 0.011723881587386131
v,-0.0004588332085404545, 0.009704699739813805, 0.0007747312774881721
v,-0.0004588332085404545, 0.009793318808078766, 0.0007830568356439471
v,-0.00045883370330557227, 0.01142826210707426, 0.01240160409361124
v,-0.0007124061230570078, 0.011626041494309902, 0.012419545091688633
v,-0.000712405948434025, 0.01462493371218443, 0.012792177498340607
v,-0.00045883344137109816, 0.014821046963334084, 0.01282309927046299
v,-0.0004588325973600149, 0.019230112433433533, 0.0019557224586606026
v,-0.0004588325973600149, 0.01931842602789402, 0.0019691709894686937
v,-0.00045883297570981085, 0.02027415856719017, 0.013498211279511452
v,-0.0007124054827727377, 0.020469870418310165, 0.01351844985038042
v,-0.00045883303391747177, 0.020481999963521957, 0.013713966123759747
v,-0.0004588328883983195, 0.02344604581594467, 0.014082268811762333
v,-0.0007124054827727377, 0.023408768698573112, 0.013883627951145172
v,-0.0007124054827727377, 0.023408768698573112, 0.013883627951145172
v,-0.0004588328883983195, 0.023609163239598274, 0.013915692456066608
v,-0.0004588322772178799, 0.02055775560438633, -0.006251372396945953
v,-0.0004588333540596068, 0.01354929804801941, 0.008856091648340225
v,-0.000458832859294489, 0.011082365177571774, -0.007428762502968311
v,-0.0007124053663574159, 0.011020930483937263, -0.007411262486129999
v,-0.0007124047842808068, 0.020365053787827492, -0.006232576910406351
v,-0.0004588322772178799, 0.02033701166510582, -0.00646564643830061
v,-0.00045883230632171035, 0.02033701166510582, -0.00646564643830061
v,-0.0004588342271745205, 0.0027981067541986704, 0.011516623198986053
v,-0.00045883411075919867, 0.005741950590163469, 0.011882415972650051
v,-0.000712406646925956, 0.005814927630126476, 0.011654718779027462
v,-0.0007124047842808068, 0.020121829584240913, -0.006261376664042473
v,-0.0004588323354255408, 0.020070094615221024, -0.006312098819762468
v,-0.0004588333540596068, 0.013653128407895565, 0.008869115263223648
v,-0.0007124053663574159, 0.011020930483937263, -0.007411262486129999
v,-0.000458832859294489, 0.010861585848033428, -0.007643031422048807
v,-0.000458832859294489, 0.010861585848033428, -0.007643031422048807
v,-0.00045883370330557227, 0.011647031642496586, 0.012616162188351154
v,-0.0004588334704749286, 0.014556711539626122, 0.01297770906239748
v,-0.000712405948434025, 0.01462493371218443, 0.012792177498340607
v,-0.0007124067051336169, 0.0027510037180036306, 0.01127229630947113
v,-0.0007124053663574159, 0.01064703892916441, -0.0074600717052817345
v,-0.00045883291750214994, 0.010594946332275867, -0.007489368319511414
v,0.0007124057738110423, 0.005814927630126476, 0.011654718779027462
v,0.0007124068215489388, 0.009844510816037655, -0.00024069796199910343
v,0.0004588342853821814, 0.009704699739813805, 0.0007747312774881721
v,0.0004588343435898423, 0.009793318808078766, 0.0007830568356439471
v,0.0007124068215489388, 0.009844510816037655, -0.00024069796199910343
v,0.0007124062394723296, 0.011626041494309902, 0.012419545091688633
v,0.0007124063558876514, 0.01462493371218443, 0.012792177498340607
v,0.0007124074036255479, 0.019428228959441185, 0.0009531104587949812
v,0.00045883486745879054, 0.019230112433433533, 0.0019557224586606026
v,0.00045883486745879054, 0.01931842602789402, 0.0019691709894686937
v,0.0007124074036255479, 0.019428228959441185, 0.0009531104587949812
v,0.0007124067051336169, 0.020469870418310165, 0.01351844985038042
v,0.00045883431448601186, 0.020481999963521957, 0.013713966123759747
v,0.0007124067051336169, 0.020469870418310165, 0.01351844985038042
v,0.0007124069961719215, 0.023408768698573112, 0.013883627951145172
v,0.0007124069961719215, 0.023408768698573112, 0.013883627951145172
v,0.0007124075782485306, 0.020365053787827492, -0.006232576444745064
v,0.00045883512939326465, 0.02055775560438633, -0.006251372396945953
v,0.00045883399434387684, 0.01354929804801941, 0.008856091648340225
v,0.0007124064723029733, 0.013547937385737896, 0.009303528815507889
v,0.0007124070543795824, 0.011020930483937263, -0.007411262486129999
v,0.00045883512939326465, 0.02033701166510582, -0.00646564643830061
v,0.0007124075782485306, 0.020365053787827492, -0.006232576444745064
v,0.0007124075782485306, 0.020121829584240913, -0.006261376664042473
v,0.0004588332085404545, 0.0027981065213680267, 0.011516624130308628
v,0.0007124056573957205, 0.002751003485172987, 0.01127229630947113
v,0.0007124057738110423, 0.005814927630126476, 0.011654718779027462
v,0.0007124075782485306, 0.020121829584240913, -0.006261376664042473
v,0.0007124064723029733, 0.013547937385737896, 0.009303528815507889
v,0.00045883399434387684, 0.013653128407895565, 0.008869115263223648
v,0.000458834576420486, 0.010861585848033428, -0.007643031422048807
v,0.0007124070543795824, 0.011020930483937263, -0.007411262486129999
v,0.0007124070543795824, 0.01064703892916441, -0.0074600717052817345
v,0.00045883379061706364, 0.011647031642496586, 0.012616162188351154
v,0.0007124062394723296, 0.011626041494309902, 0.012419545091688633
v,0.0007124063558876514, 0.01462493371218443, 0.012792177498340607
v,0.0007124056573957205, 0.002751003485172987, 0.01127229630947113
v,0.0004588332667481154, 0.0026808821130543947, 0.011315262876451015
v,0.00045883460552431643, 0.010594946332275867, -0.007489368319511414
v,-0.0004588332085404545, 0.009793318808078766, 0.0007830568356439471
v,-0.0004588332085404545, 0.009704699739813805, 0.0007747312774881721
v,0.0004588342853821814, 0.009704699739813805, 0.0007747312774881721
v,0.0004588333540596068, 0.005995666142553091, 0.011723881587386131
v,-0.00045883411075919867, 0.005995666142553091, 0.011723881587386131
v,-0.00045883411075919867, 0.005741950590163469, 0.011882415972650051
v,-0.00045883291750214994, 0.010594946332275867, -0.007489368319511414
v,-0.000458832859294489, 0.010861585848033428, -0.007643031422048807
v,0.000458834576420486, 0.010861585848033428, -0.007643031422048807
v,0.000458834576420486, 0.010861585848033428, -0.007643031422048807
v,-0.000458832859294489, 0.010861585848033428, -0.007643031422048807
v,-0.000458832859294489, 0.011082365177571774, -0.007428762502968311
v,-0.00045883370330557227, 0.01142826210707426, 0.01240160409361124
v,0.00045883379061706364, 0.01142826210707426, 0.012401605024933815
v,0.00045883379061706364, 0.011647031642496586, 0.012616162188351154
v,0.0004588332085404545, 0.0027981065213680267, 0.011516624130308628
v,-0.0004588342271745205, 0.0027981067541986704, 0.011516623198986053
v,-0.0004588342271745205, 0.0026808821130543947, 0.011315262876451015
v,0.00045883399434387684, 0.01354929804801941, 0.008856091648340225
v,-0.0004588333540596068, 0.01354929804801941, 0.008856091648340225
v,-0.0004588333540596068, 0.013653128407895565, 0.008869115263223648
v,0.0004588351002894342, 0.020070094615221024, -0.006312098819762468
v,-0.0004588323354255408, 0.020070094615221024, -0.006312098819762468
v,-0.00045883230632171035, 0.02033701166510582, -0.00646564643830061
v,-0.0004588334704749286, 0.014556711539626122, 0.01297770906239748
v,0.00045883390703238547, 0.014556711539626122, 0.01297770906239748
v,0.000458833877928555, 0.014821046963334084, 0.01282309927046299
v,-0.0004588325973600149, 0.019230112433433533, 0.0019557224586606026
v,0.00045883486745879054, 0.019230112433433533, 0.0019557224586606026
v,0.00045883486745879054, 0.01931842602789402, 0.0019691709894686937
v,-0.00045883297570981085, 0.02027415856719017, 0.013498211279511452
v,0.00045883425627835095, 0.02027415856719017, 0.013498211279511452
v,0.00045883431448601186, 0.020481999963521957, 0.013713966123759747
v,0.00045883512939326465, 0.02033701166510582, -0.00646564643830061
v,-0.0004588322772178799, 0.02033701166510582, -0.00646564643830061
v,-0.0004588322772178799, 0.02055775560438633, -0.006251372396945953
v,-0.0004588328883983195, 0.02344604581594467, 0.014082268811762333
v,0.00045883460552431643, 0.02344604581594467, 0.014082268811762333
v,0.0004588345473166555, 0.023609163239598274, 0.013915693387389183
n,-1.6884345086509711e-06, -4.240170955657959, 34.12428283691406
n,-26.108505249023438, 6.243035954867082e-07, -9.404270144841576e-07
n,9.995247864935664e-07, 31.728614807128906, 12.872798919677734
n,-1.6884345086509711e-06, -4.240170955657959, 34.12428283691406
n,-26.108505249023438, 3.4094813372576027e-07, -7.673893378523644e-07
n,-26.108505249023438, 3.2650054890837055e-06, -3.9607576240996423e-07
n,-9.734977766129305e-07, -31.560436248779297, -13.282439231872559
n,-26.108505249023438, 7.615977892783121e-07, -9.411556334271154e-07
n,-26.108505249023438, -4.528747297172231e-07, -2.80030803878617e-06
n,-26.108505249023438, 2.440256139379926e-06, -7.629902825101453e-07
n,-26.108505249023438, 1.8768683958114707e-06, -1.3633692788062035e-06
n,26.108505249023438, -1.3569688235293142e-06, 1.7334619997200207e-06
n,26.108505249023438, -3.5985485737910494e-06, 3.9345096070064756e-07
n,26.108505249023438, 2.539010893087834e-06, 1.1122522209916497e-06
n,26.108505249023438, -1.3564080063588335e-06, 1.7316478988504969e-06
n,26.108505249023438, 3.6603537978407985e-07, 8.833787319417752e-07
n,26.108505249023438, -3.585395234040334e-06, 3.604602625273401e-07
n,26.108505249023438, -8.935124355957669e-07, 1.3721185041504214e-06
n,26.108505249023438, -1.2215106153234956e-06, 6.219790407158143e-07
n,26.108505249023438, -1.2155643389633042e-06, 6.238978471628798e-07
n,26.108505249023438, -2.550379804233671e-06, 1.1392609167160117e-06
n,26.108505249023438, -1.1489320058899466e-05, -5.163160949450685e-06
n,-1.8718280898610828e-06, -33.90660095214844, 4.771280288696289
n,-26.108505249023438, 1.2155643389633042e-06, -6.238978471628798e-07
n,-26.108505249023438, 7.737020268905326e-07, -1.931044153025141e-06
n,0.0, 0.0, 0.0
n,1.8848065792553825e-06, 33.85524368286133, -5.128607273101807
n,-26.108505249023438, 1.9104877537756693e-06, -1.1921883924514987e-06
n,-1.7980107713810867e-06, -34.119598388671875, 2.828442096710205
n,-1.6884345086509711e-06, -4.240170955657959, 34.12428283691406
n,-26.108505249023438, 1.2517371033027302e-06, -8.772543651502929e-07
n,-9.703530849947128e-07, -31.53983497619629, -13.331611633300781
n,1.8845917111320887e-06, 33.85612869262695, -5.122653007507324
n,1.1157000017192331e-06, 32.42644119262695, 10.984485626220703
n,0.0, 0.0, 0.0
n,-10.228604316711426, -27.2630558013916, 15.871541023254395
n,-16.317962646484375, 14.198473930358887, 22.722923278808594
n,-25.658967971801758, -0.5942692160606384, 6.325719833374023
n,-14.25452995300293, -20.1383113861084, 20.53363037109375
n,-14.256731986999512, 14.519713401794434, 24.82428550720215
n,-25.656352996826172, -0.9592502117156982, 6.299244403839111
n,-14.350912094116211, -20.65088653564453, 19.8934383392334
n,-16.997716903686523, 18.594820022583008, 18.208898544311523
n,-15.875420570373535, 18.982805252075195, -19.555988311767578
n,-8.881612777709961, -16.097286224365234, -27.98261070251465
n,-23.95457649230957, 1.7020822763442993, -13.570425033569336
n,-7.2020063400268555, 22.981077194213867, -23.679391860961914
n,-6.7231364250183105, -16.5632266998291, -28.740835189819336
n,10.22860336303711, -27.26305389404297, 15.871541976928711
n,16.317964553833008, 14.198471069335938, 22.722917556762695
n,25.658967971801758, -0.5942887663841248, 6.325718879699707
n,14.254528045654297, -20.1383113861084, 20.53363037109375
n,14.256732940673828, 14.5197114944458, 24.82427978515625
n,25.656354904174805, -0.95926833152771, 6.299245834350586
n,14.350910186767578, -20.6508846282959, 19.893434524536133
n,16.99772071838379, 18.594820022583008, 18.20889663696289
n,15.875426292419434, 18.982803344726562, -19.555988311767578
n,8.881612777709961, -16.097288131713867, -27.98261070251465
n,23.95457649230957, 1.7020810842514038, -13.570423126220703
n,7.202012538909912, 22.981077194213867, -23.67938995361328
n,6.723139762878418, -16.563228607177734, -28.740835189819336
n,-18.461484909057617, 22.92897605895996, 7.767210960388184
n,-18.461463928222656, -23.975635528564453, 3.373814821243286
n,-18.461589813232422, 22.435413360595703, 9.102398872375488
n,-18.46141815185547, -24.126312255859375, 2.000020980834961
n,-18.461515426635742, -2.998251438140869, 24.129497528076172
n,-18.461496353149414, 23.939903259277344, -3.622267007827759
n,-8.688454627990723, 31.92702293395996, -4.826851844787598
n,-19.953540802001953, 2.6076462268829346, -22.02264976501465
n,-20.251449584960938, -2.6879987716674805, 21.535898208618164
n,-9.124363899230957, -29.554628372192383, -12.482501029968262
n,-19.210798263549805, 3.0143425464630127, -23.090484619140625
n,-18.461515426635742, -2.9982504844665527, 24.129497528076172
n,-6.286406993865967, -30.631919860839844, -12.891668319702148
n,18.46152687072754, 22.928922653198242, 7.767195224761963
n,18.461538314819336, -23.97553825378418, 3.3737998008728027
n,18.4615478515625, 22.435461044311523, 9.102422714233398
n,18.461450576782227, -24.126266479492188, 2.000016689300537
n,18.46151351928711, -2.998253107070923, 24.129493713378906
n,18.461387634277344, 23.940044403076172, -3.622283935546875
n,8.130785942077637, 32.171669006347656, -4.873568534851074
n,0.0, 0.0, 0.0
n,20.194673538208008, -2.687455654144287, 21.628246307373047
n,8.594372749328613, -29.782041549682617, -12.588607788085938
n,0.0, 0.0, 0.0
n,18.46151351928711, -2.9982526302337646, 24.12949562072754
n,7.6652512550354, -30.162500381469727, -12.714044570922852
n,-1.642998881834501e-06, -3.216287612915039, 34.23582458496094
n,-3.695853365570656e-07, 18.18870735168457, 29.108800888061523
n,4.48564094313042e-07, -17.14129638671875, -29.74390983581543
n,2.2425720089813694e-06, 23.908714294433594, -24.635215759277344
n,-2.2433944195654476e-06, -24.037050247192383, 24.508901596069336
n,-2.203249550802866e-06, -29.631763458251953, 17.250511169433594
n,1.690150611466379e-06, 4.279452800750732, -34.11937713623047
n,4.502799129113555e-07, -17.11821746826172, -29.75733757019043
n,-4.3436102714622393e-07, 17.331838607788086, 29.63216209411621
n,-1.7287992477577063e-06, -5.176724433898926, 33.994693756103516
n,-2.2467709186457796e-06, -24.720176696777344, 23.8134765625
n,2.242587243017624e-06, 23.910995483398438, -24.63298225402832
n,1.622690888325451e-07, 24.497739791870117, 23.98931121826172
n,-1.6884345086509711e-06, -4.240170955657959, 34.12428283691406
n,3.0919666187401162e-06, 31.728614807128906, 12.872798919677734
n,-1.6884345086509711e-06, -4.240170955657959, 34.12428283691406
n,-9.734977766129305e-07, -31.560436248779297, -13.282439231872559
n,-1.8718280898610828e-06, -33.90660095214844, 4.771280288696289
n,0.0, 0.0, 0.0
n,1.8848065792553825e-06, 33.85524368286133, -5.128607273101807
n,-1.7980107713810867e-06, -34.119598388671875, 2.828441619873047
n,-1.6884345086509711e-06, -4.240170955657959, 34.12428283691406
n,-9.703530849947128e-07, -31.53983497619629, -13.331611633300781
n,1.8845917111320887e-06, 33.85612869262695, -5.122653007507324
n,1.1157000017192331e-06, 32.42644119262695, 10.98448657989502
n,0.0, 0.0, 0.0
n,-18.461523056030273, 22.928932189941406, 7.767193794250488
n,-18.461536407470703, -23.97553825378418, 3.3737986087799072
n,-18.4615535736084, 22.435457229614258, 9.1024169921875
n,-18.46145248413086, -24.12626838684082, 2.0000152587890625
n,-18.461511611938477, -2.99825119972229, 24.129499435424805
n,-18.461389541625977, 23.940040588378906, -3.6222851276397705
n,-8.130780220031738, 32.171669006347656, -4.873570442199707
n,1.8465689208824188e-06, 33.99396896362305, -4.090073108673096
n,-20.19467544555664, -2.6874542236328125, 21.628250122070312
n,-8.594401359558105, -29.782026290893555, -12.588602066040039
n,0.0, 0.0, 0.0
n,-18.46151351928711, -2.9982502460479736, 24.129497528076172
n,-7.665250778198242, -30.162504196166992, -12.714046478271484
n,18.46148681640625, 22.928972244262695, 7.767212867736816
n,18.46146583557129, -23.975629806518555, 3.3738157749176025
n,18.46158218383789, 22.4354190826416, 9.102402687072754
n,18.461414337158203, -24.126314163208008, 2.0000224113464355
n,18.46151351928711, -2.998253107070923, 24.129493713378906
n,18.46150016784668, 23.93990135192871, -3.6222660541534424
n,8.688447952270508, 31.927024841308594, -4.826851844787598
n,19.95354461669922, 2.60764479637146, -22.022647857666016
n,20.251447677612305, -2.6880006790161133, 21.53590202331543
n,9.124361991882324, -29.554628372192383, -12.482500076293945
n,19.210805892944336, 3.0143399238586426, -23.09048080444336
n,18.46151351928711, -2.9982521533966064, 24.129493713378906
n,6.286371231079102, -30.63193130493164, -12.891671180725098
n,-1.6429987681476632e-06, -3.216287136077881, 34.23582077026367
n,-3.695853365570656e-07, 18.18870735168457, 29.108800888061523
n,4.485642648432986e-07, -17.141300201416016, -29.743913650512695
n,2.2425720089813694e-06, 23.908714294433594, -24.635215759277344
n,-2.2433944195654476e-06, -24.037050247192383, 24.508901596069336
n,-2.203249550802866e-06, -29.631763458251953, 17.250511169433594
n,1.690150611466379e-06, 4.279452800750732, -34.11937713623047
n,4.502799129113555e-07, -17.11821746826172, -29.75733757019043
n,-4.3436102714622393e-07, 17.331838607788086, 29.63216209411621
n,6.387140729202656e-06, -5.176806926727295, 33.99467849731445
n,-2.246770691272104e-06, -24.72017478942871, 23.8134765625
n,2.242587243017624e-06, 23.910995483398438, -24.63298225402832
n,1.622690888325451e-07, 24.497739791870117, 23.98931121826172
u,0.8468167781829834, 0.08090782165527344, 0
u,0.862555205821991, 0.14806824922561646, 0
u,0.862555205821991, 0.08090782165527344, 0
u,0.005186581052839756, 0.6554973721504211, 0
u,0.4476318061351776, 0.5983957946300507, 0
u,0.4476317763328552, 0.5318050980567932, 0
u,0.9685231447219849, 0.20198041200637817, 0
u,0.9842615127563477, 0.449468731880188, 0
u,0.9842615127563477, 0.20198041200637817, 0
u,0.8869913816452026, 0.14507752656936646, 0
u,0.8712529540061951, 0.07914888858795166, 0
u,0.8712529540061951, 0.14507752656936646, 0
u,0.004791734274476767, 0.8672689646482468, 0
u,0.1688031405210495, 0.8736379444599152, 0
u,0.37243035435676575, 0.7645373791456223, 0
u,0.1688031405210495, 0.8736379444599152, 0
u,0.00473904050886631, 0.8757472634315491, 0
u,0.44663506746292114, 1.000000017676797, 0
u,0.9239996671676636, 1.000000001235528, 0
u,0.908261239528656, 0.5430289506912231, 0
u,0.908261239528656, 1.0000000005475798, 0
u,0.005186581052839756, 0.6554973721504211, 0
u,0.16886962950229645, 0.6564781367778778, 0
u,0.4476318061351776, 0.5983957946300507, 0
u,0.16886962950229645, 0.6564781367778778, 0
u,0.37243035435676575, 0.7645373791456223, 0
u,0.4476318061351776, 0.7987826764583588, 0
u,0.16886962950229645, 0.6564781367778778, 0
u,0.0052184900268912315, 0.661004513502121, 0
u,0.37243035435676575, 0.7645373791456223, 0
u,0.37243035435676575, 0.7645373791456223, 0
u,0.1688031405210495, 0.8736379444599152, 0
u,0.4476318061351776, 0.7987826764583588, 0
u,0.6207435727119446, 0.6536064147949219, 0
u,0.8986138105392456, 0.5966726839542389, 0
u,0.8985754251480103, 0.5272443890571594, 0
u,0.6208100914955139, 0.8707661777734756, 0
u,0.8243707418441772, 0.7627069652080536, 0
u,0.4571589231491089, 0.8662398159503937, 0
u,0.45712703466415405, 0.8717469573020935, 0
u,0.8995721936225891, 0.9288485124707222, 0
u,0.6208100914955139, 0.8707661777734756, 0
u,0.6208100914955139, 0.8707661777734756, 0
u,0.8995721936225891, 0.7964117377996445, 0
u,0.8995721936225891, 0.7284616827964783, 0
u,0.45673221349716187, 0.6599753797054291, 0
u,0.8243707418441772, 0.7627069652080536, 0
u,0.6207435727119446, 0.6536064147949219, 0
u,0.6207435727119446, 0.6536064147949219, 0
u,0.8985754251480103, 0.5272443890571594, 0
u,0.45667949318885803, 0.651497095823288, 0
u,0.8243707418441772, 0.7627069652080536, 0
u,0.8995721936225891, 0.7284616827964783, 0
u,0.6207435727119446, 0.6536064147949219, 0
u,0.45712703466415405, 0.8717469573020935, 0
u,0.6208100914955139, 0.8707661777734756, 0
u,0.4571589231491089, 0.8662398159503937, 0
u,0.45673221349716187, 0.6599753797054291, 0
u,0.6207435727119446, 0.6536064147949219, 0
u,0.45667949318885803, 0.651497095823288, 0
u,0.45712703466415405, 0.8717469573020935, 0
u,0.8995721340179443, 0.9954392309300601, 0
u,0.8995721936225891, 0.9288485124707222, 0
u,0.6208100914955139, 0.8707661777734756, 0
u,0.8995721936225891, 0.7284616827964783, 0
u,0.8243707418441772, 0.7627069652080536, 0
u,1.0, 0.7547284215688705, 0
u,0.9842615723609924, 0.5115889608860016, 0
u,0.9842615723609924, 0.7547284215688705, 0
u,0.004791734274476767, 0.8672689646482468, 0
u,0.00473904050886631, 0.8757472634315491, 0
u,0.1688031405210495, 0.8736379444599152, 0
u,0.1688031405210495, 0.8736379444599152, 0
u,0.44663506746292114, 1.000000017676797, 0
u,0.44667336344718933, 0.9305716827511787, 0
u,0.45197200775146484, 0.5272442996501923, 0
u,0.45197200775146484, 0.5272442996501923, 0
u,0.45197200775146484, 0.5272442996501923, 0
u,0.8869913816452026, 0.5171395242214203, 0
u,0.8712529540061951, 0.15055203437805176, 0
u,0.8712529540061951, 0.5171395242214203, 0
u,0.16886962950229645, 0.6564781367778778, 0
u,0.4476318061351776, 0.7987826764583588, 0
u,0.4476318061351776, 0.7308326065540314, 0
u,1.0, 1.0000000045576076, 0
u,0.9842615723609924, 0.7547284066677094, 0
u,0.9842615723609924, 1.0000000038696593, 0
u,0.9353891611099243, 0.1831951141357422, 0
u,0.9196507334709167, 0.1164923906326294, 0
u,0.9196507334709167, 0.1831951141357422, 0
u,0.005186581052839756, 0.6554973721504211, 0
u,0.0052184900268912315, 0.661004513502121, 0
u,0.16886962950229645, 0.6564781367778778, 0
u,0.8468167185783386, 0.14806830883026123, 0
u,0.8625551462173462, 0.5171540379524231, 0
u,0.8625551462173462, 0.14806830883026123, 0
u,0.9196507930755615, 0.5355106592178345, 0
u,0.9039124250411987, 0.08152920007705688, 0
u,0.903912365436554, 0.5355106592178345, 0
u,0.9842615723609924, 0.6984739303588867, 0
u,0.9685232043266296, 0.44946879148483276, 0
u,0.9685231447219849, 0.6984739303588867, 0
u,3.153664874844253e-05, 0.6567690372467041, 0
u,-4.758810678850978e-09, 0.6567680239677429, 0
u,3.153664874844253e-05, 0.6567690372467041, 0
u,0.908261239528656, 0.5393491983413696, 0
u,0.903912365436554, 0.5443857908248901, 0
u,0.908261239528656, 0.5430289506912231, 0
u,0.4477115869522095, 0.9263466820120811, 0
u,0.44667336344718933, 0.9305716827511787, 0
u,0.45197197794914246, 0.93156848102808, 0
u,0.1919456124305725, 0.873941957950592, 0
u,0.19188539683818817, 0.8719414323568344, 0
u,0.1688031405210495, 0.8736379444599152, 0
u,0.8712529540061951, 0.15055197477340698, 0
u,0.8712529540061951, 0.14507752656936646, 0
u,0.866904079914093, 0.14608889818191528, 0
u,0.8712529540061951, 0.0736771821975708, 0
u,0.866904079914093, 0.07813888788223267, 0
u,0.8712529540061951, 0.07914888858795166, 0
u,0.19188719987869263, 0.6581186950206757, 0
u,0.19194267690181732, 0.6561108231544495, 0
u,0.16886962950229645, 0.6564781367778778, 0
u,0.862555205821991, 0.07567393779754639, 0
u,0.862555205821991, 0.08090782165527344, 0
u,0.866904079914093, 0.08009719848632812, 0
u,0.45197194814682007, 0.5304223001003265, 0
u,0.4477836489677429, 0.5272443294525146, 0
u,0.4476317763328552, 0.5318050980567932, 0
u,0.8968647718429565, 0.4740230441093445, 0
u,0.8913401961326599, 0.4740230441093445, 0
u,0.8926181197166443, 0.47837191820144653, 0
u,0.8968656063079834, 0.5228954255580902, 0
u,0.8913401961326599, 0.5228954255580902, 0
u,0.8926364183425903, 0.5272442996501923, 0
u,0.8913401961326599, 0.35643112659454346, 0
u,0.8913401961326599, 0.36654597520828247, 0
u,0.8936759233474731, 0.3567153215408325, 0
u,0.8968656063079834, 0.49845921993255615, 0
u,0.8913401961326599, 0.49845921993255615, 0
u,0.8955439329147339, 0.5028081238269806, 0
u,0.8968590497970581, 0.4495868682861328, 0
u,0.8913401961326599, 0.4495868682861328, 0
u,0.8925843834877014, 0.45393574237823486, 0
u,0.9239996671676636, 0.5393491983413696, 0
u,0.9239996671676636, 0.5430289506912231, 0
u,0.9283485412597656, 0.5443857908248901, 0
u,0.8996520042419434, 0.6008976995944977, 0
u,0.903912365436554, 0.5956758856773376, 0
u,0.8986138105392456, 0.5966726839542389, 0
u,0.6438860297203064, 0.653302401304245, 0
u,0.6207435727119446, 0.6536064147949219, 0
u,0.6438258290290833, 0.6553029119968414, 0
u,0.8869913816452026, 0.15055197477340698, 0
u,0.8913402557373047, 0.14608889818191528, 0
u,0.8869913816452026, 0.14507752656936646, 0
u,0.8869913816452026, 0.0736771821975708, 0
u,0.8869913816452026, 0.07914888858795166, 0
u,0.8913402557373047, 0.07813888788223267, 0
u,0.6438276171684265, 0.8691256195306778, 0
u,0.6208100914955139, 0.8707661777734756, 0
u,0.6438831090927124, 0.8711335062980652, 0
u,0.8468167781829834, 0.07567393779754639, 0
u,0.8424679040908813, 0.08009719848632812, 0
u,0.8468167781829834, 0.08090782165527344, 0
u,0.9039123058319092, 0.9968220391310751, 0
u,0.8995721340179443, 0.9954392309300601, 0
u,0.8997240662574768, 0.9999999992141229, 0
u,0.8968647718429565, 0.4582846164703369, 0
u,0.8926181197166443, 0.45393574237823486, 0
u,0.8913401961326599, 0.4582846164703369, 0
u,0.8968656063079834, 0.5071569979190826, 0
u,0.8926364183425903, 0.5028081238269806, 0
u,0.8913401961326599, 0.5071569979190826, 0
u,0.8913401961326599, 0.3561675548553467, 0
u,0.8936783671379089, 0.3564310073852539, 0
u,0.8936783671379089, 0.34632670879364014, 0
u,0.8968656063079834, 0.4827207922935486, 0
u,0.8955439329147339, 0.47837191820144653, 0
u,0.8913401961326599, 0.4827207922935486, 0
u,0.8968590497970581, 0.43384844064712524, 0
u,0.8925843834877014, 0.4294995665550232, 0
u,0.8913401961326599, 0.43384844064712524, 0
u,0.44667336344718933, 0.9305716827511787, 0
u,0.1919456124305725, 0.873941957950592, 0
u,0.1688031405210495, 0.8736379444599152, 0
u,0.19188539683818817, 0.8719414323568344, 0
u,0.4476318061351776, 0.7987826764583588, 0
u,0.1688031405210495, 0.8736379444599152, 0
u,0.4476318061351776, 0.7308326065540314, 0
u,0.19188719987869263, 0.6581186950206757, 0
u,0.16886962950229645, 0.6564781367778778, 0
u,0.19194267690181732, 0.6561108231544495, 0
u,0.4476318061351776, 0.5983957946300507, 0
u,0.16886962950229645, 0.6564781367778778, 0
u,0.862555205821991, 0.08090782165527344, 0
u,0.866904079914093, 0.14668792486190796, 0
u,0.866904079914093, 0.08009719848632812, 0
u,0.4476317763328552, 0.5318050980567932, 0
u,0.004219834227114916, 0.6512492895126343, 0
u,0.005186581052839756, 0.6554973721504211, 0
u,0.8712529540061951, 0.5171395242214203, 0
u,0.866904079914093, 0.15097618103027344, 0
u,0.866904079914093, 0.5272443294525146, 0
u,0.005186581052839756, 0.6554973721504211, 0
u,3.153664874844253e-05, 0.6567690372467041, 0
u,0.0052184900268912315, 0.661004513502121, 0
u,0.45197197794914246, 0.9982712436467409, 0
u,0.44667336344718933, 0.9305716827511787, 0
u,0.44663506746292114, 1.000000017676797, 0
u,0.8669040203094482, 0.148861825466156, 0
u,0.8625551462173462, 0.5171540379524231, 0
u,0.8669040203094482, 0.5272442400455475, 0
u,0.004791734274476767, 0.8672689646482468, 0
u,3.154719161102548e-05, 0.8714668899774551, 0
u,0.00473904050886631, 0.8757472634315491, 0
u,0.8712529540061951, 0.14507752656936646, 0
u,0.866904079914093, 0.07813888788223267, 0
u,0.866904079914093, 0.14608889818191528, 0
u,0.903912365436554, 0.5443857908248901, 0
u,0.908261239528656, 1.0000000005475798, 0
u,0.908261239528656, 0.5430289506912231, 0
u,0.8986138105392456, 0.5966726839542389, 0
u,0.6438860297203064, 0.653302401304245, 0
u,0.8996520042419434, 0.6008976995944977, 0
u,0.6438258290290833, 0.6553029119968414, 0
u,0.8995721936225891, 0.7284616827964783, 0
u,0.8997122049331665, 0.7239989936351776, 0
u,0.8995721936225891, 0.7964117377996445, 0
u,0.6438276171684265, 0.8691256195306778, 0
u,0.8997103571891785, 0.8008737862110138, 0
u,0.6438831090927124, 0.8711335062980652, 0
u,0.8995721936225891, 0.9288485124707222, 0
u,0.8996549248695374, 0.9244255945086479, 0
u,0.8468167781829834, 0.08090782165527344, 0
u,0.8424679040908813, 0.14668792486190796, 0
u,0.8468167781829834, 0.14806824922561646, 0
u,0.8995721340179443, 0.9954392309300601, 0
u,0.456160306930542, 0.8759950250387192, 0
u,0.8997240662574768, 0.9999999992141229, 0
u,0.8869913816452026, 0.5171395242214203, 0
u,0.8913402557373047, 0.15097618103027344, 0
u,0.8869913816452026, 0.15055203437805176, 0
u,0.45197200775146484, 0.8704752922058105, 0
u,0.4571589231491089, 0.8662398159503937, 0
u,0.45197200775146484, 0.8704752922058105, 0
u,0.903912365436554, 0.5289731621742249, 0
u,0.8986138105392456, 0.5966726839542389, 0
u,0.903912365436554, 0.5956758856773376, 0
u,0.8424678444862366, 0.148861825466156, 0
u,0.8468167185783386, 0.5171540379524231, 0
u,0.8468167185783386, 0.14806830883026123, 0
u,0.45197200775146484, 0.6557774543762207, 0
u,0.45667949318885803, 0.651497095823288, 0
u,0.45197200775146484, 0.6557774543762207, 0
u,0.8869913816452026, 0.14507752656936646, 0
u,0.8913402557373047, 0.07813888788223267, 0
u,0.8869913816452026, 0.07914888858795166, 0
u,0.9283485412597656, 0.5443857908248901, 0
u,0.9239996671676636, 1.000000001235528, 0
u,0.9283485412597656, 0.9996751424914692, 0
u,0.8913402557373047, 0.38228434324264526, 0
u,0.8933407664299011, 0.3665459156036377, 0
u,0.8913402557373047, 0.3665459156036377, 0
u,0.9353891611099243, 0.11126846075057983, 0
u,0.9196507334709167, 0.1164923906326294, 0
u,0.9353891611099243, 0.1164923906326294, 0
u,0.8913401961326599, 0.4495868682861328, 0
u,0.8968590497970581, 0.43384844064712524, 0
u,0.8913401961326599, 0.43384844064712524, 0
u,0.8913401961326599, 0.4827207922935486, 0
u,0.8968656063079834, 0.49845921993255615, 0
u,0.8968656063079834, 0.4827207922935486, 0
u,0.8712529540061951, 0.15055197477340698, 0
u,0.8869913816452026, 0.14507752656936646, 0
u,0.8712529540061951, 0.14507752656936646, 0
u,0.9239996671676636, 0.5393491983413696, 0
u,0.908261239528656, 0.5430289506912231, 0
u,0.9239996671676636, 0.5430289506912231, 0
u,0.8913402557373047, 0.39802271127700806, 0
u,0.893693208694458, 0.4137611389160156, 0
u,0.893693208694458, 0.39802271127700806, 0
u,0.8913401961326599, 0.5071569979190826, 0
u,0.8968656063079834, 0.5228954255580902, 0
u,0.8968656063079834, 0.5071569979190826, 0
u,0.8712529540061951, 0.07914888858795166, 0
u,0.8869913816452026, 0.0736771821975708, 0
u,0.8712529540061951, 0.0736771821975708, 0
u,0.8933480978012085, 0.39802271127700806, 0
u,0.8913401961326599, 0.3822842836380005, 0
u,0.8913401961326599, 0.39802271127700806, 0
u,0.862555205821991, 0.07567393779754639, 0
u,0.8468167781829834, 0.08090782165527344, 0
u,0.862555205821991, 0.08090782165527344, 0
u,0.8913401961326599, 0.4582846164703369, 0
u,0.8968647718429565, 0.4740230441093445, 0
u,0.8968647718429565, 0.4582846164703369, 0
u,0.903912365436554, 0.5393491685390472, 0
u,0.9196507930755615, 0.5355106592178345, 0
u,0.903912365436554, 0.5355106592178345, 0
u,0.8468167781829834, 0.08090782165527344, 0
u,0.8468167781829834, 0.14806824922561646, 0
u,0.862555205821991, 0.14806824922561646, 0
u,0.9685231447219849, 0.20198041200637817, 0
u,0.9685231447219849, 0.44946879148483276, 0
u,0.9842615127563477, 0.449468731880188, 0
u,0.8869913816452026, 0.14507752656936646, 0
u,0.8869913816452026, 0.07914888858795166, 0
u,0.8712529540061951, 0.07914888858795166, 0
u,0.9239996671676636, 1.000000001235528, 0
u,0.9239996671676636, 0.5430289506912231, 0
u,0.908261239528656, 0.5430289506912231, 0
u,1.0, 0.7547284215688705, 0
u,1.0, 0.5115889608860016, 0
u,0.9842615723609924, 0.5115889608860016, 0
u,0.45197200775146484, 0.5272442996501923, 0
u,0.45197200775146484, 0.5272442996501923, 0
u,0.45197200775146484, 0.5272442996501923, 0
u,0.8869913816452026, 0.5171395242214203, 0
u,0.8869913816452026, 0.15055203437805176, 0
u,0.8712529540061951, 0.15055203437805176, 0
u,1.0, 1.0000000045576076, 0
u,1.0, 0.7547284066677094, 0
u,0.9842615723609924, 0.7547284066677094, 0
u,0.9353891611099243, 0.1831951141357422, 0
u,0.9353891611099243, 0.1164923906326294, 0
u,0.9196507334709167, 0.1164923906326294, 0
u,0.8468167185783386, 0.14806830883026123, 0
u,0.8468167185783386, 0.5171540379524231, 0
u,0.8625551462173462, 0.5171540379524231, 0
u,0.9196507930755615, 0.5355106592178345, 0
u,0.9196507930755615, 0.08152920007705688, 0
u,0.9039124250411987, 0.08152920007705688, 0
u,0.9842615723609924, 0.6984739303588867, 0
u,0.9842615723609924, 0.44946879148483276, 0
u,0.9685232043266296, 0.44946879148483276, 0
u,3.153664874844253e-05, 0.6567690372467041, 0
u,-4.758810678850978e-09, 0.6567680239677429, 0
u,-4.758810678850978e-09, 0.6567680239677429, 0
u,0.44667336344718933, 0.9305716827511787, 0
u,0.4477115869522095, 0.9263466820120811, 0
u,0.1919456124305725, 0.873941957950592, 0
u,0.19188539683818817, 0.8719414323568344, 0
u,0.447771817445755, 0.8032453656196594, 0
u,0.4476318061351776, 0.7987826764583588, 0
u,0.4476318061351776, 0.7308326065540314, 0
u,0.44776999950408936, 0.7263705730438232, 0
u,0.19188719987869263, 0.6581186950206757, 0
u,0.19194267690181732, 0.6561108231544495, 0
u,0.44771450757980347, 0.6028187274932861, 0
u,0.4476318061351776, 0.5983957946300507, 0
u,0.862555205821991, 0.08090782165527344, 0
u,0.862555205821991, 0.14806824922561646, 0
u,0.866904079914093, 0.14668792486190796, 0
u,0.4476317763328552, 0.5318050980567932, 0
u,0.4477836489677429, 0.5272443294525146, 0
u,0.004219834227114916, 0.6512492895126343, 0
u,0.8712529540061951, 0.5171395242214203, 0
u,0.8712529540061951, 0.15055203437805176, 0
u,0.866904079914093, 0.15097618103027344, 0
u,0.005186581052839756, 0.6554973721504211, 0
u,3.153664874844253e-05, 0.6567690372467041, 0
u,3.153664874844253e-05, 0.6567690372467041, 0
u,0.45197197794914246, 0.9982712436467409, 0
u,0.45197197794914246, 0.93156848102808, 0
u,0.44667336344718933, 0.9305716827511787, 0
u,0.8669040203094482, 0.148861825466156, 0
u,0.8625551462173462, 0.14806830883026123, 0
u,0.8625551462173462, 0.5171540379524231, 0
u,0.004791734274476767, 0.8672689646482468, 0
u,3.154719161102548e-05, 0.8714668899774551, 0
u,3.154719161102548e-05, 0.8714668899774551, 0
u,0.8712529540061951, 0.14507752656936646, 0
u,0.8712529540061951, 0.07914888858795166, 0
u,0.866904079914093, 0.07813888788223267, 0
u,0.903912365436554, 0.5443857908248901, 0
u,0.903912365436554, 0.9996751414146274, 0
u,0.908261239528656, 1.0000000005475798, 0
u,0.8986138105392456, 0.5966726839542389, 0
u,0.6207435727119446, 0.6536064147949219, 0
u,0.6438860297203064, 0.653302401304245, 0
u,0.6438258290290833, 0.6553029119968414, 0
u,0.6207435727119446, 0.6536064147949219, 0
u,0.8995721936225891, 0.7284616827964783, 0
u,0.8995721936225891, 0.7964117377996445, 0
u,0.6208100914955139, 0.8707661777734756, 0
u,0.6438276171684265, 0.8691256195306778, 0
u,0.6438831090927124, 0.8711335062980652, 0
u,0.6208100914955139, 0.8707661777734756, 0
u,0.8995721936225891, 0.9288485124707222, 0
u,0.8468167781829834, 0.08090782165527344, 0
u,0.8424679040908813, 0.08009719848632812, 0
u,0.8424679040908813, 0.14668792486190796, 0
u,0.8995721340179443, 0.9954392309300601, 0
u,0.45712703466415405, 0.8717469573020935, 0
u,0.456160306930542, 0.8759950250387192, 0
u,0.8869913816452026, 0.5171395242214203, 0
u,0.8913402557373047, 0.5272443294525146, 0
u,0.8913402557373047, 0.15097618103027344, 0
u,0.45197200775146484, 0.8704752922058105, 0
u,0.45712703466415405, 0.8717469573020935, 0
u,0.4571589231491089, 0.8662398159503937, 0
u,0.903912365436554, 0.5289731621742249, 0
u,0.8985754251480103, 0.5272443890571594, 0
u,0.8986138105392456, 0.5966726839542389, 0
u,0.8424678444862366, 0.148861825466156, 0
u,0.8424678444862366, 0.5272442400455475, 0
u,0.8468167185783386, 0.5171540379524231, 0
u,0.45197200775146484, 0.6557774543762207, 0
u,0.45673221349716187, 0.6599753797054291, 0
u,0.45667949318885803, 0.651497095823288, 0
u,0.8869913816452026, 0.14507752656936646, 0
u,0.8913402557373047, 0.14608889818191528, 0
u,0.8913402557373047, 0.07813888788223267, 0
u,0.9283485412597656, 0.5443857908248901, 0
u,0.9239996671676636, 0.5430289506912231, 0
u,0.9239996671676636, 1.000000001235528, 0
u,0.8913402557373047, 0.38228434324264526, 0
u,0.8933407664299011, 0.38228434324264526, 0
u,0.8933407664299011, 0.3665459156036377, 0
u,0.9353891611099243, 0.11126846075057983, 0
u,0.9196507334709167, 0.11126846075057983, 0
u,0.9196507334709167, 0.1164923906326294, 0
u,0.8913401961326599, 0.4495868682861328, 0
u,0.8968590497970581, 0.4495868682861328, 0
u,0.8968590497970581, 0.43384844064712524, 0
u,0.8913401961326599, 0.4827207922935486, 0
u,0.8913401961326599, 0.49845921993255615, 0
u,0.8968656063079834, 0.49845921993255615, 0
u,0.8712529540061951, 0.15055197477340698, 0
u,0.8869913816452026, 0.15055197477340698, 0
u,0.8869913816452026, 0.14507752656936646, 0
u,0.9239996671676636, 0.5393491983413696, 0
u,0.908261239528656, 0.5393491983413696, 0
u,0.908261239528656, 0.5430289506912231, 0
u,0.8913402557373047, 0.39802271127700806, 0
u,0.8913402557373047, 0.4137611389160156, 0
u,0.893693208694458, 0.4137611389160156, 0
u,0.8913401961326599, 0.5071569979190826, 0
u,0.8913401961326599, 0.5228954255580902, 0
u,0.8968656063079834, 0.5228954255580902, 0
u,0.8712529540061951, 0.07914888858795166, 0
u,0.8869913816452026, 0.07914888858795166, 0
u,0.8869913816452026, 0.0736771821975708, 0
u,0.8933480978012085, 0.39802271127700806, 0
u,0.8933480978012085, 0.3822842836380005, 0
u,0.8913401961326599, 0.3822842836380005, 0
u,0.862555205821991, 0.07567393779754639, 0
u,0.8468167781829834, 0.07567393779754639, 0
u,0.8468167781829834, 0.08090782165527344, 0
u,0.8913401961326599, 0.4582846164703369, 0
u,0.8913401961326599, 0.4740230441093445, 0
u,0.8968647718429565, 0.4740230441093445, 0
u,0.903912365436554, 0.5393491685390472, 0
u,0.9196507930755615, 0.5393491685390472, 0
u,0.9196507930755615, 0.5355106592178345, 0
