v,0.0004588343726936728, 0.02177269011735916, 0.010605478659272194
v,-0.00045883283019065857, 0.024758536368608475, 0.010528434067964554
v,-0.00045883297570981085, 0.02177269011735916, 0.010605478659272194
v,-0.0007124048424884677, 0.018687698990106583, -0.009101399220526218
v,-0.0007124054245650768, 0.02173159085214138, 0.010413947515189648
v,-0.0007124054245650768, 0.024692106992006302, 0.010337555781006813
v,0.0004588339361362159, 0.0160421971231699, 0.010567259043455124
v,-0.00045883262646384537, 0.018784357234835625, -0.000835385057143867
v,-0.00045883338316343725, 0.0160421971231699, 0.010567259043455124
v,0.00045883384882472456, 0.012872741557657719, 0.010835127905011177
v,-0.0004588334122672677, 0.015803823247551918, 0.010759496130049229
v,-0.00045883364509791136, 0.012872741557657719, 0.010835127905011177
v,-0.0007124054245650768, 0.009272227063775063, -0.008875935338437557
v,-0.0007124056573957205, 0.009176365099847317, -0.0016101410146802664
v,-0.0007124058320187032, 0.014259330928325653, 0.007276427000761032
v,-0.0007124056573957205, 0.009176365099847317, -0.0016101410146802664
v,-0.0007124054827727377, 0.008895235136151314, -0.008868541568517685
v,-0.000712406646925956, 0.003875782946124673, 0.010830546729266644
v,0.00045883451821282506, 0.008839362300932407, -0.008889756165444851
v,-0.00045883419807069004, 0.0038128390442579985, 0.010883472859859467
v,-0.0004588330048136413, 0.008839362300932407, -0.008889756165444851
v,-0.0007124048424884677, 0.018687698990106583, -0.009101399220526218
v,-0.0007124051335267723, 0.01883101277053356, -0.0018563184421509504
v,-0.0007124054245650768, 0.02173159085214138, 0.010413947515189648
v,-0.0007124051335267723, 0.01883101277053356, -0.0018563184421509504
v,-0.0007124058320187032, 0.014259330928325653, 0.007276427000761032
v,-0.0007124061230570078, 0.012822716496884823, 0.01064382679760456
v,-0.0007124051335267723, 0.01883101277053356, -0.0018563184421509504
v,-0.0007124049006961286, 0.018442897126078606, -0.00909367110580206
v,-0.0007124058320187032, 0.014259330928325653, 0.007276427000761032
v,-0.0007124058320187032, 0.014259330928325653, 0.007276427000761032
v,-0.0007124056573957205, 0.009176365099847317, -0.0016101410146802664
v,-0.0007124061230570078, 0.012822716496884823, 0.01064382679760456
v,0.0007124067633412778, 0.009176365099847317, -0.0016101408982649446
v,0.0007124058320187032, 0.006962496321648359, 0.010752595961093903
v,0.0007124057156033814, 0.003875782946124673, 0.010830546729266644
v,0.000712407345417887, 0.01883101277053356, -0.0018563179764896631
v,0.0007124064723029733, 0.014259329997003078, 0.007276427466422319
v,0.0007124074618332088, 0.018442897126078606, -0.00909367110580206
v,0.0007124075200408697, 0.018687698990106583, -0.009101399220526218
v,0.0007124067633412778, 0.02173159085214138, 0.010413947515189648
v,0.000712407345417887, 0.01883101277053356, -0.0018563179764896631
v,0.000712407345417887, 0.01883101277053356, -0.0018563179764896631
v,0.0007124064140953124, 0.015843665227293968, 0.01056587602943182
v,0.0007124062394723296, 0.012822716496884823, 0.01064382679760456
v,0.0007124069961719215, 0.009272226132452488, -0.008875935338437557
v,0.0007124064723029733, 0.014259329997003078, 0.007276427466422319
v,0.0007124067633412778, 0.009176365099847317, -0.0016101408982649446
v,0.0007124067633412778, 0.009176365099847317, -0.0016101408982649446
v,0.0007124057156033814, 0.003875782946124673, 0.010830546729266644
v,0.0007124069379642606, 0.008895235136151314, -0.00886854063719511
v,0.0007124064723029733, 0.014259329997003078, 0.007276427466422319
v,0.0007124062394723296, 0.012822716496884823, 0.01064382679760456
v,0.0007124067633412778, 0.009176365099847317, -0.0016101408982649446
v,0.0007124075200408697, 0.018687698990106583, -0.009101399220526218
v,0.000712407345417887, 0.01883101277053356, -0.0018563179764896631
v,0.0007124074618332088, 0.018442897126078606, -0.00909367110580206
v,0.0007124069961719215, 0.009272226132452488, -0.008875935338437557
v,0.0007124067633412778, 0.009176365099847317, -0.0016101408982649446
v,0.0007124069379642606, 0.008895235136151314, -0.00886854063719511
v,0.0007124075200408697, 0.018687698990106583, -0.009101399220526218
v,0.0007124070543795824, 0.024692106992006302, 0.010337555781006813
v,0.0007124067633412778, 0.02173159085214138, 0.010413947515189648
v,0.000712407345417887, 0.01883101277053356, -0.0018563179764896631
v,0.0007124062394723296, 0.012822716496884823, 0.01064382679760456
v,0.0007124064723029733, 0.014259329997003078, 0.007276427466422319
v,0.0004588343435898423, 0.00927814468741417, -0.0005901725962758064
v,-0.00045883364509791136, 0.012624470517039299, 0.010655528865754604
v,-0.0004588332085404545, 0.00927814468741417, -0.0005901726544834673
v,-0.0007124054245650768, 0.009272227063775063, -0.008875935338437557
v,-0.0007124054827727377, 0.008895235136151314, -0.008868541568517685
v,-0.0007124056573957205, 0.009176365099847317, -0.0016101410146802664
v,-0.0007124056573957205, 0.009176365099847317, -0.0016101410146802664
v,-0.000712406646925956, 0.003875782946124673, 0.010830546729266644
v,-0.0007124065887182951, 0.006962496787309647, 0.010752595961093903
v,-0.0004588329466059804, 0.00908015575259924, -0.0090814009308815
v,0.0004588344891089946, 0.00908015575259924, -0.0090814009308815
v,-0.0004588329466059804, 0.00908015575259924, -0.0090814009308815
v,0.0004588340234477073, 0.014194068498909473, 0.006833773571997881
v,-0.0004588329466059804, 0.009330371394753456, -0.008902385830879211
v,-0.00045883332495577633, 0.014194068498909473, 0.006833773571997881
v,-0.0007124051335267723, 0.01883101277053356, -0.0018563184421509504
v,-0.0007124061230570078, 0.012822716496884823, 0.01064382679760456
v,-0.0007124058902263641, 0.015843665227293968, 0.01056587602943182
v,0.0004588348383549601, 0.018873687833547592, -0.0008352331933565438
v,-0.00045883291750214994, 0.02153504639863968, 0.010423068888485432
v,-0.00045883262646384537, 0.018873687833547592, -0.0008352332515642047
v,0.00045883323764428496, 0.003958732821047306, 0.01106514036655426
v,-0.00045883405255153775, 0.006924229208379984, 0.010988620109856129
v,-0.00045883419807069004, 0.003958732821047306, 0.01106514036655426
v,-0.0007124048424884677, 0.018687698990106583, -0.009101399220526218
v,-0.0007124049006961286, 0.018442897126078606, -0.00909367110580206
v,-0.0007124051335267723, 0.01883101277053356, -0.0018563184421509504
v,0.0004588350420817733, 0.018384186550974846, -0.00913612637668848
v,-0.00045883332495577633, 0.014298680238425732, 0.006831194274127483
v,-0.0004588323936332017, 0.018384186550974846, -0.00913612637668848
v,0.00045883460552431643, 0.024895040318369865, 0.010339430533349514
v,-0.0004588323354255408, 0.018875453621149063, -0.009148672223091125
v,-0.00045883283019065857, 0.024895040318369865, 0.010339430533349514
v,0.00045883338316343725, 0.0071515170857310295, 0.010794082656502724
v,-0.00045883323764428496, 0.009189273230731487, -0.0005852127214893699
v,-0.0004588340816553682, 0.0071515170857310295, 0.010794082656502724
v,-0.00045883236452937126, 0.018625272437930107, -0.009327697567641735
v,0.0004588350420817733, 0.018625272437930107, -0.009327697567641735
v,-0.0004588323936332017, 0.018625272437930107, -0.009327697567641735
v,-0.00045883419807069004, 0.003958732821047306, 0.01106514036655426
v,-0.000712406646925956, 0.003875782946124673, 0.010830546729266644
v,-0.00045883419807069004, 0.0038128390442579985, 0.010883472859859467
v,-0.0004588340816553682, 0.0071515170857310295, 0.010794082656502724
v,-0.0007124065887182951, 0.006962496787309647, 0.010752595961093903
v,-0.00045883405255153775, 0.006924229208379984, 0.010988620109856129
v,-0.00045883323764428496, 0.009189273230731487, -0.0005852127214893699
v,-0.0004588332085404545, 0.00927814468741417, -0.0005901726544834673
v,-0.0007124056573957205, 0.009176365099847317, -0.0016101410146802664
v,-0.00045883364509791136, 0.012624470517039299, 0.010655528865754604
v,-0.00045883364509791136, 0.012872741557657719, 0.010835127905011177
v,-0.0007124061230570078, 0.012822716496884823, 0.01064382679760456
v,-0.00045883338316343725, 0.0160421971231699, 0.010567259043455124
v,-0.0007124058902263641, 0.015843665227293968, 0.01056587602943182
v,-0.0004588334122672677, 0.015803823247551918, 0.010759496130049229
v,-0.00045883262646384537, 0.018784357234835625, -0.000835385057143867
v,-0.00045883262646384537, 0.018873687833547592, -0.0008352332515642047
v,-0.0007124051335267723, 0.01883101277053356, -0.0018563184421509504
v,-0.00045883291750214994, 0.02153504639863968, 0.010423068888485432
v,-0.00045883297570981085, 0.02177269011735916, 0.010605478659272194
v,-0.0007124054245650768, 0.02173159085214138, 0.010413947515189648
v,-0.00045883283019065857, 0.024758536368608475, 0.010528434067964554
v,-0.00045883283019065857, 0.024895040318369865, 0.010339430533349514
v,-0.0007124054245650768, 0.024692106992006302, 0.010337555781006813
v,-0.0004588323354255408, 0.018875453621149063, -0.009148672223091125
v,-0.00045883236452937126, 0.018625272437930107, -0.009327697567641735
v,-0.0007124048424884677, 0.018687698990106583, -0.009101399220526218
v,-0.0004588323936332017, 0.018625272437930107, -0.009327697567641735
v,-0.0004588323936332017, 0.018384186550974846, -0.00913612637668848
v,-0.0007124049006961286, 0.018442897126078606, -0.00909367110580206
v,-0.00045883332495577633, 0.014194068498909473, 0.006833773571997881
v,-0.0007124058320187032, 0.014259330928325653, 0.007276427000761032
v,-0.00045883332495577633, 0.014298680238425732, 0.006831194274127483
v,-0.0004588329466059804, 0.009330371394753456, -0.008902385830879211
v,-0.0004588329466059804, 0.00908015575259924, -0.0090814009308815
v,-0.0007124054245650768, 0.009272227063775063, -0.008875935338437557
v,-0.0004588329466059804, 0.00908015575259924, -0.0090814009308815
v,-0.0004588330048136413, 0.008839362300932407, -0.008889756165444851
v,-0.0007124054827727377, 0.008895235136151314, -0.008868541568517685
v,0.00045883323764428496, 0.003958732821047306, 0.01106514036655426
v,0.0004588332958519459, 0.0038128390442579985, 0.010883472859859467
v,0.0007124057156033814, 0.003875782946124673, 0.010830546729266644
v,0.00045883338316343725, 0.0071515170857310295, 0.010794082656502724
v,0.00045883338316343725, 0.006924229208379984, 0.010988620109856129
v,0.0007124058320187032, 0.006962496321648359, 0.010752595961093903
v,0.00045883425627835095, 0.009189273230731487, -0.000585212663281709
v,0.0007124067633412778, 0.009176365099847317, -0.0016101408982649446
v,0.0004588343435898423, 0.00927814468741417, -0.0005901725962758064
v,0.00045883384882472456, 0.012624470517039299, 0.010655528865754604
v,0.0007124062394723296, 0.012822716496884823, 0.01064382679760456
v,0.00045883384882472456, 0.012872741557657719, 0.010835127905011177
v,0.0004588339361362159, 0.0160421971231699, 0.010567259043455124
v,0.0004588339652400464, 0.015803823247551918, 0.010759496130049229
v,0.0007124064140953124, 0.015843665227293968, 0.01056587602943182
v,0.0004588348383549601, 0.018784357234835625, -0.0008353852317668498
v,0.000712407345417887, 0.01883101277053356, -0.0018563179764896631
v,0.0004588348383549601, 0.018873687833547592, -0.0008352331933565438
v,0.00045883431448601186, 0.02153504639863968, 0.010423068888485432
v,0.0007124067633412778, 0.02173159085214138, 0.010413947515189648
v,0.0004588343726936728, 0.02177269011735916, 0.010605478659272194
v,0.00045883466373197734, 0.024758536368608475, 0.010528434067964554
v,0.0007124070543795824, 0.024692106992006302, 0.010337555781006813
v,0.00045883460552431643, 0.024895040318369865, 0.010339430533349514
v,0.00045883507118560374, 0.018875453621149063, -0.009148672223091125
v,0.0007124075200408697, 0.018687698990106583, -0.009101399220526218
v,0.0004588350420817733, 0.018625272437930107, -0.009327697567641735
v,0.0004588350420817733, 0.018625272437930107, -0.009327697567641735
v,0.0007124074618332088, 0.018442897126078606, -0.00909367110580206
v,0.0004588350420817733, 0.018384186550974846, -0.00913612637668848
v,0.0004588340234477073, 0.014194068498909473, 0.006833773571997881
v,0.0004588340234477073, 0.014298680238425732, 0.006831194274127483
v,0.0007124064723029733, 0.014259329997003078, 0.007276427466422319
v,0.0004588344891089946, 0.009330371394753456, -0.008902385830879211
v,0.0007124069961719215, 0.009272226132452488, -0.008875935338437557
v,0.0004588344891089946, 0.00908015575259924, -0.0090814009308815
v,0.0004588344891089946, 0.00908015575259924, -0.0090814009308815
v,0.0007124069379642606, 0.008895235136151314, -0.00886854063719511
v,0.00045883451821282506, 0.008839362300932407, -0.008889756165444851
v,-0.0007124065887182951, 0.006962496787309647, 0.010752595961093903
v,-0.00045883323764428496, 0.009189273230731487, -0.0005852127214893699
v,-0.0007124056573957205, 0.009176365099847317, -0.0016101410146802664
v,-0.0004588332085404545, 0.00927814468741417, -0.0005901726544834673
v,-0.0007124061230570078, 0.012822716496884823, 0.01064382679760456
v,-0.0007124056573957205, 0.009176365099847317, -0.0016101410146802664
v,-0.0007124058902263641, 0.015843665227293968, 0.01056587602943182
v,-0.00045883262646384537, 0.018784357234835625, -0.000835385057143867
v,-0.0007124051335267723, 0.01883101277053356, -0.0018563184421509504
v,-0.00045883262646384537, 0.018873687833547592, -0.0008352332515642047
v,-0.0007124054245650768, 0.02173159085214138, 0.010413947515189648
v,-0.0007124051335267723, 0.01883101277053356, -0.0018563184421509504
v,-0.00045883297570981085, 0.02177269011735916, 0.010605478659272194
v,-0.0007124054245650768, 0.024692106992006302, 0.010337555781006813
v,-0.0007124054245650768, 0.02173159085214138, 0.010413947515189648
v,-0.0007124054245650768, 0.024692106992006302, 0.010337555781006813
v,-0.0004588323354255408, 0.018875453621149063, -0.009148672223091125
v,-0.0007124048424884677, 0.018687698990106583, -0.009101399220526218
v,-0.00045883332495577633, 0.014194068498909473, 0.006833773571997881
v,-0.0007124054245650768, 0.009272227063775063, -0.008875935338437557
v,-0.0007124058320187032, 0.014259330928325653, 0.007276427000761032
v,-0.0007124048424884677, 0.018687698990106583, -0.009101399220526218
v,-0.0004588323936332017, 0.018625272437930107, -0.009327697567641735
v,-0.0007124049006961286, 0.018442897126078606, -0.00909367110580206
v,-0.00045883419807069004, 0.003958732821047306, 0.01106514036655426
v,-0.0007124065887182951, 0.006962496787309647, 0.010752595961093903
v,-0.000712406646925956, 0.003875782946124673, 0.010830546729266644
v,-0.0007124049006961286, 0.018442897126078606, -0.00909367110580206
v,-0.00045883332495577633, 0.014298680238425732, 0.006831194274127483
v,-0.0007124058320187032, 0.014259330928325653, 0.007276427000761032
v,-0.0007124054245650768, 0.009272227063775063, -0.008875935338437557
v,-0.0004588329466059804, 0.00908015575259924, -0.0090814009308815
v,-0.0007124054827727377, 0.008895235136151314, -0.008868541568517685
v,-0.00045883364509791136, 0.012872741557657719, 0.010835127905011177
v,-0.0007124058902263641, 0.015843665227293968, 0.01056587602943182
v,-0.0007124061230570078, 0.012822716496884823, 0.01064382679760456
v,-0.000712406646925956, 0.003875782946124673, 0.010830546729266644
v,-0.0004588330048136413, 0.008839362300932407, -0.008889756165444851
v,-0.00045883419807069004, 0.0038128390442579985, 0.010883472859859467
v,0.0007124058320187032, 0.006962496321648359, 0.010752595961093903
v,0.00045883425627835095, 0.009189273230731487, -0.000585212663281709
v,0.00045883338316343725, 0.0071515170857310295, 0.010794082656502724
v,0.0004588343435898423, 0.00927814468741417, -0.0005901725962758064
v,0.0007124062394723296, 0.012822716496884823, 0.01064382679760456
v,0.00045883384882472456, 0.012624470517039299, 0.010655528865754604
v,0.0007124064140953124, 0.015843665227293968, 0.01056587602943182
v,0.0004588348383549601, 0.018784357234835625, -0.0008353852317668498
v,0.0004588339361362159, 0.0160421971231699, 0.010567259043455124
v,0.0004588348383549601, 0.018873687833547592, -0.0008352331933565438
v,0.0007124067633412778, 0.02173159085214138, 0.010413947515189648
v,0.00045883431448601186, 0.02153504639863968, 0.010423068888485432
v,0.0004588343726936728, 0.02177269011735916, 0.010605478659272194
v,0.0007124070543795824, 0.024692106992006302, 0.010337555781006813
v,0.00045883466373197734, 0.024758536368608475, 0.010528434067964554
v,0.0007124070543795824, 0.024692106992006302, 0.010337555781006813
v,0.00045883507118560374, 0.018875453621149063, -0.009148672223091125
v,0.00045883460552431643, 0.024895040318369865, 0.010339430533349514
v,0.0004588340234477073, 0.014194068498909473, 0.006833773571997881
v,0.0007124069961719215, 0.009272226132452488, -0.008875935338437557
v,0.0004588344891089946, 0.009330371394753456, -0.008902385830879211
v,0.0004588350420817733, 0.018625272437930107, -0.009327697567641735
v,0.0007124074618332088, 0.018442897126078606, -0.00909367110580206
v,0.0004588350420817733, 0.018625272437930107, -0.009327697567641735
v,0.00045883323764428496, 0.003958732821047306, 0.01106514036655426
v,0.0007124058320187032, 0.006962496321648359, 0.010752595961093903
v,0.00045883338316343725, 0.006924229208379984, 0.010988620109856129
v,0.0007124074618332088, 0.018442897126078606, -0.00909367110580206
v,0.0004588340234477073, 0.014298680238425732, 0.006831194274127483
v,0.0004588350420817733, 0.018384186550974846, -0.00913612637668848
v,0.0004588344891089946, 0.00908015575259924, -0.0090814009308815
v,0.0007124069379642606, 0.008895235136151314, -0.00886854063719511
v,0.0004588344891089946, 0.00908015575259924, -0.0090814009308815
v,0.00045883384882472456, 0.012872741557657719, 0.010835127905011177
v,0.0007124064140953124, 0.015843665227293968, 0.01056587602943182
v,0.0004588339652400464, 0.015803823247551918, 0.010759496130049229
v,0.0007124057156033814, 0.003875782946124673, 0.010830546729266644
v,0.00045883451821282506, 0.008839362300932407, -0.008889756165444851
v,0.0007124069379642606, 0.008895235136151314, -0.00886854063719511
v,-0.0004588332085404545, 0.00927814468741417, -0.0005901726544834673
v,0.00045883425627835095, 0.009189273230731487, -0.000585212663281709
v,0.0004588343435898423, 0.00927814468741417, -0.0005901725962758064
v,0.00045883338316343725, 0.0071515170857310295, 0.010794082656502724
v,-0.00045883405255153775, 0.006924229208379984, 0.010988620109856129
v,0.00045883338316343725, 0.006924229208379984, 0.010988620109856129
v,-0.0004588330048136413, 0.008839362300932407, -0.008889756165444851
v,0.0004588344891089946, 0.00908015575259924, -0.0090814009308815
v,0.00045883451821282506, 0.008839362300932407, -0.008889756165444851
v,0.0004588344891089946, 0.00908015575259924, -0.0090814009308815
v,-0.0004588329466059804, 0.009330371394753456, -0.008902385830879211
v,0.0004588344891089946, 0.009330371394753456, -0.008902385830879211
v,-0.00045883364509791136, 0.012624470517039299, 0.010655528865754604
v,0.00045883384882472456, 0.012872741557657719, 0.010835127905011177
v,-0.00045883364509791136, 0.012872741557657719, 0.010835127905011177
v,0.00045883323764428496, 0.003958732821047306, 0.01106514036655426
v,-0.00045883419807069004, 0.0038128390442579985, 0.010883472859859467
v,0.0004588332958519459, 0.0038128390442579985, 0.010883472859859467
v,0.0004588340234477073, 0.014194068498909473, 0.006833773571997881
v,-0.00045883332495577633, 0.014298680238425732, 0.006831194274127483
v,0.0004588340234477073, 0.014298680238425732, 0.006831194274127483
v,0.0004588350420817733, 0.018384186550974846, -0.00913612637668848
v,-0.0004588323936332017, 0.018625272437930107, -0.009327697567641735
v,0.0004588350420817733, 0.018625272437930107, -0.009327697567641735
v,-0.0004588334122672677, 0.015803823247551918, 0.010759496130049229
v,0.0004588339361362159, 0.0160421971231699, 0.010567259043455124
v,-0.00045883338316343725, 0.0160421971231699, 0.010567259043455124
v,-0.00045883262646384537, 0.018784357234835625, -0.000835385057143867
v,0.0004588348383549601, 0.018873687833547592, -0.0008352331933565438
v,-0.00045883262646384537, 0.018873687833547592, -0.0008352332515642047
v,-0.00045883291750214994, 0.02153504639863968, 0.010423068888485432
v,0.0004588343726936728, 0.02177269011735916, 0.010605478659272194
v,-0.00045883297570981085, 0.02177269011735916, 0.010605478659272194
v,0.0004588350420817733, 0.018625272437930107, -0.009327697567641735
v,-0.0004588323354255408, 0.018875453621149063, -0.009148672223091125
v,0.00045883507118560374, 0.018875453621149063, -0.009148672223091125
v,-0.00045883283019065857, 0.024758536368608475, 0.010528434067964554
v,0.00045883460552431643, 0.024895040318369865, 0.010339430533349514
v,-0.00045883283019065857, 0.024895040318369865, 0.010339430533349514
v,0.0004588343726936728, 0.02177269011735916, 0.010605478659272194
v,0.00045883466373197734, 0.024758536368608475, 0.010528434067964554
v,-0.00045883283019065857, 0.024758536368608475, 0.010528434067964554
v,0.0004588339361362159, 0.0160421971231699, 0.010567259043455124
v,0.0004588348383549601, 0.018784357234835625, -0.0008353852317668498
v,-0.00045883262646384537, 0.018784357234835625, -0.000835385057143867
v,0.00045883384882472456, 0.012872741557657719, 0.010835127905011177
v,0.0004588339652400464, 0.015803823247551918, 0.010759496130049229
v,-0.0004588334122672677, 0.015803823247551918, 0.010759496130049229
v,0.00045883451821282506, 0.008839362300932407, -0.008889756165444851
v,0.0004588332958519459, 0.0038128390442579985, 0.010883472859859467
v,-0.00045883419807069004, 0.0038128390442579985, 0.010883472859859467
v,0.0004588343435898423, 0.00927814468741417, -0.0005901725962758064
v,0.00045883384882472456, 0.012624470517039299, 0.010655528865754604
v,-0.00045883364509791136, 0.012624470517039299, 0.010655528865754604
v,-0.0004588329466059804, 0.00908015575259924, -0.0090814009308815
v,0.0004588344891089946, 0.00908015575259924, -0.0090814009308815
v,0.0004588344891089946, 0.00908015575259924, -0.0090814009308815
v,0.0004588340234477073, 0.014194068498909473, 0.006833773571997881
v,0.0004588344891089946, 0.009330371394753456, -0.008902385830879211
v,-0.0004588329466059804, 0.009330371394753456, -0.008902385830879211
v,0.0004588348383549601, 0.018873687833547592, -0.0008352331933565438
v,0.00045883431448601186, 0.02153504639863968, 0.010423068888485432
v,-0.00045883291750214994, 0.02153504639863968, 0.010423068888485432
v,0.00045883323764428496, 0.003958732821047306, 0.01106514036655426
v,0.00045883338316343725, 0.006924229208379984, 0.010988620109856129
v,-0.00045883405255153775, 0.006924229208379984, 0.010988620109856129
v,0.0004588350420817733, 0.018384186550974846, -0.00913612637668848
v,0.0004588340234477073, 0.014298680238425732, 0.006831194274127483
v,-0.00045883332495577633, 0.014298680238425732, 0.006831194274127483
v,0.00045883460552431643, 0.024895040318369865, 0.010339430533349514
v,0.00045883507118560374, 0.018875453621149063, -0.009148672223091125
v,-0.0004588323354255408, 0.018875453621149063, -0.009148672223091125
v,0.00045883338316343725, 0.0071515170857310295, 0.010794082656502724
v,0.00045883425627835095, 0.009189273230731487, -0.000585212663281709
v,-0.00045883323764428496, 0.009189273230731487, -0.0005852127214893699
v,-0.00045883236452937126, 0.018625272437930107, -0.009327697567641735
v,0.0004588350420817733, 0.018625272437930107, -0.009327697567641735
v,0.0004588350420817733, 0.018625272437930107, -0.009327697567641735
v,-0.0007124065887182951, 0.006962496787309647, 0.010752595961093903
v,-0.0004588340816553682, 0.0071515170857310295, 0.010794082656502724
v,-0.00045883323764428496, 0.009189273230731487, -0.0005852127214893699
v,-0.0004588332085404545, 0.00927814468741417, -0.0005901726544834673
v,-0.00045883364509791136, 0.012624470517039299, 0.010655528865754604
v,-0.0007124061230570078, 0.012822716496884823, 0.01064382679760456
v,-0.0007124058902263641, 0.015843665227293968, 0.01056587602943182
v,-0.00045883338316343725, 0.0160421971231699, 0.010567259043455124
v,-0.00045883262646384537, 0.018784357234835625, -0.000835385057143867
v,-0.00045883262646384537, 0.018873687833547592, -0.0008352332515642047
v,-0.00045883291750214994, 0.02153504639863968, 0.010423068888485432
v,-0.0007124054245650768, 0.02173159085214138, 0.010413947515189648
v,-0.00045883297570981085, 0.02177269011735916, 0.010605478659272194
v,-0.00045883283019065857, 0.024758536368608475, 0.010528434067964554
v,-0.0007124054245650768, 0.024692106992006302, 0.010337555781006813
v,-0.0007124054245650768, 0.024692106992006302, 0.010337555781006813
v,-0.00045883283019065857, 0.024895040318369865, 0.010339430533349514
v,-0.0004588323354255408, 0.018875453621149063, -0.009148672223091125
v,-0.00045883332495577633, 0.014194068498909473, 0.006833773571997881
v,-0.0004588329466059804, 0.009330371394753456, -0.008902385830879211
v,-0.0007124054245650768, 0.009272227063775063, -0.008875935338437557
v,-0.0007124048424884677, 0.018687698990106583, -0.009101399220526218
v,-0.00045883236452937126, 0.018625272437930107, -0.009327697567641735
v,-0.0004588323936332017, 0.018625272437930107, -0.009327697567641735
v,-0.00045883419807069004, 0.003958732821047306, 0.01106514036655426
v,-0.00045883405255153775, 0.006924229208379984, 0.010988620109856129
v,-0.0007124065887182951, 0.006962496787309647, 0.010752595961093903
v,-0.0007124049006961286, 0.018442897126078606, -0.00909367110580206
v,-0.0004588323936332017, 0.018384186550974846, -0.00913612637668848
v,-0.00045883332495577633, 0.014298680238425732, 0.006831194274127483
v,-0.0007124054245650768, 0.009272227063775063, -0.008875935338437557
v,-0.0004588329466059804, 0.00908015575259924, -0.0090814009308815
v,-0.0004588329466059804, 0.00908015575259924, -0.0090814009308815
v,-0.00045883364509791136, 0.012872741557657719, 0.010835127905011177
v,-0.0004588334122672677, 0.015803823247551918, 0.010759496130049229
v,-0.0007124058902263641, 0.015843665227293968, 0.01056587602943182
v,-0.000712406646925956, 0.003875782946124673, 0.010830546729266644
v,-0.0007124054827727377, 0.008895235136151314, -0.008868541568517685
v,-0.0004588330048136413, 0.008839362300932407, -0.008889756165444851
v,0.0007124058320187032, 0.006962496321648359, 0.010752595961093903
v,0.0007124067633412778, 0.009176365099847317, -0.0016101408982649446
v,0.00045883425627835095, 0.009189273230731487, -0.000585212663281709
v,0.0004588343435898423, 0.00927814468741417, -0.0005901725962758064
v,0.0007124067633412778, 0.009176365099847317, -0.0016101408982649446
v,0.0007124062394723296, 0.012822716496884823, 0.01064382679760456
v,0.0007124064140953124, 0.015843665227293968, 0.01056587602943182
v,0.000712407345417887, 0.01883101277053356, -0.0018563179764896631
v,0.0004588348383549601, 0.018784357234835625, -0.0008353852317668498
v,0.0004588348383549601, 0.018873687833547592, -0.0008352331933565438
v,0.000712407345417887, 0.01883101277053356, -0.0018563179764896631
v,0.0007124067633412778, 0.02173159085214138, 0.010413947515189648
v,0.0004588343726936728, 0.02177269011735916, 0.010605478659272194
v,0.0007124067633412778, 0.02173159085214138, 0.010413947515189648
v,0.0007124070543795824, 0.024692106992006302, 0.010337555781006813
v,0.0007124070543795824, 0.024692106992006302, 0.010337555781006813
v,0.0007124075200408697, 0.018687698990106583, -0.009101399220526218
v,0.00045883507118560374, 0.018875453621149063, -0.009148672223091125
v,0.0004588340234477073, 0.014194068498909473, 0.006833773571997881
v,0.0007124064723029733, 0.014259329997003078, 0.007276427466422319
v,0.0007124069961719215, 0.009272226132452488, -0.008875935338437557
v,0.0004588350420817733, 0.018625272437930107, -0.009327697567641735
v,0.0007124075200408697, 0.018687698990106583, -0.009101399220526218
v,0.0007124074618332088, 0.018442897126078606, -0.00909367110580206
v,0.00045883323764428496, 0.003958732821047306, 0.01106514036655426
v,0.0007124057156033814, 0.003875782946124673, 0.010830546729266644
v,0.0007124058320187032, 0.006962496321648359, 0.010752595961093903
v,0.0007124074618332088, 0.018442897126078606, -0.00909367110580206
v,0.0007124064723029733, 0.014259329997003078, 0.007276427466422319
v,0.0004588340234477073, 0.014298680238425732, 0.006831194274127483
v,0.0004588344891089946, 0.00908015575259924, -0.0090814009308815
v,0.0007124069961719215, 0.009272226132452488, -0.008875935338437557
v,0.0007124069379642606, 0.008895235136151314, -0.00886854063719511
v,0.00045883384882472456, 0.012872741557657719, 0.010835127905011177
v,0.0007124062394723296, 0.012822716496884823, 0.01064382679760456
v,0.0007124064140953124, 0.015843665227293968, 0.01056587602943182
v,0.0007124057156033814, 0.003875782946124673, 0.010830546729266644
v,0.0004588332958519459, 0.0038128390442579985, 0.010883472859859467
v,0.00045883451821282506, 0.008839362300932407, -0.008889756165444851
v,-0.0004588332085404545, 0.00927814468741417, -0.0005901726544834673
v,-0.00045883323764428496, 0.009189273230731487, -0.0005852127214893699
v,0.00045883425627835095, 0.009189273230731487, -0.000585212663281709
v,0.00045883338316343725, 0.0071515170857310295, 0.010794082656502724
v,-0.0004588340816553682, 0.0071515170857310295, 0.010794082656502724
v,-0.00045883405255153775, 0.006924229208379984, 0.010988620109856129
v,-0.0004588330048136413, 0.008839362300932407, -0.008889756165444851
v,-0.0004588329466059804, 0.00908015575259924, -0.0090814009308815
v,0.0004588344891089946, 0.00908015575259924, -0.0090814009308815
v,0.0004588344891089946, 0.00908015575259924, -0.0090814009308815
v,-0.0004588329466059804, 0.00908015575259924, -0.0090814009308815
v,-0.0004588329466059804, 0.009330371394753456, -0.008902385830879211
v,-0.00045883364509791136, 0.012624470517039299, 0.010655528865754604
v,0.00045883384882472456, 0.012624470517039299, 0.010655528865754604
v,0.00045883384882472456, 0.012872741557657719, 0.010835127905011177
v,0.00045883323764428496, 0.003958732821047306, 0.01106514036655426
v,-0.00045883419807069004, 0.003958732821047306, 0.01106514036655426
v,-0.00045883419807069004, 0.0038128390442579985, 0.010883472859859467
v,0.0004588340234477073, 0.014194068498909473, 0.006833773571997881
v,-0.00045883332495577633, 0.014194068498909473, 0.006833773571997881
v,-0.00045883332495577633, 0.014298680238425732, 0.006831194274127483
v,0.0004588350420817733, 0.018384186550974846, -0.00913612637668848
v,-0.0004588323936332017, 0.018384186550974846, -0.00913612637668848
v,-0.0004588323936332017, 0.018625272437930107, -0.009327697567641735
v,-0.0004588334122672677, 0.015803823247551918, 0.010759496130049229
v,0.0004588339652400464, 0.015803823247551918, 0.010759496130049229
v,0.0004588339361362159, 0.0160421971231699, 0.010567259043455124
v,-0.00045883262646384537, 0.018784357234835625, -0.000835385057143867
v,0.0004588348383549601, 0.018784357234835625, -0.0008353852317668498
v,0.0004588348383549601, 0.018873687833547592, -0.0008352331933565438
v,-0.00045883291750214994, 0.02153504639863968, 0.010423068888485432
v,0.00045883431448601186, 0.02153504639863968, 0.010423068888485432
v,0.0004588343726936728, 0.02177269011735916, 0.010605478659272194
v,0.0004588350420817733, 0.018625272437930107, -0.009327697567641735
v,-0.00045883236452937126, 0.018625272437930107, -0.009327697567641735
v,-0.0004588323354255408, 0.018875453621149063, -0.009148672223091125
v,-0.00045883283019065857, 0.024758536368608475, 0.010528434067964554
v,0.00045883466373197734, 0.024758536368608475, 0.010528434067964554
v,0.00045883460552431643, 0.024895040318369865, 0.010339430533349514
n,-1.4643190979768406e-06, 0.8869994878768921, 34.375267028808594
n,-26.108510971069336, 4.900665544482763e-07, -8.529945603186206e-07
n,1.067836137735867e-06, 33.29139709472656, 8.006071090698242
n,-1.4643190979768406e-06, 0.8869994878768921, 34.375267028808594
n,-26.108510971069336, 2.356277377657534e-07, -6.397031029337086e-07
n,-26.108510971069336, 3.1823797144170385e-06, -7.078178327901696e-07
n,-1.0445564839756116e-06, -33.186073303222656, -8.436182975769043
n,-26.108510971069336, 6.257225209083117e-07, -8.741533861211792e-07
n,-26.108510971069336, -8.519812695340079e-07, -2.531797235860722e-06
n,-26.108510971069336, 2.3121990579966223e-06, -9.478673632656864e-07
n,-26.108510971069336, 1.6657131709507667e-06, -1.4576877447325387e-06
n,26.108510971069336, -1.0965127330564428e-06, 1.7462616597185843e-06
n,26.108510971069336, -3.5125970043736743e-06, 7.548753160335764e-07
n,26.108510971069336, 2.663579607542488e-06, 5.519972319234512e-07
n,26.108510971069336, -1.0962281749016256e-06, 1.7443842352804495e-06
n,26.108510971069336, 4.807451432498056e-07, 6.491546855613706e-07
n,26.108510971069336, -3.5045011372858426e-06, 7.202941674222529e-07
n,26.108510971069336, -6.920118948983145e-07, 1.3199517070461297e-06
n,26.108510971069336, -1.1280251328571467e-06, 6.269983714446425e-07
n,26.108510971069336, -1.1218595545869903e-06, 6.28010582204297e-07
n,26.108510971069336, -2.3650823095522355e-06, 1.336339096269512e-06
n,26.108510971069336, -1.2142632840550505e-05, -3.5651589769258862e-06
n,-1.8242667465528939e-06, -32.81851577758789, 9.76563549041748
n,-26.108510971069336, 1.1218595545869903e-06, -6.28010582204297e-07
n,-26.108510971069336, 4.903317858406808e-07, -1.854814058788179e-06
n,0.0, 0.0, 0.0
n,1.8349451238464098e-06, 32.71453857421875, -10.111335754394531
n,-26.108510971069336, 1.7244408354599727e-06, -1.2934189044244704e-06
n,-1.7629879494052147e-06, -33.31836700439453, 7.876153945922852
n,-1.4643190979768406e-06, 0.8869994878768921, 34.375267028808594
n,-26.108510971069336, 1.1199131222383585e-06, -8.839289193929289e-07
n,-1.0417418252472999e-06, -33.17301940917969, -8.487874031066895
n,1.8347685681874282e-06, 32.716304779052734, -10.10558032989502
n,1.1713839285221184e-06, 33.700340270996094, 6.034915924072266
n,0.0, 0.0, 0.0
n,-10.228606224060059, -24.596555709838867, 19.753217697143555
n,-16.31796646118164, 17.422924041748047, 20.356069564819336
n,-25.658973693847656, 0.3540332019329071, 6.3437018394470215
n,-14.254532814025879, -16.857175827026367, 23.302732467651367
n,-14.256734848022461, 18.05340576171875, 22.38619613647461
n,-25.65635871887207, -0.010822395794093609, 6.371853828430176
n,-14.350915908813477, -17.459339141845703, 22.7459774017334
n,-16.997718811035156, 21.09830093383789, 15.23788070678711
n,-15.8754243850708, 15.86008071899414, -22.16396713256836
n,-8.881614685058594, -20.08356475830078, -25.274484634399414
n,-23.95458221435547, -0.337049663066864, -13.672597885131836
n,-7.202008247375488, 19.199970245361328, -26.83662986755371
n,-6.723137855529785, -20.657188415527344, -25.954898834228516
n,10.228606224060059, -24.596553802490234, 19.753217697143555
n,16.31796646118164, 17.422922134399414, 20.356067657470703
n,25.658973693847656, 0.35401368141174316, 6.343703746795654
n,14.254530906677246, -16.857173919677734, 23.302734375
n,14.256736755371094, 18.053401947021484, 22.386192321777344
n,25.656360626220703, -0.010840003378689289, 6.371858596801758
n,14.350913047790527, -17.459339141845703, 22.745973587036133
n,16.997724533081055, 21.09830093383789, 15.237876892089844
n,15.875429153442383, 15.860079765319824, -22.16396713256836
n,8.881614685058594, -20.083566665649414, -25.274484634399414
n,23.95458221435547, -0.33705052733421326, -13.672595977783203
n,7.2020134925842285, 19.199970245361328, -26.836627960205078
n,6.723141193389893, -20.657190322875977, -25.954898834228516
n,-18.461488723754883, 23.82975959777832, 4.267334461212158
n,-18.461467742919922, -23.20624351501465, 6.905364513397217
n,-18.461593627929688, 23.540462493896484, 5.661118507385254
n,-18.461421966552734, -23.55975341796875, 5.569308757781982
n,-18.461519241333008, 0.6272033452987671, 24.306970596313477
n,-18.46150016784668, 23.133926391601562, -7.145729064941406
n,-8.688456535339355, 30.852724075317383, -9.525897026062012
n,-19.95354652404785, -0.6998193264007568, -22.165449142456055
n,-20.25145149230957, 0.5479019284248352, 21.69608497619629
n,-9.12436580657959, -31.083528518676758, -7.943753242492676
n,-19.210803985595703, -0.45661845803260803, -23.28192901611328
n,-18.461519241333008, 0.627204179763794, 24.306970596313477
n,-6.286408424377441, -32.2097282409668, -8.187989234924316
n,18.461530685424805, 23.82970428466797, 4.2673258781433105
n,18.4615421295166, -23.206151962280273, 6.905334949493408
n,18.461551666259766, 23.540512084960938, 5.661134719848633
n,18.461454391479492, -23.55970573425293, 5.569297790527344
n,18.461519241333008, 0.6272011995315552, 24.306964874267578
n,18.46139144897461, 23.13405990600586, -7.145766735076904
n,8.13078784942627, 31.08769416809082, -9.608512878417969
n,0.0, 0.0, 0.0
n,20.19468116760254, 0.562186598777771, 21.787321090698242
n,8.594374656677246, -31.324203491210938, -8.014822959899902
n,0.0, 0.0, 0.0
n,18.461517333984375, 0.6272021532058716, 24.30696678161621
n,7.665253162384033, -31.71909523010254, -8.082225799560547
n,-1.4186562111717649e-06, 1.916078805923462, 34.3331413269043
n,-1.890301177809306e-07, 22.319334030151367, 26.0767879486084
n,2.6336613245803164e-07, -21.37813949584961, -26.860740661621094
n,2.0706233954115305e-06, 19.9749813079834, -27.919897079467773
n,-2.072205234071589e-06, -20.12069320678711, 27.814096450805664
n,-2.0765664885402657e-06, -26.73358917236328, 21.469440460205078
n,1.466048047404911e-06, -0.8474252223968506, -34.37626647949219
n,2.6498315719436505e-07, -21.357316970825195, -26.877456665039062
n,-2.49982917921443e-07, 21.549922943115234, 26.721874237060547
n,-1.5050709407660179e-06, -0.05841034650802612, 34.386539459228516
n,-2.079774276353419e-06, -20.899730682373047, 27.22811508178711
n,2.0706520444946364e-06, 19.977569580078125, -27.918027877807617
n,3.0643843729194487e-07, 27.79595375061035, 20.075143814086914
n,-1.4643190979768406e-06, 0.8869994878768921, 34.375267028808594
n,3.16027831104293e-06, 33.29139709472656, 8.006071090698242
n,-1.4643190979768406e-06, 0.8869994878768921, 34.375267028808594
n,-1.0445564839756116e-06, -33.186073303222656, -8.436182975769043
n,-1.8242667465528939e-06, -32.81851577758789, 9.76563549041748
n,0.0, 0.0, 0.0
n,1.8349451238464098e-06, 32.71453857421875, -10.111335754394531
n,-1.7629879494052147e-06, -33.31836700439453, 7.876153469085693
n,-1.4643190979768406e-06, 0.8869994878768921, 34.375267028808594
n,-1.0417418252472999e-06, -33.17301940917969, -8.487874031066895
n,1.8347685681874282e-06, 32.716304779052734, -10.10558032989502
n,1.1713839285221184e-06, 33.700340270996094, 6.034916400909424
n,0.0, 0.0, 0.0
n,-18.46152687072754, 23.8297119140625, 4.2673234939575195
n,-18.46154022216797, -23.206151962280273, 6.905333995819092
n,-18.461557388305664, 23.54050636291504, 5.661130428314209
n,-18.461456298828125, -23.559709548950195, 5.569296360015869
n,-18.461515426635742, 0.6272038221359253, 24.30697250366211
n,-18.461393356323242, 23.134056091308594, -7.1457672119140625
n,-8.130782127380371, 31.087692260742188, -9.608513832092285
n,1.8033977084996877e-06, 33.006324768066406, -9.105025291442871
n,-20.194677352905273, 0.5621883869171143, 21.78732681274414
n,-8.594403266906738, -31.324190139770508, -8.014820098876953
n,0.0, 0.0, 0.0
n,-18.461517333984375, 0.627204418182373, 24.306970596313477
n,-7.665252685546875, -31.719099044799805, -8.082226753234863
n,18.461490631103516, 23.829755783081055, 4.267336368560791
n,18.461469650268555, -23.20623779296875, 6.905364513397217
n,18.461585998535156, 23.54046630859375, 5.661121845245361
n,18.46141815185547, -23.55975341796875, 5.569310188293457
n,18.461519241333008, 0.6272011995315552, 24.306964874267578
n,18.461503982543945, 23.13392448425293, -7.14572811126709
n,8.68844985961914, 30.85272789001465, -9.525897026062012
n,19.95354652404785, -0.6998205780982971, -22.165447235107422
n,20.251455307006836, 0.5479007363319397, 21.696088790893555
n,9.124363899230957, -31.08353042602539, -7.943752288818359
n,19.2108097076416, -0.4566201865673065, -23.281923294067383
n,18.461517333984375, 0.6272020936012268, 24.306964874267578
n,6.286372661590576, -32.20974349975586, -8.187990188598633
n,-1.4186562111717649e-06, 1.9160785675048828, 34.3331413269043
n,-1.890301177809306e-07, 22.319334030151367, 26.0767879486084
n,2.6336613245803164e-07, -21.378141403198242, -26.86074447631836
n,2.0706233954115305e-06, 19.9749813079834, -27.919897079467773
n,-2.072205234071589e-06, -20.12069320678711, 27.814096450805664
n,-2.0765664885402657e-06, -26.73358917236328, 21.469440460205078
n,1.466048047404911e-06, -0.8474252223968506, -34.37626647949219
n,2.6498315719436505e-07, -21.357316970825195, -26.877456665039062
n,-2.49982917921443e-07, 21.549922943115234, 26.721874237060547
n,6.610870514123235e-06, -0.05849379301071167, 34.38653564453125
n,-2.0797740489797434e-06, -20.899728775024414, 27.22811508178711
n,2.0706520444946364e-06, 19.977569580078125, -27.918027877807617
n,3.0643843729194487e-07, 27.79595375061035, 20.075143814086914
u,0.8468167781829834, 0.08090782165527344, 0
u,0.862555205821991, 0.14806824922561646, 0
u,0.862555205821991, 0.08090782165527344, 0
u,0.005186581052839756, 0.6554973721504211, 0
u,0.4476318061351776, 0.5983957946300507, 0
u,0.4476317763328552, 0.5318050980567932, 0
u,0.9685231447219849, 0.20198041200637817, 0
u,0.9842615127563477, 0.449468731880188, 0
u,0.9842615127563477, 0.20198041200637817, 0
u,0.8869913816452026, 0.14507752656936646, 0
u,0.8712529540061951, 0.07914888858795166, 0
u,0.8712529540061951, 0.14507752656936646, 0
u,0.004791734274476767, 0.8672689646482468, 0
u,0.1688031405210495, 0.8736379444599152, 0
u,0.37243035435676575, 0.7645373791456223, 0
u,0.1688031405210495, 0.8736379444599152, 0
u,0.00473904050886631, 0.8757472634315491, 0
u,0.44663506746292114, 1.000000017676797, 0
u,0.9239996671676636, 1.000000001235528, 0
u,0.908261239528656, 0.5430289506912231, 0
u,0.908261239528656, 1.0000000005475798, 0
u,0.005186581052839756, 0.6554973721504211, 0
u,0.16886962950229645, 0.6564781367778778, 0
u,0.4476318061351776, 0.5983957946300507, 0
u,0.16886962950229645, 0.6564781367778778, 0
u,0.37243035435676575, 0.7645373791456223, 0
u,0.4476318061351776, 0.7987826764583588, 0
u,0.16886962950229645, 0.6564781367778778, 0
u,0.0052184900268912315, 0.661004513502121, 0
u,0.37243035435676575, 0.7645373791456223, 0
u,0.37243035435676575, 0.7645373791456223, 0
u,0.1688031405210495, 0.8736379444599152, 0
u,0.4476318061351776, 0.7987826764583588, 0
u,0.6207435727119446, 0.6536064147949219, 0
u,0.8986138105392456, 0.5966726839542389, 0
u,0.8985754251480103, 0.5272443890571594, 0
u,0.6208100914955139, 0.8707661777734756, 0
u,0.8243707418441772, 0.7627069652080536, 0
u,0.4571589231491089, 0.8662398159503937, 0
u,0.45712703466415405, 0.8717469573020935, 0
u,0.8995721936225891, 0.9288485124707222, 0
u,0.6208100914955139, 0.8707661777734756, 0
u,0.6208100914955139, 0.8707661777734756, 0
u,0.8995721936225891, 0.7964117377996445, 0
u,0.8995721936225891, 0.7284616827964783, 0
u,0.45673221349716187, 0.6599753797054291, 0
u,0.8243707418441772, 0.7627069652080536, 0
u,0.6207435727119446, 0.6536064147949219, 0
u,0.6207435727119446, 0.6536064147949219, 0
u,0.8985754251480103, 0.5272443890571594, 0
u,0.45667949318885803, 0.651497095823288, 0
u,0.8243707418441772, 0.7627069652080536, 0
u,0.8995721936225891, 0.7284616827964783, 0
u,0.6207435727119446, 0.6536064147949219, 0
u,0.45712703466415405, 0.8717469573020935, 0
u,0.6208100914955139, 0.8707661777734756, 0
u,0.4571589231491089, 0.8662398159503937, 0
u,0.45673221349716187, 0.6599753797054291, 0
u,0.6207435727119446, 0.6536064147949219, 0
u,0.45667949318885803, 0.651497095823288, 0
u,0.45712703466415405, 0.8717469573020935, 0
u,0.8995721340179443, 0.9954392309300601, 0
u,0.8995721936225891, 0.9288485124707222, 0
u,0.6208100914955139, 0.8707661777734756, 0
u,0.8995721936225891, 0.7284616827964783, 0
u,0.8243707418441772, 0.7627069652080536, 0
u,1.0, 0.7547284215688705, 0
u,0.9842615723609924, 0.5115889608860016, 0
u,0.9842615723609924, 0.7547284215688705, 0
u,0.004791734274476767, 0.8672689646482468, 0
u,0.00473904050886631, 0.8757472634315491, 0
u,0.1688031405210495, 0.8736379444599152, 0
u,0.1688031405210495, 0.8736379444599152, 0
u,0.44663506746292114, 1.000000017676797, 0
u,0.44667336344718933, 0.9305716827511787, 0
u,0.45197200775146484, 0.5272442996501923, 0
u,0.45197200775146484, 0.5272442996501923, 0
u,0.45197200775146484, 0.5272442996501923, 0
u,0.8869913816452026, 0.5171395242214203, 0
u,0.8712529540061951, 0.15055203437805176, 0
u,0.8712529540061951, 0.5171395242214203, 0
u,0.16886962950229645, 0.6564781367778778, 0
u,0.4476318061351776, 0.7987826764583588, 0
u,0.4476318061351776, 0.7308326065540314, 0
u,1.0, 1.0000000045576076, 0
u,0.9842615723609924, 0.7547284066677094, 0
u,0.9842615723609924, 1.0000000038696593, 0
u,0.9353891611099243, 0.1831951141357422, 0
u,0.9196507334709167, 0.1164923906326294, 0
u,0.9196507334709167, 0.1831951141357422, 0
u,0.005186581052839756, 0.6554973721504211, 0
u,0.0052184900268912315, 0.661004513502121, 0
u,0.16886962950229645, 0.6564781367778778, 0
u,0.8468167185783386, 0.14806830883026123, 0
u,0.8625551462173462, 0.5171540379524231, 0
u,0.8625551462173462, 0.14806830883026123, 0
u,0.9196507930755615, 0.5355106592178345, 0
u,0.9039124250411987, 0.08152920007705688, 0
u,0.903912365436554, 0.5355106592178345, 0
u,0.9842615723609924, 0.6984739303588867, 0
u,0.9685232043266296, 0.44946879148483276, 0
u,0.9685231447219849, 0.6984739303588867, 0
u,3.153664874844253e-05, 0.6567690372467041, 0
u,-4.758810678850978e-09, 0.6567680239677429, 0
u,3.153664874844253e-05, 0.6567690372467041, 0
u,0.908261239528656, 0.5393491983413696, 0
u,0.903912365436554, 0.5443857908248901, 0
u,0.908261239528656, 0.5430289506912231, 0
u,0.4477115869522095, 0.9263466820120811, 0
u,0.44667336344718933, 0.9305716827511787, 0
u,0.45197197794914246, 0.93156848102808, 0
u,0.1919456124305725, 0.873941957950592, 0
u,0.19188539683818817, 0.8719414323568344, 0
u,0.1688031405210495, 0.8736379444599152, 0
u,0.8712529540061951, 0.15055197477340698, 0
u,0.8712529540061951, 0.14507752656936646, 0
u,0.866904079914093, 0.14608889818191528, 0
u,0.8712529540061951, 0.0736771821975708, 0
u,0.866904079914093, 0.07813888788223267, 0
u,0.8712529540061951, 0.07914888858795166, 0
u,0.19188719987869263, 0.6581186950206757, 0
u,0.19194267690181732, 0.6561108231544495, 0
u,0.16886962950229645, 0.6564781367778778, 0
u,0.862555205821991, 0.07567393779754639, 0
u,0.862555205821991, 0.08090782165527344, 0
u,0.866904079914093, 0.08009719848632812, 0
u,0.45197194814682007, 0.5304223001003265, 0
u,0.4477836489677429, 0.5272443294525146, 0
u,0.4476317763328552, 0.5318050980567932, 0
u,0.8968647718429565, 0.4740230441093445, 0
u,0.8913401961326599, 0.4740230441093445, 0
u,0.8926181197166443, 0.47837191820144653, 0
u,0.8968656063079834, 0.5228954255580902, 0
u,0.8913401961326599, 0.5228954255580902, 0
u,0.8926364183425903, 0.5272442996501923, 0
u,0.8913401961326599, 0.35643112659454346, 0
u,0.8913401961326599, 0.36654597520828247, 0
u,0.8936759233474731, 0.3567153215408325, 0
u,0.8968656063079834, 0.49845921993255615, 0
u,0.8913401961326599, 0.49845921993255615, 0
u,0.8955439329147339, 0.5028081238269806, 0
u,0.8968590497970581, 0.4495868682861328, 0
u,0.8913401961326599, 0.4495868682861328, 0
u,0.8925843834877014, 0.45393574237823486, 0
u,0.9239996671676636, 0.5393491983413696, 0
u,0.9239996671676636, 0.5430289506912231, 0
u,0.9283485412597656, 0.5443857908248901, 0
u,0.8996520042419434, 0.6008976995944977, 0
u,0.903912365436554, 0.5956758856773376, 0
u,0.8986138105392456, 0.5966726839542389, 0
u,0.6438860297203064, 0.653302401304245, 0
u,0.6207435727119446, 0.6536064147949219, 0
u,0.6438258290290833, 0.6553029119968414, 0
u,0.8869913816452026, 0.15055197477340698, 0
u,0.8913402557373047, 0.14608889818191528, 0
u,0.8869913816452026, 0.14507752656936646, 0
u,0.8869913816452026, 0.0736771821975708, 0
u,0.8869913816452026, 0.07914888858795166, 0
u,0.8913402557373047, 0.07813888788223267, 0
u,0.6438276171684265, 0.8691256195306778, 0
u,0.6208100914955139, 0.8707661777734756, 0
u,0.6438831090927124, 0.8711335062980652, 0
u,0.8468167781829834, 0.07567393779754639, 0
u,0.8424679040908813, 0.08009719848632812, 0
u,0.8468167781829834, 0.08090782165527344, 0
u,0.9039123058319092, 0.9968220391310751, 0
u,0.8995721340179443, 0.9954392309300601, 0
u,0.8997240662574768, 0.9999999992141229, 0
u,0.8968647718429565, 0.4582846164703369, 0
u,0.8926181197166443, 0.45393574237823486, 0
u,0.8913401961326599, 0.4582846164703369, 0
u,0.8968656063079834, 0.5071569979190826, 0
u,0.8926364183425903, 0.5028081238269806, 0
u,0.8913401961326599, 0.5071569979190826, 0
u,0.8913401961326599, 0.3561675548553467, 0
u,0.8936783671379089, 0.3564310073852539, 0
u,0.8936783671379089, 0.34632670879364014, 0
u,0.8968656063079834, 0.4827207922935486, 0
u,0.8955439329147339, 0.47837191820144653, 0
u,0.8913401961326599, 0.4827207922935486, 0
u,0.8968590497970581, 0.43384844064712524, 0
u,0.8925843834877014, 0.4294995665550232, 0
u,0.8913401961326599, 0.43384844064712524, 0
u,0.44667336344718933, 0.9305716827511787, 0
u,0.1919456124305725, 0.873941957950592, 0
u,0.1688031405210495, 0.8736379444599152, 0
u,0.19188539683818817, 0.8719414323568344, 0
u,0.4476318061351776, 0.7987826764583588, 0
u,0.1688031405210495, 0.8736379444599152, 0
u,0.4476318061351776, 0.7308326065540314, 0
u,0.19188719987869263, 0.6581186950206757, 0
u,0.16886962950229645, 0.6564781367778778, 0
u,0.19194267690181732, 0.6561108231544495, 0
u,0.4476318061351776, 0.5983957946300507, 0
u,0.16886962950229645, 0.6564781367778778, 0
u,0.862555205821991, 0.08090782165527344, 0
u,0.866904079914093, 0.14668792486190796, 0
u,0.866904079914093, 0.08009719848632812, 0
u,0.4476317763328552, 0.5318050980567932, 0
u,0.004219834227114916, 0.6512492895126343, 0
u,0.005186581052839756, 0.6554973721504211, 0
u,0.8712529540061951, 0.5171395242214203, 0
u,0.866904079914093, 0.15097618103027344, 0
u,0.866904079914093, 0.5272443294525146, 0
u,0.005186581052839756, 0.6554973721504211, 0
u,3.153664874844253e-05, 0.6567690372467041, 0
u,0.0052184900268912315, 0.661004513502121, 0
u,0.45197197794914246, 0.9982712436467409, 0
u,0.44667336344718933, 0.9305716827511787, 0
u,0.44663506746292114, 1.000000017676797, 0
u,0.8669040203094482, 0.148861825466156, 0
u,0.8625551462173462, 0.5171540379524231, 0
u,0.8669040203094482, 0.5272442400455475, 0
u,0.004791734274476767, 0.8672689646482468, 0
u,3.154719161102548e-05, 0.8714668899774551, 0
u,0.00473904050886631, 0.8757472634315491, 0
u,0.8712529540061951, 0.14507752656936646, 0
u,0.866904079914093, 0.07813888788223267, 0
u,0.866904079914093, 0.14608889818191528, 0
u,0.903912365436554, 0.5443857908248901, 0
u,0.908261239528656, 1.0000000005475798, 0
u,0.908261239528656, 0.5430289506912231, 0
u,0.8986138105392456, 0.5966726839542389, 0
u,0.6438860297203064, 0.653302401304245, 0
u,0.8996520042419434, 0.6008976995944977, 0
u,0.6438258290290833, 0.6553029119968414, 0
u,0.8995721936225891, 0.7284616827964783, 0
u,0.8997122049331665, 0.7239989936351776, 0
u,0.8995721936225891, 0.7964117377996445, 0
u,0.6438276171684265, 0.8691256195306778, 0
u,0.8997103571891785, 0.8008737862110138, 0
u,0.6438831090927124, 0.8711335062980652, 0
u,0.8995721936225891, 0.9288485124707222, 0
u,0.8996549248695374, 0.9244255945086479, 0
u,0.8468167781829834, 0.08090782165527344, 0
u,0.8424679040908813, 0.14668792486190796, 0
u,0.8468167781829834, 0.14806824922561646, 0
u,0.8995721340179443, 0.9954392309300601, 0
u,0.456160306930542, 0.8759950250387192, 0
u,0.8997240662574768, 0.9999999992141229, 0
u,0.8869913816452026, 0.5171395242214203, 0
u,0.8913402557373047, 0.15097618103027344, 0
u,0.8869913816452026, 0.15055203437805176, 0
u,0.45197200775146484, 0.8704752922058105, 0
u,0.4571589231491089, 0.8662398159503937, 0
u,0.45197200775146484, 0.8704752922058105, 0
u,0.903912365436554, 0.5289731621742249, 0
u,0.8986138105392456, 0.5966726839542389, 0
u,0.903912365436554, 0.5956758856773376, 0
u,0.8424678444862366, 0.148861825466156, 0
u,0.8468167185783386, 0.5171540379524231, 0
u,0.8468167185783386, 0.14806830883026123, 0
u,0.45197200775146484, 0.6557774543762207, 0
u,0.45667949318885803, 0.651497095823288, 0
u,0.45197200775146484, 0.6557774543762207, 0
u,0.8869913816452026, 0.14507752656936646, 0
u,0.8913402557373047, 0.07813888788223267, 0
u,0.8869913816452026, 0.07914888858795166, 0
u,0.9283485412597656, 0.5443857908248901, 0
u,0.9239996671676636, 1.000000001235528, 0
u,0.9283485412597656, 0.9996751424914692, 0
u,0.8913402557373047, 0.38228434324264526, 0
u,0.8933407664299011, 0.3665459156036377, 0
u,0.8913402557373047, 0.3665459156036377, 0
u,0.9353891611099243, 0.11126846075057983, 0
u,0.9196507334709167, 0.1164923906326294, 0
u,0.9353891611099243, 0.1164923906326294, 0
u,0.8913401961326599, 0.4495868682861328, 0
u,0.8968590497970581, 0.43384844064712524, 0
u,0.8913401961326599, 0.43384844064712524, 0
u,0.8913401961326599, 0.4827207922935486, 0
u,0.8968656063079834, 0.49845921993255615, 0
u,0.8968656063079834, 0.4827207922935486, 0
u,0.8712529540061951, 0.15055197477340698, 0
u,0.8869913816452026, 0.14507752656936646, 0
u,0.8712529540061951, 0.14507752656936646, 0
u,0.9239996671676636, 0.5393491983413696, 0
u,0.908261239528656, 0.5430289506912231, 0
u,0.9239996671676636, 0.5430289506912231, 0
u,0.8913402557373047, 0.39802271127700806, 0
u,0.893693208694458, 0.4137611389160156, 0
u,0.893693208694458, 0.39802271127700806, 0
u,0.8913401961326599, 0.5071569979190826, 0
u,0.8968656063079834, 0.5228954255580902, 0
u,0.8968656063079834, 0.5071569979190826, 0
u,0.8712529540061951, 0.07914888858795166, 0
u,0.8869913816452026, 0.0736771821975708, 0
u,0.8712529540061951, 0.0736771821975708, 0
u,0.8933480978012085, 0.39802271127700806, 0
u,0.8913401961326599, 0.3822842836380005, 0
u,0.8913401961326599, 0.39802271127700806, 0
u,0.862555205821991, 0.07567393779754639, 0
u,0.8468167781829834, 0.08090782165527344, 0
u,0.862555205821991, 0.08090782165527344, 0
u,0.8913401961326599, 0.4582846164703369, 0
u,0.8968647718429565, 0.4740230441093445, 0
u,0.8968647718429565, 0.4582846164703369, 0
u,0.903912365436554, 0.5393491685390472, 0
u,0.9196507930755615, 0.5355106592178345, 0
u,0.903912365436554, 0.5355106592178345, 0
u,0.8468167781829834, 0.08090782165527344, 0
u,0.8468167781829834, 0.14806824922561646, 0
u,0.862555205821991, 0.14806824922561646, 0
u,0.9685231447219849, 0.20198041200637817, 0
u,0.9685231447219849, 0.44946879148483276, 0
u,0.9842615127563477, 0.449468731880188, 0
u,0.8869913816452026, 0.14507752656936646, 0
u,0.8869913816452026, 0.07914888858795166, 0
u,0.8712529540061951, 0.07914888858795166, 0
u,0.9239996671676636, 1.000000001235528, 0
u,0.9239996671676636, 0.5430289506912231, 0
u,0.908261239528656, 0.5430289506912231, 0
u,1.0, 0.7547284215688705, 0
u,1.0, 0.5115889608860016, 0
u,0.9842615723609924, 0.5115889608860016, 0
u,0.45197200775146484, 0.5272442996501923, 0
u,0.45197200775146484, 0.5272442996501923, 0
u,0.45197200775146484, 0.5272442996501923, 0
u,0.8869913816452026, 0.5171395242214203, 0
u,0.8869913816452026, 0.15055203437805176, 0
u,0.8712529540061951, 0.15055203437805176, 0
u,1.0, 1.0000000045576076, 0
u,1.0, 0.7547284066677094, 0
u,0.9842615723609924, 0.7547284066677094, 0
u,0.9353891611099243, 0.1831951141357422, 0
u,0.9353891611099243, 0.1164923906326294, 0
u,0.9196507334709167, 0.1164923906326294, 0
u,0.8468167185783386, 0.14806830883026123, 0
u,0.8468167185783386, 0.5171540379524231, 0
u,0.8625551462173462, 0.5171540379524231, 0
u,0.9196507930755615, 0.5355106592178345, 0
u,0.9196507930755615, 0.08152920007705688, 0
u,0.9039124250411987, 0.08152920007705688, 0
u,0.9842615723609924, 0.6984739303588867, 0
u,0.9842615723609924, 0.44946879148483276, 0
u,0.9685232043266296, 0.44946879148483276, 0
u,3.153664874844253e-05, 0.6567690372467041, 0
u,-4.758810678850978e-09, 0.6567680239677429, 0
u,-4.758810678850978e-09, 0.6567680239677429, 0
u,0.44667336344718933, 0.9305716827511787, 0
u,0.4477115869522095, 0.9263466820120811, 0
u,0.1919456124305725, 0.873941957950592, 0
u,0.19188539683818817, 0.8719414323568344, 0
u,0.447771817445755, 0.8032453656196594, 0
u,0.4476318061351776, 0.7987826764583588, 0
u,0.4476318061351776, 0.7308326065540314, 0
u,0.44776999950408936, 0.7263705730438232, 0
u,0.19188719987869263, 0.6581186950206757, 0
u,0.19194267690181732, 0.6561108231544495, 0
u,0.44771450757980347, 0.6028187274932861, 0
u,0.4476318061351776, 0.5983957946300507, 0
u,0.862555205821991, 0.08090782165527344, 0
u,0.862555205821991, 0.14806824922561646, 0
u,0.866904079914093, 0.14668792486190796, 0
u,0.4476317763328552, 0.5318050980567932, 0
u,0.4477836489677429, 0.5272443294525146, 0
u,0.004219834227114916, 0.6512492895126343, 0
u,0.8712529540061951, 0.5171395242214203, 0
u,0.8712529540061951, 0.15055203437805176, 0
u,0.866904079914093, 0.15097618103027344, 0
u,0.005186581052839756, 0.6554973721504211, 0
u,3.153664874844253e-05, 0.6567690372467041, 0
u,3.153664874844253e-05, 0.6567690372467041, 0
u,0.45197197794914246, 0.9982712436467409, 0
u,0.45197197794914246, 0.93156848102808, 0
u,0.44667336344718933, 0.9305716827511787, 0
u,0.8669040203094482, 0.148861825466156, 0
u,0.8625551462173462, 0.14806830883026123, 0
u,0.8625551462173462, 0.5171540379524231, 0
u,0.004791734274476767, 0.8672689646482468, 0
u,3.154719161102548e-05, 0.8714668899774551, 0
u,3.154719161102548e-05, 0.8714668899774551, 0
u,0.8712529540061951, 0.14507752656936646, 0
u,0.8712529540061951, 0.07914888858795166, 0
u,0.866904079914093, 0.07813888788223267, 0
u,0.903912365436554, 0.5443857908248901, 0
u,0.903912365436554, 0.9996751414146274, 0
u,0.908261239528656, 1.0000000005475798, 0
u,0.8986138105392456, 0.5966726839542389, 0
u,0.6207435727119446, 0.6536064147949219, 0
u,0.6438860297203064, 0.653302401304245, 0
u,0.6438258290290833, 0.6553029119968414, 0
u,0.6207435727119446, 0.6536064147949219, 0
u,0.8995721936225891, 0.7284616827964783, 0
u,0.8995721936225891, 0.7964117377996445, 0
u,0.6208100914955139, 0.8707661777734756, 0
u,0.6438276171684265, 0.8691256195306778, 0
u,0.6438831090927124, 0.8711335062980652, 0
u,0.6208100914955139, 0.8707661777734756, 0
u,0.8995721936225891, 0.9288485124707222, 0
u,0.8468167781829834, 0.08090782165527344, 0
u,0.8424679040908813, 0.08009719848632812, 0
u,0.8424679040908813, 0.14668792486190796, 0
u,0.8995721340179443, 0.9954392309300601, 0
u,0.45712703466415405, 0.8717469573020935, 0
u,0.456160306930542, 0.8759950250387192, 0
u,0.8869913816452026, 0.5171395242214203, 0
u,0.8913402557373047, 0.5272443294525146, 0
u,0.8913402557373047, 0.15097618103027344, 0
u,0.45197200775146484, 0.8704752922058105, 0
u,0.45712703466415405, 0.8717469573020935, 0
u,0.4571589231491089, 0.8662398159503937, 0
u,0.903912365436554, 0.5289731621742249, 0
u,0.8985754251480103, 0.5272443890571594, 0
u,0.8986138105392456, 0.5966726839542389, 0
u,0.8424678444862366, 0.148861825466156, 0
u,0.8424678444862366, 0.5272442400455475, 0
u,0.8468167185783386, 0.5171540379524231, 0
u,0.45197200775146484, 0.6557774543762207, 0
u,0.45673221349716187, 0.6599753797054291, 0
u,0.45667949318885803, 0.651497095823288, 0
u,0.8869913816452026, 0.14507752656936646, 0
u,0.8913402557373047, 0.14608889818191528, 0
u,0.8913402557373047, 0.07813888788223267, 0
u,0.9283485412597656, 0.5443857908248901, 0
u,0.9239996671676636, 0.5430289506912231, 0
u,0.9239996671676636, 1.000000001235528, 0
u,0.8913402557373047, 0.38228434324264526, 0
u,0.8933407664299011, 0.38228434324264526, 0
u,0.8933407664299011, 0.3665459156036377, 0
u,0.9353891611099243, 0.11126846075057983, 0
u,0.9196507334709167, 0.11126846075057983, 0
u,0.9196507334709167, 0.1164923906326294, 0
u,0.8913401961326599, 0.4495868682861328, 0
u,0.8968590497970581, 0.4495868682861328, 0
u,0.8968590497970581, 0.43384844064712524, 0
u,0.8913401961326599, 0.4827207922935486, 0
u,0.8913401961326599, 0.49845921993255615, 0
u,0.8968656063079834, 0.49845921993255615, 0
u,0.8712529540061951, 0.15055197477340698, 0
u,0.8869913816452026, 0.15055197477340698, 0
u,0.8869913816452026, 0.14507752656936646, 0
u,0.9239996671676636, 0.5393491983413696, 0
u,0.908261239528656, 0.5393491983413696, 0
u,0.908261239528656, 0.5430289506912231, 0
u,0.8913402557373047, 0.39802271127700806, 0
u,0.8913402557373047, 0.4137611389160156, 0
u,0.893693208694458, 0.4137611389160156, 0
u,0.8913401961326599, 0.5071569979190826, 0
u,0.8913401961326599, 0.5228954255580902, 0
u,0.8968656063079834, 0.5228954255580902, 0
u,0.8712529540061951, 0.07914888858795166, 0
u,0.8869913816452026, 0.07914888858795166, 0
u,0.8869913816452026, 0.0736771821975708, 0
u,0.8933480978012085, 0.39802271127700806, 0
u,0.8933480978012085, 0.3822842836380005, 0
u,0.8913401961326599, 0.3822842836380005, 0
u,0.862555205821991, 0.07567393779754639, 0
u,0.8468167781829834, 0.07567393779754639, 0
u,0.8468167781829834, 0.08090782165527344, 0
u,0.8913401961326599, 0.4582846164703369, 0
u,0.8913401961326599, 0.4740230441093445, 0
u,0.8968647718429565, 0.4740230441093445, 0
u,0.903912365436554, 0.5393491685390472, 0
u,0.9196507930755615, 0.5393491685390472, 0
u,0.9196507930755615, 0.5355106592178345, 0
