v,0.0004588343435898423, 0.020843002945184708, 0.010599080473184586
v,-0.0004588328883983195, 0.023819416761398315, 0.010848437435925007
v,-0.0004588330048136413, 0.020843002945184708, 0.010599080473184586
v,-0.0007124047842808068, 0.019927697256207466, -0.009326793253421783
v,-0.0007124054827727377, 0.020823057740926743, 0.010404207743704319
v,-0.0007124054245650768, 0.023774217814207077, 0.010651449672877789
v,0.000458833877928555, 0.015150927007198334, 0.009935534559190273
v,-0.00045883262646384537, 0.01912144012749195, -0.0010996254859492183
v,-0.00045883344137109816, 0.015150927007198334, 0.009935534559190273
v,0.00045883379061706364, 0.01197117194533348, 0.009855817072093487
v,-0.00045883344137109816, 0.014892992563545704, 0.010100601240992546
v,-0.00045883370330557227, 0.01197117194533348, 0.009855817072093487
v,-0.0007124054245650768, 0.010543880984187126, -0.010130491107702255
v,-0.0007124056573957205, 0.009655440226197243, -0.0029185828752815723
v,-0.0007124058320187032, 0.013737950474023819, 0.0064697470515966415
v,-0.0007124056573957205, 0.009655440226197243, -0.0029185828752815723
v,-0.0007124054245650768, 0.010168335400521755, -0.010164295323193073
v,-0.0007124067051336169, 0.0030284798704087734, 0.00886913388967514
v,0.000458834576420486, 0.01011511217802763, -0.010191482491791248
v,-0.0004588342271745205, 0.0029601342976093292, 0.008914873003959656
v,-0.0004588329466059804, 0.01011511217802763, -0.010191482491791248
v,-0.0007124047842808068, 0.019927697256207466, -0.009326793253421783
v,-0.0007124050753191113, 0.01927926391363144, -0.002109364839270711
v,-0.0007124054827727377, 0.020823057740926743, 0.010404207743704319
v,-0.0007124050753191113, 0.01927926391363144, -0.002109364839270711
v,-0.0007124058320187032, 0.013737950474023819, 0.0064697470515966415
v,-0.0007124061230570078, 0.01194232888519764, 0.009660199284553528
v,-0.0007124050753191113, 0.01927926391363144, -0.002109364839270711
v,-0.0007124048424884677, 0.019683513790369034, -0.009345833212137222
v,-0.0007124058320187032, 0.013737950474023819, 0.0064697470515966415
v,-0.0007124058320187032, 0.013737950474023819, 0.0064697470515966415
v,-0.0007124056573957205, 0.009655440226197243, -0.0029185828752815723
v,-0.0007124061230570078, 0.01194232888519764, 0.009660199284553528
v,0.0007124067633412778, 0.009655440226197243, -0.0029185828752815723
v,0.0007124057738110423, 0.006105256266891956, 0.009128603152930737
v,0.0007124056573957205, 0.0030284796375781298, 0.00886913388967514
v,0.0007124074036255479, 0.01927926391363144, -0.0021093643736094236
v,0.0007124064723029733, 0.013737950474023819, 0.0064697470515966415
v,0.0007124075200408697, 0.019683513790369034, -0.009345833212137222
v,0.0007124075782485306, 0.019927697256207466, -0.009326793253421783
v,0.0007124067051336169, 0.020823057740926743, 0.010404207743704319
v,0.0007124074036255479, 0.01927926391363144, -0.0021093643736094236
v,0.0007124074036255479, 0.01927926391363144, -0.0021093643736094236
v,0.0007124063558876514, 0.014953733421862125, 0.009912488050758839
v,0.0007124062394723296, 0.01194232888519764, 0.009660199284553528
v,0.0007124069961719215, 0.010543880984187126, -0.010130491107702255
v,0.0007124064723029733, 0.013737950474023819, 0.0064697470515966415
v,0.0007124067633412778, 0.009655440226197243, -0.0029185828752815723
v,0.0007124067633412778, 0.009655440226197243, -0.0029185828752815723
v,0.0007124056573957205, 0.0030284796375781298, 0.00886913388967514
v,0.0007124069961719215, 0.010168335400521755, -0.010164295323193073
v,0.0007124064723029733, 0.013737950474023819, 0.0064697470515966415
v,0.0007124062394723296, 0.01194232888519764, 0.009660199284553528
v,0.0007124067633412778, 0.009655440226197243, -0.0029185828752815723
v,0.0007124075782485306, 0.019927697256207466, -0.009326793253421783
v,0.0007124074036255479, 0.01927926391363144, -0.0021093643736094236
v,0.0007124075200408697, 0.019683513790369034, -0.009345833212137222
v,0.0007124069961719215, 0.010543880984187126, -0.010130491107702255
v,0.0007124067633412778, 0.009655440226197243, -0.0029185828752815723
v,0.0007124069961719215, 0.010168335400521755, -0.010164295323193073
v,0.0007124075782485306, 0.019927697256207466, -0.009326793253421783
v,0.0007124070543795824, 0.023774217814207077, 0.010651449672877789
v,0.0007124067051336169, 0.020823057740926743, 0.010404207743704319
v,0.0007124074036255479, 0.01927926391363144, -0.0021093643736094236
v,0.0007124062394723296, 0.01194232888519764, 0.009660199284553528
v,0.0007124064723029733, 0.013737950474023819, 0.0064697470515966415
v,0.0004588343435898423, 0.009645270183682442, -0.001893599284812808
v,-0.00045883370330557227, 0.011743989773094654, 0.00965018942952156
v,-0.0004588332085404545, 0.009645270183682442, -0.001893599284812808
v,-0.0007124054245650768, 0.010543880984187126, -0.010130491107702255
v,-0.0007124054245650768, 0.010168335400521755, -0.010164295323193073
v,-0.0007124056573957205, 0.009655440226197243, -0.0029185828752815723
v,-0.0007124056573957205, 0.009655440226197243, -0.0029185828752815723
v,-0.0007124067051336169, 0.0030284798704087734, 0.00886913388967514
v,-0.000712406646925956, 0.006105256732553244, 0.009128603152930737
v,-0.0004588328883983195, 0.010375386103987694, -0.010355696082115173
v,0.0004588345473166555, 0.010375386103987694, -0.010355696082115173
v,-0.0004588328883983195, 0.010375386103987694, -0.010355696082115173
v,0.00045883399434387684, 0.013721399009227753, 0.006022614426910877
v,-0.0004588328883983195, 0.01060456596314907, -0.01015043631196022
v,-0.0004588333540596068, 0.013721399009227753, 0.006022614426910877
v,-0.0007124050753191113, 0.01927926391363144, -0.002109364839270711
v,-0.0007124061230570078, 0.01194232888519764, 0.009660199284553528
v,-0.000712405948434025, 0.014953733421862125, 0.009912488050758839
v,0.00045883486745879054, 0.019210221245884895, -0.0010897230822592974
v,-0.0004588329466059804, 0.020626692101359367, 0.01039181835949421
v,-0.0004588325973600149, 0.019210221245884895, -0.0010897231986746192
v,0.0004588332085404545, 0.0030853257048875093, 0.009111380204558372
v,-0.00045883411075919867, 0.006041452754288912, 0.009359038434922695
v,-0.0004588342271745205, 0.0030853257048875093, 0.009111380204558372
v,-0.0007124047842808068, 0.019927697256207466, -0.009326793253421783
v,-0.0007124048424884677, 0.019683513790369034, -0.009345833212137222
v,-0.0007124050753191113, 0.01927926391363144, -0.002109364839270711
v,0.0004588351002894342, 0.019629791378974915, -0.009394443593919277
v,-0.0004588333540596068, 0.013825668022036552, 0.006031470373272896
v,-0.0004588323354255408, 0.019629791378974915, -0.009394443593919277
v,0.000458834576420486, 0.023975735530257225, 0.010675466619431973
v,-0.00045883230632171035, 0.02011949196457863, -0.009353287518024445
v,-0.000458832859294489, 0.023975735530257225, 0.010675466619431973
v,0.0004588333540596068, 0.006288618315011263, 0.009190474636852741
v,-0.0004588332085404545, 0.009556388482451439, -0.001898370566777885
v,-0.00045883411075919867, 0.006288618315011263, 0.009190474636852741
v,-0.00045883230632171035, 0.019890347495675087, -0.009558552876114845
v,0.0004588351002894342, 0.019890347495675087, -0.009558552876114845
v,-0.0004588323354255408, 0.019890347495675087, -0.009558552876114845
v,-0.0004588342271745205, 0.0030853257048875093, 0.009111380204558372
v,-0.0007124067051336169, 0.0030284798704087734, 0.00886913388967514
v,-0.0004588342271745205, 0.0029601342976093292, 0.008914873003959656
v,-0.00045883411075919867, 0.006288618315011263, 0.009190474636852741
v,-0.000712406646925956, 0.006105256732553244, 0.009128603152930737
v,-0.00045883411075919867, 0.006041452754288912, 0.009359038434922695
v,-0.0004588332085404545, 0.009556388482451439, -0.001898370566777885
v,-0.0004588332085404545, 0.009645270183682442, -0.001893599284812808
v,-0.0007124056573957205, 0.009655440226197243, -0.0029185828752815723
v,-0.00045883370330557227, 0.011743989773094654, 0.00965018942952156
v,-0.00045883370330557227, 0.01197117194533348, 0.009855817072093487
v,-0.0007124061230570078, 0.01194232888519764, 0.009660199284553528
v,-0.00045883344137109816, 0.015150927007198334, 0.009935534559190273
v,-0.000712405948434025, 0.014953733421862125, 0.009912488050758839
v,-0.00045883344137109816, 0.014892992563545704, 0.010100601240992546
v,-0.00045883262646384537, 0.01912144012749195, -0.0010996254859492183
v,-0.0004588325973600149, 0.019210221245884895, -0.0010897231986746192
v,-0.0007124050753191113, 0.01927926391363144, -0.002109364839270711
v,-0.0004588329466059804, 0.020626692101359367, 0.01039181835949421
v,-0.0004588330048136413, 0.020843002945184708, 0.010599080473184586
v,-0.0007124054827727377, 0.020823057740926743, 0.010404207743704319
v,-0.0004588328883983195, 0.023819416761398315, 0.010848437435925007
v,-0.000458832859294489, 0.023975735530257225, 0.010675466619431973
v,-0.0007124054245650768, 0.023774217814207077, 0.010651449672877789
v,-0.00045883230632171035, 0.02011949196457863, -0.009353287518024445
v,-0.00045883230632171035, 0.019890347495675087, -0.009558552876114845
v,-0.0007124047842808068, 0.019927697256207466, -0.009326793253421783
v,-0.0004588323354255408, 0.019890347495675087, -0.009558552876114845
v,-0.0004588323354255408, 0.019629791378974915, -0.009394443593919277
v,-0.0007124048424884677, 0.019683513790369034, -0.009345833212137222
v,-0.0004588333540596068, 0.013721399009227753, 0.006022614426910877
v,-0.0007124058320187032, 0.013737950474023819, 0.0064697470515966415
v,-0.0004588333540596068, 0.013825668022036552, 0.006031470373272896
v,-0.0004588328883983195, 0.01060456596314907, -0.01015043631196022
v,-0.0004588328883983195, 0.010375386103987694, -0.010355696082115173
v,-0.0007124054245650768, 0.010543880984187126, -0.010130491107702255
v,-0.0004588328883983195, 0.010375386103987694, -0.010355696082115173
v,-0.0004588329466059804, 0.01011511217802763, -0.010191482491791248
v,-0.0007124054245650768, 0.010168335400521755, -0.010164295323193073
v,0.0004588332085404545, 0.0030853257048875093, 0.009111380204558372
v,0.0004588332667481154, 0.0029601342976093292, 0.008914873003959656
v,0.0007124056573957205, 0.0030284796375781298, 0.00886913388967514
v,0.0004588333540596068, 0.006288618315011263, 0.009190474636852741
v,0.00045883332495577633, 0.006041452754288912, 0.009359038434922695
v,0.0007124057738110423, 0.006105256266891956, 0.009128603152930737
v,0.0004588342853821814, 0.009556388482451439, -0.001898370566777885
v,0.0007124067633412778, 0.009655440226197243, -0.0029185828752815723
v,0.0004588343435898423, 0.009645270183682442, -0.001893599284812808
v,0.00045883379061706364, 0.011743989773094654, 0.009650190360844135
v,0.0007124062394723296, 0.01194232888519764, 0.009660199284553528
v,0.00045883379061706364, 0.01197117194533348, 0.009855817072093487
v,0.000458833877928555, 0.015150927007198334, 0.009935534559190273
v,0.0004588339361362159, 0.014892992563545704, 0.010100601240992546
v,0.0007124063558876514, 0.014953733421862125, 0.009912488050758839
v,0.0004588348383549601, 0.01912144012749195, -0.00109962560236454
v,0.0007124074036255479, 0.01927926391363144, -0.0021093643736094236
v,0.00045883486745879054, 0.019210221245884895, -0.0010897230822592974
v,0.0004588342853821814, 0.020626692101359367, 0.01039181835949421
v,0.0007124067051336169, 0.020823057740926743, 0.010404207743704319
v,0.0004588343435898423, 0.020843002945184708, 0.010599080473184586
v,0.00045883460552431643, 0.023819416761398315, 0.010848437435925007
v,0.0007124070543795824, 0.023774217814207077, 0.010651449672877789
v,0.000458834576420486, 0.023975735530257225, 0.010675466619431973
v,0.0004588351002894342, 0.02011949196457863, -0.009353287518024445
v,0.0007124075782485306, 0.019927697256207466, -0.009326793253421783
v,0.0004588351002894342, 0.019890347495675087, -0.009558552876114845
v,0.0004588351002894342, 0.019890347495675087, -0.009558552876114845
v,0.0007124075200408697, 0.019683513790369034, -0.009345833212137222
v,0.0004588351002894342, 0.019629791378974915, -0.009394443593919277
v,0.00045883399434387684, 0.013721399009227753, 0.006022614426910877
v,0.00045883399434387684, 0.013825668022036552, 0.006031470373272896
v,0.0007124064723029733, 0.013737950474023819, 0.0064697470515966415
v,0.0004588345473166555, 0.01060456596314907, -0.01015043631196022
v,0.0007124069961719215, 0.010543880984187126, -0.010130491107702255
v,0.0004588345473166555, 0.010375386103987694, -0.010355696082115173
v,0.0004588345473166555, 0.010375386103987694, -0.010355696082115173
v,0.0007124069961719215, 0.010168335400521755, -0.010164295323193073
v,0.000458834576420486, 0.01011511217802763, -0.010191482491791248
v,-0.000712406646925956, 0.006105256732553244, 0.009128603152930737
v,-0.0004588332085404545, 0.009556388482451439, -0.001898370566777885
v,-0.0007124056573957205, 0.009655440226197243, -0.0029185828752815723
v,-0.0004588332085404545, 0.009645270183682442, -0.001893599284812808
v,-0.0007124061230570078, 0.01194232888519764, 0.009660199284553528
v,-0.0007124056573957205, 0.009655440226197243, -0.0029185828752815723
v,-0.000712405948434025, 0.014953733421862125, 0.009912488050758839
v,-0.00045883262646384537, 0.01912144012749195, -0.0010996254859492183
v,-0.0007124050753191113, 0.01927926391363144, -0.002109364839270711
v,-0.0004588325973600149, 0.019210221245884895, -0.0010897231986746192
v,-0.0007124054827727377, 0.020823057740926743, 0.010404207743704319
v,-0.0007124050753191113, 0.01927926391363144, -0.002109364839270711
v,-0.0004588330048136413, 0.020843002945184708, 0.010599080473184586
v,-0.0007124054245650768, 0.023774217814207077, 0.010651449672877789
v,-0.0007124054827727377, 0.020823057740926743, 0.010404207743704319
v,-0.0007124054245650768, 0.023774217814207077, 0.010651449672877789
v,-0.00045883230632171035, 0.02011949196457863, -0.009353287518024445
v,-0.0007124047842808068, 0.019927697256207466, -0.009326793253421783
v,-0.0004588333540596068, 0.013721399009227753, 0.006022614426910877
v,-0.0007124054245650768, 0.010543880984187126, -0.010130491107702255
v,-0.0007124058320187032, 0.013737950474023819, 0.0064697470515966415
v,-0.0007124047842808068, 0.019927697256207466, -0.009326793253421783
v,-0.0004588323354255408, 0.019890347495675087, -0.009558552876114845
v,-0.0007124048424884677, 0.019683513790369034, -0.009345833212137222
v,-0.0004588342271745205, 0.0030853257048875093, 0.009111380204558372
v,-0.000712406646925956, 0.006105256732553244, 0.009128603152930737
v,-0.0007124067051336169, 0.0030284798704087734, 0.00886913388967514
v,-0.0007124048424884677, 0.019683513790369034, -0.009345833212137222
v,-0.0004588333540596068, 0.013825668022036552, 0.006031470373272896
v,-0.0007124058320187032, 0.013737950474023819, 0.0064697470515966415
v,-0.0007124054245650768, 0.010543880984187126, -0.010130491107702255
v,-0.0004588328883983195, 0.010375386103987694, -0.010355696082115173
v,-0.0007124054245650768, 0.010168335400521755, -0.010164295323193073
v,-0.00045883370330557227, 0.01197117194533348, 0.009855817072093487
v,-0.000712405948434025, 0.014953733421862125, 0.009912488050758839
v,-0.0007124061230570078, 0.01194232888519764, 0.009660199284553528
v,-0.0007124067051336169, 0.0030284798704087734, 0.00886913388967514
v,-0.0004588329466059804, 0.01011511217802763, -0.010191482491791248
v,-0.0004588342271745205, 0.0029601342976093292, 0.008914873003959656
v,0.0007124057738110423, 0.006105256266891956, 0.009128603152930737
v,0.0004588342853821814, 0.009556388482451439, -0.001898370566777885
v,0.0004588333540596068, 0.006288618315011263, 0.009190474636852741
v,0.0004588343435898423, 0.009645270183682442, -0.001893599284812808
v,0.0007124062394723296, 0.01194232888519764, 0.009660199284553528
v,0.00045883379061706364, 0.011743989773094654, 0.009650190360844135
v,0.0007124063558876514, 0.014953733421862125, 0.009912488050758839
v,0.0004588348383549601, 0.01912144012749195, -0.00109962560236454
v,0.000458833877928555, 0.015150927007198334, 0.009935534559190273
v,0.00045883486745879054, 0.019210221245884895, -0.0010897230822592974
v,0.0007124067051336169, 0.020823057740926743, 0.010404207743704319
v,0.0004588342853821814, 0.020626692101359367, 0.01039181835949421
v,0.0004588343435898423, 0.020843002945184708, 0.010599080473184586
v,0.0007124070543795824, 0.023774217814207077, 0.010651449672877789
v,0.00045883460552431643, 0.023819416761398315, 0.010848437435925007
v,0.0007124070543795824, 0.023774217814207077, 0.010651449672877789
v,0.0004588351002894342, 0.02011949196457863, -0.009353287518024445
v,0.000458834576420486, 0.023975735530257225, 0.010675466619431973
v,0.00045883399434387684, 0.013721399009227753, 0.006022614426910877
v,0.0007124069961719215, 0.010543880984187126, -0.010130491107702255
v,0.0004588345473166555, 0.01060456596314907, -0.01015043631196022
v,0.0004588351002894342, 0.019890347495675087, -0.009558552876114845
v,0.0007124075200408697, 0.019683513790369034, -0.009345833212137222
v,0.0004588351002894342, 0.019890347495675087, -0.009558552876114845
v,0.0004588332085404545, 0.0030853257048875093, 0.009111380204558372
v,0.0007124057738110423, 0.006105256266891956, 0.009128603152930737
v,0.00045883332495577633, 0.006041452754288912, 0.009359038434922695
v,0.0007124075200408697, 0.019683513790369034, -0.009345833212137222
v,0.00045883399434387684, 0.013825668022036552, 0.006031470373272896
v,0.0004588351002894342, 0.019629791378974915, -0.009394443593919277
v,0.0004588345473166555, 0.010375386103987694, -0.010355696082115173
v,0.0007124069961719215, 0.010168335400521755, -0.010164295323193073
v,0.0004588345473166555, 0.010375386103987694, -0.010355696082115173
v,0.00045883379061706364, 0.01197117194533348, 0.009855817072093487
v,0.0007124063558876514, 0.014953733421862125, 0.009912488050758839
v,0.0004588339361362159, 0.014892992563545704, 0.010100601240992546
v,0.0007124056573957205, 0.0030284796375781298, 0.00886913388967514
v,0.000458834576420486, 0.01011511217802763, -0.010191482491791248
v,0.0007124069961719215, 0.010168335400521755, -0.010164295323193073
v,-0.0004588332085404545, 0.009645270183682442, -0.001893599284812808
v,0.0004588342853821814, 0.009556388482451439, -0.001898370566777885
v,0.0004588343435898423, 0.009645270183682442, -0.001893599284812808
v,0.0004588333540596068, 0.006288618315011263, 0.009190474636852741
v,-0.00045883411075919867, 0.006041452754288912, 0.009359038434922695
v,0.00045883332495577633, 0.006041452754288912, 0.009359038434922695
v,-0.0004588329466059804, 0.01011511217802763, -0.010191482491791248
v,0.0004588345473166555, 0.010375386103987694, -0.010355696082115173
v,0.000458834576420486, 0.01011511217802763, -0.010191482491791248
v,0.0004588345473166555, 0.010375386103987694, -0.010355696082115173
v,-0.0004588328883983195, 0.01060456596314907, -0.01015043631196022
v,0.0004588345473166555, 0.01060456596314907, -0.01015043631196022
v,-0.00045883370330557227, 0.011743989773094654, 0.00965018942952156
v,0.00045883379061706364, 0.01197117194533348, 0.009855817072093487
v,-0.00045883370330557227, 0.01197117194533348, 0.009855817072093487
v,0.0004588332085404545, 0.0030853257048875093, 0.009111380204558372
v,-0.0004588342271745205, 0.0029601342976093292, 0.008914873003959656
v,0.0004588332667481154, 0.0029601342976093292, 0.008914873003959656
v,0.00045883399434387684, 0.013721399009227753, 0.006022614426910877
v,-0.0004588333540596068, 0.013825668022036552, 0.006031470373272896
v,0.00045883399434387684, 0.013825668022036552, 0.006031470373272896
v,0.0004588351002894342, 0.019629791378974915, -0.009394443593919277
v,-0.0004588323354255408, 0.019890347495675087, -0.009558552876114845
v,0.0004588351002894342, 0.019890347495675087, -0.009558552876114845
v,-0.00045883344137109816, 0.014892992563545704, 0.010100601240992546
v,0.000458833877928555, 0.015150927007198334, 0.009935534559190273
v,-0.00045883344137109816, 0.015150927007198334, 0.009935534559190273
v,-0.00045883262646384537, 0.01912144012749195, -0.0010996254859492183
v,0.00045883486745879054, 0.019210221245884895, -0.0010897230822592974
v,-0.0004588325973600149, 0.019210221245884895, -0.0010897231986746192
v,-0.0004588329466059804, 0.020626692101359367, 0.01039181835949421
v,0.0004588343435898423, 0.020843002945184708, 0.010599080473184586
v,-0.0004588330048136413, 0.020843002945184708, 0.010599080473184586
v,0.0004588351002894342, 0.019890347495675087, -0.009558552876114845
v,-0.00045883230632171035, 0.02011949196457863, -0.009353287518024445
v,0.0004588351002894342, 0.02011949196457863, -0.009353287518024445
v,-0.0004588328883983195, 0.023819416761398315, 0.010848437435925007
v,0.000458834576420486, 0.023975735530257225, 0.010675466619431973
v,-0.000458832859294489, 0.023975735530257225, 0.010675466619431973
v,0.0004588343435898423, 0.020843002945184708, 0.010599080473184586
v,0.00045883460552431643, 0.023819416761398315, 0.010848437435925007
v,-0.0004588328883983195, 0.023819416761398315, 0.010848437435925007
v,0.000458833877928555, 0.015150927007198334, 0.009935534559190273
v,0.0004588348383549601, 0.01912144012749195, -0.00109962560236454
v,-0.00045883262646384537, 0.01912144012749195, -0.0010996254859492183
v,0.00045883379061706364, 0.01197117194533348, 0.009855817072093487
v,0.0004588339361362159, 0.014892992563545704, 0.010100601240992546
v,-0.00045883344137109816, 0.014892992563545704, 0.010100601240992546
v,0.000458834576420486, 0.01011511217802763, -0.010191482491791248
v,0.0004588332667481154, 0.0029601342976093292, 0.008914873003959656
v,-0.0004588342271745205, 0.0029601342976093292, 0.008914873003959656
v,0.0004588343435898423, 0.009645270183682442, -0.001893599284812808
v,0.00045883379061706364, 0.011743989773094654, 0.009650190360844135
v,-0.00045883370330557227, 0.011743989773094654, 0.00965018942952156
v,-0.0004588328883983195, 0.010375386103987694, -0.010355696082115173
v,0.0004588345473166555, 0.010375386103987694, -0.010355696082115173
v,0.0004588345473166555, 0.010375386103987694, -0.010355696082115173
v,0.00045883399434387684, 0.013721399009227753, 0.006022614426910877
v,0.0004588345473166555, 0.01060456596314907, -0.01015043631196022
v,-0.0004588328883983195, 0.01060456596314907, -0.01015043631196022
v,0.00045883486745879054, 0.019210221245884895, -0.0010897230822592974
v,0.0004588342853821814, 0.020626692101359367, 0.01039181835949421
v,-0.0004588329466059804, 0.020626692101359367, 0.01039181835949421
v,0.0004588332085404545, 0.0030853257048875093, 0.009111380204558372
v,0.00045883332495577633, 0.006041452754288912, 0.009359038434922695
v,-0.00045883411075919867, 0.006041452754288912, 0.009359038434922695
v,0.0004588351002894342, 0.019629791378974915, -0.009394443593919277
v,0.00045883399434387684, 0.013825668022036552, 0.006031470373272896
v,-0.0004588333540596068, 0.013825668022036552, 0.006031470373272896
v,0.000458834576420486, 0.023975735530257225, 0.010675466619431973
v,0.0004588351002894342, 0.02011949196457863, -0.009353287518024445
v,-0.00045883230632171035, 0.02011949196457863, -0.009353287518024445
v,0.0004588333540596068, 0.006288618315011263, 0.009190474636852741
v,0.0004588342853821814, 0.009556388482451439, -0.001898370566777885
v,-0.0004588332085404545, 0.009556388482451439, -0.001898370566777885
v,-0.00045883230632171035, 0.019890347495675087, -0.009558552876114845
v,0.0004588351002894342, 0.019890347495675087, -0.009558552876114845
v,0.0004588351002894342, 0.019890347495675087, -0.009558552876114845
v,-0.000712406646925956, 0.006105256732553244, 0.009128603152930737
v,-0.00045883411075919867, 0.006288618315011263, 0.009190474636852741
v,-0.0004588332085404545, 0.009556388482451439, -0.001898370566777885
v,-0.0004588332085404545, 0.009645270183682442, -0.001893599284812808
v,-0.00045883370330557227, 0.011743989773094654, 0.00965018942952156
v,-0.0007124061230570078, 0.01194232888519764, 0.009660199284553528
v,-0.000712405948434025, 0.014953733421862125, 0.009912488050758839
v,-0.00045883344137109816, 0.015150927007198334, 0.009935534559190273
v,-0.00045883262646384537, 0.01912144012749195, -0.0010996254859492183
v,-0.0004588325973600149, 0.019210221245884895, -0.0010897231986746192
v,-0.0004588329466059804, 0.020626692101359367, 0.01039181835949421
v,-0.0007124054827727377, 0.020823057740926743, 0.010404207743704319
v,-0.0004588330048136413, 0.020843002945184708, 0.010599080473184586
v,-0.0004588328883983195, 0.023819416761398315, 0.010848437435925007
v,-0.0007124054245650768, 0.023774217814207077, 0.010651449672877789
v,-0.0007124054245650768, 0.023774217814207077, 0.010651449672877789
v,-0.000458832859294489, 0.023975735530257225, 0.010675466619431973
v,-0.00045883230632171035, 0.02011949196457863, -0.009353287518024445
v,-0.0004588333540596068, 0.013721399009227753, 0.006022614426910877
v,-0.0004588328883983195, 0.01060456596314907, -0.01015043631196022
v,-0.0007124054245650768, 0.010543880984187126, -0.010130491107702255
v,-0.0007124047842808068, 0.019927697256207466, -0.009326793253421783
v,-0.00045883230632171035, 0.019890347495675087, -0.009558552876114845
v,-0.0004588323354255408, 0.019890347495675087, -0.009558552876114845
v,-0.0004588342271745205, 0.0030853257048875093, 0.009111380204558372
v,-0.00045883411075919867, 0.006041452754288912, 0.009359038434922695
v,-0.000712406646925956, 0.006105256732553244, 0.009128603152930737
v,-0.0007124048424884677, 0.019683513790369034, -0.009345833212137222
v,-0.0004588323354255408, 0.019629791378974915, -0.009394443593919277
v,-0.0004588333540596068, 0.013825668022036552, 0.006031470373272896
v,-0.0007124054245650768, 0.010543880984187126, -0.010130491107702255
v,-0.0004588328883983195, 0.010375386103987694, -0.010355696082115173
v,-0.0004588328883983195, 0.010375386103987694, -0.010355696082115173
v,-0.00045883370330557227, 0.01197117194533348, 0.009855817072093487
v,-0.00045883344137109816, 0.014892992563545704, 0.010100601240992546
v,-0.000712405948434025, 0.014953733421862125, 0.009912488050758839
v,-0.0007124067051336169, 0.0030284798704087734, 0.00886913388967514
v,-0.0007124054245650768, 0.010168335400521755, -0.010164295323193073
v,-0.0004588329466059804, 0.01011511217802763, -0.010191482491791248
v,0.0007124057738110423, 0.006105256266891956, 0.009128603152930737
v,0.0007124067633412778, 0.009655440226197243, -0.0029185828752815723
v,0.0004588342853821814, 0.009556388482451439, -0.001898370566777885
v,0.0004588343435898423, 0.009645270183682442, -0.001893599284812808
v,0.0007124067633412778, 0.009655440226197243, -0.0029185828752815723
v,0.0007124062394723296, 0.01194232888519764, 0.009660199284553528
v,0.0007124063558876514, 0.014953733421862125, 0.009912488050758839
v,0.0007124074036255479, 0.01927926391363144, -0.0021093643736094236
v,0.0004588348383549601, 0.01912144012749195, -0.00109962560236454
v,0.00045883486745879054, 0.019210221245884895, -0.0010897230822592974
v,0.0007124074036255479, 0.01927926391363144, -0.0021093643736094236
v,0.0007124067051336169, 0.020823057740926743, 0.010404207743704319
v,0.0004588343435898423, 0.020843002945184708, 0.010599080473184586
v,0.0007124067051336169, 0.020823057740926743, 0.010404207743704319
v,0.0007124070543795824, 0.023774217814207077, 0.010651449672877789
v,0.0007124070543795824, 0.023774217814207077, 0.010651449672877789
v,0.0007124075782485306, 0.019927697256207466, -0.009326793253421783
v,0.0004588351002894342, 0.02011949196457863, -0.009353287518024445
v,0.00045883399434387684, 0.013721399009227753, 0.006022614426910877
v,0.0007124064723029733, 0.013737950474023819, 0.0064697470515966415
v,0.0007124069961719215, 0.010543880984187126, -0.010130491107702255
v,0.0004588351002894342, 0.019890347495675087, -0.009558552876114845
v,0.0007124075782485306, 0.019927697256207466, -0.009326793253421783
v,0.0007124075200408697, 0.019683513790369034, -0.009345833212137222
v,0.0004588332085404545, 0.0030853257048875093, 0.009111380204558372
v,0.0007124056573957205, 0.0030284796375781298, 0.00886913388967514
v,0.0007124057738110423, 0.006105256266891956, 0.009128603152930737
v,0.0007124075200408697, 0.019683513790369034, -0.009345833212137222
v,0.0007124064723029733, 0.013737950474023819, 0.0064697470515966415
v,0.00045883399434387684, 0.013825668022036552, 0.006031470373272896
v,0.0004588345473166555, 0.010375386103987694, -0.010355696082115173
v,0.0007124069961719215, 0.010543880984187126, -0.010130491107702255
v,0.0007124069961719215, 0.010168335400521755, -0.010164295323193073
v,0.00045883379061706364, 0.01197117194533348, 0.009855817072093487
v,0.0007124062394723296, 0.01194232888519764, 0.009660199284553528
v,0.0007124063558876514, 0.014953733421862125, 0.009912488050758839
v,0.0007124056573957205, 0.0030284796375781298, 0.00886913388967514
v,0.0004588332667481154, 0.0029601342976093292, 0.008914873003959656
v,0.000458834576420486, 0.01011511217802763, -0.010191482491791248
v,-0.0004588332085404545, 0.009645270183682442, -0.001893599284812808
v,-0.0004588332085404545, 0.009556388482451439, -0.001898370566777885
v,0.0004588342853821814, 0.009556388482451439, -0.001898370566777885
v,0.0004588333540596068, 0.006288618315011263, 0.009190474636852741
v,-0.00045883411075919867, 0.006288618315011263, 0.009190474636852741
v,-0.00045883411075919867, 0.006041452754288912, 0.009359038434922695
v,-0.0004588329466059804, 0.01011511217802763, -0.010191482491791248
v,-0.0004588328883983195, 0.010375386103987694, -0.010355696082115173
v,0.0004588345473166555, 0.010375386103987694, -0.010355696082115173
v,0.0004588345473166555, 0.010375386103987694, -0.010355696082115173
v,-0.0004588328883983195, 0.010375386103987694, -0.010355696082115173
v,-0.0004588328883983195, 0.01060456596314907, -0.01015043631196022
v,-0.00045883370330557227, 0.011743989773094654, 0.00965018942952156
v,0.00045883379061706364, 0.011743989773094654, 0.009650190360844135
v,0.00045883379061706364, 0.01197117194533348, 0.009855817072093487
v,0.0004588332085404545, 0.0030853257048875093, 0.009111380204558372
v,-0.0004588342271745205, 0.0030853257048875093, 0.009111380204558372
v,-0.0004588342271745205, 0.0029601342976093292, 0.008914873003959656
v,0.00045883399434387684, 0.013721399009227753, 0.006022614426910877
v,-0.0004588333540596068, 0.013721399009227753, 0.006022614426910877
v,-0.0004588333540596068, 0.013825668022036552, 0.006031470373272896
v,0.0004588351002894342, 0.019629791378974915, -0.009394443593919277
v,-0.0004588323354255408, 0.019629791378974915, -0.009394443593919277
v,-0.0004588323354255408, 0.019890347495675087, -0.009558552876114845
v,-0.00045883344137109816, 0.014892992563545704, 0.010100601240992546
v,0.0004588339361362159, 0.014892992563545704, 0.010100601240992546
v,0.000458833877928555, 0.015150927007198334, 0.009935534559190273
v,-0.00045883262646384537, 0.01912144012749195, -0.0010996254859492183
v,0.0004588348383549601, 0.01912144012749195, -0.00109962560236454
v,0.00045883486745879054, 0.019210221245884895, -0.0010897230822592974
v,-0.0004588329466059804, 0.020626692101359367, 0.01039181835949421
v,0.0004588342853821814, 0.020626692101359367, 0.01039181835949421
v,0.0004588343435898423, 0.020843002945184708, 0.010599080473184586
v,0.0004588351002894342, 0.019890347495675087, -0.009558552876114845
v,-0.00045883230632171035, 0.019890347495675087, -0.009558552876114845
v,-0.00045883230632171035, 0.02011949196457863, -0.009353287518024445
v,-0.0004588328883983195, 0.023819416761398315, 0.010848437435925007
v,0.00045883460552431643, 0.023819416761398315, 0.010848437435925007
v,0.000458834576420486, 0.023975735530257225, 0.010675466619431973
n,-1.6285769106616499e-06, -2.8707873821258545, 34.26666259765625
n,-26.108505249023438, 5.870728614354448e-07, -9.189805041387444e-07
n,1.0209373613179196e-06, 32.218475341796875, 11.592392921447754
n,-1.6285769106616499e-06, -2.8707873821258545, 34.26666259765625
n,-26.108505249023438, 3.108712007815484e-07, -7.347388759626483e-07
n,-26.108505249023438, 3.2474483759870054e-06, -4.807719733435079e-07
n,-9.956328312910045e-07, -32.06683349609375, -12.008437156677246
n,-26.108505249023438, 7.242279025376774e-07, -9.252043469132332e-07
n,-26.108505249023438, -5.63692537980387e-07, -2.7342516659700777e-06
n,-26.108505249023438, 2.4086725716188084e-06, -8.143779837155307e-07
n,-26.108505249023438, 1.8217033357359469e-06, -1.3917234582550009e-06
n,26.108505249023438, -1.2874058938905364e-06, 1.740708171382721e-06
n,26.108505249023438, -3.580829115890083e-06, 4.915009412798099e-07
n,26.108505249023438, 2.5805838959058747e-06, 9.640414191380842e-07
n,26.108505249023438, -1.2869181773567107e-06, 1.7388731521350564e-06
n,26.108505249023438, 4.0018872482505685e-07, 8.223349254876666e-07
n,26.108505249023438, -3.569006821635412e-06, 4.5801019155078393e-07
n,26.108505249023438, -8.387854677494033e-07, 1.3611022495751968e-06
n,26.108505249023438, -1.196548510051798e-06, 6.246937687137688e-07
n,26.108505249023438, -1.1905302699233289e-06, 6.263729801503359e-07
n,26.108505249023438, -2.5036461011040956e-06, 1.1947552138735773e-06
n,26.108505249023438, -1.1687704500218388e-05, -4.744791567645734e-06
n,-1.8622915831656428e-06, -33.68842697143555, 6.124727249145508
n,-26.108505249023438, 1.1905302699233289e-06, -6.263729801503359e-07
n,-26.108505249023438, 6.96697441071592e-07, -1.914783979373169e-06
n,0.0, 0.0, 0.0
n,1.8746466139418771e-06, 33.62281036376953, -6.479711532592773
n,-26.108505249023438, 1.8621479966896004e-06, -1.2220256166983745e-06
n,-1.7918662251759088e-06, -33.97903060913086, 4.191971778869629
n,-1.6285769106616499e-06, -2.8707873821258545, 34.26666259765625
n,-26.108505249023438, 1.216532268699666e-06, -8.809744258542196e-07
n,-9.925749964168062e-07, -32.048213958740234, -12.058395385742188
n,1.8744422050076537e-06, 33.623931884765625, -6.473797798156738
n,1.1337840533087729e-06, 32.84015655517578, 9.67765998840332
n,0.0, 0.0, 0.0
n,-10.228604316711426, -26.60586929321289, 16.950149536132812
n,-16.317962646484375, 15.096684455871582, 22.1363468170166
n,-25.658967971801758, -0.340576171875, 6.344438076019287
n,-14.25452995300293, -19.300214767456055, 21.323301315307617
n,-14.256731986999512, 15.501784324645996, 24.223167419433594
n,-25.656352996826172, -0.7063244581222534, 6.3325934410095215
n,-14.350912094116211, -19.838003158569336, 20.70414161682129
n,-16.997716903686523, 19.308809280395508, 17.44995880126953
n,-15.875420570373535, 18.184770584106445, -20.300188064575195
n,-8.881612777709961, -17.204519271850586, -27.315811157226562
n,-23.95457649230957, 1.1574978828430176, -13.627681732177734
n,-7.202006816864014, 22.01477813720703, -24.58033561706543
n,-6.7231364250183105, -17.700437545776367, -28.054777145385742
n,10.22860336303711, -26.60586929321289, 16.950149536132812
n,16.317964553833008, 15.096681594848633, 22.13634490966797
n,25.658967971801758, -0.3405957818031311, 6.344438076019287
n,14.254528045654297, -19.300214767456055, 21.32330322265625
n,14.256732940673828, 15.501782417297363, 24.223163604736328
n,25.656354904174805, -0.7063424587249756, 6.3325958251953125
n,14.350910186767578, -19.838003158569336, 20.70413589477539
n,16.99772071838379, 19.30881118774414, 17.449954986572266
n,15.875426292419434, 18.184768676757812, -20.300188064575195
n,8.881612777709961, -17.204519271850586, -27.315811157226562
n,23.95457649230957, 1.1574968099594116, -13.627679824829102
n,7.202012062072754, 22.01477813720703, -24.580333709716797
n,6.723139762878418, -17.700437545776367, -28.054777145385742
n,-18.461484909057617, 23.221515655517578, 6.843145370483398
n,-18.461463928222656, -23.82136344909668, 4.33084774017334
n,-18.461589813232422, 22.781797409057617, 8.197019577026367
n,-18.46141815185547, -24.026912689208984, 2.964186429977417
n,-18.461515426635742, -2.029951572418213, 24.230175018310547
n,-18.461496353149414, 23.775714874267578, -4.577670574188232
n,-8.688454627990723, 31.70821189880371, -6.101011276245117
n,-19.953540802001953, 1.7239960432052612, -22.1093807220459
n,-20.251449584960938, -1.8237686157226562, 21.626235961914062
n,-9.124363899230957, -30.030609130859375, -11.289432525634766
n,-19.210798263549805, 2.0876212120056152, -23.19264030456543
n,-18.461515426635742, -2.0299508571624756, 24.230175018310547
n,-6.286406993865967, -31.123414993286133, -11.655147552490234
n,18.46152687072754, 23.22146224975586, 6.8431315422058105
n,18.461538314819336, -23.82126808166504, 4.330828666687012
n,18.4615478515625, 22.78184700012207, 8.197041511535645
n,18.461450576782227, -24.02686882019043, 2.9641804695129395
n,18.46151351928711, -2.0299532413482666, 24.23017120361328
n,18.461387634277344, 23.775856018066406, -4.577692985534668
n,8.130785942077637, 31.950796127319336, -6.1574835777282715
n,0.0, 0.0, 0.0
n,20.194673538208008, -1.8195291757583618, 21.718486785888672
n,8.594372749328613, -30.262086868286133, -11.386350631713867
n,0.0, 0.0, 0.0
n,18.46151351928711, -2.0299527645111084, 24.230173110961914
n,7.6652512550354, -30.647260665893555, -11.49645709991455
n,-1.582981894898694e-06, -1.8432596921920776, 34.337127685546875
n,-3.1928942689773976e-07, 19.339344024658203, 28.35738182067871
n,3.9712034549665987e-07, -18.318195343017578, -29.033906936645508
n,2.1986288629705086e-06, 22.903409957885742, -25.572526931762695
n,-2.1996677332936088e-06, -23.036699295043945, 25.451452255249023
n,-2.1720270524383523e-06, -28.917476654052734, 18.422834396362305
n,1.6303002894346719e-06, 2.910234212875366, -34.263336181640625
n,3.988116077380255e-07, -18.295673370361328, -29.048248291015625
n,-3.8311935668389197e-07, 18.504114151000977, 28.914621353149414
n,-1.6691354858267005e-06, -3.8117778301239014, 34.17466354370117
n,-2.204237034675316e-06, -23.747116088867188, 24.7839298248291
n,2.1986477349855704e-06, 22.905776977539062, -25.57038688659668
n,2.0338609374448424e-07, 25.43838882446289, 22.989444732666016
n,-1.6285769106616499e-06, -2.8707873821258545, 34.26666259765625
n,3.1133790798776317e-06, 32.218475341796875, 11.592392921447754
n,-1.6285769106616499e-06, -2.8707873821258545, 34.26666259765625
n,-9.956328312910045e-07, -32.06683349609375, -12.008437156677246
n,-1.8622915831656428e-06, -33.68842697143555, 6.124727249145508
n,0.0, 0.0, 0.0
n,1.8746466139418771e-06, 33.62281036376953, -6.479711532592773
n,-1.7918662251759088e-06, -33.97903060913086, 4.191971778869629
n,-1.6285769106616499e-06, -2.8707873821258545, 34.26666259765625
n,-9.925749964168062e-07, -32.048213958740234, -12.058395385742188
n,1.8744422050076537e-06, 33.623931884765625, -6.473797798156738
n,1.1337839396219351e-06, 32.84015655517578, 9.677660942077637
n,0.0, 0.0, 0.0
n,-18.461523056030273, 23.22146987915039, 6.843130111694336
n,-18.461536407470703, -23.82126808166504, 4.330827236175537
n,-18.4615535736084, 22.78183937072754, 8.197036743164062
n,-18.46145248413086, -24.026870727539062, 2.964179515838623
n,-18.461511611938477, -2.0299510955810547, 24.23017692565918
n,-18.461389541625977, 23.77585220336914, -4.577693939208984
n,-8.130780220031738, 31.950794219970703, -6.157485485076904
n,1.8382212374490337e-06, 33.80299758911133, -5.447563171386719
n,-20.19467544555664, -1.8195276260375977, 21.71849250793457
n,-8.594401359558105, -30.26207160949707, -11.386345863342285
n,0.0, 0.0, 0.0
n,-18.46151351928711, -2.0299506187438965, 24.230175018310547
n,-7.665250778198242, -30.64726448059082, -11.4964599609375
n,18.46148681640625, 23.221511840820312, 6.843147277832031
n,18.46146583557129, -23.82135772705078, 4.330848693847656
n,18.46158218383789, 22.781801223754883, 8.197023391723633
n,18.461414337158203, -24.026914596557617, 2.9641880989074707
n,18.46151351928711, -2.0299532413482666, 24.23017120361328
n,18.46150016784668, 23.775712966918945, -4.577669143676758
n,8.688447952270508, 31.708215713500977, -6.101011276245117
n,19.95354461669922, 1.7239946126937866, -22.109378814697266
n,20.251447677612305, -1.8237704038619995, 21.626239776611328
n,9.124361991882324, -30.030609130859375, -11.289432525634766
n,19.210805892944336, 2.087618827819824, -23.19263458251953
n,18.46151351928711, -2.0299525260925293, 24.23017120361328
n,6.286371231079102, -31.123430252075195, -11.655150413513184
n,-1.5829817812118563e-06, -1.843259572982788, 34.337127685546875
n,-3.1928942689773976e-07, 19.339344024658203, 28.35738182067871
n,3.9712034549665987e-07, -18.31819725036621, -29.033910751342773
n,2.1986288629705086e-06, 22.903409957885742, -25.572526931762695
n,-2.1996677332936088e-06, -23.036699295043945, 25.451452255249023
n,-2.1720270524383523e-06, -28.917476654052734, 18.422834396362305
n,1.6303002894346719e-06, 2.910234212875366, -34.263336181640625
n,3.988116077380255e-07, -18.295673370361328, -29.048248291015625
n,-3.8311935668389197e-07, 18.504114151000977, 28.914621353149414
n,6.446804491133662e-06, -3.8118605613708496, 34.174652099609375
n,-2.2042368073016405e-06, -23.747112274169922, 24.7839298248291
n,2.1986477349855704e-06, 22.905776977539062, -25.57038688659668
n,2.0338609374448424e-07, 25.43838882446289, 22.989444732666016
u,0.8468167781829834, 0.08090782165527344, 0
u,0.862555205821991, 0.14806824922561646, 0
u,0.862555205821991, 0.08090782165527344, 0
u,0.005186581052839756, 0.6554973721504211, 0
u,0.4476318061351776, 0.5983957946300507, 0
u,0.4476317763328552, 0.5318050980567932, 0
u,0.9685231447219849, 0.20198041200637817, 0
u,0.9842615127563477, 0.449468731880188, 0
u,0.9842615127563477, 0.20198041200637817, 0
u,0.8869913816452026, 0.14507752656936646, 0
u,0.8712529540061951, 0.07914888858795166, 0
u,0.8712529540061951, 0.14507752656936646, 0
u,0.004791734274476767, 0.8672689646482468, 0
u,0.1688031405210495, 0.8736379444599152, 0
u,0.37243035435676575, 0.7645373791456223, 0
u,0.1688031405210495, 0.8736379444599152, 0
u,0.00473904050886631, 0.8757472634315491, 0
u,0.44663506746292114, 1.000000017676797, 0
u,0.9239996671676636, 1.000000001235528, 0
u,0.908261239528656, 0.5430289506912231, 0
u,0.908261239528656, 1.0000000005475798, 0
u,0.005186581052839756, 0.6554973721504211, 0
u,0.16886962950229645, 0.6564781367778778, 0
u,0.4476318061351776, 0.5983957946300507, 0
u,0.16886962950229645, 0.6564781367778778, 0
u,0.37243035435676575, 0.7645373791456223, 0
u,0.4476318061351776, 0.7987826764583588, 0
u,0.16886962950229645, 0.6564781367778778, 0
u,0.0052184900268912315, 0.661004513502121, 0
u,0.37243035435676575, 0.7645373791456223, 0
u,0.37243035435676575, 0.7645373791456223, 0
u,0.1688031405210495, 0.8736379444599152, 0
u,0.4476318061351776, 0.7987826764583588, 0
u,0.6207435727119446, 0.6536064147949219, 0
u,0.8986138105392456, 0.5966726839542389, 0
u,0.8985754251480103, 0.5272443890571594, 0
u,0.6208100914955139, 0.8707661777734756, 0
u,0.8243707418441772, 0.7627069652080536, 0
u,0.4571589231491089, 0.8662398159503937, 0
u,0.45712703466415405, 0.8717469573020935, 0
u,0.8995721936225891, 0.9288485124707222, 0
u,0.6208100914955139, 0.8707661777734756, 0
u,0.6208100914955139, 0.8707661777734756, 0
u,0.8995721936225891, 0.7964117377996445, 0
u,0.8995721936225891, 0.7284616827964783, 0
u,0.45673221349716187, 0.6599753797054291, 0
u,0.8243707418441772, 0.7627069652080536, 0
u,0.6207435727119446, 0.6536064147949219, 0
u,0.6207435727119446, 0.6536064147949219, 0
u,0.8985754251480103, 0.5272443890571594, 0
u,0.45667949318885803, 0.651497095823288, 0
u,0.8243707418441772, 0.7627069652080536, 0
u,0.8995721936225891, 0.7284616827964783, 0
u,0.6207435727119446, 0.6536064147949219, 0
u,0.45712703466415405, 0.8717469573020935, 0
u,0.6208100914955139, 0.8707661777734756, 0
u,0.4571589231491089, 0.8662398159503937, 0
u,0.45673221349716187, 0.6599753797054291, 0
u,0.6207435727119446, 0.6536064147949219, 0
u,0.45667949318885803, 0.651497095823288, 0
u,0.45712703466415405, 0.8717469573020935, 0
u,0.8995721340179443, 0.9954392309300601, 0
u,0.8995721936225891, 0.9288485124707222, 0
u,0.6208100914955139, 0.8707661777734756, 0
u,0.8995721936225891, 0.7284616827964783, 0
u,0.8243707418441772, 0.7627069652080536, 0
u,1.0, 0.7547284215688705, 0
u,0.9842615723609924, 0.5115889608860016, 0
u,0.9842615723609924, 0.7547284215688705, 0
u,0.004791734274476767, 0.8672689646482468, 0
u,0.00473904050886631, 0.8757472634315491, 0
u,0.1688031405210495, 0.8736379444599152, 0
u,0.1688031405210495, 0.8736379444599152, 0
u,0.44663506746292114, 1.000000017676797, 0
u,0.44667336344718933, 0.9305716827511787, 0
u,0.45197200775146484, 0.5272442996501923, 0
u,0.45197200775146484, 0.5272442996501923, 0
u,0.45197200775146484, 0.5272442996501923, 0
u,0.8869913816452026, 0.5171395242214203, 0
u,0.8712529540061951, 0.15055203437805176, 0
u,0.8712529540061951, 0.5171395242214203, 0
u,0.16886962950229645, 0.6564781367778778, 0
u,0.4476318061351776, 0.7987826764583588, 0
u,0.4476318061351776, 0.7308326065540314, 0
u,1.0, 1.0000000045576076, 0
u,0.9842615723609924, 0.7547284066677094, 0
u,0.9842615723609924, 1.0000000038696593, 0
u,0.9353891611099243, 0.1831951141357422, 0
u,0.9196507334709167, 0.1164923906326294, 0
u,0.9196507334709167, 0.1831951141357422, 0
u,0.005186581052839756, 0.6554973721504211, 0
u,0.0052184900268912315, 0.661004513502121, 0
u,0.16886962950229645, 0.6564781367778778, 0
u,0.8468167185783386, 0.14806830883026123, 0
u,0.8625551462173462, 0.5171540379524231, 0
u,0.8625551462173462, 0.14806830883026123, 0
u,0.9196507930755615, 0.5355106592178345, 0
u,0.9039124250411987, 0.08152920007705688, 0
u,0.903912365436554, 0.5355106592178345, 0
u,0.9842615723609924, 0.6984739303588867, 0
u,0.9685232043266296, 0.44946879148483276, 0
u,0.9685231447219849, 0.6984739303588867, 0
u,3.153664874844253e-05, 0.6567690372467041, 0
u,-4.758810678850978e-09, 0.6567680239677429, 0
u,3.153664874844253e-05, 0.6567690372467041, 0
u,0.908261239528656, 0.5393491983413696, 0
u,0.903912365436554, 0.5443857908248901, 0
u,0.908261239528656, 0.5430289506912231, 0
u,0.4477115869522095, 0.9263466820120811, 0
u,0.44667336344718933, 0.9305716827511787, 0
u,0.45197197794914246, 0.93156848102808, 0
u,0.1919456124305725, 0.873941957950592, 0
u,0.19188539683818817, 0.8719414323568344, 0
u,0.1688031405210495, 0.8736379444599152, 0
u,0.8712529540061951, 0.15055197477340698, 0
u,0.8712529540061951, 0.14507752656936646, 0
u,0.866904079914093, 0.14608889818191528, 0
u,0.8712529540061951, 0.0736771821975708, 0
u,0.866904079914093, 0.07813888788223267, 0
u,0.8712529540061951, 0.07914888858795166, 0
u,0.19188719987869263, 0.6581186950206757, 0
u,0.19194267690181732, 0.6561108231544495, 0
u,0.16886962950229645, 0.6564781367778778, 0
u,0.862555205821991, 0.07567393779754639, 0
u,0.862555205821991, 0.08090782165527344, 0
u,0.866904079914093, 0.08009719848632812, 0
u,0.45197194814682007, 0.5304223001003265, 0
u,0.4477836489677429, 0.5272443294525146, 0
u,0.4476317763328552, 0.5318050980567932, 0
u,0.8968647718429565, 0.4740230441093445, 0
u,0.8913401961326599, 0.4740230441093445, 0
u,0.8926181197166443, 0.47837191820144653, 0
u,0.8968656063079834, 0.5228954255580902, 0
u,0.8913401961326599, 0.5228954255580902, 0
u,0.8926364183425903, 0.5272442996501923, 0
u,0.8913401961326599, 0.35643112659454346, 0
u,0.8913401961326599, 0.36654597520828247, 0
u,0.8936759233474731, 0.3567153215408325, 0
u,0.8968656063079834, 0.49845921993255615, 0
u,0.8913401961326599, 0.49845921993255615, 0
u,0.8955439329147339, 0.5028081238269806, 0
u,0.8968590497970581, 0.4495868682861328, 0
u,0.8913401961326599, 0.4495868682861328, 0
u,0.8925843834877014, 0.45393574237823486, 0
u,0.9239996671676636, 0.5393491983413696, 0
u,0.9239996671676636, 0.5430289506912231, 0
u,0.9283485412597656, 0.5443857908248901, 0
u,0.8996520042419434, 0.6008976995944977, 0
u,0.903912365436554, 0.5956758856773376, 0
u,0.8986138105392456, 0.5966726839542389, 0
u,0.6438860297203064, 0.653302401304245, 0
u,0.6207435727119446, 0.6536064147949219, 0
u,0.6438258290290833, 0.6553029119968414, 0
u,0.8869913816452026, 0.15055197477340698, 0
u,0.8913402557373047, 0.14608889818191528, 0
u,0.8869913816452026, 0.14507752656936646, 0
u,0.8869913816452026, 0.0736771821975708, 0
u,0.8869913816452026, 0.07914888858795166, 0
u,0.8913402557373047, 0.07813888788223267, 0
u,0.6438276171684265, 0.8691256195306778, 0
u,0.6208100914955139, 0.8707661777734756, 0
u,0.6438831090927124, 0.8711335062980652, 0
u,0.8468167781829834, 0.07567393779754639, 0
u,0.8424679040908813, 0.08009719848632812, 0
u,0.8468167781829834, 0.08090782165527344, 0
u,0.9039123058319092, 0.9968220391310751, 0
u,0.8995721340179443, 0.9954392309300601, 0
u,0.8997240662574768, 0.9999999992141229, 0
u,0.8968647718429565, 0.4582846164703369, 0
u,0.8926181197166443, 0.45393574237823486, 0
u,0.8913401961326599, 0.4582846164703369, 0
u,0.8968656063079834, 0.5071569979190826, 0
u,0.8926364183425903, 0.5028081238269806, 0
u,0.8913401961326599, 0.5071569979190826, 0
u,0.8913401961326599, 0.3561675548553467, 0
u,0.8936783671379089, 0.3564310073852539, 0
u,0.8936783671379089, 0.34632670879364014, 0
u,0.8968656063079834, 0.4827207922935486, 0
u,0.8955439329147339, 0.47837191820144653, 0
u,0.8913401961326599, 0.4827207922935486, 0
u,0.8968590497970581, 0.43384844064712524, 0
u,0.8925843834877014, 0.4294995665550232, 0
u,0.8913401961326599, 0.43384844064712524, 0
u,0.44667336344718933, 0.9305716827511787, 0
u,0.1919456124305725, 0.873941957950592, 0
u,0.1688031405210495, 0.8736379444599152, 0
u,0.19188539683818817, 0.8719414323568344, 0
u,0.4476318061351776, 0.7987826764583588, 0
u,0.1688031405210495, 0.8736379444599152, 0
u,0.4476318061351776, 0.7308326065540314, 0
u,0.19188719987869263, 0.6581186950206757, 0
u,0.16886962950229645, 0.6564781367778778, 0
u,0.19194267690181732, 0.6561108231544495, 0
u,0.4476318061351776, 0.5983957946300507, 0
u,0.16886962950229645, 0.6564781367778778, 0
u,0.862555205821991, 0.08090782165527344, 0
u,0.866904079914093, 0.14668792486190796, 0
u,0.866904079914093, 0.08009719848632812, 0
u,0.4476317763328552, 0.5318050980567932, 0
u,0.004219834227114916, 0.6512492895126343, 0
u,0.005186581052839756, 0.6554973721504211, 0
u,0.8712529540061951, 0.5171395242214203, 0
u,0.866904079914093, 0.15097618103027344, 0
u,0.866904079914093, 0.5272443294525146, 0
u,0.005186581052839756, 0.6554973721504211, 0
u,3.153664874844253e-05, 0.6567690372467041, 0
u,0.0052184900268912315, 0.661004513502121, 0
u,0.45197197794914246, 0.9982712436467409, 0
u,0.44667336344718933, 0.9305716827511787, 0
u,0.44663506746292114, 1.000000017676797, 0
u,0.8669040203094482, 0.148861825466156, 0
u,0.8625551462173462, 0.5171540379524231, 0
u,0.8669040203094482, 0.5272442400455475, 0
u,0.004791734274476767, 0.8672689646482468, 0
u,3.154719161102548e-05, 0.8714668899774551, 0
u,0.00473904050886631, 0.8757472634315491, 0
u,0.8712529540061951, 0.14507752656936646, 0
u,0.866904079914093, 0.07813888788223267, 0
u,0.866904079914093, 0.14608889818191528, 0
u,0.903912365436554, 0.5443857908248901, 0
u,0.908261239528656, 1.0000000005475798, 0
u,0.908261239528656, 0.5430289506912231, 0
u,0.8986138105392456, 0.5966726839542389, 0
u,0.6438860297203064, 0.653302401304245, 0
u,0.8996520042419434, 0.6008976995944977, 0
u,0.6438258290290833, 0.6553029119968414, 0
u,0.8995721936225891, 0.7284616827964783, 0
u,0.8997122049331665, 0.7239989936351776, 0
u,0.8995721936225891, 0.7964117377996445, 0
u,0.6438276171684265, 0.8691256195306778, 0
u,0.8997103571891785, 0.8008737862110138, 0
u,0.6438831090927124, 0.8711335062980652, 0
u,0.8995721936225891, 0.9288485124707222, 0
u,0.8996549248695374, 0.9244255945086479, 0
u,0.8468167781829834, 0.08090782165527344, 0
u,0.8424679040908813, 0.14668792486190796, 0
u,0.8468167781829834, 0.14806824922561646, 0
u,0.8995721340179443, 0.9954392309300601, 0
u,0.456160306930542, 0.8759950250387192, 0
u,0.8997240662574768, 0.9999999992141229, 0
u,0.8869913816452026, 0.5171395242214203, 0
u,0.8913402557373047, 0.15097618103027344, 0
u,0.8869913816452026, 0.15055203437805176, 0
u,0.45197200775146484, 0.8704752922058105, 0
u,0.4571589231491089, 0.8662398159503937, 0
u,0.45197200775146484, 0.8704752922058105, 0
u,0.903912365436554, 0.5289731621742249, 0
u,0.8986138105392456, 0.5966726839542389, 0
u,0.903912365436554, 0.5956758856773376, 0
u,0.8424678444862366, 0.148861825466156, 0
u,0.8468167185783386, 0.5171540379524231, 0
u,0.8468167185783386, 0.14806830883026123, 0
u,0.45197200775146484, 0.6557774543762207, 0
u,0.45667949318885803, 0.651497095823288, 0
u,0.45197200775146484, 0.6557774543762207, 0
u,0.8869913816452026, 0.14507752656936646, 0
u,0.8913402557373047, 0.07813888788223267, 0
u,0.8869913816452026, 0.07914888858795166, 0
u,0.9283485412597656, 0.5443857908248901, 0
u,0.9239996671676636, 1.000000001235528, 0
u,0.9283485412597656, 0.9996751424914692, 0
u,0.8913402557373047, 0.38228434324264526, 0
u,0.8933407664299011, 0.3665459156036377, 0
u,0.8913402557373047, 0.3665459156036377, 0
u,0.9353891611099243, 0.11126846075057983, 0
u,0.9196507334709167, 0.1164923906326294, 0
u,0.9353891611099243, 0.1164923906326294, 0
u,0.8913401961326599, 0.4495868682861328, 0
u,0.8968590497970581, 0.43384844064712524, 0
u,0.8913401961326599, 0.43384844064712524, 0
u,0.8913401961326599, 0.4827207922935486, 0
u,0.8968656063079834, 0.49845921993255615, 0
u,0.8968656063079834, 0.4827207922935486, 0
u,0.8712529540061951, 0.15055197477340698, 0
u,0.8869913816452026, 0.14507752656936646, 0
u,0.8712529540061951, 0.14507752656936646, 0
u,0.9239996671676636, 0.5393491983413696, 0
u,0.908261239528656, 0.5430289506912231, 0
u,0.9239996671676636, 0.5430289506912231, 0
u,0.8913402557373047, 0.39802271127700806, 0
u,0.893693208694458, 0.4137611389160156, 0
u,0.893693208694458, 0.39802271127700806, 0
u,0.8913401961326599, 0.5071569979190826, 0
u,0.8968656063079834, 0.5228954255580902, 0
u,0.8968656063079834, 0.5071569979190826, 0
u,0.8712529540061951, 0.07914888858795166, 0
u,0.8869913816452026, 0.0736771821975708, 0
u,0.8712529540061951, 0.0736771821975708, 0
u,0.8933480978012085, 0.39802271127700806, 0
u,0.8913401961326599, 0.3822842836380005, 0
u,0.8913401961326599, 0.39802271127700806, 0
u,0.862555205821991, 0.07567393779754639, 0
u,0.8468167781829834, 0.08090782165527344, 0
u,0.862555205821991, 0.08090782165527344, 0
u,0.8913401961326599, 0.4582846164703369, 0
u,0.8968647718429565, 0.4740230441093445, 0
u,0.8968647718429565, 0.4582846164703369, 0
u,0.903912365436554, 0.5393491685390472, 0
u,0.9196507930755615, 0.5355106592178345, 0
u,0.903912365436554, 0.5355106592178345, 0
u,0.8468167781829834, 0.08090782165527344, 0
u,0.8468167781829834, 0.14806824922561646, 0
u,0.862555205821991, 0.14806824922561646, 0
u,0.9685231447219849, 0.20198041200637817, 0
u,0.9685231447219849, 0.44946879148483276, 0
u,0.9842615127563477, 0.449468731880188, 0
u,0.8869913816452026, 0.14507752656936646, 0
u,0.8869913816452026, 0.07914888858795166, 0
u,0.8712529540061951, 0.07914888858795166, 0
u,0.9239996671676636, 1.000000001235528, 0
u,0.9239996671676636, 0.5430289506912231, 0
u,0.908261239528656, 0.5430289506912231, 0
u,1.0, 0.7547284215688705, 0
u,1.0, 0.5115889608860016, 0
u,0.9842615723609924, 0.5115889608860016, 0
u,0.45197200775146484, 0.5272442996501923, 0
u,0.45197200775146484, 0.5272442996501923, 0
u,0.45197200775146484, 0.5272442996501923, 0
u,0.8869913816452026, 0.5171395242214203, 0
u,0.8869913816452026, 0.15055203437805176, 0
u,0.8712529540061951, 0.15055203437805176, 0
u,1.0, 1.0000000045576076, 0
u,1.0, 0.7547284066677094, 0
u,0.9842615723609924, 0.7547284066677094, 0
u,0.9353891611099243, 0.1831951141357422, 0
u,0.9353891611099243, 0.1164923906326294, 0
u,0.9196507334709167, 0.1164923906326294, 0
u,0.8468167185783386, 0.14806830883026123, 0
u,0.8468167185783386, 0.5171540379524231, 0
u,0.8625551462173462, 0.5171540379524231, 0
u,0.9196507930755615, 0.5355106592178345, 0
u,0.9196507930755615, 0.08152920007705688, 0
u,0.9039124250411987, 0.08152920007705688, 0
u,0.9842615723609924, 0.6984739303588867, 0
u,0.9842615723609924, 0.44946879148483276, 0
u,0.9685232043266296, 0.44946879148483276, 0
u,3.153664874844253e-05, 0.6567690372467041, 0
u,-4.758810678850978e-09, 0.6567680239677429, 0
u,-4.758810678850978e-09, 0.6567680239677429, 0
u,0.44667336344718933, 0.9305716827511787, 0
u,0.4477115869522095, 0.9263466820120811, 0
u,0.1919456124305725, 0.873941957950592, 0
u,0.19188539683818817, 0.8719414323568344, 0
u,0.447771817445755, 0.8032453656196594, 0
u,0.4476318061351776, 0.7987826764583588, 0
u,0.4476318061351776, 0.7308326065540314, 0
u,0.44776999950408936, 0.7263705730438232, 0
u,0.19188719987869263, 0.6581186950206757, 0
u,0.19194267690181732, 0.6561108231544495, 0
u,0.44771450757980347, 0.6028187274932861, 0
u,0.4476318061351776, 0.5983957946300507, 0
u,0.862555205821991, 0.08090782165527344, 0
u,0.862555205821991, 0.14806824922561646, 0
u,0.866904079914093, 0.14668792486190796, 0
u,0.4476317763328552, 0.5318050980567932, 0
u,0.4477836489677429, 0.5272443294525146, 0
u,0.004219834227114916, 0.6512492895126343, 0
u,0.8712529540061951, 0.5171395242214203, 0
u,0.8712529540061951, 0.15055203437805176, 0
u,0.866904079914093, 0.15097618103027344, 0
u,0.005186581052839756, 0.6554973721504211, 0
u,3.153664874844253e-05, 0.6567690372467041, 0
u,3.153664874844253e-05, 0.6567690372467041, 0
u,0.45197197794914246, 0.9982712436467409, 0
u,0.45197197794914246, 0.93156848102808, 0
u,0.44667336344718933, 0.9305716827511787, 0
u,0.8669040203094482, 0.148861825466156, 0
u,0.8625551462173462, 0.14806830883026123, 0
u,0.8625551462173462, 0.5171540379524231, 0
u,0.004791734274476767, 0.8672689646482468, 0
u,3.154719161102548e-05, 0.8714668899774551, 0
u,3.154719161102548e-05, 0.8714668899774551, 0
u,0.8712529540061951, 0.14507752656936646, 0
u,0.8712529540061951, 0.07914888858795166, 0
u,0.866904079914093, 0.07813888788223267, 0
u,0.903912365436554, 0.5443857908248901, 0
u,0.903912365436554, 0.9996751414146274, 0
u,0.908261239528656, 1.0000000005475798, 0
u,0.8986138105392456, 0.5966726839542389, 0
u,0.6207435727119446, 0.6536064147949219, 0
u,0.6438860297203064, 0.653302401304245, 0
u,0.6438258290290833, 0.6553029119968414, 0
u,0.6207435727119446, 0.6536064147949219, 0
u,0.8995721936225891, 0.7284616827964783, 0
u,0.8995721936225891, 0.7964117377996445, 0
u,0.6208100914955139, 0.8707661777734756, 0
u,0.6438276171684265, 0.8691256195306778, 0
u,0.6438831090927124, 0.8711335062980652, 0
u,0.6208100914955139, 0.8707661777734756, 0
u,0.8995721936225891, 0.9288485124707222, 0
u,0.8468167781829834, 0.08090782165527344, 0
u,0.8424679040908813, 0.08009719848632812, 0
u,0.8424679040908813, 0.14668792486190796, 0
u,0.8995721340179443, 0.9954392309300601, 0
u,0.45712703466415405, 0.8717469573020935, 0
u,0.456160306930542, 0.8759950250387192, 0
u,0.8869913816452026, 0.5171395242214203, 0
u,0.8913402557373047, 0.5272443294525146, 0
u,0.8913402557373047, 0.15097618103027344, 0
u,0.45197200775146484, 0.8704752922058105, 0
u,0.45712703466415405, 0.8717469573020935, 0
u,0.4571589231491089, 0.8662398159503937, 0
u,0.903912365436554, 0.5289731621742249, 0
u,0.8985754251480103, 0.5272443890571594, 0
u,0.8986138105392456, 0.5966726839542389, 0
u,0.8424678444862366, 0.148861825466156, 0
u,0.8424678444862366, 0.5272442400455475, 0
u,0.8468167185783386, 0.5171540379524231, 0
u,0.45197200775146484, 0.6557774543762207, 0
u,0.45673221349716187, 0.6599753797054291, 0
u,0.45667949318885803, 0.651497095823288, 0
u,0.8869913816452026, 0.14507752656936646, 0
u,0.8913402557373047, 0.14608889818191528, 0
u,0.8913402557373047, 0.07813888788223267, 0
u,0.9283485412597656, 0.5443857908248901, 0
u,0.9239996671676636, 0.5430289506912231, 0
u,0.9239996671676636, 1.000000001235528, 0
u,0.8913402557373047, 0.38228434324264526, 0
u,0.8933407664299011, 0.38228434324264526, 0
u,0.8933407664299011, 0.3665459156036377, 0
u,0.9353891611099243, 0.11126846075057983, 0
u,0.9196507334709167, 0.11126846075057983, 0
u,0.9196507334709167, 0.1164923906326294, 0
u,0.8913401961326599, 0.4495868682861328, 0
u,0.8968590497970581, 0.4495868682861328, 0
u,0.8968590497970581, 0.43384844064712524, 0
u,0.8913401961326599, 0.4827207922935486, 0
u,0.8913401961326599, 0.49845921993255615, 0
u,0.8968656063079834, 0.49845921993255615, 0
u,0.8712529540061951, 0.15055197477340698, 0
u,0.8869913816452026, 0.15055197477340698, 0
u,0.8869913816452026, 0.14507752656936646, 0
u,0.9239996671676636, 0.5393491983413696, 0
u,0.908261239528656, 0.5393491983413696, 0
u,0.908261239528656, 0.5430289506912231, 0
u,0.8913402557373047, 0.39802271127700806, 0
u,0.8913402557373047, 0.4137611389160156, 0
u,0.893693208694458, 0.4137611389160156, 0
u,0.8913401961326599, 0.5071569979190826, 0
u,0.8913401961326599, 0.5228954255580902, 0
u,0.8968656063079834, 0.5228954255580902, 0
u,0.8712529540061951, 0.07914888858795166, 0
u,0.8869913816452026, 0.07914888858795166, 0
u,0.8869913816452026, 0.0736771821975708, 0
u,0.8933480978012085, 0.39802271127700806, 0
u,0.8933480978012085, 0.3822842836380005, 0
u,0.8913401961326599, 0.3822842836380005, 0
u,0.862555205821991, 0.07567393779754639, 0
u,0.8468167781829834, 0.07567393779754639, 0
u,0.8468167781829834, 0.08090782165527344, 0
u,0.8913401961326599, 0.4582846164703369, 0
u,0.8913401961326599, 0.4740230441093445, 0
u,0.8968647718429565, 0.4740230441093445, 0
u,0.903912365436554, 0.5393491685390472, 0
u,0.9196507930755615, 0.5393491685390472, 0
u,0.9196507930755615, 0.5355106592178345, 0
