v,0.0004588343435898423, 0.020934367552399635, 0.011934880167245865
v,-0.0004588328883983195, 0.023913195356726646, 0.01215349417179823
v,-0.0004588330048136413, 0.020934367552399635, 0.011934880167245865
v,-0.0007124048424884677, 0.01981338858604431, -0.00798048172146082
v,-0.0007124054245650768, 0.0209124106913805, 0.011740222573280334
v,-0.0007124054245650768, 0.023865967988967896, 0.01195698231458664
v,0.00045883390703238547, 0.01523574348539114, 0.0113301370292902
v,-0.00045883262646384537, 0.01909211464226246, 0.00025457164156250656
v,-0.0004588334122672677, 0.01523574348539114, 0.0113301370292902
v,0.0004588338197208941, 0.012055335566401482, 0.011283252388238907
v,-0.00045883344137109816, 0.014979527331888676, 0.011497857049107552
v,-0.0004588336742017418, 0.012055335566401482, 0.011283252388238907
v,-0.0007124054245650768, 0.010421774350106716, -0.008687254972755909
v,-0.0007124056573957205, 0.009607839398086071, -0.001466558431275189
v,-0.0007124058320187032, 0.013787060976028442, 0.007879122160375118
v,-0.0007124056573957205, 0.009607839398086071, -0.001466558431275189
v,-0.0007124054245650768, 0.010045899078249931, -0.008717179298400879
v,-0.0007124067051336169, 0.0031029332894831896, 0.010388948954641819
v,0.000458834576420486, 0.00999239832162857, -0.008743816055357456
v,-0.0004588342271745205, 0.0030350626911967993, 0.010435392148792744
v,-0.0004588329466059804, 0.00999239832162857, -0.008743816055357456
v,-0.0007124048424884677, 0.01981338858604431, -0.00798048172146082
v,-0.0007124050753191113, 0.019239505752921104, -0.0007567433640360832
v,-0.0007124054245650768, 0.0209124106913805, 0.011740222573280334
v,-0.0007124050753191113, 0.019239505752921104, -0.0007567433640360832
v,-0.0007124058320187032, 0.013787060976028442, 0.007879122160375118
v,-0.0007124061230570078, 0.012024473398923874, 0.011087941937148571
v,-0.0007124050753191113, 0.019239505752921104, -0.0007567433640360832
v,-0.0007124048424884677, 0.019569022580981255, -0.0079969996586442
v,-0.0007124058320187032, 0.013787060976028442, 0.007879122160375118
v,-0.0007124058320187032, 0.013787060976028442, 0.007879122160375118
v,-0.0007124056573957205, 0.009607839398086071, -0.001466558431275189
v,-0.0007124061230570078, 0.012024473398923874, 0.011087941937148571
v,0.0007124067633412778, 0.009607839398086071, -0.001466558314859867
v,0.0007124058320187032, 0.006182224024087191, 0.010616638697683811
v,0.0007124056573957205, 0.0031029332894831896, 0.010388948954641819
v,0.0007124074036255479, 0.019239505752921104, -0.0007567433058284223
v,0.0007124064723029733, 0.013787060976028442, 0.007879122160375118
v,0.0007124075200408697, 0.019569022580981255, -0.0079969996586442
v,0.0007124075200408697, 0.01981338858604431, -0.00798048172146082
v,0.0007124067633412778, 0.0209124106913805, 0.011740222573280334
v,0.0007124074036255479, 0.019239505752921104, -0.0007567433058284223
v,0.0007124074036255479, 0.019239505752921104, -0.0007567433058284223
v,0.0007124063558876514, 0.015038322657346725, 0.011309126392006874
v,0.0007124062394723296, 0.012024473398923874, 0.011087941937148571
v,0.0007124069961719215, 0.010421774350106716, -0.008687254972755909
v,0.0007124064723029733, 0.013787060976028442, 0.007879122160375118
v,0.0007124067633412778, 0.009607839398086071, -0.001466558314859867
v,0.0007124067633412778, 0.009607839398086071, -0.001466558314859867
v,0.0007124056573957205, 0.0031029332894831896, 0.010388948954641819
v,0.0007124069961719215, 0.010045899078249931, -0.008717179298400879
v,0.0007124064723029733, 0.013787060976028442, 0.007879122160375118
v,0.0007124062394723296, 0.012024473398923874, 0.011087941937148571
v,0.0007124067633412778, 0.009607839398086071, -0.001466558314859867
v,0.0007124075200408697, 0.01981338858604431, -0.00798048172146082
v,0.0007124074036255479, 0.019239505752921104, -0.0007567433058284223
v,0.0007124075200408697, 0.019569022580981255, -0.0079969996586442
v,0.0007124069961719215, 0.010421774350106716, -0.008687254972755909
v,0.0007124067633412778, 0.009607839398086071, -0.001466558314859867
v,0.0007124069961719215, 0.010045899078249931, -0.008717179298400879
v,0.0007124075200408697, 0.01981338858604431, -0.00798048172146082
v,0.0007124070543795824, 0.023865967988967896, 0.01195698231458664
v,0.0007124067633412778, 0.0209124106913805, 0.011740222573280334
v,0.0007124074036255479, 0.019239505752921104, -0.0007567433058284223
v,0.0007124062394723296, 0.012024473398923874, 0.011087941937148571
v,0.0007124064723029733, 0.013787060976028442, 0.007879122160375118
v,0.0004588343435898423, 0.009608251973986626, -0.0004415246658027172
v,-0.00045883370330557227, 0.011826042085886002, 0.011079980991780758
v,-0.0004588332085404545, 0.009608251973986626, -0.0004415247240103781
v,-0.0007124054245650768, 0.010421774350106716, -0.008687254972755909
v,-0.0007124054245650768, 0.010045899078249931, -0.008717179298400879
v,-0.0007124056573957205, 0.009607839398086071, -0.001466558431275189
v,-0.0007124056573957205, 0.009607839398086071, -0.001466558431275189
v,-0.0007124067051336169, 0.0031029332894831896, 0.010388948954641819
v,-0.0007124065887182951, 0.006182224024087191, 0.010616638697683811
v,-0.0004588328883983195, 0.01025096420198679, -0.008910708129405975
v,0.0004588345473166555, 0.01025096420198679, -0.008910708129405975
v,-0.0004588328883983195, 0.01025096420198679, -0.008910708129405975
v,0.00045883399434387684, 0.013765893876552582, 0.007432184182107449
v,-0.0004588328883983195, 0.010482249781489372, -0.00870782695710659
v,-0.0004588333540596068, 0.013765893876552582, 0.007432183716446161
v,-0.0007124050753191113, 0.019239505752921104, -0.0007567433640360832
v,-0.0007124061230570078, 0.012024473398923874, 0.011087941937148571
v,-0.000712405948434025, 0.015038322657346725, 0.011309126392006874
v,0.00045883486745879054, 0.019180992618203163, 0.0002635569544509053
v,-0.0004588329466059804, 0.020715927705168724, 0.011729861609637737
v,-0.0004588325973600149, 0.019180992618203163, 0.0002635568962432444
v,0.0004588332085404545, 0.003162276465445757, 0.010630595497786999
v,-0.0004588340816553682, 0.0061208028346300125, 0.010847720317542553
v,-0.0004588342271745205, 0.003162276465445757, 0.010630595497786999
v,-0.0007124048424884677, 0.01981338858604431, -0.00798048172146082
v,-0.0007124048424884677, 0.019569022580981255, -0.0079969996586442
v,-0.0007124050753191113, 0.019239505752921104, -0.0007567433640360832
v,0.00045883507118560374, 0.019514799118041992, -0.008045054040849209
v,-0.0004588333540596068, 0.013870248571038246, 0.007439963053911924
v,-0.00045883236452937126, 0.019514799118041992, -0.008045054040849209
v,0.000458834576420486, 0.024067722260951996, 0.011978917755186558
v,-0.00045883230632171035, 0.02000489830970764, -0.008008954115211964
v,-0.000458832859294489, 0.024067722260951996, 0.011978917755186558
v,0.0004588333540596068, 0.00636621518060565, 0.010676614008843899
v,-0.0004588332085404545, 0.009519325569272041, -0.0004453779256436974
v,-0.00045883411075919867, 0.00636621518060565, 0.010676614008843899
v,-0.00045883230632171035, 0.01977364905178547, -0.00821184366941452
v,0.0004588351002894342, 0.01977364905178547, -0.00821184366941452
v,-0.0004588323354255408, 0.01977364905178547, -0.00821184366941452
v,-0.0004588342271745205, 0.003162276465445757, 0.010630595497786999
v,-0.0007124067051336169, 0.0031029332894831896, 0.010388948954641819
v,-0.0004588342271745205, 0.0030350626911967993, 0.010435392148792744
v,-0.00045883411075919867, 0.00636621518060565, 0.010676614008843899
v,-0.0007124065887182951, 0.006182224024087191, 0.010616638697683811
v,-0.0004588340816553682, 0.0061208028346300125, 0.010847720317542553
v,-0.0004588332085404545, 0.009519325569272041, -0.0004453779256436974
v,-0.0004588332085404545, 0.009608251973986626, -0.0004415247240103781
v,-0.0007124056573957205, 0.009607839398086071, -0.001466558431275189
v,-0.00045883370330557227, 0.011826042085886002, 0.011079980991780758
v,-0.0004588336742017418, 0.012055335566401482, 0.011283252388238907
v,-0.0007124061230570078, 0.012024473398923874, 0.011087941937148571
v,-0.0004588334122672677, 0.01523574348539114, 0.0113301370292902
v,-0.000712405948434025, 0.015038322657346725, 0.011309126392006874
v,-0.00045883344137109816, 0.014979527331888676, 0.011497857049107552
v,-0.00045883262646384537, 0.01909211464226246, 0.00025457164156250656
v,-0.0004588325973600149, 0.019180992618203163, 0.0002635568962432444
v,-0.0007124050753191113, 0.019239505752921104, -0.0007567433640360832
v,-0.0004588329466059804, 0.020715927705168724, 0.011729861609637737
v,-0.0004588330048136413, 0.020934367552399635, 0.011934880167245865
v,-0.0007124054245650768, 0.0209124106913805, 0.011740222573280334
v,-0.0004588328883983195, 0.023913195356726646, 0.01215349417179823
v,-0.000458832859294489, 0.024067722260951996, 0.011978917755186558
v,-0.0007124054245650768, 0.023865967988967896, 0.01195698231458664
v,-0.00045883230632171035, 0.02000489830970764, -0.008008954115211964
v,-0.00045883230632171035, 0.01977364905178547, -0.00821184366941452
v,-0.0007124048424884677, 0.01981338858604431, -0.00798048172146082
v,-0.0004588323354255408, 0.01977364905178547, -0.00821184366941452
v,-0.00045883236452937126, 0.019514799118041992, -0.008045054040849209
v,-0.0007124048424884677, 0.019569022580981255, -0.0079969996586442
v,-0.0004588333540596068, 0.013765893876552582, 0.007432183716446161
v,-0.0007124058320187032, 0.013787060976028442, 0.007879122160375118
v,-0.0004588333540596068, 0.013870248571038246, 0.007439963053911924
v,-0.0004588328883983195, 0.010482249781489372, -0.00870782695710659
v,-0.0004588328883983195, 0.01025096420198679, -0.008910708129405975
v,-0.0007124054245650768, 0.010421774350106716, -0.008687254972755909
v,-0.0004588328883983195, 0.01025096420198679, -0.008910708129405975
v,-0.0004588329466059804, 0.00999239832162857, -0.008743816055357456
v,-0.0007124054245650768, 0.010045899078249931, -0.008717179298400879
v,0.0004588332085404545, 0.003162276465445757, 0.010630595497786999
v,0.0004588332667481154, 0.0030350624583661556, 0.010435392148792744
v,0.0007124056573957205, 0.0031029332894831896, 0.010388948954641819
v,0.0004588333540596068, 0.00636621518060565, 0.010676614008843899
v,0.0004588333540596068, 0.0061208028346300125, 0.010847720317542553
v,0.0007124058320187032, 0.006182224024087191, 0.010616638697683811
v,0.0004588342853821814, 0.009519325569272041, -0.00044537786743603647
v,0.0007124067633412778, 0.009607839398086071, -0.001466558314859867
v,0.0004588343435898423, 0.009608251973986626, -0.0004415246658027172
v,0.00045883379061706364, 0.011826042085886002, 0.011079980991780758
v,0.0007124062394723296, 0.012024473398923874, 0.011087941937148571
v,0.0004588338197208941, 0.012055335566401482, 0.011283252388238907
v,0.00045883390703238547, 0.01523574348539114, 0.0113301370292902
v,0.0004588339361362159, 0.014979527331888676, 0.011497857049107552
v,0.0007124063558876514, 0.015038322657346725, 0.011309126392006874
v,0.0004588348383549601, 0.01909211464226246, 0.0002545714669395238
v,0.0007124074036255479, 0.019239505752921104, -0.0007567433058284223
v,0.00045883486745879054, 0.019180992618203163, 0.0002635569544509053
v,0.0004588342853821814, 0.020715927705168724, 0.011729861609637737
v,0.0007124067633412778, 0.0209124106913805, 0.011740222573280334
v,0.0004588343435898423, 0.020934367552399635, 0.011934880167245865
v,0.00045883460552431643, 0.023913195356726646, 0.01215349417179823
v,0.0007124070543795824, 0.023865967988967896, 0.01195698231458664
v,0.000458834576420486, 0.024067722260951996, 0.011978917755186558
v,0.0004588351002894342, 0.02000489830970764, -0.008008954115211964
v,0.0007124075200408697, 0.01981338858604431, -0.00798048172146082
v,0.0004588351002894342, 0.01977364905178547, -0.00821184366941452
v,0.0004588351002894342, 0.01977364905178547, -0.00821184366941452
v,0.0007124075200408697, 0.019569022580981255, -0.0079969996586442
v,0.00045883507118560374, 0.019514799118041992, -0.008045054040849209
v,0.00045883399434387684, 0.013765893876552582, 0.007432184182107449
v,0.00045883399434387684, 0.013870248571038246, 0.007439963053911924
v,0.0007124064723029733, 0.013787060976028442, 0.007879122160375118
v,0.0004588345473166555, 0.010482249781489372, -0.00870782695710659
v,0.0007124069961719215, 0.010421774350106716, -0.008687254972755909
v,0.0004588345473166555, 0.01025096420198679, -0.008910708129405975
v,0.0004588345473166555, 0.01025096420198679, -0.008910708129405975
v,0.0007124069961719215, 0.010045899078249931, -0.008717179298400879
v,0.000458834576420486, 0.00999239832162857, -0.008743816055357456
v,-0.0007124065887182951, 0.006182224024087191, 0.010616638697683811
v,-0.0004588332085404545, 0.009519325569272041, -0.0004453779256436974
v,-0.0007124056573957205, 0.009607839398086071, -0.001466558431275189
v,-0.0004588332085404545, 0.009608251973986626, -0.0004415247240103781
v,-0.0007124061230570078, 0.012024473398923874, 0.011087941937148571
v,-0.0007124056573957205, 0.009607839398086071, -0.001466558431275189
v,-0.000712405948434025, 0.015038322657346725, 0.011309126392006874
v,-0.00045883262646384537, 0.01909211464226246, 0.00025457164156250656
v,-0.0007124050753191113, 0.019239505752921104, -0.0007567433640360832
v,-0.0004588325973600149, 0.019180992618203163, 0.0002635568962432444
v,-0.0007124054245650768, 0.0209124106913805, 0.011740222573280334
v,-0.0007124050753191113, 0.019239505752921104, -0.0007567433640360832
v,-0.0004588330048136413, 0.020934367552399635, 0.011934880167245865
v,-0.0007124054245650768, 0.023865967988967896, 0.01195698231458664
v,-0.0007124054245650768, 0.0209124106913805, 0.011740222573280334
v,-0.0007124054245650768, 0.023865967988967896, 0.01195698231458664
v,-0.00045883230632171035, 0.02000489830970764, -0.008008954115211964
v,-0.0007124048424884677, 0.01981338858604431, -0.00798048172146082
v,-0.0004588333540596068, 0.013765893876552582, 0.007432183716446161
v,-0.0007124054245650768, 0.010421774350106716, -0.008687254972755909
v,-0.0007124058320187032, 0.013787060976028442, 0.007879122160375118
v,-0.0007124048424884677, 0.01981338858604431, -0.00798048172146082
v,-0.0004588323354255408, 0.01977364905178547, -0.00821184366941452
v,-0.0007124048424884677, 0.019569022580981255, -0.0079969996586442
v,-0.0004588342271745205, 0.003162276465445757, 0.010630595497786999
v,-0.0007124065887182951, 0.006182224024087191, 0.010616638697683811
v,-0.0007124067051336169, 0.0031029332894831896, 0.010388948954641819
v,-0.0007124048424884677, 0.019569022580981255, -0.0079969996586442
v,-0.0004588333540596068, 0.013870248571038246, 0.007439963053911924
v,-0.0007124058320187032, 0.013787060976028442, 0.007879122160375118
v,-0.0007124054245650768, 0.010421774350106716, -0.008687254972755909
v,-0.0004588328883983195, 0.01025096420198679, -0.008910708129405975
v,-0.0007124054245650768, 0.010045899078249931, -0.008717179298400879
v,-0.0004588336742017418, 0.012055335566401482, 0.011283252388238907
v,-0.000712405948434025, 0.015038322657346725, 0.011309126392006874
v,-0.0007124061230570078, 0.012024473398923874, 0.011087941937148571
v,-0.0007124067051336169, 0.0031029332894831896, 0.010388948954641819
v,-0.0004588329466059804, 0.00999239832162857, -0.008743816055357456
v,-0.0004588342271745205, 0.0030350626911967993, 0.010435392148792744
v,0.0007124058320187032, 0.006182224024087191, 0.010616638697683811
v,0.0004588342853821814, 0.009519325569272041, -0.00044537786743603647
v,0.0004588333540596068, 0.00636621518060565, 0.010676614008843899
v,0.0004588343435898423, 0.009608251973986626, -0.0004415246658027172
v,0.0007124062394723296, 0.012024473398923874, 0.011087941937148571
v,0.00045883379061706364, 0.011826042085886002, 0.011079980991780758
v,0.0007124063558876514, 0.015038322657346725, 0.011309126392006874
v,0.0004588348383549601, 0.01909211464226246, 0.0002545714669395238
v,0.00045883390703238547, 0.01523574348539114, 0.0113301370292902
v,0.00045883486745879054, 0.019180992618203163, 0.0002635569544509053
v,0.0007124067633412778, 0.0209124106913805, 0.011740222573280334
v,0.0004588342853821814, 0.020715927705168724, 0.011729861609637737
v,0.0004588343435898423, 0.020934367552399635, 0.011934880167245865
v,0.0007124070543795824, 0.023865967988967896, 0.01195698231458664
v,0.00045883460552431643, 0.023913195356726646, 0.01215349417179823
v,0.0007124070543795824, 0.023865967988967896, 0.01195698231458664
v,0.0004588351002894342, 0.02000489830970764, -0.008008954115211964
v,0.000458834576420486, 0.024067722260951996, 0.011978917755186558
v,0.00045883399434387684, 0.013765893876552582, 0.007432184182107449
v,0.0007124069961719215, 0.010421774350106716, -0.008687254972755909
v,0.0004588345473166555, 0.010482249781489372, -0.00870782695710659
v,0.0004588351002894342, 0.01977364905178547, -0.00821184366941452
v,0.0007124075200408697, 0.019569022580981255, -0.0079969996586442
v,0.0004588351002894342, 0.01977364905178547, -0.00821184366941452
v,0.0004588332085404545, 0.003162276465445757, 0.010630595497786999
v,0.0007124058320187032, 0.006182224024087191, 0.010616638697683811
v,0.0004588333540596068, 0.0061208028346300125, 0.010847720317542553
v,0.0007124075200408697, 0.019569022580981255, -0.0079969996586442
v,0.00045883399434387684, 0.013870248571038246, 0.007439963053911924
v,0.00045883507118560374, 0.019514799118041992, -0.008045054040849209
v,0.0004588345473166555, 0.01025096420198679, -0.008910708129405975
v,0.0007124069961719215, 0.010045899078249931, -0.008717179298400879
v,0.0004588345473166555, 0.01025096420198679, -0.008910708129405975
v,0.0004588338197208941, 0.012055335566401482, 0.011283252388238907
v,0.0007124063558876514, 0.015038322657346725, 0.011309126392006874
v,0.0004588339361362159, 0.014979527331888676, 0.011497857049107552
v,0.0007124056573957205, 0.0031029332894831896, 0.010388948954641819
v,0.000458834576420486, 0.00999239832162857, -0.008743816055357456
v,0.0007124069961719215, 0.010045899078249931, -0.008717179298400879
v,-0.0004588332085404545, 0.009608251973986626, -0.0004415247240103781
v,0.0004588342853821814, 0.009519325569272041, -0.00044537786743603647
v,0.0004588343435898423, 0.009608251973986626, -0.0004415246658027172
v,0.0004588333540596068, 0.00636621518060565, 0.010676614008843899
v,-0.0004588340816553682, 0.0061208028346300125, 0.010847720317542553
v,0.0004588333540596068, 0.0061208028346300125, 0.010847720317542553
v,-0.0004588329466059804, 0.00999239832162857, -0.008743816055357456
v,0.0004588345473166555, 0.01025096420198679, -0.008910708129405975
v,0.000458834576420486, 0.00999239832162857, -0.008743816055357456
v,0.0004588345473166555, 0.01025096420198679, -0.008910708129405975
v,-0.0004588328883983195, 0.010482249781489372, -0.00870782695710659
v,0.0004588345473166555, 0.010482249781489372, -0.00870782695710659
v,-0.00045883370330557227, 0.011826042085886002, 0.011079980991780758
v,0.0004588338197208941, 0.012055335566401482, 0.011283252388238907
v,-0.0004588336742017418, 0.012055335566401482, 0.011283252388238907
v,0.0004588332085404545, 0.003162276465445757, 0.010630595497786999
v,-0.0004588342271745205, 0.0030350626911967993, 0.010435392148792744
v,0.0004588332667481154, 0.0030350624583661556, 0.010435392148792744
v,0.00045883399434387684, 0.013765893876552582, 0.007432184182107449
v,-0.0004588333540596068, 0.013870248571038246, 0.007439963053911924
v,0.00045883399434387684, 0.013870248571038246, 0.007439963053911924
v,0.00045883507118560374, 0.019514799118041992, -0.008045054040849209
v,-0.0004588323354255408, 0.01977364905178547, -0.00821184366941452
v,0.0004588351002894342, 0.01977364905178547, -0.00821184366941452
v,-0.00045883344137109816, 0.014979527331888676, 0.011497857049107552
v,0.00045883390703238547, 0.01523574348539114, 0.0113301370292902
v,-0.0004588334122672677, 0.01523574348539114, 0.0113301370292902
v,-0.00045883262646384537, 0.01909211464226246, 0.00025457164156250656
v,0.00045883486745879054, 0.019180992618203163, 0.0002635569544509053
v,-0.0004588325973600149, 0.019180992618203163, 0.0002635568962432444
v,-0.0004588329466059804, 0.020715927705168724, 0.011729861609637737
v,0.0004588343435898423, 0.020934367552399635, 0.011934880167245865
v,-0.0004588330048136413, 0.020934367552399635, 0.011934880167245865
v,0.0004588351002894342, 0.01977364905178547, -0.00821184366941452
v,-0.00045883230632171035, 0.02000489830970764, -0.008008954115211964
v,0.0004588351002894342, 0.02000489830970764, -0.008008954115211964
v,-0.0004588328883983195, 0.023913195356726646, 0.01215349417179823
v,0.000458834576420486, 0.024067722260951996, 0.011978917755186558
v,-0.000458832859294489, 0.024067722260951996, 0.011978917755186558
v,0.0004588343435898423, 0.020934367552399635, 0.011934880167245865
v,0.00045883460552431643, 0.023913195356726646, 0.01215349417179823
v,-0.0004588328883983195, 0.023913195356726646, 0.01215349417179823
v,0.00045883390703238547, 0.01523574348539114, 0.0113301370292902
v,0.0004588348383549601, 0.01909211464226246, 0.0002545714669395238
v,-0.00045883262646384537, 0.01909211464226246, 0.00025457164156250656
v,0.0004588338197208941, 0.012055335566401482, 0.011283252388238907
v,0.0004588339361362159, 0.014979527331888676, 0.011497857049107552
v,-0.00045883344137109816, 0.014979527331888676, 0.011497857049107552
v,0.000458834576420486, 0.00999239832162857, -0.008743816055357456
v,0.0004588332667481154, 0.0030350624583661556, 0.010435392148792744
v,-0.0004588342271745205, 0.0030350626911967993, 0.010435392148792744
v,0.0004588343435898423, 0.009608251973986626, -0.0004415246658027172
v,0.00045883379061706364, 0.011826042085886002, 0.011079980991780758
v,-0.00045883370330557227, 0.011826042085886002, 0.011079980991780758
v,-0.0004588328883983195, 0.01025096420198679, -0.008910708129405975
v,0.0004588345473166555, 0.01025096420198679, -0.008910708129405975
v,0.0004588345473166555, 0.01025096420198679, -0.008910708129405975
v,0.00045883399434387684, 0.013765893876552582, 0.007432184182107449
v,0.0004588345473166555, 0.010482249781489372, -0.00870782695710659
v,-0.0004588328883983195, 0.010482249781489372, -0.00870782695710659
v,0.00045883486745879054, 0.019180992618203163, 0.0002635569544509053
v,0.0004588342853821814, 0.020715927705168724, 0.011729861609637737
v,-0.0004588329466059804, 0.020715927705168724, 0.011729861609637737
v,0.0004588332085404545, 0.003162276465445757, 0.010630595497786999
v,0.0004588333540596068, 0.0061208028346300125, 0.010847720317542553
v,-0.0004588340816553682, 0.0061208028346300125, 0.010847720317542553
v,0.00045883507118560374, 0.019514799118041992, -0.008045054040849209
v,0.00045883399434387684, 0.013870248571038246, 0.007439963053911924
v,-0.0004588333540596068, 0.013870248571038246, 0.007439963053911924
v,0.000458834576420486, 0.024067722260951996, 0.011978917755186558
v,0.0004588351002894342, 0.02000489830970764, -0.008008954115211964
v,-0.00045883230632171035, 0.02000489830970764, -0.008008954115211964
v,0.0004588333540596068, 0.00636621518060565, 0.010676614008843899
v,0.0004588342853821814, 0.009519325569272041, -0.00044537786743603647
v,-0.0004588332085404545, 0.009519325569272041, -0.0004453779256436974
v,-0.00045883230632171035, 0.01977364905178547, -0.00821184366941452
v,0.0004588351002894342, 0.01977364905178547, -0.00821184366941452
v,0.0004588351002894342, 0.01977364905178547, -0.00821184366941452
v,-0.0007124065887182951, 0.006182224024087191, 0.010616638697683811
v,-0.00045883411075919867, 0.00636621518060565, 0.010676614008843899
v,-0.0004588332085404545, 0.009519325569272041, -0.0004453779256436974
v,-0.0004588332085404545, 0.009608251973986626, -0.0004415247240103781
v,-0.00045883370330557227, 0.011826042085886002, 0.011079980991780758
v,-0.0007124061230570078, 0.012024473398923874, 0.011087941937148571
v,-0.000712405948434025, 0.015038322657346725, 0.011309126392006874
v,-0.0004588334122672677, 0.01523574348539114, 0.0113301370292902
v,-0.00045883262646384537, 0.01909211464226246, 0.00025457164156250656
v,-0.0004588325973600149, 0.019180992618203163, 0.0002635568962432444
v,-0.0004588329466059804, 0.020715927705168724, 0.011729861609637737
v,-0.0007124054245650768, 0.0209124106913805, 0.011740222573280334
v,-0.0004588330048136413, 0.020934367552399635, 0.011934880167245865
v,-0.0004588328883983195, 0.023913195356726646, 0.01215349417179823
v,-0.0007124054245650768, 0.023865967988967896, 0.01195698231458664
v,-0.0007124054245650768, 0.023865967988967896, 0.01195698231458664
v,-0.000458832859294489, 0.024067722260951996, 0.011978917755186558
v,-0.00045883230632171035, 0.02000489830970764, -0.008008954115211964
v,-0.0004588333540596068, 0.013765893876552582, 0.007432183716446161
v,-0.0004588328883983195, 0.010482249781489372, -0.00870782695710659
v,-0.0007124054245650768, 0.010421774350106716, -0.008687254972755909
v,-0.0007124048424884677, 0.01981338858604431, -0.00798048172146082
v,-0.00045883230632171035, 0.01977364905178547, -0.00821184366941452
v,-0.0004588323354255408, 0.01977364905178547, -0.00821184366941452
v,-0.0004588342271745205, 0.003162276465445757, 0.010630595497786999
v,-0.0004588340816553682, 0.0061208028346300125, 0.010847720317542553
v,-0.0007124065887182951, 0.006182224024087191, 0.010616638697683811
v,-0.0007124048424884677, 0.019569022580981255, -0.0079969996586442
v,-0.00045883236452937126, 0.019514799118041992, -0.008045054040849209
v,-0.0004588333540596068, 0.013870248571038246, 0.007439963053911924
v,-0.0007124054245650768, 0.010421774350106716, -0.008687254972755909
v,-0.0004588328883983195, 0.01025096420198679, -0.008910708129405975
v,-0.0004588328883983195, 0.01025096420198679, -0.008910708129405975
v,-0.0004588336742017418, 0.012055335566401482, 0.011283252388238907
v,-0.00045883344137109816, 0.014979527331888676, 0.011497857049107552
v,-0.000712405948434025, 0.015038322657346725, 0.011309126392006874
v,-0.0007124067051336169, 0.0031029332894831896, 0.010388948954641819
v,-0.0007124054245650768, 0.010045899078249931, -0.008717179298400879
v,-0.0004588329466059804, 0.00999239832162857, -0.008743816055357456
v,0.0007124058320187032, 0.006182224024087191, 0.010616638697683811
v,0.0007124067633412778, 0.009607839398086071, -0.001466558314859867
v,0.0004588342853821814, 0.009519325569272041, -0.00044537786743603647
v,0.0004588343435898423, 0.009608251973986626, -0.0004415246658027172
v,0.0007124067633412778, 0.009607839398086071, -0.001466558314859867
v,0.0007124062394723296, 0.012024473398923874, 0.011087941937148571
v,0.0007124063558876514, 0.015038322657346725, 0.011309126392006874
v,0.0007124074036255479, 0.019239505752921104, -0.0007567433058284223
v,0.0004588348383549601, 0.01909211464226246, 0.0002545714669395238
v,0.00045883486745879054, 0.019180992618203163, 0.0002635569544509053
v,0.0007124074036255479, 0.019239505752921104, -0.0007567433058284223
v,0.0007124067633412778, 0.0209124106913805, 0.011740222573280334
v,0.0004588343435898423, 0.020934367552399635, 0.011934880167245865
v,0.0007124067633412778, 0.0209124106913805, 0.011740222573280334
v,0.0007124070543795824, 0.023865967988967896, 0.01195698231458664
v,0.0007124070543795824, 0.023865967988967896, 0.01195698231458664
v,0.0007124075200408697, 0.01981338858604431, -0.00798048172146082
v,0.0004588351002894342, 0.02000489830970764, -0.008008954115211964
v,0.00045883399434387684, 0.013765893876552582, 0.007432184182107449
v,0.0007124064723029733, 0.013787060976028442, 0.007879122160375118
v,0.0007124069961719215, 0.010421774350106716, -0.008687254972755909
v,0.0004588351002894342, 0.01977364905178547, -0.00821184366941452
v,0.0007124075200408697, 0.01981338858604431, -0.00798048172146082
v,0.0007124075200408697, 0.019569022580981255, -0.0079969996586442
v,0.0004588332085404545, 0.003162276465445757, 0.010630595497786999
v,0.0007124056573957205, 0.0031029332894831896, 0.010388948954641819
v,0.0007124058320187032, 0.006182224024087191, 0.010616638697683811
v,0.0007124075200408697, 0.019569022580981255, -0.0079969996586442
v,0.0007124064723029733, 0.013787060976028442, 0.007879122160375118
v,0.00045883399434387684, 0.013870248571038246, 0.007439963053911924
v,0.0004588345473166555, 0.01025096420198679, -0.008910708129405975
v,0.0007124069961719215, 0.010421774350106716, -0.008687254972755909
v,0.0007124069961719215, 0.010045899078249931, -0.008717179298400879
v,0.0004588338197208941, 0.012055335566401482, 0.011283252388238907
v,0.0007124062394723296, 0.012024473398923874, 0.011087941937148571
v,0.0007124063558876514, 0.015038322657346725, 0.011309126392006874
v,0.0007124056573957205, 0.0031029332894831896, 0.010388948954641819
v,0.0004588332667481154, 0.0030350624583661556, 0.010435392148792744
v,0.000458834576420486, 0.00999239832162857, -0.008743816055357456
v,-0.0004588332085404545, 0.009608251973986626, -0.0004415247240103781
v,-0.0004588332085404545, 0.009519325569272041, -0.0004453779256436974
v,0.0004588342853821814, 0.009519325569272041, -0.00044537786743603647
v,0.0004588333540596068, 0.00636621518060565, 0.010676614008843899
v,-0.00045883411075919867, 0.00636621518060565, 0.010676614008843899
v,-0.0004588340816553682, 0.0061208028346300125, 0.010847720317542553
v,-0.0004588329466059804, 0.00999239832162857, -0.008743816055357456
v,-0.0004588328883983195, 0.01025096420198679, -0.008910708129405975
v,0.0004588345473166555, 0.01025096420198679, -0.008910708129405975
v,0.0004588345473166555, 0.01025096420198679, -0.008910708129405975
v,-0.0004588328883983195, 0.01025096420198679, -0.008910708129405975
v,-0.0004588328883983195, 0.010482249781489372, -0.00870782695710659
v,-0.00045883370330557227, 0.011826042085886002, 0.011079980991780758
v,0.00045883379061706364, 0.011826042085886002, 0.011079980991780758
v,0.0004588338197208941, 0.012055335566401482, 0.011283252388238907
v,0.0004588332085404545, 0.003162276465445757, 0.010630595497786999
v,-0.0004588342271745205, 0.003162276465445757, 0.010630595497786999
v,-0.0004588342271745205, 0.0030350626911967993, 0.010435392148792744
v,0.00045883399434387684, 0.013765893876552582, 0.007432184182107449
v,-0.0004588333540596068, 0.013765893876552582, 0.007432183716446161
v,-0.0004588333540596068, 0.013870248571038246, 0.007439963053911924
v,0.00045883507118560374, 0.019514799118041992, -0.008045054040849209
v,-0.00045883236452937126, 0.019514799118041992, -0.008045054040849209
v,-0.0004588323354255408, 0.01977364905178547, -0.00821184366941452
v,-0.00045883344137109816, 0.014979527331888676, 0.011497857049107552
v,0.0004588339361362159, 0.014979527331888676, 0.011497857049107552
v,0.00045883390703238547, 0.01523574348539114, 0.0113301370292902
v,-0.00045883262646384537, 0.01909211464226246, 0.00025457164156250656
v,0.0004588348383549601, 0.01909211464226246, 0.0002545714669395238
v,0.00045883486745879054, 0.019180992618203163, 0.0002635569544509053
v,-0.0004588329466059804, 0.020715927705168724, 0.011729861609637737
v,0.0004588342853821814, 0.020715927705168724, 0.011729861609637737
v,0.0004588343435898423, 0.020934367552399635, 0.011934880167245865
v,0.0004588351002894342, 0.01977364905178547, -0.00821184366941452
v,-0.00045883230632171035, 0.01977364905178547, -0.00821184366941452
v,-0.00045883230632171035, 0.02000489830970764, -0.008008954115211964
v,-0.0004588328883983195, 0.023913195356726646, 0.01215349417179823
v,0.00045883460552431643, 0.023913195356726646, 0.01215349417179823
v,0.000458834576420486, 0.024067722260951996, 0.011978917755186558
n,-1.6131058373503038e-06, -2.516853094100952, 34.29447555541992
n,-26.10850715637207, 5.776144007541006e-07, -9.132101581599272e-07
n,1.0260939689032966e-06, 32.33644485473633, 11.259140014648438
n,-1.6131058373503038e-06, -2.516853094100952, 34.29447555541992
n,-26.10850715637207, 3.033296707144473e-07, -7.261267569447227e-07
n,-26.10850715637207, 3.2423724860564107e-06, -5.024917868468037e-07
n,-1.0009777042796486e-06, -32.18910217285156, -11.676728248596191
n,-26.10850715637207, 7.146978191485687e-07, -9.208497431245632e-07
n,-26.10850715637207, -5.918311671848642e-07, -2.716503786359681e-06
n,-26.10850715637207, 2.4001969904929865e-06, -8.274200808955356e-07
n,-26.10850715637207, 1.807298417588754e-06, -1.3986747262606514e-06
n,26.10850715637207, -1.2694263205048628e-06, 1.742124482007057e-06
n,26.10850715637207, -3.5756245324591873e-06, 5.166620553609391e-07
n,26.10850715637207, 2.5903389087034157e-06, 9.255647341888107e-07
n,26.10850715637207, -1.2689575896729366e-06, 1.7402844605385326e-06
n,26.10850715637207, 4.0859677596927213e-07, 8.063769314503588e-07
n,26.10850715637207, -3.564148755685892e-06, 4.830510533793131e-07
n,26.10850715637207, -8.247490086432663e-07, 1.3579070810010307e-06
n,26.10850715637207, -1.1900959862032323e-06, 6.252316211430298e-07
n,26.10850715637207, -1.1840606930491049e-06, 6.268485890359443e-07
n,26.10850715637207, -2.4912383196351584e-06, 1.2087576806152356e-06
n,26.10850715637207, -1.1736129636119585e-05, -4.6356531129276846e-06
n,-1.8594490711620892e-06, -33.62339782714844, 6.472212791442871
n,-26.10850715637207, 1.1840606930491049e-06, -6.268485890359443e-07
n,-26.10850715637207, 6.769520837224263e-07, -1.9100923509540735e-06
n,0.0, 0.0, 0.0
n,1.8716441445576493e-06, 33.55411911010742, -6.826500415802002
n,-26.10850715637207, 1.8494929463486187e-06, -1.2294034377191565e-06
n,-1.7898953501571668e-06, -33.93394088745117, 4.542560577392578
n,-1.6131058373503038e-06, -2.516853094100952, 34.29447555541992
n,-26.10850715637207, 1.2074326605215902e-06, -8.817049206299998e-07
n,-9.979423793993192e-07, -32.17100143432617, -11.726875305175781
n,1.8714423504206934e-06, 33.555301666259766, -6.820598602294922
n,1.1380750493117375e-06, 32.93832015991211, 9.338090896606445
n,0.0, 0.0, 0.0
n,-10.228605270385742, -26.429452896118164, 17.223936080932617
n,-16.317962646484375, 15.324422836303711, 21.97930335998535
n,-25.65896987915039, -0.27505576610565186, 6.347616195678711
n,-14.254530906677246, -19.079036712646484, 21.521427154541016
n,-14.256732940673828, 15.751047134399414, 24.061830520629883
n,-25.656354904174805, -0.6409068703651428, 6.339548110961914
n,-14.350914001464844, -19.62318992614746, 20.907852172851562
n,-16.997716903686523, 19.48794174194336, 17.249677658081055
n,-15.875421524047852, 17.97421646118164, -20.486852645874023
n,-8.881612777709961, -17.485620498657227, -27.136730194091797
n,-23.954578399658203, 1.0167391300201416, -13.63890552520752
n,-7.202007293701172, 21.759828567504883, -24.80631446838379
n,-6.723136901855469, -17.9891414642334, -27.87053680419922
n,10.228604316711426, -26.42945098876953, 17.223936080932617
n,16.317964553833008, 15.324421882629395, 21.97930145263672
n,25.65896987915039, -0.27507537603378296, 6.347616195678711
n,14.254528999328613, -19.079036712646484, 21.52142906188965
n,14.256733894348145, 15.751044273376465, 24.061824798583984
n,25.656356811523438, -0.6409248113632202, 6.339550971984863
n,14.350911140441895, -19.62318992614746, 20.907848358154297
n,16.997722625732422, 19.487943649291992, 17.24967384338379
n,15.87542724609375, 17.974214553833008, -20.48685073852539
n,8.881612777709961, -17.48562240600586, -27.136728286743164
n,23.954578399658203, 1.0167380571365356, -13.638903617858887
n,7.202012538909912, 21.759828567504883, -24.80631446838379
n,6.723140239715576, -17.9891414642334, -27.87053680419922
n,-18.46148681640625, 23.290929794311523, 6.603033542633057
n,-18.46146583557129, -23.77538299560547, 4.576557636260986
n,-18.461591720581055, 22.86521339416504, 7.9613752365112305
n,-18.4614200592041, -23.995031356811523, 3.2120912075042725
n,-18.461517333984375, -1.7796822786331177, 24.249841690063477
n,-18.461496353149414, 23.727188110351562, -4.822895526885986
n,-8.688454627990723, 31.643535614013672, -6.42805290222168
n,-19.953542709350586, 1.4956390857696533, -22.126001358032227
n,-20.251449584960938, -1.600394368171692, 21.64391326904297
n,-9.124364852905273, -30.145565032958984, -10.978784561157227
n,-19.210800170898438, 1.848060965538025, -23.212955474853516
n,-18.461517333984375, -1.7796814441680908, 24.249841690063477
n,-6.286407470703125, -31.242090225219727, -11.333196640014648
n,18.461528778076172, 23.290876388549805, 6.603019714355469
n,18.461538314819336, -23.775285720825195, 4.576537609100342
n,18.461549758911133, 22.86526107788086, 7.96139669418335
n,18.46145248413086, -23.994983673095703, 3.2120847702026367
n,18.461515426635742, -1.77968430519104, 24.24983787536621
n,18.461389541625977, 23.727327346801758, -4.822919845581055
n,8.130786895751953, 31.885520935058594, -6.487027645111084
n,0.0, 0.0, 0.0
n,20.19467544555664, -1.5952028036117554, 21.736116409301758
n,8.59437370300293, -30.37803077697754, -11.0733060836792
n,0.0, 0.0, 0.0
n,18.46151351928711, -1.7796834707260132, 24.249839782714844
n,7.665251731872559, -30.76432228088379, -11.179430961608887
n,-1.5674814903832157e-06, -1.4886527061462402, 34.35432815551758
n,-3.0653677640657406e-07, 19.631086349487305, 28.15620231628418
n,3.840600584226195e-07, -18.61697769165039, -28.84323501586914
n,2.187034851885983e-06, 22.63817024230957, -25.807626724243164
n,-2.1881278371438384e-06, -22.772703170776367, 25.68793487548828
n,-2.163645604014164e-06, -28.725732803344727, 18.720407485961914
n,1.6148305803653784e-06, 2.5563321113586426, -34.29155349731445
n,3.8574484051423497e-07, -18.5946044921875, -28.857807159423828
n,-3.7011335507486365e-07, 18.801651000976562, 28.72203826904297
n,-1.653703748161206e-06, -3.458743095397949, 34.21220016479492
n,-2.1929968170297798e-06, -23.489973068237305, 25.02778434753418
n,2.1870546333957464e-06, 22.64055824279785, -25.805513381958008
n,2.1370192371250596e-07, 25.67438507080078, 22.725584030151367
n,-1.6131058373503038e-06, -2.516853094100952, 34.29447555541992
n,3.118535687463009e-06, 32.33644485473633, 11.259140014648438
n,-1.6131058373503038e-06, -2.516853094100952, 34.29447555541992
n,-1.0009777042796486e-06, -32.18910217285156, -11.676728248596191
n,-1.8594490711620892e-06, -33.62339782714844, 6.472212791442871
n,0.0, 0.0, 0.0
n,1.8716441445576493e-06, 33.55411911010742, -6.826500415802002
n,-1.7898953501571668e-06, -33.93394088745117, 4.54256010055542
n,-1.6131058373503038e-06, -2.516853094100952, 34.29447555541992
n,-9.979423793993192e-07, -32.17100143432617, -11.726875305175781
n,1.8714423504206934e-06, 33.555301666259766, -6.820598602294922
n,1.1380750493117375e-06, 32.93832015991211, 9.338091850280762
n,0.0, 0.0, 0.0
n,-18.461523056030273, 23.290884017944336, 6.603018283843994
n,-18.461538314819336, -23.775285720825195, 4.576536178588867
n,-18.46155548095703, 22.86525535583496, 7.961391448974609
n,-18.461454391479492, -23.994985580444336, 3.212083339691162
n,-18.46151351928711, -1.7796821594238281, 24.24984359741211
n,-18.46139144897461, 23.727323532104492, -4.822920799255371
n,-8.130781173706055, 31.885520935058594, -6.487029552459717
n,1.8356840882916003e-06, 33.74495315551758, -5.796267032623291
n,-20.19467544555664, -1.5952011346817017, 21.736120223999023
n,-8.594401359558105, -30.37801742553711, -11.073302268981934
n,0.0, 0.0, 0.0
n,-18.461515426635742, -1.7796812057495117, 24.249841690063477
n,-7.665251731872559, -30.764324188232422, -11.179433822631836
n,18.461488723754883, 23.290925979614258, 6.6030354499816895
n,18.461467742919922, -23.775375366210938, 4.5765581130981445
n,18.46158218383789, 22.865217208862305, 7.961379528045654
n,18.461416244506836, -23.995031356811523, 3.212092876434326
n,18.461515426635742, -1.77968430519104, 24.24983787536621
n,18.46150016784668, 23.72718620300293, -4.82289457321167
n,8.688448905944824, 31.643537521362305, -6.42805290222168
n,19.95354652404785, 1.4956376552581787, -22.125999450683594
n,20.251449584960938, -1.6003961563110352, 21.643917083740234
n,9.12436294555664, -30.145566940307617, -10.97878360748291
n,19.21080780029297, 1.8480585813522339, -23.212949752807617
n,18.46151351928711, -1.7796833515167236, 24.24983787536621
n,6.28637170791626, -31.242103576660156, -11.333198547363281
n,-1.567481376696378e-06, -1.4886525869369507, 34.35432434082031
n,-3.0653677640657406e-07, 19.631086349487305, 28.15620231628418
n,3.8406011526603834e-07, -18.61697769165039, -28.84324073791504
n,2.187034851885983e-06, 22.63817024230957, -25.807626724243164
n,-2.1881278371438384e-06, -22.772703170776367, 25.68793487548828
n,-2.163645604014164e-06, -28.725732803344727, 18.720407485961914
n,1.6148305803653784e-06, 2.5563321113586426, -34.29155349731445
n,3.8574484051423497e-07, -18.5946044921875, -28.857807159423828
n,-3.7011335507486365e-07, 18.801651000976562, 28.72203826904297
n,6.462235887738643e-06, -3.4588260650634766, 34.21218490600586
n,-2.1929968170297798e-06, -23.489971160888672, 25.02778434753418
n,2.1870546333957464e-06, 22.64055824279785, -25.805513381958008
n,2.1370192371250596e-07, 25.67438507080078, 22.725584030151367
u,0.8468167781829834, 0.08090782165527344, 0
u,0.862555205821991, 0.14806824922561646, 0
u,0.862555205821991, 0.08090782165527344, 0
u,0.005186581052839756, 0.6554973721504211, 0
u,0.4476318061351776, 0.5983957946300507, 0
u,0.4476317763328552, 0.5318050980567932, 0
u,0.9685231447219849, 0.20198041200637817, 0
u,0.9842615127563477, 0.449468731880188, 0
u,0.9842615127563477, 0.20198041200637817, 0
u,0.8869913816452026, 0.14507752656936646, 0
u,0.8712529540061951, 0.07914888858795166, 0
u,0.8712529540061951, 0.14507752656936646, 0
u,0.004791734274476767, 0.8672689646482468, 0
u,0.1688031405210495, 0.8736379444599152, 0
u,0.37243035435676575, 0.7645373791456223, 0
u,0.1688031405210495, 0.8736379444599152, 0
u,0.00473904050886631, 0.8757472634315491, 0
u,0.44663506746292114, 1.000000017676797, 0
u,0.9239996671676636, 1.000000001235528, 0
u,0.908261239528656, 0.5430289506912231, 0
u,0.908261239528656, 1.0000000005475798, 0
u,0.005186581052839756, 0.6554973721504211, 0
u,0.16886962950229645, 0.6564781367778778, 0
u,0.4476318061351776, 0.5983957946300507, 0
u,0.16886962950229645, 0.6564781367778778, 0
u,0.37243035435676575, 0.7645373791456223, 0
u,0.4476318061351776, 0.7987826764583588, 0
u,0.16886962950229645, 0.6564781367778778, 0
u,0.0052184900268912315, 0.661004513502121, 0
u,0.37243035435676575, 0.7645373791456223, 0
u,0.37243035435676575, 0.7645373791456223, 0
u,0.1688031405210495, 0.8736379444599152, 0
u,0.4476318061351776, 0.7987826764583588, 0
u,0.6207435727119446, 0.6536064147949219, 0
u,0.8986138105392456, 0.5966726839542389, 0
u,0.8985754251480103, 0.5272443890571594, 0
u,0.6208100914955139, 0.8707661777734756, 0
u,0.8243707418441772, 0.7627069652080536, 0
u,0.4571589231491089, 0.8662398159503937, 0
u,0.45712703466415405, 0.8717469573020935, 0
u,0.8995721936225891, 0.9288485124707222, 0
u,0.6208100914955139, 0.8707661777734756, 0
u,0.6208100914955139, 0.8707661777734756, 0
u,0.8995721936225891, 0.7964117377996445, 0
u,0.8995721936225891, 0.7284616827964783, 0
u,0.45673221349716187, 0.6599753797054291, 0
u,0.8243707418441772, 0.7627069652080536, 0
u,0.6207435727119446, 0.6536064147949219, 0
u,0.6207435727119446, 0.6536064147949219, 0
u,0.8985754251480103, 0.5272443890571594, 0
u,0.45667949318885803, 0.651497095823288, 0
u,0.8243707418441772, 0.7627069652080536, 0
u,0.8995721936225891, 0.7284616827964783, 0
u,0.6207435727119446, 0.6536064147949219, 0
u,0.45712703466415405, 0.8717469573020935, 0
u,0.6208100914955139, 0.8707661777734756, 0
u,0.4571589231491089, 0.8662398159503937, 0
u,0.45673221349716187, 0.6599753797054291, 0
u,0.6207435727119446, 0.6536064147949219, 0
u,0.45667949318885803, 0.651497095823288, 0
u,0.45712703466415405, 0.8717469573020935, 0
u,0.8995721340179443, 0.9954392309300601, 0
u,0.8995721936225891, 0.9288485124707222, 0
u,0.6208100914955139, 0.8707661777734756, 0
u,0.8995721936225891, 0.7284616827964783, 0
u,0.8243707418441772, 0.7627069652080536, 0
u,1.0, 0.7547284215688705, 0
u,0.9842615723609924, 0.5115889608860016, 0
u,0.9842615723609924, 0.7547284215688705, 0
u,0.004791734274476767, 0.8672689646482468, 0
u,0.00473904050886631, 0.8757472634315491, 0
u,0.1688031405210495, 0.8736379444599152, 0
u,0.1688031405210495, 0.8736379444599152, 0
u,0.44663506746292114, 1.000000017676797, 0
u,0.44667336344718933, 0.9305716827511787, 0
u,0.45197200775146484, 0.5272442996501923, 0
u,0.45197200775146484, 0.5272442996501923, 0
u,0.45197200775146484, 0.5272442996501923, 0
u,0.8869913816452026, 0.5171395242214203, 0
u,0.8712529540061951, 0.15055203437805176, 0
u,0.8712529540061951, 0.5171395242214203, 0
u,0.16886962950229645, 0.6564781367778778, 0
u,0.4476318061351776, 0.7987826764583588, 0
u,0.4476318061351776, 0.7308326065540314, 0
u,1.0, 1.0000000045576076, 0
u,0.9842615723609924, 0.7547284066677094, 0
u,0.9842615723609924, 1.0000000038696593, 0
u,0.9353891611099243, 0.1831951141357422, 0
u,0.9196507334709167, 0.1164923906326294, 0
u,0.9196507334709167, 0.1831951141357422, 0
u,0.005186581052839756, 0.6554973721504211, 0
u,0.0052184900268912315, 0.661004513502121, 0
u,0.16886962950229645, 0.6564781367778778, 0
u,0.8468167185783386, 0.14806830883026123, 0
u,0.8625551462173462, 0.5171540379524231, 0
u,0.8625551462173462, 0.14806830883026123, 0
u,0.9196507930755615, 0.5355106592178345, 0
u,0.9039124250411987, 0.08152920007705688, 0
u,0.903912365436554, 0.5355106592178345, 0
u,0.9842615723609924, 0.6984739303588867, 0
u,0.9685232043266296, 0.44946879148483276, 0
u,0.9685231447219849, 0.6984739303588867, 0
u,3.153664874844253e-05, 0.6567690372467041, 0
u,-4.758810678850978e-09, 0.6567680239677429, 0
u,3.153664874844253e-05, 0.6567690372467041, 0
u,0.908261239528656, 0.5393491983413696, 0
u,0.903912365436554, 0.5443857908248901, 0
u,0.908261239528656, 0.5430289506912231, 0
u,0.4477115869522095, 0.9263466820120811, 0
u,0.44667336344718933, 0.9305716827511787, 0
u,0.45197197794914246, 0.93156848102808, 0
u,0.1919456124305725, 0.873941957950592, 0
u,0.19188539683818817, 0.8719414323568344, 0
u,0.1688031405210495, 0.8736379444599152, 0
u,0.8712529540061951, 0.15055197477340698, 0
u,0.8712529540061951, 0.14507752656936646, 0
u,0.866904079914093, 0.14608889818191528, 0
u,0.8712529540061951, 0.0736771821975708, 0
u,0.866904079914093, 0.07813888788223267, 0
u,0.8712529540061951, 0.07914888858795166, 0
u,0.19188719987869263, 0.6581186950206757, 0
u,0.19194267690181732, 0.6561108231544495, 0
u,0.16886962950229645, 0.6564781367778778, 0
u,0.862555205821991, 0.07567393779754639, 0
u,0.862555205821991, 0.08090782165527344, 0
u,0.866904079914093, 0.08009719848632812, 0
u,0.45197194814682007, 0.5304223001003265, 0
u,0.4477836489677429, 0.5272443294525146, 0
u,0.4476317763328552, 0.5318050980567932, 0
u,0.8968647718429565, 0.4740230441093445, 0
u,0.8913401961326599, 0.4740230441093445, 0
u,0.8926181197166443, 0.47837191820144653, 0
u,0.8968656063079834, 0.5228954255580902, 0
u,0.8913401961326599, 0.5228954255580902, 0
u,0.8926364183425903, 0.5272442996501923, 0
u,0.8913401961326599, 0.35643112659454346, 0
u,0.8913401961326599, 0.36654597520828247, 0
u,0.8936759233474731, 0.3567153215408325, 0
u,0.8968656063079834, 0.49845921993255615, 0
u,0.8913401961326599, 0.49845921993255615, 0
u,0.8955439329147339, 0.5028081238269806, 0
u,0.8968590497970581, 0.4495868682861328, 0
u,0.8913401961326599, 0.4495868682861328, 0
u,0.8925843834877014, 0.45393574237823486, 0
u,0.9239996671676636, 0.5393491983413696, 0
u,0.9239996671676636, 0.5430289506912231, 0
u,0.9283485412597656, 0.5443857908248901, 0
u,0.8996520042419434, 0.6008976995944977, 0
u,0.903912365436554, 0.5956758856773376, 0
u,0.8986138105392456, 0.5966726839542389, 0
u,0.6438860297203064, 0.653302401304245, 0
u,0.6207435727119446, 0.6536064147949219, 0
u,0.6438258290290833, 0.6553029119968414, 0
u,0.8869913816452026, 0.15055197477340698, 0
u,0.8913402557373047, 0.14608889818191528, 0
u,0.8869913816452026, 0.14507752656936646, 0
u,0.8869913816452026, 0.0736771821975708, 0
u,0.8869913816452026, 0.07914888858795166, 0
u,0.8913402557373047, 0.07813888788223267, 0
u,0.6438276171684265, 0.8691256195306778, 0
u,0.6208100914955139, 0.8707661777734756, 0
u,0.6438831090927124, 0.8711335062980652, 0
u,0.8468167781829834, 0.07567393779754639, 0
u,0.8424679040908813, 0.08009719848632812, 0
u,0.8468167781829834, 0.08090782165527344, 0
u,0.9039123058319092, 0.9968220391310751, 0
u,0.8995721340179443, 0.9954392309300601, 0
u,0.8997240662574768, 0.9999999992141229, 0
u,0.8968647718429565, 0.4582846164703369, 0
u,0.8926181197166443, 0.45393574237823486, 0
u,0.8913401961326599, 0.4582846164703369, 0
u,0.8968656063079834, 0.5071569979190826, 0
u,0.8926364183425903, 0.5028081238269806, 0
u,0.8913401961326599, 0.5071569979190826, 0
u,0.8913401961326599, 0.3561675548553467, 0
u,0.8936783671379089, 0.3564310073852539, 0
u,0.8936783671379089, 0.34632670879364014, 0
u,0.8968656063079834, 0.4827207922935486, 0
u,0.8955439329147339, 0.47837191820144653, 0
u,0.8913401961326599, 0.4827207922935486, 0
u,0.8968590497970581, 0.43384844064712524, 0
u,0.8925843834877014, 0.4294995665550232, 0
u,0.8913401961326599, 0.43384844064712524, 0
u,0.44667336344718933, 0.9305716827511787, 0
u,0.1919456124305725, 0.873941957950592, 0
u,0.1688031405210495, 0.8736379444599152, 0
u,0.19188539683818817, 0.8719414323568344, 0
u,0.4476318061351776, 0.7987826764583588, 0
u,0.1688031405210495, 0.8736379444599152, 0
u,0.4476318061351776, 0.7308326065540314, 0
u,0.19188719987869263, 0.6581186950206757, 0
u,0.16886962950229645, 0.6564781367778778, 0
u,0.19194267690181732, 0.6561108231544495, 0
u,0.4476318061351776, 0.5983957946300507, 0
u,0.16886962950229645, 0.6564781367778778, 0
u,0.862555205821991, 0.08090782165527344, 0
u,0.866904079914093, 0.14668792486190796, 0
u,0.866904079914093, 0.08009719848632812, 0
u,0.4476317763328552, 0.5318050980567932, 0
u,0.004219834227114916, 0.6512492895126343, 0
u,0.005186581052839756, 0.6554973721504211, 0
u,0.8712529540061951, 0.5171395242214203, 0
u,0.866904079914093, 0.15097618103027344, 0
u,0.866904079914093, 0.5272443294525146, 0
u,0.005186581052839756, 0.6554973721504211, 0
u,3.153664874844253e-05, 0.6567690372467041, 0
u,0.0052184900268912315, 0.661004513502121, 0
u,0.45197197794914246, 0.9982712436467409, 0
u,0.44667336344718933, 0.9305716827511787, 0
u,0.44663506746292114, 1.000000017676797, 0
u,0.8669040203094482, 0.148861825466156, 0
u,0.8625551462173462, 0.5171540379524231, 0
u,0.8669040203094482, 0.5272442400455475, 0
u,0.004791734274476767, 0.8672689646482468, 0
u,3.154719161102548e-05, 0.8714668899774551, 0
u,0.00473904050886631, 0.8757472634315491, 0
u,0.8712529540061951, 0.14507752656936646, 0
u,0.866904079914093, 0.07813888788223267, 0
u,0.866904079914093, 0.14608889818191528, 0
u,0.903912365436554, 0.5443857908248901, 0
u,0.908261239528656, 1.0000000005475798, 0
u,0.908261239528656, 0.5430289506912231, 0
u,0.8986138105392456, 0.5966726839542389, 0
u,0.6438860297203064, 0.653302401304245, 0
u,0.8996520042419434, 0.6008976995944977, 0
u,0.6438258290290833, 0.6553029119968414, 0
u,0.8995721936225891, 0.7284616827964783, 0
u,0.8997122049331665, 0.7239989936351776, 0
u,0.8995721936225891, 0.7964117377996445, 0
u,0.6438276171684265, 0.8691256195306778, 0
u,0.8997103571891785, 0.8008737862110138, 0
u,0.6438831090927124, 0.8711335062980652, 0
u,0.8995721936225891, 0.9288485124707222, 0
u,0.8996549248695374, 0.9244255945086479, 0
u,0.8468167781829834, 0.08090782165527344, 0
u,0.8424679040908813, 0.14668792486190796, 0
u,0.8468167781829834, 0.14806824922561646, 0
u,0.8995721340179443, 0.9954392309300601, 0
u,0.456160306930542, 0.8759950250387192, 0
u,0.8997240662574768, 0.9999999992141229, 0
u,0.8869913816452026, 0.5171395242214203, 0
u,0.8913402557373047, 0.15097618103027344, 0
u,0.8869913816452026, 0.15055203437805176, 0
u,0.45197200775146484, 0.8704752922058105, 0
u,0.4571589231491089, 0.8662398159503937, 0
u,0.45197200775146484, 0.8704752922058105, 0
u,0.903912365436554, 0.5289731621742249, 0
u,0.8986138105392456, 0.5966726839542389, 0
u,0.903912365436554, 0.5956758856773376, 0
u,0.8424678444862366, 0.148861825466156, 0
u,0.8468167185783386, 0.5171540379524231, 0
u,0.8468167185783386, 0.14806830883026123, 0
u,0.45197200775146484, 0.6557774543762207, 0
u,0.45667949318885803, 0.651497095823288, 0
u,0.45197200775146484, 0.6557774543762207, 0
u,0.8869913816452026, 0.14507752656936646, 0
u,0.8913402557373047, 0.07813888788223267, 0
u,0.8869913816452026, 0.07914888858795166, 0
u,0.9283485412597656, 0.5443857908248901, 0
u,0.9239996671676636, 1.000000001235528, 0
u,0.9283485412597656, 0.9996751424914692, 0
u,0.8913402557373047, 0.38228434324264526, 0
u,0.8933407664299011, 0.3665459156036377, 0
u,0.8913402557373047, 0.3665459156036377, 0
u,0.9353891611099243, 0.11126846075057983, 0
u,0.9196507334709167, 0.1164923906326294, 0
u,0.9353891611099243, 0.1164923906326294, 0
u,0.8913401961326599, 0.4495868682861328, 0
u,0.8968590497970581, 0.43384844064712524, 0
u,0.8913401961326599, 0.43384844064712524, 0
u,0.8913401961326599, 0.4827207922935486, 0
u,0.8968656063079834, 0.49845921993255615, 0
u,0.8968656063079834, 0.4827207922935486, 0
u,0.8712529540061951, 0.15055197477340698, 0
u,0.8869913816452026, 0.14507752656936646, 0
u,0.8712529540061951, 0.14507752656936646, 0
u,0.9239996671676636, 0.5393491983413696, 0
u,0.908261239528656, 0.5430289506912231, 0
u,0.9239996671676636, 0.5430289506912231, 0
u,0.8913402557373047, 0.39802271127700806, 0
u,0.893693208694458, 0.4137611389160156, 0
u,0.893693208694458, 0.39802271127700806, 0
u,0.8913401961326599, 0.5071569979190826, 0
u,0.8968656063079834, 0.5228954255580902, 0
u,0.8968656063079834, 0.5071569979190826, 0
u,0.8712529540061951, 0.07914888858795166, 0
u,0.8869913816452026, 0.0736771821975708, 0
u,0.8712529540061951, 0.0736771821975708, 0
u,0.8933480978012085, 0.39802271127700806, 0
u,0.8913401961326599, 0.3822842836380005, 0
u,0.8913401961326599, 0.39802271127700806, 0
u,0.862555205821991, 0.07567393779754639, 0
u,0.8468167781829834, 0.08090782165527344, 0
u,0.862555205821991, 0.08090782165527344, 0
u,0.8913401961326599, 0.4582846164703369, 0
u,0.8968647718429565, 0.4740230441093445, 0
u,0.8968647718429565, 0.4582846164703369, 0
u,0.903912365436554, 0.5393491685390472, 0
u,0.9196507930755615, 0.5355106592178345, 0
u,0.903912365436554, 0.5355106592178345, 0
u,0.8468167781829834, 0.08090782165527344, 0
u,0.8468167781829834, 0.14806824922561646, 0
u,0.862555205821991, 0.14806824922561646, 0
u,0.9685231447219849, 0.20198041200637817, 0
u,0.9685231447219849, 0.44946879148483276, 0
u,0.9842615127563477, 0.449468731880188, 0
u,0.8869913816452026, 0.14507752656936646, 0
u,0.8869913816452026, 0.07914888858795166, 0
u,0.8712529540061951, 0.07914888858795166, 0
u,0.9239996671676636, 1.000000001235528, 0
u,0.9239996671676636, 0.5430289506912231, 0
u,0.908261239528656, 0.5430289506912231, 0
u,1.0, 0.7547284215688705, 0
u,1.0, 0.5115889608860016, 0
u,0.9842615723609924, 0.5115889608860016, 0
u,0.45197200775146484, 0.5272442996501923, 0
u,0.45197200775146484, 0.5272442996501923, 0
u,0.45197200775146484, 0.5272442996501923, 0
u,0.8869913816452026, 0.5171395242214203, 0
u,0.8869913816452026, 0.15055203437805176, 0
u,0.8712529540061951, 0.15055203437805176, 0
u,1.0, 1.0000000045576076, 0
u,1.0, 0.7547284066677094, 0
u,0.9842615723609924, 0.7547284066677094, 0
u,0.9353891611099243, 0.1831951141357422, 0
u,0.9353891611099243, 0.1164923906326294, 0
u,0.9196507334709167, 0.1164923906326294, 0
u,0.8468167185783386, 0.14806830883026123, 0
u,0.8468167185783386, 0.5171540379524231, 0
u,0.8625551462173462, 0.5171540379524231, 0
u,0.9196507930755615, 0.5355106592178345, 0
u,0.9196507930755615, 0.08152920007705688, 0
u,0.9039124250411987, 0.08152920007705688, 0
u,0.9842615723609924, 0.6984739303588867, 0
u,0.9842615723609924, 0.44946879148483276, 0
u,0.9685232043266296, 0.44946879148483276, 0
u,3.153664874844253e-05, 0.6567690372467041, 0
u,-4.758810678850978e-09, 0.6567680239677429, 0
u,-4.758810678850978e-09, 0.6567680239677429, 0
u,0.44667336344718933, 0.9305716827511787, 0
u,0.4477115869522095, 0.9263466820120811, 0
u,0.1919456124305725, 0.873941957950592, 0
u,0.19188539683818817, 0.8719414323568344, 0
u,0.447771817445755, 0.8032453656196594, 0
u,0.4476318061351776, 0.7987826764583588, 0
u,0.4476318061351776, 0.7308326065540314, 0
u,0.44776999950408936, 0.7263705730438232, 0
u,0.19188719987869263, 0.6581186950206757, 0
u,0.19194267690181732, 0.6561108231544495, 0
u,0.44771450757980347, 0.6028187274932861, 0
u,0.4476318061351776, 0.5983957946300507, 0
u,0.862555205821991, 0.08090782165527344, 0
u,0.862555205821991, 0.14806824922561646, 0
u,0.866904079914093, 0.14668792486190796, 0
u,0.4476317763328552, 0.5318050980567932, 0
u,0.4477836489677429, 0.5272443294525146, 0
u,0.004219834227114916, 0.6512492895126343, 0
u,0.8712529540061951, 0.5171395242214203, 0
u,0.8712529540061951, 0.15055203437805176, 0
u,0.866904079914093, 0.15097618103027344, 0
u,0.005186581052839756, 0.6554973721504211, 0
u,3.153664874844253e-05, 0.6567690372467041, 0
u,3.153664874844253e-05, 0.6567690372467041, 0
u,0.45197197794914246, 0.9982712436467409, 0
u,0.45197197794914246, 0.93156848102808, 0
u,0.44667336344718933, 0.9305716827511787, 0
u,0.8669040203094482, 0.148861825466156, 0
u,0.8625551462173462, 0.14806830883026123, 0
u,0.8625551462173462, 0.5171540379524231, 0
u,0.004791734274476767, 0.8672689646482468, 0
u,3.154719161102548e-05, 0.8714668899774551, 0
u,3.154719161102548e-05, 0.8714668899774551, 0
u,0.8712529540061951, 0.14507752656936646, 0
u,0.8712529540061951, 0.07914888858795166, 0
u,0.866904079914093, 0.07813888788223267, 0
u,0.903912365436554, 0.5443857908248901, 0
u,0.903912365436554, 0.9996751414146274, 0
u,0.908261239528656, 1.0000000005475798, 0
u,0.8986138105392456, 0.5966726839542389, 0
u,0.6207435727119446, 0.6536064147949219, 0
u,0.6438860297203064, 0.653302401304245, 0
u,0.6438258290290833, 0.6553029119968414, 0
u,0.6207435727119446, 0.6536064147949219, 0
u,0.8995721936225891, 0.7284616827964783, 0
u,0.8995721936225891, 0.7964117377996445, 0
u,0.6208100914955139, 0.8707661777734756, 0
u,0.6438276171684265, 0.8691256195306778, 0
u,0.6438831090927124, 0.8711335062980652, 0
u,0.6208100914955139, 0.8707661777734756, 0
u,0.8995721936225891, 0.9288485124707222, 0
u,0.8468167781829834, 0.08090782165527344, 0
u,0.8424679040908813, 0.08009719848632812, 0
u,0.8424679040908813, 0.14668792486190796, 0
u,0.8995721340179443, 0.9954392309300601, 0
u,0.45712703466415405, 0.8717469573020935, 0
u,0.456160306930542, 0.8759950250387192, 0
u,0.8869913816452026, 0.5171395242214203, 0
u,0.8913402557373047, 0.5272443294525146, 0
u,0.8913402557373047, 0.15097618103027344, 0
u,0.45197200775146484, 0.8704752922058105, 0
u,0.45712703466415405, 0.8717469573020935, 0
u,0.4571589231491089, 0.8662398159503937, 0
u,0.903912365436554, 0.5289731621742249, 0
u,0.8985754251480103, 0.5272443890571594, 0
u,0.8986138105392456, 0.5966726839542389, 0
u,0.8424678444862366, 0.148861825466156, 0
u,0.8424678444862366, 0.5272442400455475, 0
u,0.8468167185783386, 0.5171540379524231, 0
u,0.45197200775146484, 0.6557774543762207, 0
u,0.45673221349716187, 0.6599753797054291, 0
u,0.45667949318885803, 0.651497095823288, 0
u,0.8869913816452026, 0.14507752656936646, 0
u,0.8913402557373047, 0.14608889818191528, 0
u,0.8913402557373047, 0.07813888788223267, 0
u,0.9283485412597656, 0.5443857908248901, 0
u,0.9239996671676636, 0.5430289506912231, 0
u,0.9239996671676636, 1.000000001235528, 0
u,0.8913402557373047, 0.38228434324264526, 0
u,0.8933407664299011, 0.38228434324264526, 0
u,0.8933407664299011, 0.3665459156036377, 0
u,0.9353891611099243, 0.11126846075057983, 0
u,0.9196507334709167, 0.11126846075057983, 0
u,0.9196507334709167, 0.1164923906326294, 0
u,0.8913401961326599, 0.4495868682861328, 0
u,0.8968590497970581, 0.4495868682861328, 0
u,0.8968590497970581, 0.43384844064712524, 0
u,0.8913401961326599, 0.4827207922935486, 0
u,0.8913401961326599, 0.49845921993255615, 0
u,0.8968656063079834, 0.49845921993255615, 0
u,0.8712529540061951, 0.15055197477340698, 0
u,0.8869913816452026, 0.15055197477340698, 0
u,0.8869913816452026, 0.14507752656936646, 0
u,0.9239996671676636, 0.5393491983413696, 0
u,0.908261239528656, 0.5393491983413696, 0
u,0.908261239528656, 0.5430289506912231, 0
u,0.8913402557373047, 0.39802271127700806, 0
u,0.8913402557373047, 0.4137611389160156, 0
u,0.893693208694458, 0.4137611389160156, 0
u,0.8913401961326599, 0.5071569979190826, 0
u,0.8913401961326599, 0.5228954255580902, 0
u,0.8968656063079834, 0.5228954255580902, 0
u,0.8712529540061951, 0.07914888858795166, 0
u,0.8869913816452026, 0.07914888858795166, 0
u,0.8869913816452026, 0.0736771821975708, 0
u,0.8933480978012085, 0.39802271127700806, 0
u,0.8933480978012085, 0.3822842836380005, 0
u,0.8913401961326599, 0.3822842836380005, 0
u,0.862555205821991, 0.07567393779754639, 0
u,0.8468167781829834, 0.07567393779754639, 0
u,0.8468167781829834, 0.08090782165527344, 0
u,0.8913401961326599, 0.4582846164703369, 0
u,0.8913401961326599, 0.4740230441093445, 0
u,0.8968647718429565, 0.4740230441093445, 0
u,0.903912365436554, 0.5393491685390472, 0
u,0.9196507930755615, 0.5393491685390472, 0
u,0.9196507930755615, 0.5355106592178345, 0
